0.008595 -0.011347 0.032052
0.022622 -0.023376 0.011780
0.026373 -0.008465 -0.903314
0.028391 0.010181 -0.804493
0.026902 0.045227 -1.002982
0.023155 0.083412 -1.232776
0.020829 0.128594 -1.566925
0.019619 0.175779 -1.788637
0.015831 0.221496 -2.007489
0.009254 0.264312 -1.837946
0.002331 0.311979 -1.547585
-0.004088 0.358766 -1.403057
-0.011357 0.401494 -1.532887
-0.016917 0.444765 -1.774760
-0.019840 0.477284 -1.725441
-0.011553 0.512903 -1.187775
-0.010197 0.547182 -0.392300
-0.012019 0.578265 0.192689
-0.017923 0.607010 0.560309
-0.015144 0.631591 0.990152
-0.016526 0.653583 1.604258
-0.015754 0.672367 2.081174
-0.015615 0.687732 2.499881
-0.015769 0.704623 2.778636
-0.016326 0.724430 2.476839
-0.016702 0.740025 2.423900
-0.012993 0.765534 2.619381
-0.012386 0.791979 2.713470
-0.012682 0.818377 2.809717
-0.007810 0.853446 2.893860
-0.009898 0.891748 3.113287
-0.015200 0.923061 3.331894
-0.017466 0.961501 3.524321
-0.021463 1.002135 3.637951
-0.019135 1.038715 3.833189
-0.018557 1.077586 4.017037
-0.021303 1.113500 4.059129
-0.022196 1.153212 4.079579
-0.021151 1.186870 4.106700
-0.021402 1.216282 4.192487
-0.018433 1.242885 4.167350
-0.017910 1.270310 4.156592
-0.016595 1.294057 4.236902
-0.018610 1.320251 4.242471
-0.015533 1.343760 4.204159
-0.015209 1.365745 4.161221
-0.012292 1.396014 4.144935
-0.015385 1.423989 4.114083
-0.011008 1.446665 4.190248
-0.006280 1.469248 3.958779
-0.007258 1.494784 3.441569
-0.012348 1.530221 3.197229
-0.008078 1.564408 3.025761
-0.011340 1.590082 2.895329
-0.008731 1.614438 2.535557
-0.007878 1.649113 2.214023
-0.012460 1.681426 1.990068
-0.012064 1.708970 1.734219
-0.017971 1.739646 1.377465
-0.018732 1.773197 1.176739
-0.018858 1.804915 1.106398
-0.018098 1.833528 0.930372
-0.025648 1.862347 0.760393
-0.027990 1.888734 0.710535
-0.027451 1.914187 0.561148
-0.024057 1.942274 0.330489
-0.023744 1.965171 0.131680
-0.028805 1.995287 -0.023924
-0.029380 2.026089 -0.148414
-0.031228 2.051707 -0.258480
-0.033202 2.081142 -0.362595
-0.030320 2.111282 -0.438243
-0.034567 2.141895 -0.605176
-0.037350 2.171638 -0.741981
-0.040590 2.200312 -0.825186
-0.043691 2.224032 -0.949690
-0.044599 2.254788 -1.012597
-0.041398 2.281048 -1.033966
-0.046519 2.312678 -1.085695
-0.045090 2.341276 -1.072999
-0.051096 2.368384 -1.162593
-0.056398 2.399475 -1.177279
-0.058215 2.430318 -1.191323
-0.059955 2.458932 -1.123598
-0.063028 2.488362 -1.120733
-0.065042 2.516909 -1.119339
-0.065064 2.543889 -0.846482
-0.066796 2.567031 -0.192759
-0.062728 2.599419 0.429036
-0.065639 2.627195 0.941307
-0.068909 2.651181 1.458706
-0.068848 2.676170 2.022432
-0.066830 2.706742 2.179249
-0.065108 2.737157 2.140804
-0.063440 2.764212 2.263707
-0.063162 2.793405 2.557310
-0.062101 2.826056 2.759285
-0.060757 2.857531 2.922149
-0.057809 2.886506 3.225140
-0.058401 2.919042 3.409864
-0.056320 2.954945 3.440923
-0.055288 2.984570 3.763513
-0.050286 3.016404 4.028003
-0.051763 3.055618 3.794487
-0.049784 3.090891 2.889892
-0.054464 3.113578 2.274773
-0.056455 3.134034 2.265901
-0.055550 3.170593 1.956502
-0.055718 3.202087 1.069192
-0.059038 3.226659 0.011082
-0.062513 3.245997 -0.486929
-0.064730 3.272783 -0.600537
-0.060158 3.300394 -0.931022
-0.063801 3.325240 -1.132048
-0.066926 3.351168 -1.285292
-0.069432 3.379238 -1.465158
-0.074251 3.404295 -1.685939
-0.077139 3.427481 -1.930902
-0.076812 3.456728 -2.065803
-0.082943 3.486748 -2.267950
-0.082407 3.518357 -2.478693
-0.081529 3.549419 -2.735625
-0.083814 3.583140 -2.880257
-0.086952 3.614930 -2.998310
-0.089607 3.643236 -3.159240
-0.096035 3.667879 -3.297530
-0.095784 3.699641 -3.448901
-0.096779 3.726016 -3.522430
-0.100128 3.761326 -3.705073
-0.103885 3.789390 -3.874882
-0.104321 3.817254 -4.063238
-0.100011 3.842639 -4.035977
-0.106184 3.868285 -3.839037
-0.106343 3.893662 -3.526209
-0.101353 3.921145 -2.927792
-0.106224 3.946527 -2.379895
-0.111720 3.971796 -1.925577
-0.107165 4.002573 -1.409346
-0.104526 4.030190 -0.897304
-0.108019 4.060410 -0.516236
-0.117122 4.087998 -0.315947
-0.118968 4.113787 -0.284893
-0.118527 4.143633 -0.129573
-0.116251 4.172357 0.018423
-0.122688 4.200329 0.184110
-0.122513 4.230610 0.201705
-0.123662 4.261374 0.338953
-0.123448 4.291630 0.445943
-0.125185 4.323245 0.552135
-0.126293 4.352360 0.680756
-0.125085 4.380493 0.643901
-0.128033 4.408763 0.700541
-0.130347 4.437941 0.738940
-0.127556 4.471581 0.715158
-0.127920 4.498673 0.634837
-0.123345 4.524791 0.564348
-0.127589 4.552878 0.599791
-0.127834 4.577994 0.413847
-0.128941 4.605617 0.264622
-0.127012 4.632124 0.220651
-0.128350 4.653758 0.263920
-0.129063 4.685721 0.159768
-0.128912 4.710959 0.143403
-0.127279 4.736429 0.110540
-0.127787 4.769128 0.034333
-0.129938 4.798692 -0.098126
-0.130531 4.828668 -0.246981
-0.131547 4.859730 -0.261986
-0.134162 4.890304 -0.276545
-0.135045 4.917361 -0.475478
-0.133854 4.951584 -0.664146
-0.132403 4.984210 -0.751902
-0.136505 5.011489 -0.741006
-0.143103 5.040081 -0.806870
-0.141923 5.067784 -1.031310
-0.139831 5.100331 -1.201148
-0.141189 5.129555 -1.192125
-0.144203 5.155960 -1.229323
-0.146680 5.179957 -1.351155
-0.146789 5.212035 -1.516366
-0.150156 5.243708 -1.577126
-0.148336 5.276162 -1.639877
-0.152519 5.302829 -1.703300
-0.152703 5.332199 -1.882902
-0.155390 5.361725 -2.097598
-0.154254 5.395967 -2.205540
-0.154114 5.423829 -2.256280
-0.156000 5.456933 -2.356744
-0.156789 5.485019 -2.412653
-0.160249 5.512388 -2.610873
-0.165153 5.538915 -2.651979
-0.168876 5.566131 -2.671838
-0.167897 5.595370 -2.864698
-0.172702 5.626920 -2.918009
-0.175529 5.650613 -2.855898
-0.177558 5.677378 -2.848148
-0.176757 5.701459 -3.060450
-0.182646 5.728883 -3.205950
-0.185764 5.761280 -3.166936
-0.186833 5.788713 -3.123778
-0.185782 5.814500 -3.163092
-0.189116 5.845803 -3.337896
-0.194033 5.875990 -3.268647
-0.195664 5.901633 -2.959098
-0.188179 5.921648 -3.080138
-0.192229 5.906227 -3.464417
-0.195889 5.893893 -3.114849
-0.190807 5.879778 -2.740964
-0.190156 5.895267 -2.182918
-0.200038 5.915527 -2.699146
-0.196268 5.924701 -4.276334
-0.187259 5.932019 -7.106777
-0.174693 5.929075 -11.671731
-0.158708 5.928758 -17.824801
-0.145558 5.925519 -25.398088
-0.129348 5.930100 -33.760771
-0.122850 5.938635 -42.301839
-0.109171 5.934575 -50.277145
-0.096459 5.935026 -57.951325
-0.095448 5.933826 -65.098332
-0.098825 5.939168 -71.377901
-0.131988 5.966109 -76.676203
-0.139728 5.982977 -80.060242
-0.119437 5.973905 -81.605627
-0.102926 5.963347 -81.982418
-0.102256 5.964038 -80.874805
-0.097133 5.965845 -82.104586
-0.090833 5.964192 -83.804631
-0.090724 5.968101 -85.191798
-0.088947 5.973843 -86.660369
-0.088381 5.976707 -88.119764
-0.086633 5.977313 -89.777403
-0.088132 5.982560 -91.399516
-0.089993 5.984397 -92.723105
-0.098266 5.981343 -94.341359
-0.106821 5.989911 -95.003618
-0.118176 5.985934 -94.519164
-0.128901 5.983070 -94.397496
-0.149903 5.986167 -94.530805
-0.177443 5.986337 -94.533548
-0.215736 5.980497 -94.674998
-0.254075 5.977119 -94.904706
-0.298236 5.976387 -94.864697
-0.343268 5.971530 -94.562778
-0.385836 5.961951 -94.108605
-0.438429 5.955112 -93.538358
-0.489079 5.952201 -93.268269
-0.535840 5.942775 -93.142422
-0.575072 5.932258 -92.916993
-0.616848 5.934633 -92.686676
-0.645944 5.931496 -92.464298
-0.675478 5.926473 -92.304363
-0.701366 5.923830 -92.314316
-0.721069 5.923738 -92.225383
-0.745010 5.922410 -92.162966
-0.764323 5.920459 -92.159185
-0.782926 5.921804 -92.102846
-0.805164 5.920952 -92.030012
-0.824465 5.924132 -92.023610
-0.844904 5.918391 -92.128991
-0.866505 5.915339 -92.259131
-0.887129 5.914604 -92.115265
-0.904157 5.917412 -92.137351
-0.926475 5.919868 -92.077465
-0.951586 5.919587 -92.118190
-0.986247 5.914041 -92.030434
-1.026971 5.908760 -91.907160
-1.069042 5.909217 -91.828385
-1.106638 5.897163 -91.691625
-1.154648 5.894563 -91.822862
-1.198667 5.897367 -91.681802
-1.235933 5.882035 -91.228092
-1.281217 5.873625 -91.538555
-1.335968 5.871459 -91.768364
-1.368339 5.873519 -91.197600
-1.404022 5.878467 -91.365856
-1.427323 5.884381 -90.975767
-1.453397 5.879041 -91.027900
-1.479675 5.869424 -91.232977
-1.495792 5.871796 -90.882728
-1.516342 5.881184 -90.863687
-1.530630 5.878005 -90.610540
-1.544126 5.880373 -90.710088
-1.562872 5.874518 -90.912394
-1.585140 5.879866 -90.838452
-1.612479 5.878917 -90.513606
-1.632636 5.876830 -90.441649
-1.661232 5.880410 -90.611366
-1.689505 5.873099 -90.573864
-1.720314 5.861708 -90.241541
-1.751591 5.860320 -90.450405
-1.780910 5.858985 -90.885161
-1.824694 5.859177 -90.832457
-1.845791 5.867023 -90.121547
-1.865107 5.873970 -90.396403
-1.890865 5.875510 -90.873332
-1.916440 5.866295 -90.696298
-1.942361 5.861937 -90.793463
-1.974339 5.857066 -90.847964
-2.006272 5.854688 -90.683280
-2.031594 5.859715 -90.770124
-2.060858 5.867487 -90.852257
-2.095491 5.873840 -90.664335
-2.123019 5.861975 -90.138371
-2.147460 5.858465 -90.295449
-2.175975 5.853792 -90.533530
-2.206230 5.857512 -90.511426
-2.227711 5.856746 -90.083261
-2.247028 5.855777 -90.060394
-2.268845 5.852145 -90.273706
-2.295823 5.853204 -90.434890
-2.318100 5.857680 -90.369950
-2.338579 5.853330 -90.235226
-2.359045 5.846979 -90.413885
-2.386765 5.846835 -90.656544
-2.419934 5.851872 -90.519285
-2.446842 5.853598 -90.433038
-2.480475 5.847956 -90.247941
-2.515642 5.843092 -90.139749
-2.547291 5.841185 -90.296514
-2.578060 5.837736 -90.430611
-2.609553 5.836408 -90.456239
-2.648696 5.833054 -90.341841
-2.674641 5.836309 -90.219539
-2.696421 5.836698 -90.297628
-2.720391 5.834986 -90.445065
-2.746980 5.829343 -90.384856
-2.766271 5.826197 -90.195622
-2.785654 5.822554 -90.112176
-2.809777 5.817582 -90.184546
-2.830706 5.814320 -90.563489
-2.863314 5.811031 -90.898532
-2.893930 5.821324 -90.869233
-2.924972 5.828104 -90.850267
-2.957520 5.831707 -90.998684
-2.990120 5.831277 -90.942191
-3.022780 5.830849 -90.881603
-3.056431 5.825704 -90.918499
-3.091787 5.824354 -91.006943
-3.121028 5.817075 -90.901951
-3.144566 5.820468 -90.949496
-3.169811 5.823272 -91.491677
-3.194838 5.813913 -91.554863
-3.218853 5.820959 -91.152348
-3.241050 5.823888 -90.910708
-3.263489 5.823497 -90.963144
-3.292112 5.817228 -91.209682
-3.323232 5.814168 -91.249454
-3.349086 5.809911 -91.357774
-3.376105 5.805801 -91.461893
-3.406668 5.806152 -91.454380
-3.438127 5.808219 -91.646905
-3.469853 5.807107 -91.541559
-3.505535 5.808409 -91.474838
-3.540096 5.812887 -91.576889
-3.572985 5.812424 -91.666240
-3.600855 5.811502 -91.482669
-3.634038 5.811092 -91.256488
-3.668139 5.812716 -91.367566
-3.689465 5.809264 -91.513966
-3.714292 5.803308 -91.432277
-3.740317 5.797872 -91.271288
-3.769539 5.796792 -91.323900
-3.796846 5.793257 -91.604085
-3.818409 5.797825 -91.734090
-3.841973 5.797491 -91.580221
-3.873009 5.794839 -91.465583
-3.903056 5.793830 -91.554899
-3.929305 5.793057 -91.497569
-3.959636 5.790251 -91.332501
-3.991164 5.789154 -91.271046
-4.024628 5.790170 -91.311233
-4.054093 5.789533 -91.433169
-4.082693 5.785500 -91.410706
-4.109938 5.784984 -91.380506
-4.134055 5.785151 -91.233843
-4.161975 5.784414 -90.976002
-4.192313 5.781869 -90.818052
-4.221661 5.777340 -90.679958
-4.247470 5.772910 -90.519299
-4.280003 5.769473 -90.444297
-4.309311 5.768525 -90.665334
-4.333854 5.770577 -90.718051
-4.360626 5.769843 -90.430197
-4.393582 5.770521 -90.296506
-4.427015 5.770433 -90.315068
-4.456268 5.767372 -90.187113
-4.487225 5.766342 -89.961885
-4.522233 5.762942 -89.680771
-4.558189 5.756458 -89.676829
-4.593637 5.750475 -89.926105
-4.631083 5.756654 -89.958112
-4.659598 5.758458 -89.506380
-4.690577 5.755393 -89.392162
-4.720851 5.753484 -89.614425
-4.748853 5.753221 -89.870996
-4.775525 5.751181 -89.792512
-4.798577 5.751729 -89.718920
-4.822155 5.749688 -89.835159
-4.847181 5.750288 -90.222444
-4.878537 5.746638 -89.708668
-4.894227 5.744398 -89.189832
-4.912927 5.740275 -89.402071
-4.939963 5.740513 -89.743721
-4.972432 5.738690 -89.853400
-5.000650 5.736102 -89.484494
-5.030345 5.732454 -89.609064
-5.062609 5.729864 -90.048245
-5.104088 5.732600 -90.169505
-5.142522 5.736316 -89.796194
-5.180281 5.732207 -89.621276
-5.213759 5.729166 -90.128901
-5.257918 5.730580 -90.445139
-5.291355 5.730482 -90.150037
-5.316620 5.728052 -90.050112
-5.350276 5.727184 -90.223654
-5.380317 5.727493 -90.016780
-5.402442 5.726973 -89.805447
-5.417511 5.725432 -89.803990
-5.437384 5.723793 -89.877003
-5.455964 5.723222 -89.898173
-5.472483 5.722814 -89.714149
-5.486272 5.721633 -89.650392
-5.502674 5.720259 -89.833223
-5.522469 5.718189 -90.048468
-5.547460 5.718146 -90.103087
-5.573520 5.717694 -89.888466
-5.603540 5.719842 -89.724320
-5.632732 5.718620 -89.326830
-5.655772 5.717273 -89.133237
-5.686910 5.714033 -89.714982
-5.735669 5.710656 -89.692304
-5.769079 5.711984 -89.218533
-5.796289 5.716538 -89.460783
-5.834507 5.720880 -89.388451
-5.867234 5.719899 -88.808547
-5.890423 5.718378 -88.534148
-5.911387 5.713874 -88.957119
-5.940662 5.713612 -89.144250
-5.966974 5.712569 -88.718537
-5.987902 5.717888 -88.537541
-6.009694 5.718779 -88.748186
-6.038369 5.719993 -88.786995
-6.065327 5.718753 -88.557540
-6.088883 5.717822 -88.400029
-6.115780 5.718150 -88.228422
-6.143678 5.720940 -88.302376
-6.180767 5.723199 -88.585156
-6.221340 5.722712 -88.218861
-6.251965 5.725313 -87.807099
-6.284836 5.726124 -87.833750
-6.321905 5.725766 -87.660592
-6.356009 5.724863 -87.277983
-6.385083 5.727598 -87.094219
-6.412144 5.727886 -87.092553
-6.438063 5.729086 -87.182184
-6.463717 5.728895 -87.396183
-6.485832 5.726992 -87.518234
-6.513343 5.723279 -86.992420
-6.536623 5.729198 -86.609880
-6.557565 5.732127 -86.726169
-6.582665 5.731463 -86.919580
-6.612778 5.728600 -86.758721
-6.642855 5.729591 -86.469379
-6.678673 5.732025 -86.336803
-6.713958 5.738251 -86.408472
-6.746416 5.736535 -86.718662
-6.783328 5.736864 -86.139823
-6.827032 5.747515 -85.538106
-6.861035 5.755047 -85.874406
-6.890810 5.753176 -86.010944
-6.921491 5.751557 -85.682284
-6.954954 5.753626 -85.592727
-6.977571 5.754480 -86.074348
-7.000507 5.755856 -86.276262
-7.017684 5.753449 -85.939478
-7.043843 5.752548 -85.436511
-7.074969 5.756274 -85.908283
-7.095602 5.760759 -87.001362
-7.113898 5.760660 -87.446749
-7.144288 5.751459 -87.350149
-7.181027 5.751112 -87.502888
-7.227463 5.753068 -88.212249
-7.256026 5.751304 -89.351339
-7.274311 5.748900 -89.893821
-7.301830 5.749066 -90.008238
-7.335327 5.748963 -90.274816
-7.368522 5.748154 -90.632413
-7.396356 5.746732 -91.056990
-7.423737 5.742706 -91.404444
-7.451083 5.739849 -91.904975
-7.473129 5.737394 -92.223720
-7.493693 5.739683 -92.275422
-7.516460 5.740310 -92.301249
-7.544996 5.741687 -92.424702
-7.571727 5.737810 -92.593478
-7.595370 5.733024 -92.901794
-7.619900 5.729822 -93.076468
-7.650064 5.727135 -93.089130
-7.677279 5.721260 -92.867064
-7.716363 5.718574 -93.026411
-7.751763 5.713302 -93.650241
-7.781560 5.711923 -94.216981
-7.803787 5.710660 -94.176846
-7.828298 5.707744 -93.686828
-7.857797 5.704383 -93.511796
-7.886555 5.702868 -93.953898
-7.915704 5.701536 -94.427987
-7.942923 5.699200 -94.507253
-7.968685 5.696587 -94.362969
-7.996262 5.694961 -94.398598
-8.026581 5.691139 -94.472261
-8.052555 5.688211 -94.569465
-8.078264 5.683612 -94.490891
-8.108247 5.681037 -94.653287
-8.134751 5.678562 -94.510732
-8.168975 5.673282 -94.591023
-8.205277 5.672234 -94.735996
-8.240733 5.669526 -94.656643
-8.262690 5.660631 -94.620039
-8.288883 5.655063 -94.912324
-8.312809 5.655160 -94.971968
-8.338911 5.654669 -94.916131
-8.363153 5.653471 -94.863516
-8.390536 5.648718 -95.013688
-8.422052 5.644633 -95.174226
-8.451875 5.642893 -95.229520
-8.486226 5.641864 -95.142413
-8.518566 5.637946 -95.066099
-8.551511 5.634537 -95.044202
-8.583626 5.630157 -95.153880
-8.615179 5.627094 -95.074904
-8.646520 5.622626 -95.057924
-8.677960 5.618811 -95.186310
-8.708620 5.617106 -95.066006
-8.741177 5.617257 -94.835560
-8.764103 5.615301 -95.026813
-8.784702 5.613502 -95.207556
-8.807158 5.609825 -95.150014
-8.832154 5.606686 -94.966241
-8.856743 5.605531 -94.797318
-8.881732 5.604195 -94.677624
-8.911875 5.601999 -94.586174
-8.942512 5.599630 -94.425369
-8.977466 5.598215 -94.163744
-9.006904 5.593860 -93.849245
-9.041874 5.589824 -93.596650
-9.075931 5.585977 -93.312206
-9.111218 5.584014 -93.022018
-9.143048 5.579335 -92.863059
-9.176437 5.576693 -92.735205
-9.208012 5.574779 -92.716078
-9.239599 5.572263 -92.639749
-9.277621 5.569709 -92.435837
-9.310911 5.568288 -92.105614
-9.337679 5.564868 -92.002774
-9.364688 5.561414 -92.131197
-9.389389 5.560311 -92.252238
-9.420083 5.559114 -92.266856
-9.451696 5.557035 -91.855789
-9.467835 5.560090 -91.524759
-9.483248 5.561220 -91.696992
-9.501643 5.561113 -92.098126
-9.525611 5.557626 -92.199452
-9.548235 5.556674 -91.719470
-9.567131 5.557781 -91.445980
-9.589137 5.558850 -91.636054
-9.615098 5.553004 -91.869956
-9.643666 5.545564 -91.610546
-9.675943 5.543610 -91.315381
-9.711741 5.543070 -91.320642
-9.747517 5.539919 -91.301880
-9.786110 5.539782 -91.077693
-9.823980 5.536138 -91.032317
-9.857103 5.531067 -91.044531
-9.894373 5.529579 -90.953850
-9.928706 5.529750 -90.907147
-9.959358 5.530337 -90.903969
-9.988586 5.536677 -91.169127
-10.011559 5.536679 -91.682689
-10.032691 5.534343 -91.651885
-10.054723 5.533583 -91.324368
-10.077865 5.535813 -91.074094
-10.099887 5.536111 -91.261326
-10.123309 5.532559 -91.618476
-10.145166 5.527733 -91.699543
-10.176786 5.526283 -91.484280
-10.204653 5.526285 -91.350529
-10.232392 5.526250 -91.348220
-10.259507 5.525093 -91.517607
-10.288556 5.522382 -91.776613
-10.321198 5.518452 -91.610962
-10.356904 5.519533 -91.365152
-10.388437 5.519903 -91.400420
-10.417384 5.516201 -91.656637
-10.447773 5.511084 -91.601681
-10.482776 5.509463 -91.431759
-10.514771 5.511534 -91.533328
-10.544983 5.510361 -91.631311
-10.575691 5.506846 -91.588629
-10.612940 5.498512 -91.573287
-10.646299 5.496229 -91.658934
-10.672845 5.495273 -91.599751
-10.708889 5.494019 -91.572596
-10.744460 5.491503 -91.583082
-10.774713 5.490326 -91.688793
-10.797399 5.491043 -91.524580
-10.825127 5.485625 -91.069420
-10.850489 5.481787 -90.952827
-10.876271 5.480522 -91.184334
-10.901742 5.479090 -91.502314
-10.920084 5.480751 -91.537375
-10.943977 5.480381 -91.289376
-10.969353 5.477740 -90.897693
-11.008698 5.473848 -90.825838
-11.040413 5.473994 -91.156595
-11.070945 5.471007 -91.157568
-11.108476 5.466444 -90.911849
-11.144264 5.464953 -90.834277
-11.173456 5.465676 -90.726848
-11.203894 5.464720 -90.610504
-11.233367 5.466363 -90.369921
-11.267612 5.462362 -90.388460
-11.296728 5.458015 -90.487819
-11.318793 5.456220 -90.284282
-11.343362 5.455338 -90.059311
-11.369543 5.450338 -90.196226
-11.395294 5.448892 -90.391754
-11.419430 5.452562 -90.488752
-11.444403 5.454786 -90.212822
-11.472989 5.452180 -89.987222
-11.503318 5.446847 -90.100631
-11.530486 5.447406 -90.321235
-11.560624 5.444395 -90.264347
-11.588019 5.443648 -90.281130
-11.616017 5.441146 -90.489820
-11.643417 5.441296 -90.748099
-11.670416 5.440839 -90.744962
-11.696509 5.440040 -90.589874
-11.724517 5.437073 -90.539793
-11.753576 5.442253 -90.674201
-11.785890 5.444099 -90.762790
-11.815274 5.444619 -90.665290
-11.845982 5.443961 -90.583037
-11.875287 5.438713 -90.630501
-11.904837 5.435972 -90.659456
-11.935570 5.436579 -90.673350
-11.963654 5.435519 -90.671914
-11.991574 5.433479 -90.658832
-12.019310 5.431201 -90.633017
-12.045975 5.430049 -90.666479
-12.070967 5.426319 -90.588905
-12.099092 5.423596 -90.590234
-12.131589 5.419942 -90.757030
-12.160891 5.421910 -90.822045
-12.191692 5.421242 -90.896134
-12.223829 5.418709 -90.725419
-12.254558 5.417243 -90.479158
-12.282451 5.414800 -90.431659
-12.305960 5.415543 -90.417070
-12.324542 5.414371 -90.624306
-12.350933 5.413275 -90.666285
-12.371248 5.415574 -90.234484
-12.386502 5.415625 -90.696665
-12.406748 5.415763 -90.598056
-12.432906 5.415025 -90.567067
-12.467502 5.413474 -90.679655
-12.516368 5.411451 -90.590585
-12.566906 5.408344 -90.365068
-12.611504 5.404700 -90.397176
-12.659652 5.401486 -90.596254
-12.707879 5.399442 -90.605274
-12.756257 5.399319 -90.285868
-12.797122 5.399918 -89.752532
-12.831794 5.400195 -89.531975
-12.863034 5.400154 -89.702765
-12.891231 5.398907 -90.104461
-12.919600 5.391238 -90.364852
-12.946273 5.385719 -90.169674
-12.971688 5.384793 -89.862654
-12.990281 5.390405 -89.572803
-13.007268 5.394977 -89.619740
-13.026202 5.393413 -89.881657
-13.043609 5.393209 -90.121043
-13.064184 5.391153 -90.307665
-13.082351 5.391679 -90.395926
-13.102475 5.391149 -90.580758
-13.128021 5.385981 -90.589962
-13.158651 5.387621 -90.523335
-13.189888 5.387900 -90.645070
-13.223806 5.385816 -90.623710
-13.257820 5.383476 -90.627384
-13.295185 5.381071 -90.626316
-13.334881 5.379999 -90.574899
-13.373237 5.380830 -90.552132
-13.411161 5.379652 -90.704368
-13.445125 5.375650 -90.574081
-13.475806 5.374207 -90.320882
-13.506224 5.375034 -90.131030
-13.532421 5.375894 -90.075947
-13.555719 5.374108 -90.031303
-13.579443 5.371158 -90.086957
-13.605102 5.371292 -90.351294
-13.620401 5.368554 -90.630820
-13.639961 5.363687 -90.405320
-13.665978 5.362922 -90.089134
-13.697317 5.362288 -90.201259
-13.728668 5.363056 -90.604487
-13.756364 5.358202 -90.772542
-13.782351 5.358454 -90.628808
-13.815887 5.356680 -90.342759
-13.849818 5.356114 -90.350540
-13.880455 5.359158 -90.487303
-13.903870 5.359592 -90.388821
-13.931485 5.355769 -90.012152
-13.963707 5.354448 -89.711593
-14.003679 5.348524 -89.742555
-14.036836 5.344679 -90.039940
-14.057463 5.339578 -90.210805
-14.081928 5.340809 -90.163526
-14.109410 5.347126 -90.044147
-14.135978 5.350372 -89.982579
-14.163270 5.351011 -89.894132
-14.189326 5.346879 -89.927637
-14.214325 5.343515 -89.896868
-14.245039 5.334386 -89.789153
-14.276591 5.330320 -89.783104
-14.308161 5.328806 -89.905704
-14.338231 5.336266 -90.182595
-14.362813 5.344709 -90.313106
-14.385971 5.350312 -89.872894
-14.413963 5.346517 -89.476364
-14.444465 5.336596 -89.301072
-14.476664 5.321909 -89.342208
-14.511173 5.313217 -89.653202
-14.545355 5.317663 -89.550710
-14.577951 5.317895 -89.612093
-14.608396 5.325956 -89.830723
-14.638338 5.334468 -89.837442
-14.668957 5.332012 -89.652821
-14.701546 5.320550 -89.664853
-14.729767 5.315685 -89.753339
-14.756239 5.314947 -89.634956
-14.777464 5.309848 -89.628278
-14.800419 5.310923 -89.976080
-14.821789 5.323989 -90.267392
-14.842398 5.333195 -89.981569
-14.863092 5.327379 -89.763196
-14.887266 5.319812 -89.923310
-14.918353 5.320730 -89.975140
-14.944201 5.315201 -89.824225
-14.974974 5.312863 -89.991965
-15.010464 5.317358 -90.215825
-15.045878 5.321043 -90.294964
-15.081001 5.322998 -90.187053
-15.114714 5.320388 -90.084449
-15.148327 5.318442 -90.119178
-15.183926 5.315288 -89.991708
-15.212973 5.313076 -89.935019
-15.242587 5.309792 -89.978919
-15.269486 5.305614 -90.154349
-15.293702 5.308958 -90.369386
-15.315622 5.310720 -90.398884
-15.334280 5.310885 -90.348795
-15.359775 5.308293 -90.317252
-15.384423 5.304484 -90.343447
-15.412915 5.304227 -90.394270
-15.441667 5.305912 -90.301204
-15.468903 5.305738 -90.363211
-15.504934 5.304527 -90.450630
-15.538197 5.302467 -90.503387
-15.571195 5.301568 -90.468829
-15.602910 5.300345 -90.429752
-15.631995 5.297882 -90.575568
-15.668997 5.297060 -90.717537
-15.703769 5.296257 -90.686365
-15.732884 5.296617 -90.781506
-15.764309 5.296230 -91.122201
-15.798636 5.297428 -91.043907
-15.824137 5.296728 -90.858753
-15.846433 5.294770 -90.935445
-15.872848 5.294662 -91.255141
-15.901736 5.292098 -91.271305
-15.923835 5.291831 -91.229029
-15.950361 5.291846 -91.311893
-15.977658 5.290216 -91.397880
-16.006174 5.288621 -91.333279
-16.035022 5.286110 -91.339486
-16.060659 5.284745 -91.569555
-16.095318 5.281191 -91.641364
-16.128753 5.280794 -91.602644
-16.159631 5.279935 -91.621567
-16.194441 5.277686 -91.737135
-16.232896 5.273559 -91.909834
-16.265934 5.269176 -92.144851
-16.298634 5.268478 -91.906144
-16.332696 5.269105 -91.614268
-16.367885 5.267754 -91.577209
-16.400491 5.267439 -91.756969
-16.424604 5.262970 -92.071568
-16.455295 5.255130 -92.085984
-16.487862 5.251000 -91.932715
-16.515555 5.252154 -91.865203
-16.539666 5.255626 -91.994117
-16.565936 5.253812 -92.277563
-16.594097 5.250174 -92.415203
-16.621603 5.246086 -92.243003
-16.647772 5.246737 -92.194247
-16.673602 5.242877 -92.317277
-16.705614 5.238214 -92.523293
-16.734345 5.231273 -92.446086
-16.764016 5.234757 -92.500152
-16.787834 5.236730 -92.752741
-16.809821 5.236826 -92.941458
-16.835330 5.228994 -92.820912
-16.866374 5.225381 -92.684997
-16.896841 5.218890 -92.753065
-16.923931 5.213271 -92.599811
-16.948974 5.213704 -92.661383
-16.974821 5.212639 -92.992915
-17.005412 5.209868 -93.147580
-17.042900 5.210564 -93.307989
-17.073253 5.213706 -93.443010
-17.106816 5.214449 -93.433648
-17.140308 5.210103 -93.443452
-17.170824 5.205331 -93.510613
-17.195428 5.197168 -93.278336
-17.226797 5.193477 -93.180704
-17.256763 5.189386 -93.385171
-17.282158 5.188701 -93.701039
-17.298599 5.195862 -93.876623
-17.318879 5.194234 -93.635634
-17.349177 5.191499 -93.572739
-17.381859 5.187414 -93.761508
-17.404372 5.183287 -94.027416
-17.432878 5.176313 -93.831316
-17.461639 5.172681 -93.774075
-17.491542 5.168753 -93.705775
-17.524853 5.165785 -93.823259
-17.559893 5.164887 -94.215414
-17.595425 5.165369 -94.350514
-17.631654 5.162460 -94.321084
-17.666713 5.161792 -94.508618
-17.707493 5.158103 -94.356814
-17.737953 5.153252 -94.408537
-17.763291 5.148958 -94.575985
-17.786185 5.147034 -94.734607
-17.808731 5.139825 -94.631037
-17.834889 5.133732 -94.840120
-17.860840 5.132991 -95.255456
-17.880662 5.137218 -95.344350
-17.904725 5.139220 -94.905651
-17.934177 5.134943 -94.592596
-17.960325 5.131874 -94.731679
-17.985424 5.136718 -94.465459
-18.006095 5.136136 -93.607219
-18.036013 5.126056 -92.979526
-18.066616 5.119007 -93.062598
-18.091326 5.123524 -93.014196
-18.109263 5.129294 -92.233216
-18.134130 5.124272 -91.946745
-18.162985 5.129569 -92.142641
-18.184367 5.132083 -91.963345
-18.201486 5.130330 -91.538840
-18.218027 5.125298 -91.305121
-18.234597 5.120581 -91.483221
-18.257921 5.124118 -91.557166
-18.279576 5.124776 -91.279967
-18.307004 5.121717 -91.061446
-18.340193 5.117581 -90.861101
-18.380350 5.114388 -90.829082
-18.422628 5.116235 -90.747040
-18.465635 5.118321 -90.268073
-18.506757 5.116481 -89.875889
-18.546037 5.110581 -89.936763
-18.579656 5.110259 -90.147054
-18.620365 5.109866 -90.468494
-18.653056 5.114640 -90.292386
-18.674963 5.118160 -90.157105
-18.690404 5.118687 -90.333571
-18.711579 5.109170 -90.529148
-18.728715 5.105317 -90.388797
-18.746113 5.104825 -90.046087
-18.763227 5.101224 -89.997670
-18.787993 5.100843 -90.124118
-18.825313 5.100520 -90.072475
-18.860736 5.099709 -89.955291
-18.896118 5.097986 -89.960785
-18.940318 5.097938 -90.060139
-18.982457 5.098437 -90.009132
-19.023118 5.097570 -89.816425
-19.061364 5.096702 -89.777796
-19.098045 5.096063 -89.938960
-19.133692 5.093910 -90.104556
-19.165820 5.090409 -90.044802
-19.194632 5.091113 -89.887591
-19.217849 5.089953 -89.928477
-19.241762 5.088795 -90.073994
-19.262898 5.089668 -90.170097
-19.292059 5.087417 -90.543152
-19.325119 5.084198 -90.348974
-19.350351 5.084221 -90.009680
-19.368858 5.087277 -90.218967
-19.389106 5.087599 -90.431791
-19.402642 5.087194 -90.199034
-19.413459 5.087438 -90.225205
-19.431241 5.086782 -90.675861
-19.459747 5.082467 -90.759713
-19.489272 5.081547 -90.630341
-19.521676 5.083426 -90.646419
-19.560418 5.083349 -90.747518
-19.599061 5.082949 -90.949522
-19.634345 5.083275 -91.186043
-19.669964 5.081351 -91.279726
-19.708541 5.080353 -91.218696
-19.746809 5.079431 -91.096515
-19.782870 5.083052 -91.309116
-19.818806 5.080349 -91.556922
-19.843800 5.079216 -91.658784
-19.864700 5.076984 -91.633175
-19.879794 5.074212 -91.573768
-19.893548 5.076490 -91.773286
-19.905173 5.074682 -92.045294
-19.918718 5.071545 -92.113217
-19.942021 5.071380 -91.966516
-19.970012 5.072586 -92.042653
-20.001867 5.073732 -92.306161
-20.036319 5.070101 -92.460154
-20.075210 5.067025 -92.375675
-20.116391 5.068300 -92.452961
-20.165929 5.065661 -92.805897
-20.208565 5.062670 -93.020580
-20.248587 5.058398 -93.003866
-20.292006 5.055695 -92.940381
-20.329927 5.054601 -93.051591
-20.359462 5.052010 -93.055177
-20.391477 5.048397 -93.021747
-20.422128 5.046865 -93.254011
-20.443920 5.046030 -93.680226
-20.463105 5.046669 -93.754531
-20.481964 5.044631 -93.460273
-20.509972 5.042340 -93.342091
-20.534357 5.044399 -93.470382
-20.552939 5.044501 -93.585509
-20.570231 5.042981 -93.549215
-20.591360 5.036296 -93.357629
-20.620811 5.033615 -93.498955
-20.650839 5.031754 -93.852615
-20.677638 5.029155 -93.985016
-20.705824 5.025707 -93.781013
-20.744295 5.021215 -93.668931
-20.784447 5.018597 -93.952748
-20.819366 5.016816 -94.356979
-20.847669 5.014663 -94.151549
-20.885235 5.009601 -93.888263
-20.926449 5.005933 -94.052583
-20.959266 5.005491 -94.330698
-20.991480 5.003013 -94.353991
-21.024225 5.001075 -94.532608
-21.052125 5.001350 -94.795257
-21.074006 5.000817 -94.558319
-21.094949 4.997185 -94.482422
-21.112705 4.996372 -94.439675
-21.132809 4.994492 -94.480506
-21.149532 4.993867 -94.365162
-21.169244 4.991633 -94.096449
-21.189412 4.987139 -93.901703
-21.212994 4.983021 -93.940292
-21.239789 4.984337 -93.864853
-21.265257 4.981325 -93.551334
-21.297250 4.983542 -93.176822
-21.330415 4.982234 -92.875398
-21.363876 4.979263 -92.670664
-21.398219 4.975322 -92.565133
-21.437169 4.971788 -92.517709
-21.475816 4.969123 -92.524210
-21.513300 4.968172 -92.439654
-21.547345 4.966849 -92.329290
-21.576845 4.963475 -92.289397
-21.606757 4.963836 -92.267524
-21.631419 4.961909 -92.091181
-21.655065 4.958868 -92.041345
-21.671511 4.957031 -92.144537
-21.692134 4.956972 -92.264776
-21.710383 4.956263 -92.219161
-21.732483 4.955624 -92.077259
-21.753247 4.953557 -92.125970
-21.778872 4.953094 -92.282403
-21.805251 4.951768 -92.218770
-21.836454 4.948220 -92.098378
-21.868124 4.947716 -91.926738
-21.902637 4.944580 -91.886212
-21.935606 4.943549 -92.109506
-21.978347 4.943806 -92.291806
-22.016314 4.941890 -92.268397
-22.050309 4.940359 -92.181349
-22.084256 4.940200 -92.204107
-22.119278 4.939256 -92.061016
-22.144354 4.937842 -92.007112
-22.168497 4.939419 -92.402086
-22.194941 4.935165 -92.821481
-22.229520 4.932953 -92.882280
-22.258677 4.929380 -92.348064
-22.274620 4.927999 -91.912005
-22.291372 4.925351 -92.068355
-22.320074 4.924488 -92.260209
-22.341157 4.921917 -92.365528
-22.367019 4.918966 -92.745942
-22.394701 4.916911 -92.930922
-22.427562 4.917399 -92.728822
-22.457675 4.916773 -92.556290
-22.491473 4.915348 -92.535119
-22.529622 4.913662 -92.685781
-22.572940 4.910456 -92.667070
-22.610245 4.909353 -92.485179
-22.643084 4.907006 -92.643003
-22.677357 4.906267 -92.948335
-22.708415 4.907356 -93.394617
-22.745038 4.902975 -93.537220
-22.780277 4.898294 -93.133942
-22.810978 4.897271 -92.599412
-22.835553 4.898104 -92.355353
-22.856492 4.902442 -92.643327
-22.878471 4.899782 -93.348544
-22.907672 4.886120 -93.493387
-22.932027 4.881709 -92.874439
-22.955026 4.887033 -92.248122
-22.971072 4.897667 -92.261329
-22.997915 4.895290 -92.548537
-23.028200 4.882281 -92.573680
-23.054550 4.877100 -92.358655
-23.079720 4.879366 -92.309743
-23.108603 4.879009 -92.481230
-23.139483 4.873281 -92.587610
-23.169371 4.872195 -92.539481
-23.205068 4.871092 -92.567058
-23.240077 4.869285 -92.582530
-23.273376 4.865314 -92.390204
-23.308476 4.863849 -92.014471
-23.344955 4.869783 -92.061302
-23.379904 4.878001 -92.469094
-23.411582 4.876511 -93.153851
-23.437615 4.859994 -92.959507
-23.464588 4.855872 -92.055484
-23.495727 4.864855 -91.767391
-23.519694 4.868487 -92.071185
-23.535381 4.867302 -92.583218
-23.546245 4.858864 -92.713716
-23.561790 4.854862 -92.517366
-23.582624 4.854611 -92.503239
-23.600974 4.853585 -92.451484
-23.624233 4.851533 -92.191909
-23.658447 4.848337 -92.151796
-23.691955 4.849953 -92.504298
-23.711157 4.848858 -92.720705
-23.722765 4.844104 -92.450221
-23.736740 4.839451 -91.921376
-23.755106 4.840562 -91.643404
-23.768562 4.841295 -91.733759
-23.755295 4.841719 -91.427897
-23.780410 4.839831 -92.649299
-23.797185 4.844197 -92.800945
-23.821957 4.841617 -92.682771
-23.850818 4.842377 -92.611175
-23.893394 4.838773 -92.457236
-23.945164 4.831774 -92.551384
-23.990952 4.829071 -92.728139
-24.032218 4.829988 -92.756867
-24.072318 4.832805 -92.514121
-24.114189 4.824261 -92.158439
-24.150942 4.815168 -92.338476
-24.178935 4.813163 -92.634259
-24.204780 4.820392 -92.397542
-24.224842 4.820413 -92.068976
-24.251837 4.811646 -92.169066
-24.274971 4.811887 -92.660868
-24.294141 4.821609 -92.612642
-24.310875 4.816948 -92.093828
-24.330828 4.803321 -92.048603
-24.356693 4.799350 -92.157155
-24.384736 4.804774 -92.223491
-24.413007 4.804584 -92.405568
-24.447804 4.802860 -92.765557
-24.482709 4.811977 -92.570489
-24.514801 4.807178 -92.214955
-24.552903 4.801312 -92.262131
-24.592195 4.797278 -92.246871
-24.626382 4.793572 -92.188226
-24.657770 4.788428 -92.339758
-24.686933 4.784746 -92.619339
-24.717827 4.785887 -92.902318
-24.747359 4.790894 -92.980292
-24.775105 4.795486 -92.752602
-24.803773 4.795447 -92.288363
-24.825263 4.784257 -91.991386
-24.847433 4.774766 -92.416683
-24.875861 4.770863 -93.061884
-24.915769 4.776220 -93.368162
-24.947806 4.778072 -93.284812
-24.976542 4.777044 -93.246116
-25.009328 4.778528 -93.144895
-25.043224 4.775712 -92.948553
-25.069807 4.774691 -92.823536
-25.097432 4.772749 -92.909232
-25.126617 4.769576 -93.161845
-25.161742 4.764480 -93.641457
-25.199452 4.760790 -93.838437
-25.225000 4.761817 -93.539957
-25.246068 4.762583 -93.427032
-25.270276 4.764767 -93.458337
-25.290211 4.764142 -93.440854
-25.309800 4.758287 -93.675582
-25.336787 4.751554 -93.889229
-25.364667 4.750304 -93.822141
-25.390905 4.748952 -93.748554
-25.414318 4.742686 -94.009806
-25.448940 4.738698 -94.144535
-25.485335 4.737890 -93.897433
-25.517413 4.736737 -93.545900
-25.550755 4.733281 -93.242497
-25.582580 4.730282 -92.729023
-25.615604 4.728964 -92.080596
-25.646481 4.728613 -91.739622
-25.678251 4.727550 -91.371357
-25.705114 4.731553 -91.083266
-25.734482 4.732299 -90.888675
-25.762348 4.730668 -90.377601
-25.783241 4.732150 -90.008805
-25.807424 4.731750 -89.801106
-25.833190 4.732677 -89.747724
-25.857617 4.731762 -89.893839
-25.882967 4.727211 -89.619648
-25.909046 4.725472 -89.242132
-25.938336 4.727834 -89.034382
-25.966661 4.730343 -88.910989
-25.997014 4.730868 -89.004742
-26.028258 4.728665 -88.986409
-26.062513 4.725112 -88.680055
-26.092865 4.727310 -88.346550
-26.125371 4.734909 -88.252139
-26.154971 4.736574 -88.424042
-26.178907 4.733891 -88.406019
-26.209782 4.731425 -88.222795
-26.238529 4.735326 -88.248037
-26.268842 4.734548 -88.312146
-26.294668 4.732785 -88.247429
-26.323317 4.733590 -88.174244
-26.353087 4.734264 -88.269206
-26.379307 4.734180 -88.236323
-26.405887 4.733147 -88.147966
-26.437365 4.733706 -88.166556
-26.467479 4.734302 -88.238469
-26.493925 4.738334 -88.305197
-26.517597 4.741656 -88.373283
-26.546293 4.742100 -88.483343
-26.571165 4.744565 -88.520909
-26.597272 4.744614 -88.452831
-26.628825 4.745231 -88.612325
-26.657376 4.747110 -88.791670
-26.682837 4.750869 -88.775509
-26.714532 4.745268 -88.686210
-26.744384 4.745933 -88.698525
-26.774193 4.746757 -88.659668
-26.807077 4.745087 -88.615734
-26.839518 4.745994 -88.700864
-26.869574 4.747017 -88.935006
-26.894269 4.747226 -89.106336
-26.918905 4.746482 -89.015937
-26.946357 4.747078 -88.801653
-26.979248 4.746838 -88.721544
-27.007786 4.746511 -88.715000
-27.040286 4.745320 -88.859159
-27.066260 4.743985 -89.026670
-27.091165 4.746172 -89.223078
-27.115584 4.747048 -89.124591
-27.144233 4.746502 -88.899328
-27.175493 4.746766 -88.965542
-27.205991 4.747522 -89.126014
-27.237163 4.744807 -89.195933
-27.271871 4.745757 -89.293855
-27.304544 4.745948 -89.183490
-27.335932 4.744904 -89.139491
-27.369282 4.746336 -89.345100
-27.398016 4.749319 -89.321599
-27.430080 4.751492 -89.172527
-27.460430 4.750184 -89.225975
-27.489705 4.750088 -89.193167
-27.523888 4.744848 -89.014049
-27.555116 4.744184 -89.243574
-27.581384 4.744892 -89.311457
-27.610175 4.747004 -89.239203
-27.640220 4.748539 -89.139979
-27.668320 4.743979 -89.168304
-27.697448 4.742989 -89.340411
-27.726003 4.742720 -89.427553
-27.755379 4.742909 -89.486931
-27.787099 4.742594 -89.400343
-27.817596 4.743562 -89.206103
-27.856109 4.739647 -89.357168
-27.891696 4.739341 -89.716825
-27.927522 4.746295 -89.604647
-27.960805 4.746491 -89.327968
-27.994603 4.745714 -89.435586
-28.029971 4.746361 -89.684266
-28.064782 4.746881 -89.614759
-28.096762 4.745743 -89.420387
-28.133165 4.742180 -89.654176
-28.164578 4.740446 -89.639062
-28.188736 4.742838 -89.457726
-28.208909 4.741964 -89.521675
-28.229266 4.745223 -89.835398
-28.250582 4.748318 -89.860440
-28.266035 4.749771 -89.501151
-28.276190 4.749114 -89.448369
-28.294797 4.744292 -89.662488
-28.316385 4.741529 -89.676021
-28.336793 4.738227 -89.753435
-28.367300 4.740255 -89.956373
-28.403192 4.741116 -89.770244
-28.435259 4.741831 -89.516593
-28.461625 4.739656 -89.575502
-28.497967 4.739668 -89.695258
-28.537267 4.740216 -89.628992
-28.566954 4.738725 -89.383023
-28.596493 4.733698 -89.405328
-28.631292 4.732396 -89.665398
-28.662484 4.731730 -89.696732
-28.682447 4.735362 -89.662843
-28.702129 4.738698 -90.000220
-28.727872 4.740593 -90.055954
-28.750241 4.739630 -89.922008
-28.770854 4.737792 -89.939948
-28.796192 4.733545 -90.076228
-28.823231 4.732169 -90.142399
-28.854097 4.734318 -90.147362
-28.884896 4.738907 -90.191929
-28.918274 4.739353 -90.261844
-28.950392 4.739450 -90.277175
-28.982463 4.739428 -90.421563
-29.015765 4.737904 -90.510903
-29.052100 4.735056 -90.522781
-29.083843 4.734861 -90.560030
-29.115923 4.735855 -90.712372
-29.145127 4.734529 -90.864374
-29.173516 4.731365 -90.909118
-29.203390 4.729201 -90.857235
-29.236422 4.726900 -91.006171
-29.269553 4.725197 -91.217393
-29.301821 4.722268 -91.249743
-29.338282 4.720700 -91.227248
-29.373107 4.718386 -91.184108
-29.397170 4.719715 -91.271512
-29.421694 4.721342 -91.444380
-29.440904 4.719431 -91.675364
-29.464344 4.717100 -91.896728
-29.486803 4.716000 -91.857886
-29.509136 4.714972 -91.758456
-29.533123 4.715280 -91.722614
-29.557922 4.715387 -91.759236
-29.583459 4.712852 -91.800647
-29.611613 4.711496 -91.889229
-29.642277 4.709190 -92.046768
-29.674890 4.708323 -92.186824
-29.708249 4.704841 -92.055515
-29.741319 4.705538 -91.826726
-29.778136 4.702451 -92.061237
-29.812417 4.698735 -92.156275
-29.845949 4.695402 -91.855548
-29.878938 4.693419 -91.826991
-29.900178 4.692615 -92.098097
-29.917545 4.692846 -92.337010
-29.935545 4.693873 -92.346850
-29.949592 4.695564 -92.327825
-29.967638 4.692336 -92.351840
-29.989146 4.689487 -92.398741
-30.009409 4.683590 -92.321848
-30.034683 4.685405 -92.306532
-30.063959 4.680594 -92.382364
-30.093325 4.676663 -92.307523
-30.123018 4.673620 -92.351164
-30.160075 4.677243 -92.327234
-30.202317 4.676503 -92.344353
-30.245258 4.675483 -92.336601
-30.278055 4.675087 -92.195169
-30.315120 4.673148 -92.232375
-30.354239 4.669851 -92.437795
-30.388174 4.665462 -92.558989
-30.426742 4.660355 -92.557683
-30.454535 4.659690 -92.457142
-30.479472 4.659186 -92.670429
-30.504141 4.660673 -92.925475
-30.522213 4.662133 -92.850558
-30.539620 4.662609 -92.816027
-30.560228 4.659011 -92.767163
-30.583535 4.651659 -92.950251
-30.606383 4.649206 -93.070518
-30.623550 4.646610 -92.927152
-30.651866 4.644718 -92.836111
-30.683805 4.643171 -93.125701
-30.716795 4.643121 -93.342266
-30.751047 4.642112 -93.280956
-30.783929 4.638867 -93.203502
-30.819277 4.636341 -93.177687
-30.854024 4.632243 -93.246847
-30.886112 4.625845 -93.039806
-30.922363 4.617838 -93.264478
-30.956449 4.612378 -93.753547
-30.992274 4.614553 -93.977827
-31.025385 4.615618 -93.954725
-31.055830 4.616323 -94.047461
-31.083677 4.617436 -94.425189
-31.111307 4.618246 -94.634339
-31.133880 4.615399 -94.549606
-31.154242 4.616669 -94.226713
-31.177183 4.609298 -94.201162
-31.205517 4.606574 -94.486626
-31.240897 4.609080 -94.517357
-31.268980 4.604412 -94.320604
-31.298731 4.597607 -94.182887
-31.329429 4.593487 -94.216104
-31.358304 4.600316 -94.161018
-31.384530 4.599951 -94.201495
-31.417766 4.599001 -94.071428
-31.445518 4.591911 -93.686665
-31.468938 4.589336 -93.107708
-31.494663 4.588217 -92.546202
-31.524130 4.587203 -92.140785
-31.553952 4.586195 -91.621612
-31.583790 4.585472 -91.336961
-31.614171 4.585350 -91.327198
-31.645651 4.584906 -90.991227
-31.675628 4.581853 -90.450878
-31.699262 4.584200 -89.925623
-31.716791 4.581974 -90.070676
-31.748388 4.579623 -90.407776
-31.781939 4.579019 -90.307486
-31.804225 4.575605 -90.099734
-31.828484 4.578028 -90.062984
-31.856082 4.579222 -90.014250
-31.883615 4.581425 -89.888829
-31.907749 4.580779 -89.889813
-31.935618 4.578697 -90.104473
-31.970504 4.577510 -89.878446
-32.002018 4.576134 -89.620950
-32.032096 4.576315 -89.556359
-32.059749 4.574258 -89.701003
-32.097683 4.571439 -89.946480
-32.137627 4.571060 -89.758416
-32.174497 4.569629 -89.103293
-32.203620 4.568442 -88.823188
-32.223627 4.569608 -89.154178
-32.243525 4.568204 -89.562207
-32.273689 4.566237 -89.463520
-32.293988 4.567306 -89.105887
-32.314437 4.570049 -89.049414
-32.339679 4.566330 -89.204696
-32.368514 4.565450 -89.157728
-32.402454 4.567054 -89.021446
-32.433346 4.563720 -88.899817
-32.468602 4.564117 -88.675800
-32.504807 4.564160 -88.295333
-32.538842 4.566442 -88.184123
-32.571387 4.567308 -88.493122
-32.599588 4.567639 -88.912712
-32.627869 4.563215 -88.948433
-32.657312 4.565641 -88.589835
-32.684347 4.570945 -88.209642
-32.713263 4.576783 -88.242337
-32.741406 4.574594 -88.668091
-32.763829 4.568576 -88.895717
-32.785832 4.560830 -88.621089
-32.810241 4.564077 -88.311606
-32.840067 4.564744 -88.196148
-32.877005 4.571924 -88.527092
-32.906749 4.572489 -89.087521
-32.935786 4.568633 -89.182529
-32.967039 4.566668 -88.945805
-33.001180 4.572020 -88.779826
-33.035824 4.575155 -89.051684
-33.067102 4.568256 -89.353034
-33.102540 4.566153 -89.570061
-33.127267 4.568621 -89.394411
-33.154155 4.573348 -89.283501
-33.184417 4.579413 -89.390151
-33.211951 4.576465 -89.594914
-33.236898 4.571842 -89.376211
-33.266289 4.571164 -89.378278
-33.293209 4.571124 -89.502876
-33.319308 4.571348 -89.597977
-33.353622 4.570605 -89.425977
-33.390954 4.571430 -89.654838
-33.423755 4.571278 -89.934631
-33.458319 4.575845 -90.062844
-33.488693 4.580390 -90.452559
-33.515267 4.580260 -90.936287
-33.541978 4.575765 -91.173124
-33.567229 4.572086 -91.531639
-33.585922 4.569098 -92.045390
-33.601147 4.572492 -92.386907
-33.618131 4.571691 -92.561970
-33.637847 4.570070 -92.691339
-33.660660 4.566832 -92.833945
-33.690442 4.567127 -92.995714
-33.708908 4.563089 -93.065400
-33.732017 4.556596 -93.061319
-33.751126 4.553205 -93.318823
-33.779117 4.557394 -93.186416
-33.809636 4.552026 -93.488416
-33.839934 4.549223 -93.546984
-33.877015 4.545902 -93.373392
-33.918927 4.544555 -93.451562
-33.952982 4.543494 -93.424027
-33.981852 4.541818 -92.990110
-34.019877 4.538623 -92.811653
-34.061437 4.535051 -93.005976
-34.084027 4.533987 -93.050172
-34.111600 4.536444 -92.813285
-34.138317 4.532592 -92.752561
-34.165993 4.527379 -92.750094
-34.196250 4.529336 -92.577659
-34.223933 4.529259 -92.264953
-34.248505 4.519900 -92.374762
-34.274095 4.519513 -92.744562
-34.296270 4.524064 -92.640985
-34.326422 4.523882 -92.354955
-34.360150 4.520557 -92.417720
-34.389963 4.520158 -92.561960
-34.422967 4.516966 -92.548606
-34.460011 4.512291 -92.482587
-34.493822 4.508708 -92.655100
-34.532899 4.509736 -92.850799
-34.572186 4.511236 -93.022342
-34.603399 4.513496 -92.961092
-34.635665 4.510693 -92.785130
-34.665025 4.505994 -92.633813
-34.683275 4.492448 -92.831841
-34.696360 4.495928 -93.117223
-34.685100 4.502117 -92.662458
-34.673688 4.501909 -91.337576
-34.676796 4.498605 -90.340718
-34.666195 4.505409 -90.929481
-34.657969 4.523859 -92.813662
-34.650933 4.546252 -95.928552
-34.643404 4.571152 -100.901779
-34.627587 4.588317 -107.819270
-34.623316 4.602886 -116.153309
-34.634458 4.618671 -125.105478
-34.642040 4.628339 -134.124745
-34.668358 4.620577 -142.490000
-34.682191 4.623317 -149.915207
-34.698481 4.625560 -156.474109
-34.735091 4.629764 -162.406112
-34.750287 4.611796 -166.139946
-34.743519 4.597256 -167.804249
-34.733751 4.581674 -167.952188
-34.729371 4.570360 -167.192394
-34.732005 4.570857 -166.075863
-34.731432 4.585575 -164.837146
-34.738907 4.594086 -165.442668
-34.745318 4.604288 -166.908914
-34.755262 4.611092 -169.658106
-34.767432 4.613980 -173.612984
-34.782821 4.610980 -178.556284
-34.796879 4.600950 175.561877
-34.811019 4.592041 169.327250
-34.817204 4.587772 163.703986
-34.816585 4.584140 159.108893
-34.813334 4.577220 155.931739
-34.804047 4.576309 154.230381
-34.792822 4.586721 154.620403
-34.791555 4.584269 156.085949
-34.795667 4.582743 157.203766
-34.792530 4.587461 158.200690
-34.795434 4.585520 159.224755
-34.793082 4.587665 161.056699
-34.795464 4.585223 162.577620
-34.796207 4.583351 164.072373
-34.797656 4.584141 165.548935
-34.793522 4.584364 167.029065
-34.787232 4.584369 168.392872
-34.789671 4.584836 169.649460
-34.786985 4.584798 170.868246
-34.785189 4.585368 172.097060
-34.781653 4.583266 173.279435
-34.782503 4.584739 174.535594
-34.782643 4.582825 175.860030
-34.775376 4.585044 177.192060
-34.764422 4.586244 177.972912
-34.753846 4.584538 178.387070
-34.757876 4.566365 178.359718
-34.754244 4.549132 178.214194
-34.752618 4.523658 178.166283
-34.751038 4.487388 178.165960
-34.743971 4.448085 178.289988
-34.738983 4.405055 178.494019
-34.740856 4.361421 178.555417
-34.739676 4.313327 178.709746
-34.741859 4.270973 178.799544
-34.735375 4.239198 178.516213
-34.730531 4.201882 178.649495
-34.734282 4.169924 178.524384
-34.734831 4.147238 178.457592
-34.730489 4.118880 178.395700
-34.723483 4.096298 178.478963
-34.719346 4.073984 178.526470
-34.717401 4.056480 178.347471
-34.717254 4.030884 178.187430
-34.719618 4.005675 178.137762
-34.720612 3.979879 178.050479
-34.715027 3.950525 178.034864
-34.713153 3.922650 177.980945
-34.709883 3.891071 177.879435
-34.708619 3.853711 177.764121
-34.707562 3.823028 177.560765
-34.706816 3.794967 177.548501
-34.705423 3.768229 177.621584
-34.703345 3.740188 177.491684
-34.698190 3.713799 177.396347
-34.696656 3.689935 177.330567
-34.693487 3.660986 177.401207
-34.692357 3.630511 177.430682
-34.689777 3.603307 177.323345
-34.689513 3.571052 177.187481
-34.689311 3.537996 177.122482
-34.681224 3.507454 177.161719
-34.677840 3.474254 177.151718
-34.675079 3.442265 177.059941
-34.669201 3.406786 176.932044
-34.664944 3.370326 176.841780
-34.665743 3.342460 176.716330
-34.663561 3.308068 176.669184
-34.656584 3.278288 176.832983
-34.657262 3.253142 176.993027
-34.656060 3.226610 177.105341
-34.651125 3.202111 176.888440
-34.649889 3.181200 176.750741
-34.645184 3.157200 176.704064
-34.642326 3.129710 176.646297
-34.642098 3.104654 176.509638
-34.638037 3.077437 176.379913
-34.638189 3.053601 176.415659
-34.633121 3.023840 176.633015
-34.631483 2.989496 176.658302
-34.627953 2.955371 176.530422
-34.626849 2.925041 176.350366
-34.625793 2.892451 176.296559
-34.623918 2.862166 176.443029
-34.617773 2.831201 176.635732
-34.611031 2.799232 176.480086
-34.607883 2.776291 176.240127
-34.604107 2.753308 176.353283
-34.603178 2.728807 176.536604
-34.598922 2.701091 176.526822
-34.595488 2.676679 176.263840
-34.595547 2.654782 176.074051
-34.593329 2.630015 176.003257
-34.590986 2.605327 176.050232
-34.586691 2.576572 175.961775
-34.585047 2.553615 175.966068
-34.585384 2.526812 176.016443
-34.582166 2.491355 176.177390
-34.576804 2.456261 176.232198
-34.575173 2.428861 176.387888
-34.577523 2.398416 176.844505
-34.576716 2.365126 177.559150
-34.579273 2.338102 178.233340
-34.577996 2.307116 178.998334
-34.570010 2.279244 179.833301
-34.560798 2.248131 -179.496714
-34.558891 2.222353 -178.914489
-34.555362 2.198529 -178.371970
-34.554203 2.174141 -178.137823
-34.553972 2.148697 -178.186195
-34.554004 2.122876 -178.290733
-34.556121 2.096315 -178.184067
-34.555787 2.067685 -177.907399
-34.552878 2.037143 -177.833547
-34.547692 2.008071 -177.743717
-34.545143 1.979738 -177.647637
-34.545791 1.943778 -177.515375
-34.547570 1.909549 -177.426675
-34.551826 1.875432 -177.305472
-34.559049 1.841863 -177.313579
-34.560014 1.797293 -177.465752
-34.568025 1.764955 -177.526619
-34.576297 1.728796 -177.049438
-34.576171 1.703920 -176.867424
-34.572107 1.684131 -177.181042
-34.565755 1.662680 -177.313756
-34.558537 1.633087 -176.897501
-34.556999 1.614188 -176.621153
-34.564212 1.590933 -176.807171
-34.571143 1.564798 -177.108190
-34.570836 1.534796 -177.222002
-34.569121 1.499509 -177.095980
-34.566824 1.466417 -176.870197
-34.566763 1.437719 -176.782104
-34.568863 1.405800 -176.978501
-34.563062 1.370787 -177.106353
-34.562367 1.338583 -176.939328
-34.572748 1.299623 -177.190771
-34.576074 1.258143 -177.303674
-34.577778 1.224992 -177.207856
-34.580590 1.205562 -177.108456
-34.583406 1.190290 -177.391807
-34.580992 1.168321 -177.617280
-34.572860 1.140451 -177.867866
-34.572438 1.119291 -177.745675
-34.571860 1.101813 -177.611956
-34.573398 1.074492 -177.614896
-34.574655 1.044398 -177.665035
-34.576089 1.015648 -177.756336
-34.572723 0.988790 -177.811957
-34.568220 0.955261 -177.851563
-34.571455 0.922435 -177.850183
-34.571970 0.886981 -178.124054
-34.571079 0.853980 -178.300276
-34.571785 0.818077 -178.315448
-34.577564 0.790102 -178.166834
-34.579116 0.764838 -178.138967
-34.579583 0.748775 -178.364634
-34.571740 0.723490 -178.677787
-34.565797 0.696285 -178.901366
-34.565260 0.671903 -178.827195
-34.568083 0.647998 -178.923936
-34.571265 0.618429 -179.220396
-34.565903 0.589238 -179.314959
-34.564102 0.561186 -179.408058
-34.560795 0.533407 -179.634622
-34.559312 0.498531 -179.893149
-34.554049 0.462471 179.878873
-34.552939 0.430307 179.819745
-34.551793 0.399126 179.598906
-34.555346 0.363235 179.357066
-34.557595 0.323185 179.118302
-34.554664 0.294832 178.929709
-34.557264 0.273885 178.908622
-34.558705 0.250846 178.759798
-34.557936 0.230198 178.641290
-34.553147 0.206956 178.561362
-34.553040 0.184684 178.508255
-34.550855 0.154284 178.499092
-34.550110 0.126286 178.295728
-34.552220 0.096164 177.991677
-34.548051 0.064818 177.932589
-34.545750 0.029708 177.953156
-34.542034 -0.009300 177.827052
-34.544526 -0.048563 177.588218
-34.544022 -0.082257 177.296079
-34.541120 -0.118549 177.211395
-34.540248 -0.153827 177.108486
-34.537527 -0.185042 176.890762
-34.535953 -0.199914 176.726091
-34.537089 -0.213981 176.824680
-34.532699 -0.230077 176.776539
-34.527751 -0.249668 176.599035
-34.527022 -0.267067 176.568089
-34.524801 -0.292202 176.462742
-34.523484 -0.318727 176.269753
-34.523159 -0.345552 176.218577
-34.519731 -0.377836 176.166612
-34.514232 -0.413439 176.108799
-34.509237 -0.451781 176.031113
-34.506049 -0.490512 176.038885
-34.498224 -0.531525 176.006336
-34.495321 -0.571893 175.944876
-34.491260 -0.608380 175.900099
-34.484233 -0.646425 175.762130
-34.479588 -0.687075 175.558243
-34.478086 -0.715406 175.557948
-34.475654 -0.736597 175.642613
-34.472211 -0.752699 175.691791
-34.468783 -0.772518 175.576721
-34.465482 -0.791049 175.333994
-34.467918 -0.812019 175.162794
-34.467533 -0.828119 175.118542
-34.467270 -0.849440 175.024734
-34.463966 -0.876587 174.941216
-34.455990 -0.908918 174.841255
-34.446168 -0.951668 174.574201
-34.441613 -0.982456 174.142881
-34.446357 -1.003861 174.041210
-34.451093 -1.015079 174.268697
-34.443335 -1.002326 174.958442
-34.445557 -0.990264 175.379039
-34.442783 -0.995881 176.672189
-34.457667 -0.976092 175.365433
-34.477169 -0.965861 172.792326
-34.493987 -0.948296 168.504297
-34.507381 -0.934161 162.612350
-34.535069 -0.918651 155.500751
-34.556997 -0.914792 147.096571
-34.568057 -0.921536 138.206424
-34.561764 -0.938268 129.070562
-34.560196 -0.948984 120.549396
-34.560999 -0.960522 112.543517
-34.558829 -0.986731 105.376376
-34.559466 -1.006386 99.015656
-34.555180 -1.013734 93.367213
-34.546972 -1.033032 88.531530
-34.535963 -1.067816 85.114802
-34.524695 -1.091434 83.487383
-34.516166 -1.099689 83.882475
-34.522993 -1.091435 85.693096
-34.521659 -1.092744 87.044386
-34.526857 -1.091126 88.199506
-34.524613 -1.087793 89.238299
-34.503557 -1.092036 89.033136
-34.487276 -1.088899 89.013735
-34.455337 -1.092320 88.822203
-34.423118 -1.094358 88.623301
-34.387078 -1.088791 88.626522
-34.346152 -1.085278 88.811688
-34.298136 -1.082775 89.085623
-34.249662 -1.085314 89.140549
-34.202921 -1.082749 89.137246
-34.148342 -1.075312 89.233460
-34.107041 -1.066635 89.239217
-34.070667 -1.067101 89.200464
-34.039351 -1.064964 89.208312
-34.000331 -1.061762 89.082830
-33.975617 -1.063457 89.061495
-33.951536 -1.062249 89.063288
-33.932261 -1.063138 88.986538
-33.911340 -1.061622 88.930922
-33.893354 -1.063325 88.830112
-33.877211 -1.062874 88.750205
-33.865873 -1.059705 88.691881
-33.855597 -1.061222 88.707299
-33.844197 -1.056809 88.784799
-33.830653 -1.046108 88.607054
-33.812776 -1.051438 88.207097
-33.795453 -1.054251 88.234259
-33.771861 -1.050958 88.151199
-33.737820 -1.051674 87.930724
-33.701965 -1.051064 87.734068
-33.664295 -1.048530 87.810965
-33.619345 -1.049122 87.721842
-33.572118 -1.048999 87.717295
-33.526971 -1.049689 87.854004
-33.491659 -1.050362 88.389469
-33.455558 -1.053442 89.164429
-33.422283 -1.052244 89.833603
-33.391612 -1.050821 90.182613
-33.360998 -1.040485 90.325127
-33.324813 -1.038661 90.450836
-33.305781 -1.044462 90.835004
-33.287226 -1.049886 91.166300
-33.267802 -1.049397 91.375736
-33.248551 -1.046779 91.490447
-33.230955 -1.044631 91.516548
-33.207083 -1.037500 91.569757
-33.184154 -1.036178 91.640591
-33.158183 -1.037074 91.797196
-33.130505 -1.039134 91.904761
-33.098394 -1.038763 92.055326
-33.062369 -1.037900 92.185186
-33.023162 -1.031401 92.331963
-32.985717 -1.033543 92.360926
-32.940511 -1.033367 92.557746
-32.908551 -1.040583 92.716569
-32.872390 -1.043649 92.899866
-32.837042 -1.044321 92.975952
-32.803959 -1.047572 92.644087
-32.771878 -1.057621 92.568730
-32.744098 -1.065692 92.927671
-32.717640 -1.067827 93.324918
-32.696901 -1.061299 93.440043
-32.680462 -1.055278 93.299490
-32.659774 -1.051136 93.035091
-32.634559 -1.047880 92.857018
-32.611070 -1.052838 93.009271
-32.591027 -1.054585 93.195699
-32.568403 -1.055167 93.267482
-32.545876 -1.056471 93.146222
-32.516063 -1.057589 93.063842
-32.485897 -1.057339 93.122249
-32.454700 -1.056988 93.272483
-32.417137 -1.060600 93.248772
-32.383472 -1.064313 93.178806
-32.350473 -1.068646 92.989133
-32.314338 -1.072160 92.864190
-32.278906 -1.076216 93.207935
-32.250687 -1.074963 93.628715
-32.230051 -1.072966 93.591405
-32.212815 -1.070166 93.164646
-32.179407 -1.068971 92.664978
-32.151005 -1.071781 92.769969
-32.127209 -1.076177 92.969871
-32.101052 -1.076778 93.039729
-32.074734 -1.075234 93.044032
-32.044631 -1.074466 92.827460
-32.012219 -1.075617 92.642489
-31.978999 -1.075956 92.672201
-31.948011 -1.077073 92.758624
-31.914750 -1.077903 92.707310
-31.880563 -1.080631 92.643719
-31.843585 -1.079930 92.634328
-31.806975 -1.084029 92.705532
-31.776947 -1.090102 92.798125
-31.747144 -1.083553 92.969730
-31.723907 -1.086880 92.899099
-31.700014 -1.088513 92.693227
-31.677210 -1.085343 92.575761
-31.657639 -1.085282 92.484273
-31.635598 -1.086318 92.478821
-31.608669 -1.087318 92.416396
-31.581193 -1.088654 92.241372
-31.552336 -1.088933 92.127579
-31.525394 -1.087212 91.995551
-31.494305 -1.086742 91.796554
-31.461291 -1.087238 91.633929
-31.426664 -1.087810 91.376313
-31.392533 -1.089064 91.171367
-31.353314 -1.087958 91.049912
-31.310456 -1.087131 90.811923
-31.279092 -1.089283 90.515064
-31.254336 -1.087733 90.604494
-31.223414 -1.090448 90.787219
-31.191879 -1.094116 90.584872
-31.167070 -1.094170 90.208351
-31.149294 -1.092787 89.894983
-31.134585 -1.091713 89.858835
-31.111887 -1.089557 89.897134
-31.088394 -1.090252 89.861946
-31.062874 -1.089953 89.728224
-31.034201 -1.088097 89.598270
-31.006577 -1.088540 89.480099
-30.977679 -1.086558 89.357841
-30.945057 -1.085702 89.252021
-30.912015 -1.084658 89.148139
-30.875130 -1.081960 89.151978
-30.836034 -1.078420 88.963509
-30.802396 -1.079955 88.539554
-30.773452 -1.085632 88.666802
-30.745182 -1.087504 88.697894
-30.718060 -1.084696 88.305037
-30.699801 -1.076670 88.325361
-30.678362 -1.072644 88.316457
-30.657458 -1.071115 88.199156
-30.632099 -1.066391 87.971952
-30.608439 -1.067554 87.824798
-30.583363 -1.067637 87.833979
-30.553552 -1.064322 87.734925
-30.522019 -1.062274 87.615912
-30.490514 -1.061365 87.472279
-30.457159 -1.061061 87.383467
-30.419806 -1.060553 87.269158
-30.384291 -1.057372 87.224940
-30.350393 -1.053042 87.144144
-30.311271 -1.048367 86.877114
-30.269726 -1.048517 86.827544
-30.240290 -1.049072 86.944319
-30.212355 -1.045916 86.740042
-30.191119 -1.042741 86.599990
-30.169795 -1.041938 86.700943
-30.150137 -1.037246 86.894054
-30.127247 -1.033704 86.820616
-30.106043 -1.030588 86.612623
-30.082584 -1.029469 86.260091
-30.056741 -1.027810 86.050041
-30.029742 -1.026474 86.013331
-30.001330 -1.024133 85.976146
-29.968539 -1.021472 85.792045
-29.934248 -1.018644 85.722371
-29.899748 -1.016579 85.664504
-29.864800 -1.012399 85.677149
-29.826878 -1.008237 85.533916
-29.788452 -1.005019 85.308082
-29.757709 -1.003902 85.007770
-29.723950 -1.001645 84.742069
-29.700272 -1.001445 84.532729
-29.673937 -0.998988 84.766412
-29.649204 -0.995439 85.030876
-29.621138 -0.991720 85.192033
-29.597717 -0.987730 85.377412
-29.575031 -0.986762 85.624655
-29.551445 -0.984521 85.792659
-29.533475 -0.981962 86.039150
-29.508829 -0.980199 86.224290
-29.483627 -0.972919 86.366976
-29.455013 -0.969837 86.575167
-29.424826 -0.965660 86.767910
-29.390486 -0.965609 87.039497
-29.359285 -0.964188 87.374213
-29.328706 -0.961760 87.512695
-29.299585 -0.960496 87.428881
-29.267740 -0.959532 87.516432
-29.237713 -0.957854 87.877684
-29.211984 -0.956301 88.058116
-29.189434 -0.954128 88.049595
-29.164776 -0.952214 87.910929
-29.138067 -0.948475 87.972404
-29.111695 -0.947051 88.177150
-29.083661 -0.945331 88.305267
-29.054890 -0.943136 88.473481
-29.022469 -0.943079 88.443978
-28.992001 -0.941640 88.426544
-28.964591 -0.939100 88.498671
-28.933490 -0.936036 88.746595
-28.899718 -0.935303 88.706218
-28.869758 -0.934001 88.695347
-28.838018 -0.931297 88.842460
-28.808989 -0.929779 89.273824
-28.778303 -0.928354 89.450155
-28.752095 -0.927121 89.407630
-28.726080 -0.924916 89.180116
-28.702449 -0.920826 89.045659
-28.674990 -0.920845 89.247701
-28.650588 -0.918705 89.572981
-28.625760 -0.918491 89.591261
-28.598410 -0.917492 89.488958
-28.567797 -0.916854 89.564107
-28.533112 -0.914877 89.650680
-28.501174 -0.911922 89.745522
-28.469932 -0.910665 89.757319
-28.436944 -0.909216 89.746533
-28.405984 -0.908322 89.824657
-28.373439 -0.908823 89.785157
-28.335678 -0.905605 89.726115
-28.299629 -0.915135 89.710662
-28.269660 -0.915951 89.551752
-28.232731 -0.915560 89.593008
-28.205117 -0.914021 89.597703
-28.180357 -0.913384 89.653970
-28.156555 -0.911800 89.709146
-28.134069 -0.909587 89.840374
-28.111127 -0.907703 89.889909
-28.087454 -0.908847 89.791185
-28.060986 -0.908320 89.721296
-28.032700 -0.907727 89.760818
-28.000474 -0.907063 89.812183
-27.969520 -0.906394 89.797075
-27.937802 -0.905448 89.823180
-27.904080 -0.906088 89.837426
-27.869764 -0.906477 89.849246
-27.837369 -0.901355 89.884997
-27.809374 -0.899853 90.203054
-27.776818 -0.900491 90.132523
-27.751430 -0.900737 89.925494
-27.732415 -0.899291 89.825548
-27.707518 -0.896607 89.929717
-27.684826 -0.895806 90.011689
-27.661735 -0.895852 90.002711
-27.635068 -0.894936 89.979689
-27.609465 -0.894314 90.087313
-27.577528 -0.893771 90.077676
-27.547039 -0.892206 89.960659
-27.516021 -0.893183 89.894350
-27.484779 -0.895331 89.834953
-27.451020 -0.896259 89.799081
-27.413577 -0.897867 89.814472
-27.378098 -0.896518 89.822470
-27.342219 -0.895010 89.796097
-27.300440 -0.894031 89.748123
-27.266146 -0.892685 89.687162
-27.237054 -0.894241 89.770566
-27.209660 -0.894298 89.755219
-27.186695 -0.893565 89.649894
-27.163808 -0.895390 89.644227
-27.144704 -0.898330 89.756300
-27.121013 -0.895053 89.841094
-27.097352 -0.893007 89.906576
-27.072342 -0.891994 89.716173
-27.046139 -0.892491 89.666439
-27.016326 -0.891383 89.543555
-26.987888 -0.891093 89.498123
-26.955170 -0.892181 89.530698
-26.923637 -0.891728 89.468907
-26.888487 -0.891719 89.408525
-26.852991 -0.892358 89.408630
-26.820636 -0.892717 89.536491
-26.788698 -0.889398 89.456802
-26.760133 -0.887178 89.179182
-26.735539 -0.890875 89.091613
-26.713537 -0.890630 89.222206
-26.689840 -0.889064 88.943808
-26.669981 -0.896341 88.953802
-26.648391 -0.897966 89.412547
-26.622046 -0.891265 89.574279
-26.591366 -0.887743 89.283253
-26.561366 -0.887254 89.165907
-26.529626 -0.886062 89.248386
-26.496648 -0.884878 89.254661
-26.461837 -0.885751 89.226839
-26.426475 -0.887329 89.187507
-26.389008 -0.884682 89.148581
-26.355164 -0.883810 89.090865
-26.316498 -0.885464 89.134559
-26.290630 -0.882778 89.250740
-26.269009 -0.877755 89.099951
-26.244132 -0.877551 88.866218
-26.220723 -0.882161 88.991841
-26.199140 -0.880414 89.194954
-26.179825 -0.876715 89.120608
-26.154538 -0.872815 88.974505
-26.125717 -0.874453 88.998288
-26.098380 -0.873444 89.003871
-26.067023 -0.871675 88.890230
-26.035476 -0.870060 88.855424
-26.004097 -0.873392 88.819897
-25.969878 -0.874532 88.706772
-25.933694 -0.874165 88.559874
-25.898721 -0.870472 88.491007
-25.862295 -0.868974 88.400121
-25.828961 -0.870719 88.452609
-25.795441 -0.871865 88.391220
-25.769730 -0.870509 88.289265
-25.739429 -0.867320 88.119873
-25.716719 -0.866973 88.171084
-25.696649 -0.866144 88.140410
-25.674921 -0.866485 88.045460
-25.649766 -0.863732 88.067303
-25.626252 -0.863189 88.101694
-25.599853 -0.861807 88.044721
-25.570035 -0.857955 87.997076
-25.536907 -0.857593 87.964537
-25.507390 -0.857302 87.962810
-25.476699 -0.856806 87.840871
-25.448077 -0.854129 87.768172
-25.415777 -0.851131 87.847155
-25.383080 -0.850661 87.827921
-25.352352 -0.847576 87.791089
-25.322213 -0.842365 87.938295
-25.298845 -0.844047 87.880821
-25.277854 -0.844130 87.693121
-25.252902 -0.843197 87.525584
-25.228644 -0.843204 87.616562
-25.206653 -0.841284 87.595912
-25.180579 -0.842374 87.430179
-25.153433 -0.839777 87.338372
-25.122221 -0.839843 87.383639
-25.090827 -0.838538 87.333534
-25.059045 -0.834308 87.209613
-25.025114 -0.833191 87.108292
-24.989920 -0.830699 87.106834
-24.955033 -0.830425 87.035895
-24.920443 -0.827701 86.909951
-24.885967 -0.824330 86.847097
-24.852709 -0.822068 86.886998
-24.818160 -0.819621 86.704252
-24.785637 -0.818469 86.407681
-24.757577 -0.812067 86.477451
-24.731021 -0.808485 86.605893
-24.707607 -0.809766 86.547453
-24.686852 -0.807320 86.439931
-24.663466 -0.801751 86.529245
-24.639140 -0.800167 86.608768
-24.610029 -0.800882 86.509865
-24.583705 -0.798422 86.428859
-24.553201 -0.797650 86.396856
-24.523932 -0.794037 86.275110
-24.494446 -0.793404 86.210931
-24.466792 -0.789092 86.241783
-24.436329 -0.786572 86.195766
-24.401717 -0.785128 86.078888
-24.373952 -0.783130 86.018767
-24.340285 -0.781815 86.021814
-24.308984 -0.778375 85.934925
-24.276542 -0.774422 85.712959
-24.250280 -0.772353 85.595703
-24.228315 -0.767699 85.696312
-24.203317 -0.764723 85.819273
-24.177363 -0.761837 85.764442
-24.150196 -0.763843 85.554542
-24.128943 -0.761057 85.654588
-24.101390 -0.759798 85.738746
-24.072772 -0.758106 85.686447
-24.041185 -0.754802 85.383840
-24.011772 -0.752821 85.330239
-23.982937 -0.749480 85.448941
-23.948287 -0.744313 85.429603
-23.912730 -0.742724 85.224929
-23.878399 -0.739454 85.204040
-23.841702 -0.732012 85.189801
-23.807367 -0.730370 85.028033
-23.775045 -0.729554 84.884451
-23.747642 -0.733294 84.802598
-23.720337 -0.729750 84.761936
-23.698713 -0.729940 84.817331
-23.676068 -0.721871 84.982559
-23.651352 -0.715070 84.938019
-23.626008 -0.714206 84.805466
-23.600498 -0.709534 84.768266
-23.571834 -0.706370 84.734013
-23.544263 -0.703679 84.678080
-23.513895 -0.699963 84.538042
-23.484508 -0.698586 84.506123
-23.452295 -0.695670 84.498552
-23.417815 -0.692999 84.486573
-23.384300 -0.688530 84.392173
-23.350088 -0.686520 84.300673
-23.316174 -0.685113 84.284579
-23.281226 -0.679601 84.398004
-23.248448 -0.678571 84.386196
-23.219634 -0.677992 84.663859
-23.197766 -0.681114 85.100646
-23.178407 -0.676064 85.507399
-23.156951 -0.674156 85.673068
-23.133617 -0.673619 85.980369
-23.113713 -0.672666 86.156663
-23.089744 -0.671385 86.391250
-23.065402 -0.668481 86.558980
-23.040094 -0.663075 86.733885
-23.011253 -0.664559 86.704113
-22.982951 -0.663687 86.861906
-22.951391 -0.659792 87.006619
-22.918094 -0.655969 87.156680
-22.880613 -0.651433 87.206067
-22.844224 -0.647104 87.208197
-22.809601 -0.643800 87.334104
-22.772256 -0.640517 87.449201
-22.739646 -0.640190 87.572109
-22.711145 -0.637837 87.675013
-22.681206 -0.636150 87.702945
-22.657886 -0.632658 87.662225
-22.632908 -0.631981 87.605436
-22.608052 -0.629585 87.586981
-22.582284 -0.628603 87.594984
-22.559287 -0.629359 87.652026
-22.532072 -0.630258 87.742373
-22.508038 -0.627128 87.637686
-22.479593 -0.625545 87.466557
-22.447433 -0.622886 87.334707
-22.414134 -0.620043 87.409609
-22.383510 -0.616991 87.548005
-22.353795 -0.614104 87.467637
-22.313981 -0.610799 87.224562
-22.274924 -0.609670 87.230098
-22.243874 -0.608242 87.443168
-22.218932 -0.605918 87.560936
-22.194665 -0.602989 87.347191
-22.168007 -0.597739 87.173042
-22.139973 -0.594919 87.104696
-22.115159 -0.594901 87.293601
-22.093498 -0.594677 87.045007
-22.066058 -0.592768 86.942792
-22.039213 -0.590309 86.950808
-22.010244 -0.588080 86.918405
-21.980948 -0.585452 86.841368
-21.951655 -0.583986 86.752910
-21.921603 -0.584808 86.673269
-21.888977 -0.582133 86.668637
-21.857766 -0.581357 86.686482
-21.820604 -0.579182 86.673078
-21.785449 -0.576084 86.730254
-21.759096 -0.575706 86.732730
-21.734730 -0.574555 86.572512
-21.710254 -0.572929 86.408488
-21.687612 -0.570901 86.277572
-21.665746 -0.567979 86.371205
-21.642683 -0.565571 86.381714
-21.617117 -0.563087 86.451174
-21.592305 -0.562939 86.373419
-21.565080 -0.560333 86.258422
-21.535116 -0.557533 86.262209
-21.505402 -0.554307 86.346292
-21.473861 -0.552964 86.302747
-21.440605 -0.553502 86.125257
-21.409133 -0.551179 86.124118
-21.379601 -0.540925 86.212513
-21.344197 -0.535721 86.354527
-21.309367 -0.530054 86.514807
-21.278376 -0.527256 86.338092
-21.251407 -0.526215 86.049767
-21.232274 -0.521791 85.915723
-21.205995 -0.522403 85.955903
-21.182503 -0.522927 85.933282
-21.157468 -0.518721 85.979699
-21.133058 -0.518124 85.936287
-21.104370 -0.515549 86.011021
-21.075441 -0.513973 85.935228
-21.041038 -0.511766 85.783665
-21.009070 -0.509580 85.694724
-20.980064 -0.507027 85.657393
-20.945951 -0.506141 85.720008
-20.910030 -0.501854 85.599730
-20.872341 -0.499624 85.520684
-20.838008 -0.495397 85.749268
-20.800221 -0.486599 85.988740
-20.772169 -0.483401 85.923774
-20.750056 -0.480676 85.781725
-20.730038 -0.480847 85.875541
-20.709023 -0.480124 86.020643
-20.681740 -0.480470 85.845702
-20.662826 -0.477396 85.944830
-20.638149 -0.474284 86.263651
-20.612791 -0.471826 86.374105
-20.588019 -0.471358 86.473613
-20.558461 -0.471541 86.637987
-20.531479 -0.467798 86.883590
-20.501266 -0.465322 87.083367
-20.469613 -0.461949 87.164016
-20.434271 -0.459789 87.210729
-20.399920 -0.458920 87.349213
-20.364189 -0.456289 87.587658
-20.320084 -0.453340 87.625315
-20.276044 -0.452289 87.629436
-20.246022 -0.454770 87.671860
-20.217835 -0.453868 87.791739
-20.194685 -0.447915 88.009887
-20.171409 -0.443990 88.005718
-20.152433 -0.439937 88.029126
-20.132161 -0.437057 87.978697
-20.110769 -0.436227 88.056830
-20.089822 -0.434028 88.042468
-20.069784 -0.434520 87.973593
-20.046351 -0.435547 88.130500
-20.020337 -0.433461 88.142217
-19.992387 -0.431614 88.179260
-19.961258 -0.430614 88.277223
-19.928268 -0.427612 88.390431
-19.894276 -0.424411 88.491202
-19.859865 -0.422866 88.481897
-19.821984 -0.418963 88.536091
-19.787536 -0.416313 88.595194
-19.757761 -0.417058 88.634935
-19.729764 -0.414937 88.837017
-19.705425 -0.411670 88.853775
-19.681638 -0.409810 88.670964
-19.655270 -0.409294 88.749755
-19.630736 -0.409736 88.847743
-19.608012 -0.408447 88.854577
-19.581784 -0.406382 88.821685
-19.553814 -0.404750 89.088656
-19.525465 -0.404038 89.116602
-19.495954 -0.401528 89.072991
-19.461045 -0.401974 89.074270
-19.426064 -0.402886 89.136554
-19.390315 -0.400823 89.172901
-19.350459 -0.397792 89.256901
-19.316472 -0.396321 89.433079
-19.290063 -0.393152 89.110175
-19.261176 -0.388664 88.973533
-19.232988 -0.388911 89.536974
-19.211957 -0.389430 89.663806
-19.186778 -0.387494 89.297303
-19.159471 -0.386266 89.227730
-19.134053 -0.388291 89.532348
-19.105909 -0.388102 89.502022
-19.079767 -0.383707 89.372274
-19.050663 -0.378496 89.336909
-19.021833 -0.380126 89.557347
-18.992540 -0.379214 89.593071
-18.959553 -0.375572 89.429878
-18.924694 -0.376884 89.328282
-18.890140 -0.376887 89.403000
-18.849179 -0.380545 89.252703
-18.810792 -0.383870 89.068811
-18.787006 -0.382496 89.090038
-18.762511 -0.379928 89.190930
-18.739510 -0.376615 89.691328
-18.715748 -0.374795 89.790839
-18.691043 -0.371814 89.454992
-18.671260 -0.370016 89.197145
-18.654799 -0.371083 89.368030
-18.638860 -0.370769 89.631564
-18.628171 -0.370642 89.803690
-18.615377 -0.368949 89.797256
-18.600501 -0.367932 89.842041
-18.589889 -0.367504 89.898499
-18.578925 -0.365228 89.559497
-18.566035 -0.366153 89.423361
-18.546556 -0.365238 89.388834
-18.519386 -0.362954 89.441661
-18.486991 -0.361216 89.573639
-18.446903 -0.359356 89.595377
-18.404586 -0.358555 89.491875
-18.357851 -0.359747 89.305790
-18.314260 -0.363447 89.436103
-18.275291 -0.367814 89.410823
-18.241949 -0.366591 89.652416
-18.204041 -0.364506 90.074882
-18.170549 -0.360886 90.216764
-18.138798 -0.355412 90.153546
-18.113004 -0.351385 90.078037
-18.087273 -0.347672 90.069240
-18.062489 -0.347395 90.142395
-18.035056 -0.347318 90.252089
-18.010044 -0.348179 90.210778
-17.989388 -0.351697 90.113534
-17.966216 -0.353434 89.938134
-17.938593 -0.353257 89.765396
-17.909205 -0.353318 89.640980
-17.879721 -0.354939 89.673417
-17.845192 -0.357452 89.587160
-17.803278 -0.359246 89.786859
-17.765687 -0.359497 90.068489
-17.734418 -0.354861 90.203172
-17.702478 -0.353537 90.292351
-17.670221 -0.351570 90.163799
-17.640496 -0.350815 90.061510
-17.613270 -0.349987 90.017208
-17.587596 -0.351253 90.139561
-17.559956 -0.349783 90.263283
-17.532797 -0.345525 90.246087
-17.506779 -0.344451 90.058771
-17.480406 -0.345698 90.034976
-17.456373 -0.345204 90.116148
-17.428134 -0.341484 90.160778
-17.400553 -0.340281 90.056983
-17.370053 -0.343288 90.019319
-17.340705 -0.346527 90.073511
-17.306776 -0.348874 89.985111
-17.275167 -0.351517 89.918431
-17.248500 -0.351445 89.963797
-17.222968 -0.348131 89.936909
-17.199378 -0.347275 89.896641
-17.174282 -0.347852 89.946536
-17.148902 -0.349550 90.007675
-17.121167 -0.348001 89.976322
-17.093090 -0.348830 89.913851
-17.065537 -0.347839 90.011342
-17.036120 -0.345164 90.005935
-17.005986 -0.345079 89.986368
-16.974114 -0.344872 89.950206
-16.943325 -0.345911 89.950617
-16.907633 -0.345156 89.919301
-16.874601 -0.343595 89.917941
-16.840620 -0.343718 89.959377
-16.809991 -0.340298 90.236993
-16.785230 -0.337667 90.206316
-16.760495 -0.337273 90.017064
-16.732828 -0.336949 89.980188
-16.708157 -0.337000 89.982692
-16.684254 -0.336383 89.971862
-16.657562 -0.335008 89.951119
-16.630744 -0.334703 89.989712
-16.601557 -0.334564 90.001053
-16.571197 -0.332954 89.984107
-16.540622 -0.334787 89.843877
-16.507013 -0.334388 89.724227
-16.474386 -0.336043 89.701268
-16.437131 -0.336357 89.791216
-16.405491 -0.336319 89.734166
-16.372493 -0.334498 89.685869
-16.333188 -0.332644 89.641142
-16.294209 -0.332002 89.716326
-16.261955 -0.332597 89.803535
-16.231151 -0.329168 89.738004
-16.201691 -0.331300 89.703821
-16.176660 -0.329976 89.709464
-16.151462 -0.331288 89.689780
-16.128964 -0.332541 89.630863
-16.106753 -0.333092 89.570427
-16.084851 -0.330933 89.512175
-16.059786 -0.330710 89.424748
-16.036815 -0.329190 89.449187
-16.010761 -0.330166 89.426816
-15.982697 -0.330665 89.426886
-15.955144 -0.329493 89.459996
-15.922418 -0.328437 89.438076
-15.891231 -0.327647 89.445570
-15.857891 -0.324231 89.606202
-15.828116 -0.324170 89.962686
-15.797253 -0.326400 89.928771
-15.767277 -0.324764 89.576339
-15.741186 -0.322489 89.449240
-15.714847 -0.323342 89.516938
-15.689833 -0.322283 89.615162
-15.667313 -0.324321 89.567745
-15.643722 -0.324781 89.512215
-15.621433 -0.325399 89.492103
-15.596952 -0.322958 89.440800
-15.572093 -0.322815 89.378731
-15.543450 -0.321115 89.414094
-15.512773 -0.319810 89.437015
-15.482514 -0.320794 89.456671
-15.452364 -0.323204 89.321389
-15.419606 -0.321643 89.235228
-15.386437 -0.318097 89.234473
-15.351844 -0.320027 89.259258
-15.314354 -0.318665 89.193033
-15.285670 -0.317319 89.262040
-15.255800 -0.315290 89.243371
-15.231554 -0.314461 89.178703
-15.204122 -0.312692 89.063801
-15.178400 -0.311692 88.991789
-15.155958 -0.311437 88.846716
-15.131784 -0.307670 88.883539
-15.105742 -0.304202 89.011142
-15.077260 -0.304847 89.086508
-15.048552 -0.303409 88.961739
-15.018749 -0.304760 88.809429
-14.986866 -0.301312 88.777536
-14.954093 -0.303791 88.748679
-14.919938 -0.302610 88.618121
-14.887308 -0.303704 88.568229
-14.856310 -0.303436 88.517049
-14.825948 -0.305446 88.452043
-14.794652 -0.305829 88.547220
-14.764902 -0.305147 88.639730
-14.734670 -0.303213 88.576440
-14.702857 -0.300891 88.337111
-14.678057 -0.298130 88.097130
-14.654686 -0.296962 88.117783
-14.629475 -0.297435 88.165244
-14.600600 -0.298402 88.125119
-14.575413 -0.296947 88.110069
-14.546537 -0.296322 88.109809
-14.517673 -0.293790 88.012598
-14.488246 -0.292721 87.906179
-14.458058 -0.292542 87.874583
-14.426520 -0.293542 87.866209
-14.392267 -0.291168 87.774530
-14.362090 -0.291428 87.718396
-14.341847 -0.292837 87.770326
-14.319182 -0.292094 87.737672
-14.298050 -0.288562 87.759574
-14.273157 -0.288257 87.701712
-14.246578 -0.285047 87.646539
-14.218181 -0.284839 87.673435
-14.187005 -0.283164 87.621109
-14.152468 -0.281719 87.510748
-14.118510 -0.281338 87.407532
-14.084838 -0.278436 87.404212
-14.049542 -0.277257 87.360551
-14.015217 -0.277703 87.306090
-13.977555 -0.274327 87.223341
-13.941661 -0.274396 87.137494
-13.910812 -0.273029 87.148272
-13.877522 -0.272936 87.259816
-13.845460 -0.267931 87.527974
-13.818653 -0.261471 87.511641
-13.797200 -0.256810 87.211231
-13.774778 -0.259888 86.916628
-13.755929 -0.259212 87.041258
-13.734437 -0.256465 87.196728
-13.709583 -0.254982 87.082934
-13.684766 -0.252596 87.008646
-13.656313 -0.252842 86.994817
-13.630006 -0.248400 87.024424
-13.597989 -0.247769 86.925555
-13.568904 -0.249698 86.860368
-13.537181 -0.248105 86.987768
-13.504017 -0.242220 86.961027
-13.467990 -0.239356 86.804936
-13.431951 -0.241883 86.697762
-13.398842 -0.243463 86.794701
-13.362465 -0.241300 86.867374
-13.323654 -0.237027 86.810386
-13.296338 -0.236183 86.745885
-13.269241 -0.234609 86.544896
-13.243881 -0.232442 86.442047
-13.221316 -0.229564 86.401097
-13.197207 -0.229250 86.308727
-13.173374 -0.227896 86.273049
-13.152543 -0.226579 86.318655
-13.128015 -0.223556 86.345100
-13.102252 -0.221135 86.322234
-13.075478 -0.218776 86.211293
-13.047670 -0.218316 86.113280
-13.016940 -0.216210 86.126433
-12.983336 -0.214183 86.262578
-12.949458 -0.212959 86.408192
-12.916388 -0.209838 86.389631
-12.881025 -0.207674 86.438287
-12.848686 -0.205794 86.596384
-12.817165 -0.206310 86.676322
-12.791660 -0.202297 86.673084
-12.765836 -0.201817 86.752491
-12.741935 -0.197738 86.984164
-12.724687 -0.192702 87.060033
-12.705330 -0.190713 87.080650
-12.684645 -0.192864 87.070715
-12.662889 -0.192637 87.033901
-12.636878 -0.190081 87.111948
-12.611792 -0.187428 87.277877
-12.587666 -0.185491 87.312015
-12.559314 -0.186540 87.371005
-12.524813 -0.185275 87.532744
-12.491532 -0.182092 87.704902
-12.458866 -0.179650 87.872687
-12.423545 -0.177519 88.147056
-12.388803 -0.177632 88.273230
-12.353164 -0.175635 88.290721
-12.319128 -0.172995 88.418301
-12.289669 -0.173284 88.615376
-12.264688 -0.170604 88.865262
-12.239861 -0.168657 89.072476
-12.219361 -0.160822 89.168774
-12.198873 -0.158457 89.242876
-12.178043 -0.155457 89.291557
-12.155297 -0.154814 89.336185
-12.134057 -0.154566 89.398307
-12.109400 -0.154337 89.504702
-12.081653 -0.153423 89.607823
-12.051476 -0.153769 89.796957
-12.019461 -0.152502 89.996229
-11.986030 -0.151084 90.156791
-11.950085 -0.148737 90.312391
-11.915583 -0.147179 90.372438
-11.877830 -0.146854 90.406365
-11.840281 -0.148894 90.164033
-11.804634 -0.148362 90.023995
-11.774730 -0.152795 89.950037
-11.746741 -0.154600 89.977778
-11.720831 -0.153301 90.168901
-11.697866 -0.150228 90.318318
-11.676057 -0.149705 90.365310
-11.652239 -0.147758 90.397117
-11.625509 -0.148617 90.473540
-11.600407 -0.150099 90.442651
-11.573549 -0.149393 90.294463
-11.544777 -0.147041 90.380146
-11.514650 -0.145945 90.554576
-11.481106 -0.145712 90.607672
-11.446324 -0.143978 90.601633
-11.406546 -0.143362 90.544653
-11.369182 -0.144523 90.646182
-11.328928 -0.147030 90.499097
-11.295064 -0.149467 90.372405
-11.268588 -0.146992 90.452389
-11.239285 -0.144782 90.646890
-11.212447 -0.143757 90.549727
-11.190983 -0.142478 90.580563
-11.168390 -0.139814 90.779296
-11.144405 -0.139134 90.846342
-11.120100 -0.138379 90.769793
-11.097637 -0.139505 90.728835
-11.073301 -0.145402 90.868138
-11.046420 -0.144141 90.865516
-11.016442 -0.142383 90.891232
-10.985019 -0.141960 90.875304
-10.955951 -0.139808 90.935823
-10.921983 -0.140140 90.900048
-10.885328 -0.140203 90.847393
-10.847522 -0.139599 90.798185
-10.811012 -0.140279 90.780364
-10.777006 -0.141499 90.670895
-10.746170 -0.140750 90.685268
-10.719165 -0.140156 90.757570
-10.687512 -0.138927 90.841204
-10.659702 -0.138198 90.898964
-10.635176 -0.137188 90.927640
-10.609892 -0.139869 90.726380
-10.589458 -0.140349 90.769477
-10.567593 -0.138361 90.915539
-10.542152 -0.135522 90.910937
-10.517016 -0.135942 90.888134
-10.493039 -0.136348 90.966686
-10.463413 -0.137340 90.901387
-10.437345 -0.136282 90.886638
-10.405455 -0.135775 90.935815
-10.379106 -0.136915 90.777164
-10.347029 -0.141272 90.888338
-10.317018 -0.142025 90.996792
-10.286041 -0.139229 90.916413
-10.260423 -0.137646 90.794443
-10.232752 -0.137123 90.886008
-10.207382 -0.135685 90.902950
-10.178668 -0.137082 90.760858
-10.149648 -0.135191 90.842753
-10.117550 -0.136361 90.760922
-10.087036 -0.135625 90.701573
-10.057410 -0.138169 90.725432
-10.025581 -0.137192 90.604883
-9.993688 -0.136769 90.631006
-9.961639 -0.134833 90.696922
-9.931663 -0.134599 90.621139
-9.901905 -0.141041 90.507915
-9.870170 -0.143478 90.259633
-9.844112 -0.146191 90.382350
-9.816644 -0.145908 90.597568
-9.789662 -0.144674 90.690734
-9.768048 -0.142714 90.479828
-9.744145 -0.140884 90.486473
-9.722764 -0.142541 90.546031
-9.699987 -0.142971 90.469922
-9.674644 -0.142194 90.412939
-9.646693 -0.141745 90.402850
-9.616983 -0.141124 90.429804
-9.588293 -0.140545 90.380645
-9.555274 -0.140959 90.296530
-9.522404 -0.140508 90.272791
-9.488989 -0.140050 90.249510
-9.452532 -0.139293 90.138744
-9.417869 -0.138187 90.100273
-9.385232 -0.138590 89.941254
-9.349006 -0.139745 89.600730
-9.305308 -0.139827 89.731803
-9.270361 -0.141607 89.904187
-9.244946 -0.142059 89.918724
-9.219060 -0.142044 89.671218
-9.198167 -0.138974 89.467551
-9.176602 -0.135401 89.561314
-9.152720 -0.137393 89.634568
-9.134035 -0.138276 89.573295
-9.109867 -0.137741 89.573237
-9.084108 -0.136243 89.577513
-9.054685 -0.136573 89.491705
-9.024748 -0.134975 89.395882
-8.993037 -0.134280 89.403494
-8.961793 -0.134168 89.311268
-8.926621 -0.132249 89.209540
-8.892524 -0.132247 89.211749
-8.864337 -0.134407 89.213103
-8.832233 -0.134481 89.033656
-8.803387 -0.133211 88.875932
-8.777205 -0.132969 88.856276
-8.748431 -0.137677 88.764701
-8.724696 -0.135456 88.752386
-8.702836 -0.135048 88.683752
-8.680980 -0.134084 88.679736
-8.654810 -0.133930 88.639781
-8.627935 -0.132456 88.562813
-8.599523 -0.130063 88.565764
-8.567567 -0.128150 88.488565
-8.536677 -0.129688 88.337474
-8.503728 -0.128220 88.305305
-8.471310 -0.127308 88.329379
-8.437062 -0.125036 88.257802
-8.401701 -0.122541 88.088711
-8.366466 -0.122340 87.883255
-8.330788 -0.120834 87.734969
-8.302754 -0.120270 87.985248
-8.274503 -0.122411 88.012656
-8.250573 -0.120579 87.811307
-8.227199 -0.116205 87.575452
-8.203170 -0.114967 87.715339
-8.179409 -0.115888 87.840944
-8.152108 -0.116547 87.716916
-8.119249 -0.114137 87.536024
-8.090660 -0.112753 87.568490
-8.056664 -0.111538 87.506720
-8.027853 -0.111862 87.434654
-7.996057 -0.107404 87.298408
-7.963847 -0.104386 87.241014
-7.932462 -0.103929 87.189738
-7.898170 -0.101786 87.024493
-7.866922 -0.100662 86.970523
-7.833106 -0.099455 86.988975
-7.798608 -0.098080 86.976320
-7.768308 -0.093947 86.844755
-7.740907 -0.093433 86.609731
-7.714859 -0.089329 86.590078
-7.692814 -0.089821 86.678230
-7.666808 -0.086416 86.737923
-7.641004 -0.086151 86.618847
-7.616336 -0.084391 86.502402
-7.591252 -0.090472 86.490684
-7.563548 -0.091493 86.570419
-7.536521 -0.088230 86.473398
-7.507637 -0.086003 86.402528
-7.475673 -0.083594 86.362559
-7.442316 -0.082469 86.261004
-7.410657 -0.079766 86.171946
-7.379149 -0.079317 86.247463
-7.346293 -0.073447 86.390896
-7.313921 -0.064886 86.258338
-7.286398 -0.063386 85.829719
-7.262824 -0.066200 85.747158
-7.239617 -0.067050 85.887420
-7.217436 -0.061243 85.835709
-7.193895 -0.058132 85.591443
-7.174466 -0.060311 85.550984
-7.153183 -0.060044 85.609112
-7.127785 -0.058639 85.595286
-7.099542 -0.055580 85.520465
-7.068745 -0.054243 85.400272
-7.036868 -0.052229 85.393261
-7.002334 -0.047793 85.431598
-6.963785 -0.040387 85.283107
-6.924386 -0.037216 85.136913
-6.887107 -0.035206 85.163816
-6.853067 -0.030173 85.346726
-6.818329 -0.018745 85.177038
-6.783749 -0.016365 84.813679
-6.757502 -0.017067 84.726606
-6.726118 -0.017195 84.775882
-6.697285 -0.013605 84.952059
-6.671851 -0.009249 84.910600
-6.647324 -0.007360 84.898933
-6.620558 -0.001447 84.795003
-6.595245 -0.000101 84.850561
-6.571742 0.001864 84.855244
-6.545637 0.006313 84.823165
-6.518499 0.010465 84.644962
-6.488775 0.013447 84.591324
-6.456434 0.015470 84.674365
-6.421247 0.013243 84.597680
-6.386934 0.018826 84.440127
-6.355212 0.022502 84.408538
-6.317838 0.030867 84.415592
-6.287577 0.031881 84.449227
-6.257348 0.033102 84.432684
-6.235511 0.035038 84.392682
-6.209214 0.038742 84.345578
-6.180011 0.038645 84.223834
-6.149148 0.041003 84.169053
-6.122407 0.043745 84.264322
-6.098301 0.047972 84.398249
-6.073182 0.048347 84.324534
-6.046390 0.053444 84.209192
-6.020370 0.056032 84.111182
-5.990119 0.065330 84.159695
-5.963570 0.064535 84.238334
-5.938245 0.065517 84.263367
-5.909515 0.069465 84.238737
-5.884994 0.076539 84.420168
-5.855795 0.078154 84.826781
-5.830484 0.077538 84.946330
-5.803658 0.082088 84.852272
-5.778748 0.086453 84.859313
-5.752163 0.088449 85.112031
-5.724958 0.093154 85.325392
-5.697990 0.094239 85.782508
-5.674088 0.093159 86.093742
-5.646567 0.096388 86.347756
-5.621064 0.099448 86.682990
-5.591659 0.097210 87.138788
-5.562467 0.099027 87.361330
-5.532968 0.098985 87.865042
-5.501104 0.097087 88.260463
-5.468983 0.097646 88.637828
-5.432819 0.097806 89.131886
-5.397296 0.100064 89.673012
-5.365629 0.097629 89.981271
-5.331440 0.096068 90.204144
-5.298052 0.101419 90.244218
-5.274565 0.103452 90.437119
-5.248746 0.101417 90.617236
-5.221195 0.101682 90.610513
-5.196355 0.101008 90.742633
-5.172582 0.102746 90.915065
-5.147040 0.104087 91.094836
-5.121883 0.105999 91.163854
-5.095625 0.103008 91.449512
-5.068629 0.106165 91.648034
-5.039242 0.106978 91.669581
-5.011030 0.107378 91.563094
-4.982656 0.109882 91.638572
-4.953837 0.108454 91.912049
-4.920739 0.109561 92.067139
-4.883695 0.105561 92.199250
-4.843436 0.105593 92.025566
-4.807778 0.104379 91.806721
-4.779807 0.101606 91.822615
-4.749159 0.102651 92.059396
-4.723618 0.098450 92.341845
-4.699253 0.099032 92.359223
-4.672504 0.099990 92.189934
-4.649065 0.100919 92.263473
-4.624212 0.103095 92.390679
-4.596763 0.102097 92.568477
-4.568483 0.098174 92.466221
-4.540534 0.097103 92.392672
-4.510874 0.095835 92.294395
-4.482103 0.095330 92.394620
-4.454041 0.093729 92.484860
-4.422112 0.096262 92.583309
-4.387910 0.099809 92.611150
-4.355673 0.098205 92.367708
-4.329278 0.093388 92.446799
-4.301991 0.089037 92.638189
-4.275971 0.089331 92.617075
-4.254495 0.090336 92.561210
-4.230536 0.088277 92.443619
-4.209993 0.085552 92.645368
-4.185602 0.087427 92.690114
-4.151085 0.084515 92.683971
-4.121291 0.083302 92.545670
-4.092078 0.082242 92.633322
-4.062762 0.082077 92.684676
-4.029589 0.083490 92.635893
-3.997808 0.082916 92.578690
-3.964658 0.084380 92.543190
-3.929576 0.084763 92.507743
-3.894051 0.083054 92.480291
-3.855869 0.089311 92.000208
-3.816259 0.089236 91.243442
-3.784418 0.081213 90.723248
-3.755440 0.077031 90.618568
-3.729657 0.080550 90.429017
-3.704496 0.080376 90.137020
-3.681823 0.082382 89.652685
-3.658901 0.087390 89.526614
-3.639036 0.084342 89.522530
-3.617708 0.090522 89.518287
-3.591977 0.095402 89.126405
-3.566215 0.095434 88.733808
-3.537226 0.093762 88.615180
-3.506945 0.094199 88.597530
-3.475351 0.097637 88.329215
-3.442461 0.099273 87.825795
-3.407219 0.097465 87.525298
-3.376274 0.097852 87.616690
-3.348071 0.100968 87.626393
-3.318698 0.106532 87.354045
-3.292342 0.111937 86.827938
-3.263295 0.114769 86.618925
-3.239498 0.109253 86.583101
-3.221051 0.107895 86.536368
-3.205641 0.110277 86.334143
-3.183766 0.111861 86.050873
-3.160079 0.113863 85.967502
-3.134682 0.113527 85.870942
-3.108331 0.115825 85.695876
-3.075674 0.122239 85.501867
-3.042573 0.129934 85.352349
-3.005310 0.128191 85.272862
-2.968946 0.135236 85.050749
-2.928434 0.140849 84.806054
-2.892461 0.138625 84.783342
-2.853449 0.141972 84.740358
-2.817785 0.148695 84.658300
-2.792322 0.150134 84.535056
-2.764285 0.150283 84.313115
-2.740238 0.156745 84.476029
-2.720020 0.156433 84.755750
-2.700685 0.160205 85.097253
-2.685204 0.159123 85.274736
-2.663515 0.157888 85.548061
-2.643784 0.163320 86.050800
-2.620416 0.164119 86.337329
-2.589425 0.164795 86.853938
-2.560559 0.160728 87.402666
-2.535010 0.162722 87.578155
-2.499622 0.168045 87.617415
-2.463383 0.169415 87.838898
-2.426859 0.174462 88.045901
-2.388556 0.175018 88.269605
-2.350669 0.175009 88.570396
-2.315125 0.173674 88.845241
-2.283268 0.174885 89.013522
-2.257051 0.178415 88.967110
-2.231078 0.179348 89.004414
-2.205132 0.178452 89.231163
-2.180985 0.174936 89.311843
-2.158424 0.182194 89.284551
-2.134374 0.182018 88.959953
-2.112484 0.185430 88.965677
-2.084851 0.182675 89.192615
-2.062118 0.182835 89.352961
-2.035935 0.181463 89.212625
-2.009677 0.178036 89.003821
-1.980321 0.177518 88.982644
-1.950154 0.185328 89.352269
-1.918597 0.186847 89.424047
-1.880805 0.180916 89.198247
-1.843892 0.179533 88.943552
-1.810607 0.185530 88.930311
-1.779387 0.194131 89.327912
-1.750348 0.194352 89.530148
-1.723582 0.187783 88.955970
-1.686140 0.197107 88.694080
-1.651938 0.200841 89.190196
-1.618479 0.202857 89.699570
-1.599115 0.199281 88.831596
-1.584197 0.203610 88.772768
-1.568604 0.201610 89.301688
-1.543839 0.200994 89.002309
-1.523665 0.202232 88.357843
-1.500045 0.198518 88.494399
-1.471507 0.198541 88.705162
-1.429256 0.201005 88.506056
-1.389694 0.203405 88.169688
-1.353112 0.209758 88.114150
-1.312909 0.201470 88.176009
-1.273463 0.205405 88.293041
-1.233092 0.203355 88.083768
-1.201157 0.199342 88.105156
-1.164165 0.213335 88.532844
-1.120632 0.223827 87.988756
-1.100191 0.220030 86.714385
-1.102914 0.207759 86.681913
-1.082874 0.214035 87.957652
-1.064088 0.219966 87.562941
-1.047521 0.219132 87.312974
-1.025197 0.216394 87.243477
-0.990627 0.213473 87.442149
-0.957456 0.216281 87.335683
-0.920028 0.219847 87.218324
-0.877843 0.225721 87.140477
-0.837888 0.223819 87.153295
-0.795697 0.232838 87.105993
-0.750627 0.235164 87.033830
-0.709280 0.236377 87.058669
-0.674071 0.235354 87.090321
-0.641922 0.237875 87.228980
-0.607828 0.238690 87.129009
-0.583967 0.243041 86.968045
-0.557463 0.246402 86.951118
-0.540426 0.247727 86.947471
-0.516656 0.246784 86.929791
-0.495897 0.247957 86.744055
-0.477119 0.247867 86.652551
-0.455984 0.250757 86.500965
-0.431181 0.248577 86.407938
-0.404267 0.252373 86.525404
-0.378306 0.251980 86.599549
-0.349567 0.258060 86.488522
-0.317825 0.260033 86.247545
-0.281583 0.254505 86.261453
-0.250009 0.259107 86.460251
-0.214299 0.273477 86.575639
-0.179662 0.277835 86.541944
-0.156494 0.283317 85.938804
-0.125772 0.280623 85.756432
-0.101485 0.282869 86.003820
-0.085507 0.284724 85.709600
-0.103346 0.282825 85.658029
-0.115431 0.283828 86.089556
-0.125100 0.278382 86.302308
-0.107327 0.269867 86.267882
-0.120959 0.272853 86.209459
-0.129743 0.264417 85.391182
-0.126809 0.251699 84.187809
-0.129152 0.241854 82.242166
-0.117127 0.237068 79.014476
-0.105986 0.230858 74.920435
-0.101398 0.222020 69.923520
-0.102067 0.209892 64.257630
-0.101413 0.202866 58.503189
-0.098879 0.198774 53.014094
-0.094711 0.195441 47.601416
-0.094051 0.188231 42.626919
-0.088713 0.184137 38.092756
-0.082080 0.183047 33.687003
-0.072019 0.180138 29.594694
-0.066955 0.177969 25.635949
-0.059387 0.174170 21.715321
-0.048977 0.174768 17.962212
-0.045623 0.172929 14.287441
-0.040956 0.162948 10.262311
-0.032786 0.159844 6.098967
-0.024665 0.166359 2.201160
-0.021670 0.175568 -0.692343
-0.026161 0.181581 -1.914984
-0.029387 0.191946 -1.533980
-0.033176 0.190648 -0.487852
-0.040494 0.179137 -0.394171
-0.047706 0.185661 -0.343203
-0.035082 0.190634 -0.346715
-0.028797 0.198390 -0.472742
-0.028180 0.226187 -0.559692
-0.028056 0.249585 -0.586553
-0.027926 0.275162 -0.629509
-0.035462 0.316568 -0.613592
-0.038750 0.361428 -0.621331
-0.042101 0.408655 -0.413010
-0.045637 0.461630 -0.262080
-0.051649 0.509520 -0.200309
-0.053920 0.559957 -0.075565
-0.059353 0.601308 -0.168312
-0.061620 0.638411 -0.261148
-0.060541 0.679454 -0.073158
-0.060593 0.713098 -0.264550
-0.063228 0.744216 -0.241977
-0.061799 0.772199 -0.217915
-0.057800 0.795989 -0.184942
-0.061395 0.818818 -0.206917
-0.063056 0.842089 -0.276791
-0.063273 0.856128 -0.296072
-0.064120 0.873621 -0.276532
-0.066900 0.890275 -0.255212
-0.066334 0.905785 -0.275797
-0.069008 0.925928 -0.373708
-0.075177 0.950904 -0.355785
-0.076761 0.975518 -0.352977
-0.073430 1.010565 -0.481083
-0.069454 1.038928 -0.442260
-0.072770 1.070008 -0.444980
-0.076412 1.105969 -0.493476
-0.075588 1.142092 -0.628982
-0.082423 1.183521 -0.657124
-0.089058 1.218184 -0.741570
-0.095050 1.253350 -0.845639
-0.097495 1.286400 -1.098383
-0.105164 1.313925 -1.105223
-0.105534 1.348678 -1.018233
-0.105417 1.371449 -1.098083
-0.109523 1.401436 -1.376476
-0.111036 1.430647 -1.437437
-0.113451 1.457201 -1.430881
-0.113534 1.485639 -1.487166
-0.109487 1.511172 -1.644854
-0.113915 1.539089 -1.694456
-0.115547 1.560839 -1.854770
-0.116463 1.587710 -1.931494
-0.119341 1.616152 -1.970870
-0.121173 1.644662 -2.147040
-0.121520 1.673416 -2.258289
-0.121824 1.701231 -2.239366
-0.123526 1.733778 -2.328294
-0.124431 1.766626 -2.405927
-0.131354 1.795385 -2.438594
-0.133045 1.824974 -2.518788
-0.136170 1.856772 -2.656732
-0.139713 1.884860 -2.542631
-0.136613 1.915562 -2.530681
-0.139153 1.946304 -2.582439
-0.142237 1.974798 -2.833979
-0.147866 1.998465 -2.808792
-0.152795 2.026727 -2.917643
-0.153849 2.053171 -2.981354
-0.156030 2.076524 -3.003749
-0.159593 2.100290 -3.016738
-0.162908 2.129031 -2.940007
-0.165774 2.163857 -2.989098
-0.168448 2.187234 -2.915602
-0.169848 2.209843 -2.701349
-0.171058 2.237242 -2.598454
-0.170354 2.264357 -2.482099
-0.172194 2.293826 -2.334002
-0.176263 2.322680 -2.159253
-0.174467 2.353162 -2.108680
-0.174177 2.383307 -1.978904
-0.178442 2.406866 -1.748047
-0.180543 2.437327 -1.671725
-0.180958 2.468715 -1.504641
-0.181998 2.494642 -1.408865
-0.185048 2.522312 -1.250431
-0.187127 2.550540 -1.069959
-0.190502 2.582511 -0.881524
-0.186036 2.610124 -0.901337
-0.192240 2.630175 -0.753477
-0.193856 2.654386 -0.534812
-0.191991 2.687585 -0.461233
-0.191061 2.711986 -0.362866
-0.191529 2.737510 -0.103855
-0.191952 2.769178 0.082220
-0.192221 2.795932 0.109622
-0.194117 2.815934 0.240966
-0.192128 2.846338 0.419361
-0.191697 2.874006 0.541138
-0.194611 2.900743 0.727517
-0.195345 2.933850 0.880995
-0.192372 2.958838 0.962249
-0.193440 2.989008 1.215222
-0.193827 3.021332 1.406440
-0.191713 3.051698 1.523276
-0.185448 3.090925 1.712294
-0.187897 3.118133 1.958424
-0.187239 3.147088 2.016831
-0.187832 3.180984 2.077771
-0.187490 3.209916 2.211575
-0.187687 3.236744 2.332007
-0.191574 3.263623 2.467322
-0.191711 3.284868 2.550655
-0.187573 3.313459 2.667715
-0.190549 3.343529 2.780316
-0.190164 3.370605 2.903402
-0.189766 3.397123 3.023503
-0.190569 3.427681 3.121949
-0.189510 3.453823 3.174140
-0.189845 3.481067 3.273015
-0.189068 3.508472 3.361280
-0.188536 3.540285 3.530276
-0.188832 3.571081 3.556096
-0.187060 3.597310 3.650534
-0.186111 3.625865 3.725533
-0.187784 3.657072 3.829577
-0.184439 3.690457 3.871408
-0.188304 3.719499 3.943203
-0.187532 3.748042 4.011570
-0.185112 3.779869 4.011837
-0.184824 3.807498 4.045173
-0.184859 3.835150 4.083681
-0.181649 3.861901 4.141096
-0.181447 3.892454 4.331635
-0.186039 3.925619 4.386521
-0.183649 3.953758 4.356433
-0.178334 3.987924 4.434984
-0.182083 4.015769 4.520555
-0.183184 4.044696 4.641937
-0.179817 4.074181 4.614811
-0.176838 4.098078 4.540591
-0.175247 4.125040 4.577460
-0.176200 4.149735 4.361604
-0.175742 4.171661 3.892459
-0.177567 4.201829 3.326261
-0.178224 4.233957 2.975277
-0.177495 4.257303 2.716639
-0.177256 4.284307 2.224347
-0.176576 4.316300 1.735734
-0.176555 4.349911 1.485672
-0.178206 4.378878 1.275588
-0.178395 4.404740 1.037432
-0.177527 4.431036 0.808299
-0.173439 4.464148 0.506334
-0.172068 4.495682 0.246310
-0.173795 4.519292 -0.023465
-0.174870 4.548557 -0.286341
-0.176661 4.575072 -0.457110
-0.178693 4.603705 -0.657749
-0.179993 4.627992 -0.852545
-0.180920 4.658150 -0.957511
-0.180684 4.684369 -1.121382
-0.179971 4.709658 -1.225230
-0.179706 4.739241 -1.331029
-0.184075 4.768874 -1.570075
-0.186093 4.797033 -1.758110
-0.186872 4.833651 -1.934285
-0.186521 4.859325 -2.011582
-0.192244 4.885806 -2.068176
-0.192270 4.919459 -2.266838
-0.197251 4.946796 -2.505961
-0.199155 4.974513 -2.731767
-0.200518 5.005851 -2.850057
-0.205100 5.036544 -2.895790
-0.206258 5.065547 -2.917707
-0.213663 5.093677 -2.649974
-0.213033 5.123164 -1.930698
-0.210009 5.149143 -1.499403
-0.211349 5.170105 -1.283908
-0.211441 5.201495 -0.941277
-0.211483 5.227408 -0.682786
-0.209687 5.256476 -0.548260
-0.213968 5.282967 -0.429181
-0.215838 5.314514 -0.330801
-0.218373 5.346092 -0.180722
-0.219838 5.380293 -0.001456
-0.212674 5.413640 0.108530
-0.211871 5.447526 0.359762
-0.213432 5.474183 0.541552
-0.215124 5.507155 0.742490
-0.216532 5.536929 0.794298
-0.217407 5.563319 0.787192
-0.220910 5.593816 0.959560
-0.222017 5.623057 1.217488
-0.220420 5.651795 1.291430
-0.220208 5.677596 1.417309
-0.218427 5.704924 1.627770
-0.218634 5.726045 1.684764
-0.219525 5.739939 1.704481
-0.221289 5.749755 1.688939
-0.222621 5.762901 1.738702
