0.001080 -0.014279 -0.020363
0.005326 -0.024087 0.013054
0.015395 -0.014930 -0.654646
0.020369 0.001114 -0.638397
0.021009 0.022989 -0.498504
0.022581 0.052430 -0.535489
0.017454 0.103187 -0.658936
0.015501 0.151464 -0.812518
0.013847 0.201449 -0.652903
0.004819 0.257476 -0.471578
-0.000052 0.304072 -0.270814
-0.003090 0.356732 -0.101606
-0.005594 0.402170 -0.134216
-0.004520 0.442741 -0.034097
-0.004946 0.482344 -0.209444
-0.008321 0.516718 -0.168162
-0.009954 0.551393 -0.251890
-0.011669 0.582766 -0.157831
-0.013027 0.607189 -0.073644
-0.012720 0.622529 0.005951
-0.010376 0.638762 0.015167
-0.010820 0.655931 -0.187591
-0.005728 0.668842 -0.417997
-0.012765 0.678399 -0.557891
-0.012287 0.698653 -0.767547
-0.011580 0.721540 -0.562837
-0.013598 0.743710 -0.407620
-0.013067 0.771780 -0.426091
-0.010914 0.805150 -0.612092
-0.010457 0.841967 -0.647927
-0.014122 0.879911 -0.457260
-0.013709 0.918230 -0.341255
-0.014180 0.958812 -0.418233
-0.018018 0.999593 -0.456779
-0.019876 1.036468 -0.534971
-0.021614 1.077949 -0.372174
-0.023764 1.119127 -0.055243
-0.029732 1.152526 0.131591
-0.032196 1.184537 0.033261
-0.036957 1.215664 0.006193
-0.039130 1.244741 0.064018
-0.038650 1.267862 0.161815
-0.044276 1.292019 0.107743
-0.047568 1.313170 0.155389
-0.047597 1.331838 0.310927
-0.049407 1.352866 0.128682
-0.044142 1.374052 -0.024106
-0.044968 1.399946 -0.121382
-0.048703 1.428047 -0.004595
-0.044336 1.455723 -0.078497
-0.043833 1.483237 -0.128583
-0.046480 1.513771 -0.101637
-0.047532 1.545176 -0.023136
-0.048179 1.582101 0.068790
-0.043539 1.617422 0.003898
-0.042415 1.646909 -0.142307
-0.041588 1.679671 -0.160037
-0.042929 1.715783 -0.091792
-0.043257 1.751269 -0.166310
-0.036115 1.779935 -0.398379
-0.041670 1.810623 -0.494752
-0.052575 1.845475 -0.536761
-0.052601 1.875358 -0.513288
-0.055496 1.904634 -0.479384
-0.053783 1.934476 -0.476553
-0.056355 1.961745 -0.551616
-0.054144 1.988134 -0.838391
-0.050693 2.011959 -0.966346
-0.047898 2.039677 -0.961930
-0.052443 2.065052 -0.980562
-0.057191 2.091466 -0.971346
-0.061257 2.120808 -1.058756
-0.068003 2.154978 -1.125764
-0.064044 2.179173 -1.126651
-0.067216 2.211264 -1.097886
-0.067157 2.245043 -1.145521
-0.069021 2.272815 -1.327199
-0.064605 2.298767 -1.414003
-0.070313 2.330206 -1.385634
-0.072362 2.364998 -1.221792
-0.071637 2.398415 -1.032908
-0.075765 2.424922 -1.151417
-0.081400 2.450527 -1.372538
-0.081858 2.482981 -1.506494
-0.082460 2.509774 -1.481976
-0.085328 2.542192 -1.528264
-0.086028 2.573475 -1.573032
-0.086521 2.600657 -1.620053
-0.088970 2.632763 -1.585661
-0.086899 2.661935 -1.599309
-0.090081 2.694695 -1.595545
-0.095919 2.724073 -1.681774
-0.099561 2.755702 -1.739678
-0.096250 2.779445 -1.767467
-0.099033 2.811345 -1.764010
-0.104457 2.844827 -1.733907
-0.109849 2.873321 -1.697745
-0.106990 2.899700 -1.881906
-0.107604 2.933255 -2.018099
-0.110045 2.954644 -1.976833
-0.109319 2.980624 -1.883736
-0.115671 3.010367 -1.833251
-0.118600 3.037567 -1.910090
-0.117178 3.067709 -1.916323
-0.111697 3.101345 -1.832674
-0.104637 3.130930 -1.577741
-0.107281 3.161915 -1.235201
-0.110981 3.193505 -1.021889
-0.118436 3.215214 -0.626294
-0.127123 3.242924 -0.398840
-0.127736 3.269107 -0.235579
-0.126309 3.297057 -0.101042
-0.124590 3.326875 -0.047876
-0.125682 3.361009 0.129297
-0.123906 3.385255 0.344899
-0.126989 3.415625 0.446156
-0.133406 3.441669 0.324260
-0.139401 3.476399 -0.144990
-0.141123 3.509581 -0.560741
-0.139527 3.539869 -0.662483
-0.139268 3.567634 -0.624360
-0.145433 3.597141 -0.759706
-0.144880 3.626600 -0.931140
-0.144823 3.651224 -1.144064
-0.148247 3.672938 -1.177861
-0.149660 3.701025 -1.232143
-0.154993 3.730883 -1.255454
-0.155137 3.752881 -1.465567
-0.160618 3.781348 -1.649267
-0.161472 3.807653 -1.543715
-0.166488 3.837366 -1.565809
-0.166693 3.868362 -1.719488
-0.164788 3.896086 -1.801246
-0.166815 3.929920 -1.740473
-0.170950 3.960459 -1.749718
-0.173674 3.986800 -1.933021
-0.175180 4.015267 -2.164192
-0.180069 4.044617 -2.149860
-0.184693 4.068547 -1.957310
-0.180890 4.100317 -1.829299
-0.186122 4.132595 -1.401249
-0.185842 4.160434 -0.951383
-0.180411 4.184793 -0.274148
-0.180114 4.212736 0.229160
-0.179704 4.236376 0.711328
-0.178391 4.261117 1.225037
-0.178103 4.291985 1.532263
-0.175992 4.315902 1.673143
-0.173946 4.349011 1.882344
-0.172413 4.373004 2.042378
-0.172830 4.400894 2.080407
-0.173245 4.434196 2.160917
-0.175685 4.464413 2.381798
-0.174235 4.492627 2.415546
-0.171734 4.519193 2.496754
-0.171801 4.550915 2.644401
-0.168608 4.578405 2.617561
-0.168698 4.608917 2.767282
-0.170755 4.634687 2.864484
-0.169166 4.662403 2.867038
-0.173408 4.695993 2.962046
-0.173156 4.728133 3.050481
-0.172179 4.755694 3.072741
-0.169706 4.781983 3.019243
-0.172429 4.812137 3.087346
-0.167398 4.838751 3.050357
-0.168176 4.868360 3.065280
-0.164500 4.897202 3.059333
-0.166810 4.925194 3.100892
-0.163047 4.955307 3.133371
-0.162414 4.989594 3.019812
-0.158417 5.023337 3.037320
-0.157762 5.049687 2.860540
-0.156054 5.073048 2.891479
-0.160650 5.104521 2.953380
-0.161055 5.142614 2.856399
-0.154290 5.172569 2.552807
-0.155948 5.200719 2.276444
-0.161413 5.228328 2.349571
-0.159862 5.251864 2.334881
-0.154814 5.276769 2.106159
-0.158694 5.299623 2.166226
-0.157965 5.327017 2.440170
-0.145959 5.352252 2.699570
-0.148945 5.381593 2.669769
-0.147507 5.405535 2.542870
-0.148464 5.434877 2.546679
-0.146383 5.466509 2.622113
-0.149219 5.490231 2.690443
-0.147666 5.518530 2.698205
-0.148542 5.555042 2.851215
-0.146063 5.585852 2.783604
-0.143743 5.623277 2.886295
-0.144456 5.656001 2.879865
-0.140952 5.692832 2.842036
-0.143218 5.728913 2.902900
-0.136774 5.765790 2.911620
-0.134667 5.797032 2.888736
-0.129371 5.828668 2.869634
-0.129894 5.854319 2.938475
-0.133314 5.877324 3.136630
-0.133004 5.904950 3.360973
-0.128151 5.929427 3.425364
-0.122871 5.957053 3.524219
-0.120388 5.982144 3.511922
-0.119894 6.006181 3.828238
-0.127352 6.037110 4.021973
-0.132196 6.064503 3.668139
-0.132180 6.102785 3.011881
-0.126519 6.127655 2.805704
-0.122148 6.157459 2.795555
-0.125931 6.189344 2.621011
-0.127958 6.222996 2.305167
-0.125549 6.256653 1.890912
-0.124080 6.289848 1.638041
-0.125511 6.322031 1.492008
-0.129776 6.351403 1.182437
-0.131737 6.386276 0.883579
-0.129851 6.417044 0.722113
-0.123754 6.442454 0.491831
-0.123398 6.466870 0.165244
-0.126236 6.491052 0.072090
-0.126040 6.514655 -0.108500
-0.127102 6.535556 -0.176434
-0.123246 6.554910 -0.263480
-0.126389 6.578578 -0.274819
-0.128024 6.611107 -0.447699
-0.129693 6.630436 -0.568145
-0.131494 6.649805 -0.760668
-0.132191 6.681356 -1.056680
-0.134115 6.708935 -1.178413
-0.133608 6.743618 -1.297888
-0.135226 6.774481 -1.364200
-0.138900 6.806892 -1.451940
-0.142658 6.840657 -1.744226
-0.139873 6.875524 -1.892608
-0.142369 6.912110 -2.140700
-0.142277 6.952651 -2.266996
-0.143513 6.987755 -2.492409
-0.142979 7.010820 -2.739363
-0.150719 7.033274 -2.638641
-0.153658 7.057864 -2.542339
-0.158219 7.076185 -2.692530
-0.159755 7.100168 -2.921434
-0.161721 7.126566 -3.103301
-0.164506 7.156675 -3.286210
-0.170771 7.181702 -3.460596
-0.174858 7.211680 -3.523303
-0.178445 7.244639 -3.725758
-0.180531 7.277877 -4.057954
-0.184797 7.314827 -4.279822
-0.186672 7.347733 -4.337853
-0.191371 7.379556 -4.386158
-0.196866 7.417725 -4.490809
-0.203818 7.451097 -4.873251
-0.208605 7.489295 -5.102942
-0.211506 7.518664 -5.242473
-0.211599 7.543574 -5.260542
-0.214248 7.565856 -5.342052
-0.210963 7.586875 -5.491350
-0.215654 7.616299 -5.697253
-0.219175 7.639141 -5.806600
-0.216581 7.660208 -5.814555
-0.221591 7.685043 -5.886508
-0.226677 7.707917 -6.192166
-0.225422 7.723648 -6.443773
-0.227246 7.738750 -6.819225
-0.230970 7.729124 -6.480684
-0.228753 7.718966 -6.002221
-0.225480 7.731383 -5.305966
-0.233007 7.721942 -5.190398
-0.222346 7.726640 -5.538102
-0.221556 7.729124 -7.057772
-0.217675 7.733004 -8.394776
-0.208432 7.728693 -10.153774
-0.200569 7.725802 -12.724086
-0.193639 7.722681 -15.626835
-0.187790 7.722032 -19.012212
-0.182307 7.724965 -22.505274
-0.178615 7.726912 -25.873233
-0.180113 7.729304 -29.153530
-0.182290 7.730278 -32.039584
-0.182701 7.731490 -34.914428
-0.179225 7.731990 -37.665973
-0.179487 7.729307 -40.193317
-0.179129 7.732648 -42.766550
-0.172637 7.741549 -45.299408
-0.170522 7.738752 -47.867416
-0.167024 7.737903 -50.627548
-0.164020 7.738290 -53.736494
-0.161055 7.745029 -57.040334
-0.160405 7.749699 -60.442491
-0.162574 7.740248 -63.570499
-0.155020 7.737708 -66.500652
-0.163666 7.734210 -69.299222
-0.153849 7.738539 -72.132244
-0.154955 7.746689 -74.771637
-0.150877 7.749976 -77.589610
-0.142495 7.753934 -80.000459
-0.156313 7.763090 -82.648769
-0.148625 7.770778 -82.272282
-0.151213 7.769779 -81.227539
-0.153924 7.769332 -80.194042
-0.165141 7.769430 -80.092713
-0.190704 7.778095 -80.151447
-0.217533 7.786946 -80.232202
-0.254031 7.792082 -80.356150
-0.279859 7.793301 -80.565284
-0.328886 7.792088 -80.562039
-0.374436 7.786636 -80.761160
-0.427006 7.783666 -81.219846
-0.475843 7.788067 -81.567185
-0.520754 7.793216 -81.924447
-0.560196 7.792227 -82.208281
-0.596806 7.801770 -82.656892
-0.638225 7.805917 -82.867825
-0.667230 7.809173 -83.096067
-0.693308 7.807648 -83.381621
-0.714948 7.812558 -83.647461
-0.734941 7.811855 -83.946493
-0.752934 7.815462 -83.958765
-0.768166 7.817769 -84.099914
-0.782055 7.816557 -84.243115
-0.800297 7.819639 -84.420407
-0.814129 7.820583 -84.468342
-0.830791 7.822270 -84.496776
-0.844534 7.830087 -84.631332
-0.868360 7.827205 -84.754852
-0.900380 7.827252 -84.815373
-0.938165 7.827171 -84.734634
-0.968517 7.829000 -84.836848
-1.007265 7.832589 -85.419979
-1.054582 7.838393 -85.302239
-1.102712 7.848892 -85.115959
-1.129317 7.845087 -84.816412
-1.162974 7.854424 -84.597654
-1.197631 7.858199 -85.343342
-1.232151 7.855045 -85.764511
-1.274003 7.844869 -85.027854
-1.302724 7.858936 -84.883005
-1.319975 7.873981 -85.395991
-1.345074 7.867329 -85.291960
-1.370250 7.853789 -85.014978
-1.388751 7.856419 -85.140412
-1.417962 7.852799 -85.320085
-1.444440 7.849659 -85.358622
-1.473398 7.854219 -85.490805
-1.501913 7.863558 -85.787146
-1.536037 7.864670 -85.933524
-1.564609 7.866291 -85.958855
-1.606604 7.862001 -85.882483
-1.634848 7.874142 -85.946199
-1.660010 7.882187 -85.927976
-1.695610 7.875220 -86.093352
-1.739456 7.866401 -86.437277
-1.771013 7.870775 -86.487445
-1.803685 7.867789 -86.411862
-1.837431 7.863145 -86.457380
-1.872842 7.857374 -86.608837
-1.907217 7.852407 -86.780884
-1.928202 7.857529 -86.898760
-1.952460 7.855651 -86.978822
-1.984843 7.847461 -87.378357
-2.006839 7.851097 -87.743603
-2.032489 7.847334 -88.054795
-2.060499 7.845524 -88.257944
-2.080205 7.849008 -88.229513
-2.097062 7.841096 -88.381181
-2.119722 7.843797 -89.324629
-2.147300 7.851920 -89.489007
-2.168096 7.850226 -89.529009
-2.191994 7.849372 -89.977978
-2.202914 7.852800 -90.342773
-2.229338 7.852720 -90.349157
-2.253833 7.862164 -90.397782
-2.280890 7.859052 -90.648975
-2.311818 7.856865 -90.955028
-2.344277 7.862116 -91.161382
-2.377143 7.864448 -91.150616
-2.427483 7.850379 -91.156962
-2.469419 7.851254 -91.277098
-2.504094 7.850495 -91.215183
-2.543579 7.839970 -91.248002
-2.584086 7.835182 -91.487545
-2.623005 7.833512 -91.571274
-2.641024 7.843577 -91.822148
-2.655415 7.845564 -92.092807
-2.674279 7.846703 -92.145696
-2.697994 7.841914 -92.147275
-2.719422 7.832189 -92.266654
-2.737115 7.831045 -92.217761
-2.751444 7.829533 -92.419999
-2.771509 7.828632 -92.960082
-2.790249 7.834486 -93.027719
-2.812820 7.830229 -92.937590
-2.837980 7.824665 -93.032370
-2.869972 7.823096 -93.480538
-2.912396 7.820871 -93.617566
-2.955348 7.816883 -93.464519
-2.996505 7.811034 -93.543503
-3.038989 7.803644 -93.924654
-3.085151 7.802593 -94.276668
-3.129799 7.797053 -94.490894
-3.164013 7.794717 -94.788818
-3.191342 7.789469 -94.883400
-3.218837 7.788023 -94.574885
-3.245220 7.781681 -94.716005
-3.265163 7.774992 -95.010184
-3.280259 7.769359 -95.158840
-3.305090 7.762148 -95.184005
-3.315872 7.766171 -95.032275
-3.327573 7.774724 -95.513009
-3.358439 7.760109 -95.770968
-3.396308 7.752248 -95.195633
-3.422717 7.750491 -94.581586
-3.447026 7.748049 -94.229724
-3.487327 7.742540 -93.950309
-3.527786 7.740036 -93.183309
-3.549442 7.750242 -92.575667
-3.571833 7.753127 -92.703080
-3.609120 7.748370 -92.485716
-3.642651 7.748534 -91.695994
-3.669880 7.745964 -91.110703
-3.688430 7.748809 -90.864571
-3.707254 7.747587 -90.887879
-3.744039 7.740224 -90.686944
-3.772366 7.739920 -90.417175
-3.801760 7.744238 -90.406093
-3.836231 7.744805 -90.401700
-3.877108 7.737136 -90.146948
-3.909689 7.735035 -89.860045
-3.936694 7.737348 -89.428554
-3.954376 7.734867 -89.507812
-3.989793 7.727002 -89.694860
-4.035771 7.723334 -89.315597
-4.058438 7.731657 -88.812168
-4.074221 7.739369 -89.279204
-4.114258 7.733588 -89.743259
-4.164680 7.729508 -89.312144
-4.190107 7.732756 -88.780015
-4.196883 7.740655 -88.594027
-4.217576 7.738982 -88.875380
-4.255771 7.725840 -88.881242
-4.279498 7.718876 -88.716733
-4.301865 7.713940 -88.634892
-4.326634 7.714690 -88.699482
-4.364661 7.712993 -88.611118
-4.399169 7.711862 -88.388944
-4.426602 7.711360 -88.247650
-4.450400 7.711779 -88.461773
-4.479457 7.709540 -88.516923
-4.513103 7.710958 -88.377903
-4.542195 7.711142 -88.425783
-4.568067 7.711516 -88.587213
-4.599704 7.713680 -88.611945
-4.630316 7.714884 -88.613771
-4.654395 7.717660 -88.719993
-4.677445 7.717114 -88.662037
-4.708105 7.712551 -88.381737
-4.747598 7.705295 -88.167629
-4.770094 7.706210 -88.382820
-4.797548 7.707202 -88.489729
-4.829492 7.709639 -88.403803
-4.871944 7.709165 -88.526644
-4.900581 7.708635 -88.683457
-4.929749 7.714356 -88.659760
-4.964671 7.714320 -88.579530
-5.010348 7.719317 -88.640562
-5.038659 7.722567 -88.809806
-5.061009 7.724315 -88.699132
-5.095018 7.715367 -88.312488
-5.129839 7.706030 -88.151317
-5.157006 7.706935 -88.159656
-5.185557 7.709352 -88.092930
-5.216839 7.709277 -88.070754
-5.243829 7.707681 -88.143994
-5.270733 7.708812 -88.304531
-5.296475 7.710179 -88.386802
-5.320358 7.712473 -88.324918
-5.338819 7.709593 -88.302392
-5.359503 7.710154 -88.394631
-5.381937 7.710930 -88.376407
-5.421028 7.707752 -88.305172
-5.457985 7.706840 -88.596792
-5.487666 7.715477 -88.609608
-5.518040 7.722130 -88.465574
-5.556531 7.722346 -88.580869
-5.580492 7.718564 -88.485636
-5.609221 7.713479 -88.485605
-5.639052 7.713773 -88.597433
-5.667690 7.710594 -88.652315
-5.691573 7.714934 -88.704607
-5.718331 7.715171 -88.738120
-5.744146 7.718731 -88.832176
-5.765483 7.714140 -88.718872
-5.792268 7.713898 -88.915775
-5.819723 7.719038 -88.786042
-5.844061 7.718329 -88.677311
-5.870289 7.713532 -88.727512
-5.899370 7.713631 -88.860351
-5.925514 7.712321 -88.767199
-5.963927 7.710704 -88.864016
-5.996576 7.713285 -89.085528
-6.031314 7.713268 -89.224206
-6.066918 7.713779 -89.269886
-6.099556 7.717348 -89.330854
-6.138531 7.718294 -89.431016
-6.161687 7.712750 -89.507804
-6.189346 7.717288 -89.573158
-6.213749 7.718134 -89.625002
-6.238198 7.715255 -89.690964
-6.264180 7.713355 -89.636635
-6.298054 7.709405 -89.427341
-6.324470 7.710063 -89.680296
-6.352398 7.713671 -89.950005
-6.389067 7.712324 -89.980776
-6.428781 7.709763 -90.078638
-6.461835 7.710217 -90.327161
-6.488207 7.715364 -90.484436
-6.515033 7.710160 -90.288591
-6.538098 7.710311 -90.121724
-6.563468 7.707671 -90.385792
-6.592513 7.706890 -90.558628
-6.617403 7.708632 -90.707311
-6.649501 7.713287 -91.023248
-6.679069 7.713441 -90.744794
-6.702466 7.708199 -90.655211
-6.727365 7.702526 -90.860039
-6.754756 7.701057 -90.821444
-6.779561 7.697366 -90.830926
-6.811566 7.699480 -91.088182
-6.840301 7.697322 -91.132332
-6.866508 7.698617 -91.180613
-6.892349 7.693674 -91.326417
-6.926689 7.693568 -91.588339
-6.960349 7.692902 -91.695081
-6.992237 7.692947 -91.608144
-7.021281 7.691363 -91.801250
-7.052867 7.686645 -91.973805
-7.081733 7.683423 -92.022883
-7.100588 7.686620 -92.064442
-7.140309 7.689877 -92.223504
-7.179590 7.690558 -92.098510
-7.220905 7.683682 -91.849144
-7.248004 7.677566 -91.729203
-7.261294 7.671357 -91.995944
-7.287268 7.669349 -92.330433
-7.320380 7.671084 -92.076421
-7.350006 7.672702 -92.021833
-7.378370 7.670920 -92.076067
-7.405423 7.667096 -92.441678
-7.433877 7.667316 -92.473282
-7.466945 7.664091 -92.240251
-7.494498 7.661470 -92.028659
-7.518648 7.656475 -92.325777
-7.544288 7.656642 -92.626449
-7.583663 7.655097 -92.501543
-7.619532 7.656181 -92.649694
-7.645134 7.653741 -92.823801
-7.672683 7.651964 -92.799871
-7.694806 7.647609 -92.745553
-7.728826 7.645657 -92.632915
-7.749730 7.646648 -92.901316
-7.769870 7.643379 -93.055678
-7.789930 7.641177 -93.015457
-7.815261 7.639818 -92.963546
-7.840869 7.634905 -93.197925
-7.868382 7.631911 -93.182471
-7.901320 7.634211 -92.964220
-7.935266 7.633619 -93.047905
-7.962203 7.630585 -92.955698
-7.987425 7.630473 -92.860310
-8.015942 7.629316 -92.847834
-8.043371 7.628807 -92.790556
-8.067326 7.629448 -92.557734
-8.088873 7.628329 -92.276831
-8.113842 7.622558 -92.214137
-8.137088 7.623663 -92.274310
-8.161757 7.625591 -92.197855
-8.191703 7.624297 -91.918745
-8.221072 7.621791 -91.744006
-8.254751 7.618042 -91.680045
-8.281847 7.617861 -91.345410
-8.316680 7.612768 -91.116999
-8.349512 7.610137 -91.196847
-8.376341 7.607067 -91.066393
-8.410041 7.607628 -91.037310
-8.438601 7.606198 -90.954110
-8.465475 7.605446 -90.871218
-8.492065 7.602832 -90.740676
-8.528130 7.602045 -90.793257
-8.548197 7.600874 -90.750616
-8.575152 7.600894 -90.490725
-8.606074 7.601997 -90.398589
-8.638240 7.604685 -90.535019
-8.665557 7.608982 -90.441683
-8.690567 7.610613 -90.134627
-8.724538 7.606453 -89.776473
-8.758413 7.599990 -89.595337
-8.795818 7.595595 -89.785145
-8.825294 7.583130 -89.723521
-8.857796 7.582244 -89.284957
-8.896196 7.579060 -89.194817
-8.925527 7.579619 -89.447398
-8.959070 7.580904 -89.555564
-8.990097 7.581356 -89.273053
-9.016448 7.583179 -89.119067
-9.043801 7.582997 -89.139677
-9.072316 7.580267 -89.149602
-9.095440 7.577676 -89.056058
-9.117250 7.578453 -89.120066
-9.144718 7.580237 -89.114736
-9.174550 7.582893 -88.917744
-9.196723 7.578805 -88.858477
-9.225727 7.579503 -88.900586
-9.254810 7.579503 -88.872510
-9.282957 7.578691 -88.689157
-9.311310 7.575796 -88.682624
-9.347783 7.572800 -88.594129
-9.377410 7.568839 -88.435787
-9.412980 7.568410 -88.643754
-9.445050 7.570951 -88.643303
-9.479312 7.575145 -88.672887
-9.509730 7.579094 -88.864399
-9.542118 7.580803 -88.725854
-9.569471 7.579114 -88.549074
-9.595353 7.579950 -88.477638
-9.629535 7.577741 -88.445208
-9.656082 7.577014 -88.300222
-9.684038 7.576642 -88.481897
-9.711596 7.576389 -88.474411
-9.733085 7.576940 -88.202942
-9.754986 7.574941 -88.136074
-9.777426 7.572654 -88.090445
-9.801607 7.570648 -87.980735
-9.819975 7.572700 -87.789331
-9.836703 7.572783 -87.389889
-9.851018 7.568785 -87.045004
-9.861998 7.566665 -87.245206
-9.886751 7.571547 -87.872469
-9.906135 7.577853 -87.744532
-9.934325 7.575704 -87.556443
-9.961085 7.572167 -87.635044
-10.000340 7.574930 -87.832785
-10.046936 7.574906 -87.745746
-10.089802 7.578047 -87.532435
-10.140268 7.581032 -87.420355
-10.186475 7.579987 -87.259109
-10.228866 7.582835 -87.430168
-10.279759 7.587135 -86.994467
-10.317503 7.585779 -86.761263
-10.358289 7.584792 -86.567844
-10.392419 7.584721 -86.246166
-10.416752 7.582974 -86.334808
-10.443325 7.583043 -86.435528
-10.465515 7.581049 -86.022819
-10.487628 7.581777 -85.624162
-10.506530 7.583900 -85.409950
-10.519410 7.591189 -85.797300
-10.531952 7.593095 -86.635309
-10.547582 7.576460 -86.935143
-10.570174 7.579750 -86.281813
-10.589071 7.590064 -85.968368
-10.610439 7.595025 -86.298936
-10.635979 7.585685 -86.465756
-10.670024 7.587394 -86.229554
-10.701452 7.591308 -86.204095
-10.739349 7.599020 -86.191978
-10.771980 7.600189 -86.385730
-10.808688 7.596463 -86.255674
-10.842507 7.595948 -85.901491
-10.883536 7.602955 -85.810815
-10.920621 7.608333 -86.380282
-10.955560 7.607283 -87.122329
-10.979754 7.599278 -87.627102
-10.999777 7.589749 -87.608777
-11.031830 7.590707 -87.445387
-11.076173 7.602466 -87.836581
-11.119701 7.608464 -88.957654
-11.150497 7.605497 -90.336853
-11.159864 7.585548 -90.871606
-11.176905 7.584153 -90.734626
-11.210880 7.588233 -90.614495
-11.245875 7.587289 -90.832185
-11.275109 7.581350 -91.159049
-11.297442 7.576701 -91.282079
-11.320895 7.576795 -91.497121
-11.345160 7.576725 -91.746353
-11.368198 7.571843 -91.845234
-11.391891 7.575123 -92.206253
-11.409867 7.573073 -92.515541
-11.433457 7.570553 -92.565819
-11.461448 7.569048 -92.619634
-11.492487 7.565943 -92.919244
-11.519535 7.564197 -93.281954
-11.548632 7.562273 -93.418263
-11.580345 7.560158 -93.535787
-11.613396 7.558228 -93.695816
-11.644330 7.553555 -93.918141
-11.676487 7.550784 -94.095229
-11.707786 7.545770 -94.020937
-11.738162 7.541666 -93.902863
-11.767074 7.539938 -94.106312
-11.793759 7.539535 -94.219573
-11.822854 7.540476 -94.035452
-11.849957 7.538717 -93.700895
-11.877147 7.532902 -93.457766
-11.903173 7.528444 -93.259008
-11.926823 7.527954 -93.078769
-11.945093 7.526824 -93.111589
-11.964687 7.532444 -92.989989
-11.987456 7.532232 -92.747070
-12.011383 7.529270 -92.609023
-12.041376 7.525278 -92.473543
-12.059996 7.521226 -92.565865
-12.093484 7.518555 -92.523314
-12.127208 7.517136 -92.256750
-12.158948 7.514412 -92.041241
-12.188953 7.508864 -92.083152
-12.225836 7.504439 -92.266856
-12.261184 7.498223 -92.107846
-12.293616 7.496429 -91.974717
-12.324535 7.496371 -91.903923
-12.355183 7.495014 -91.866504
-12.388038 7.492592 -91.892587
-12.420569 7.491490 -91.836493
-12.443084 7.489160 -91.662766
-12.464312 7.483043 -91.439023
-12.480160 7.479678 -91.583885
-12.506546 7.480172 -91.836462
-12.534570 7.482104 -91.886123
-12.564252 7.484833 -91.745168
-12.590960 7.481658 -91.544922
-12.618649 7.475281 -91.413260
-12.651732 7.469976 -91.349720
-12.684882 7.466110 -91.189069
-12.715905 7.462841 -91.074501
-12.747725 7.461906 -91.066232
-12.776963 7.463641 -91.074689
-12.806556 7.464253 -90.961176
-12.841019 7.459868 -90.846465
-12.872475 7.458701 -90.855462
-12.906610 7.461535 -90.664530
-12.933936 7.458600 -90.423772
-12.962913 7.452487 -90.361866
-12.997880 7.451325 -90.105933
-13.021560 7.443469 -90.032603
-13.047802 7.442070 -90.060358
-13.074110 7.443341 -90.070442
-13.103458 7.442763 -90.220826
-13.133205 7.443589 -90.524760
-13.164512 7.440881 -90.510885
-13.190986 7.442627 -90.215882
-13.213076 7.437552 -90.053654
-13.241809 7.434316 -90.203815
-13.268728 7.433815 -90.355982
-13.296749 7.438033 -90.252045
-13.326921 7.433424 -90.107301
-13.362534 7.429664 -90.191933
-13.400655 7.432353 -90.282522
-13.442708 7.431416 -89.984573
-13.485465 7.431817 -89.639949
-13.523004 7.425780 -89.130071
-13.547821 7.413570 -89.233027
-13.583470 7.413536 -89.609131
-13.618438 7.419005 -89.194799
-13.640846 7.423508 -88.700433
-13.660654 7.421644 -88.564204
-13.678961 7.422505 -88.843902
-13.697402 7.414603 -89.469257
-13.718248 7.407859 -89.741948
-13.740808 7.412228 -89.357895
-13.758526 7.421336 -89.061319
-13.777345 7.426907 -89.310861
-13.807886 7.416989 -89.666467
-13.846097 7.407273 -89.416669
-13.880552 7.410552 -89.181945
-13.915590 7.413126 -89.334905
-13.954853 7.406184 -89.349196
-13.995866 7.414424 -89.374081
-14.029660 7.414226 -89.648075
-14.059181 7.404931 -89.652560
-14.086303 7.397470 -89.323479
-14.116086 7.404276 -89.061649
-14.142004 7.408384 -89.254951
-14.163576 7.405096 -89.440974
-14.189245 7.408243 -89.588760
-14.209987 7.409130 -89.644437
-14.236863 7.405835 -89.596212
-14.266624 7.403701 -89.615862
-14.295294 7.402636 -89.637811
-14.327352 7.399333 -89.611872
-14.356284 7.397614 -89.561386
-14.386005 7.400221 -89.634870
-14.414451 7.400543 -89.655982
-14.439324 7.401265 -89.578923
-14.467807 7.402336 -89.491408
-14.500920 7.398642 -89.538264
-14.530242 7.396362 -89.504133
-14.563063 7.391818 -89.434403
-14.589922 7.392717 -89.354431
-14.622317 7.395315 -89.328313
-14.653036 7.395161 -89.340685
-14.684051 7.395345 -89.372418
-14.708016 7.393478 -89.436362
-14.735463 7.390809 -89.362979
-14.763778 7.390305 -89.324788
-14.795956 7.391454 -89.197998
-14.827007 7.391187 -89.225204
-14.858007 7.390696 -89.380905
-14.886881 7.394078 -89.605112
-14.900840 7.389903 -89.270162
-14.929626 7.392883 -89.068536
-14.963386 7.392973 -89.235112
-14.990589 7.392372 -89.411381
-15.014675 7.386173 -89.051073
-15.059253 7.382759 -88.799224
-15.100630 7.380373 -89.030963
-15.136433 7.381729 -89.444049
-15.159537 7.385809 -89.421809
-15.188750 7.385449 -89.222525
-15.222164 7.385197 -89.441337
-15.251725 7.386414 -89.765357
-15.276963 7.384212 -89.573338
-15.306887 7.383597 -89.418955
-15.336384 7.380610 -89.520402
-15.361741 7.381312 -89.770394
-15.380639 7.384582 -89.988544
-15.402969 7.385840 -89.935821
-15.425758 7.382640 -89.840868
-15.453860 7.380138 -90.050591
-15.486800 7.381140 -90.189308
-15.515001 7.381326 -90.265493
-15.545947 7.379650 -90.470111
-15.582071 7.380788 -90.568330
-15.616509 7.375787 -90.348861
-15.651904 7.369537 -90.579177
-15.686585 7.368415 -90.677176
-15.723672 7.372052 -90.681090
-15.758825 7.376817 -90.924694
-15.788780 7.374083 -91.216504
-15.824113 7.376665 -91.326191
-15.853759 7.377580 -91.011687
-15.872881 7.370955 -90.698141
-15.882450 7.363560 -90.894178
-15.904109 7.364560 -91.348263
-15.935682 7.370721 -91.362434
-15.958232 7.370945 -91.289991
-15.984200 7.370561 -91.547936
-16.019366 7.373295 -91.457394
-16.046879 7.370764 -91.350059
-16.081857 7.367342 -91.286037
-16.107801 7.358141 -91.069258
-16.133992 7.349994 -91.531931
-16.174990 7.351604 -91.983945
-16.209636 7.356283 -91.892077
-16.238346 7.358956 -91.911278
-16.268784 7.359902 -91.896942
-16.300733 7.356536 -91.948413
-16.330672 7.352719 -92.125699
-16.356252 7.350950 -92.138245
-16.381453 7.348796 -92.132184
-16.405399 7.348890 -92.133601
-16.433660 7.349091 -92.113936
-16.452814 7.346122 -92.145678
-16.474960 7.342252 -92.328692
-16.508525 7.343023 -92.401411
-16.535400 7.344337 -92.229869
-16.560881 7.343305 -92.181688
-16.592766 7.343872 -92.237930
-16.631086 7.343591 -91.997754
-16.657564 7.342027 -91.619505
-16.674237 7.330900 -91.810835
-16.706702 7.329047 -92.313583
-16.748267 7.332528 -92.047713
-16.773904 7.335552 -91.549180
-16.787473 7.342574 -91.993756
-16.817852 7.336432 -92.291923
-16.853702 7.332226 -92.114977
-16.879628 7.327862 -91.874827
-16.908703 7.330125 -91.765830
-16.935176 7.327173 -91.977499
-16.965726 7.327577 -92.308277
-16.991283 7.325527 -92.484726
-17.018081 7.324590 -92.771162
-17.048517 7.322289 -93.006192
-17.079106 7.322079 -92.985564
-17.107424 7.317339 -92.815113
-17.139236 7.315186 -92.453364
-17.161300 7.317429 -92.847020
-17.186025 7.312188 -93.693349
-17.217303 7.303981 -93.590678
-17.250600 7.312494 -93.416314
-17.280235 7.318230 -93.899709
-17.307969 7.309463 -94.018257
-17.340807 7.304290 -93.876678
-17.382031 7.304582 -94.188407
-17.411273 7.297231 -94.460145
-17.443007 7.290599 -94.379802
-17.476254 7.292002 -94.396141
-17.509253 7.291450 -94.380478
-17.541033 7.289312 -94.590606
-17.566161 7.281967 -94.685754
-17.588033 7.275560 -94.391907
-17.617638 7.271379 -94.291745
-17.650189 7.273375 -94.865290
-17.662695 7.268429 -95.128338
-17.684071 7.267736 -94.973093
-17.715769 7.270747 -94.918987
-17.746337 7.268752 -95.090772
-17.769915 7.263834 -95.158200
-17.798719 7.258489 -94.997075
-17.834179 7.252810 -94.891971
-17.870033 7.248967 -94.879010
-17.897751 7.245378 -95.010963
-17.924571 7.244410 -95.131621
-17.951579 7.238200 -94.900868
-17.984300 7.235163 -94.956138
-18.008626 7.230848 -94.988599
-18.034717 7.226994 -94.908821
-18.064736 7.218969 -94.714304
-18.096313 7.215464 -94.555215
-18.118855 7.214333 -94.455245
-18.142049 7.216653 -94.223196
-18.164963 7.215499 -93.978455
-18.185478 7.213603 -93.495690
-18.207126 7.210052 -92.928256
-18.232296 7.208188 -92.483498
-18.259009 7.207173 -92.001627
-18.294322 7.209450 -91.621619
-18.317816 7.212304 -91.139135
-18.347788 7.214609 -90.289297
-18.382026 7.214673 -89.639676
-18.413784 7.211004 -89.188950
-18.445951 7.207225 -89.104348
-18.472802 7.202265 -89.071405
-18.497660 7.202309 -88.766513
-18.522042 7.200120 -88.186960
-18.563898 7.199663 -88.284357
-18.598642 7.202200 -88.595886
-18.629724 7.206339 -88.567908
-18.668997 7.207856 -88.386338
-18.700391 7.206867 -88.187865
-18.732020 7.202685 -88.046165
-18.756423 7.198163 -88.055595
-18.781385 7.198819 -88.339459
-18.803412 7.205200 -88.335138
-18.826430 7.208276 -88.283358
-18.853374 7.205776 -88.495806
-18.880212 7.206038 -88.529244
-18.907443 7.205327 -88.396516
-18.936580 7.203892 -88.294735
-18.963562 7.203463 -88.571980
-18.996598 7.204442 -88.605050
-19.023949 7.197922 -88.294083
-19.053934 7.190539 -88.704445
-19.087585 7.191025 -89.315967
-19.120419 7.194440 -89.234376
-19.147500 7.197772 -88.718670
-19.182067 7.193533 -88.844908
-19.208005 7.190465 -89.304020
-19.241627 7.190503 -90.351365
-19.273130 7.195029 -90.144760
-19.291525 7.194749 -89.282477
-19.305576 7.191710 -89.035180
-19.327088 7.188939 -89.773585
-19.362242 7.191400 -90.521420
-19.394379 7.196380 -90.226871
-19.419974 7.196615 -89.578129
-19.445551 7.193059 -89.338027
-19.477822 7.191700 -89.219595
-19.510354 7.191440 -88.767724
-19.541857 7.189473 -88.501757
-19.574313 7.190330 -88.373696
-19.610309 7.193689 -88.186292
-19.645738 7.197997 -87.745010
-19.672862 7.195742 -87.296806
-19.708256 7.191159 -86.989854
-19.738709 7.185311 -86.749228
-19.771657 7.184282 -86.667643
-19.799661 7.185686 -86.613256
-19.821750 7.192192 -86.778873
-19.851228 7.200445 -86.971176
-19.879301 7.206558 -86.277261
-19.894329 7.204825 -85.815781
-19.909516 7.200255 -85.807301
-19.935512 7.199321 -86.113961
-19.970597 7.199776 -86.242411
-20.004731 7.203755 -85.946651
-20.028553 7.205242 -85.681285
-20.051093 7.203620 -85.979121
-20.093613 7.210094 -86.411301
-20.131464 7.215256 -85.738857
-20.156850 7.212693 -85.207214
-20.178763 7.209099 -85.169454
-20.210457 7.206224 -85.506841
-20.245898 7.201795 -85.663118
-20.280306 7.204385 -85.534847
-20.306784 7.209602 -85.587769
-20.335576 7.216848 -85.594196
-20.365246 7.220835 -85.275291
-20.393744 7.221142 -85.201368
-20.424469 7.219022 -85.231827
-20.455084 7.217399 -85.336817
-20.489727 7.215823 -85.166477
-20.518229 7.216695 -85.112819
-20.544936 7.221611 -85.252444
-20.579738 7.221674 -85.308278
-20.612579 7.222917 -84.847134
-20.638878 7.226363 -84.709373
-20.662428 7.229318 -85.064998
-20.693958 7.228201 -85.498835
-20.731236 7.227893 -85.235222
-20.764104 7.236642 -85.064593
-20.792466 7.239268 -85.369324
-20.816679 7.232595 -85.332109
-20.838691 7.230429 -84.900257
-20.859525 7.230820 -84.649081
-20.877100 7.229403 -84.679118
-20.892557 7.231250 -84.706728
-20.910401 7.239164 -84.804521
-20.920315 7.235872 -84.638307
-20.930438 7.235764 -84.305532
-20.951614 7.236683 -84.736582
-20.969572 7.242846 -84.894658
-21.002757 7.246728 -85.062701
-21.035850 7.249752 -85.418746
-21.065456 7.250903 -85.070804
-21.109840 7.248751 -84.572113
-21.170228 7.251287 -84.610304
-21.213798 7.254755 -84.744521
-21.256405 7.260110 -84.551434
-21.293675 7.270357 -84.147652
-21.336550 7.269971 -83.613347
-21.383124 7.269056 -83.701286
-21.421278 7.266748 -83.987360
-21.450724 7.262833 -84.006404
-21.474954 7.261895 -84.025996
-21.494644 7.266363 -83.816167
-21.513947 7.272997 -83.333649
-21.541247 7.276976 -83.032994
-21.566866 7.278895 -82.961376
-21.597038 7.275914 -83.165540
-21.623460 7.274474 -83.861185
-21.641398 7.280774 -83.424543
-21.662548 7.277698 -83.252786
-21.688745 7.277471 -83.702321
-21.712571 7.281606 -84.277293
-21.730417 7.290332 -84.415767
-21.741520 7.293177 -83.870344
-21.769290 7.290333 -83.398200
-21.801503 7.286247 -83.420073
-21.836112 7.284661 -83.952834
-21.871864 7.291676 -84.215877
-21.908638 7.300228 -83.819637
-21.948211 7.295427 -83.607731
-21.994594 7.295425 -84.200922
-22.030338 7.296189 -84.693548
-22.064585 7.303286 -85.029049
-22.096859 7.310803 -84.967012
-22.127454 7.318349 -84.341517
-22.153062 7.308853 -84.004639
-22.177187 7.290543 -84.757934
-22.202248 7.289466 -85.995525
-22.220046 7.308690 -85.865220
-22.233409 7.319255 -84.913263
-22.243673 7.312459 -84.602668
-22.260027 7.303722 -85.328844
-22.287761 7.302651 -86.265856
-22.316262 7.302404 -86.874321
-22.343724 7.300613 -87.050273
-22.375131 7.296573 -87.293061
-22.409004 7.297519 -87.721748
-22.448255 7.294972 -88.294759
-22.488347 7.294793 -88.919265
-22.527447 7.293907 -89.482967
-22.569342 7.294631 -90.079133
-22.612502 7.305070 -89.840362
-22.644390 7.303241 -89.271637
-22.671388 7.295155 -89.006076
-22.693018 7.284174 -89.479040
-22.719841 7.279484 -90.296044
-22.751030 7.279608 -90.445959
-22.775418 7.279013 -90.234233
-22.794850 7.277224 -90.345112
-22.820757 7.277766 -90.566618
-22.845415 7.275139 -90.816828
-22.873679 7.273044 -91.090759
-22.903148 7.271022 -91.281270
-22.934032 7.272434 -91.398647
-22.961073 7.268831 -91.474656
-22.991433 7.264763 -91.540108
-23.017922 7.263874 -91.778685
-23.049390 7.261418 -92.244434
-23.090010 7.260312 -92.345386
-23.125244 7.263451 -92.174690
-23.156331 7.261120 -92.010962
-23.187206 7.253845 -91.861046
-23.219360 7.249652 -91.623770
-23.246455 7.249497 -91.212407
-23.272459 7.250298 -91.078209
-23.298479 7.247770 -90.973416
-23.324358 7.243639 -90.864077
-23.345907 7.244500 -90.692833
-23.368559 7.240950 -90.672464
-23.398568 7.241762 -90.740997
-23.423581 7.241624 -90.674822
-23.450339 7.241137 -90.534684
-23.479453 7.237183 -90.394488
-23.506421 7.234565 -90.390022
-23.535336 7.232515 -90.538589
-23.569434 7.233701 -90.356396
-23.596973 7.236648 -90.104013
-23.623802 7.236394 -90.061048
-23.655279 7.232412 -90.027617
-23.681530 7.233936 -89.773508
-23.712010 7.233989 -89.694051
-23.741365 7.231276 -89.537246
-23.774498 7.226095 -89.370729
-23.803095 7.227528 -89.153801
-23.833411 7.223825 -88.964225
-23.861012 7.223301 -88.861559
-23.884328 7.222693 -88.837357
-23.915184 7.222334 -88.783374
-23.944417 7.221340 -88.753668
-23.975736 7.219402 -88.644099
-24.005891 7.218834 -88.473040
-24.036787 7.220996 -88.310663
-24.063824 7.219873 -88.359687
-24.091741 7.220539 -88.452302
-24.115152 7.216793 -88.361104
-24.139453 7.220458 -88.145837
-24.167423 7.225231 -88.205894
-24.192572 7.223226 -88.301377
-24.216113 7.215968 -88.091693
-24.252345 7.219167 -87.926405
-24.288099 7.218502 -88.039231
-24.318497 7.214690 -88.129554
-24.348491 7.218536 -88.101289
-24.383091 7.221021 -88.080088
-24.418674 7.220684 -88.279198
-24.445225 7.218277 -88.315962
-24.470711 7.220022 -88.000504
-24.512826 7.218315 -87.943575
-24.547288 7.215807 -88.113312
-24.569802 7.214433 -87.962975
-24.597897 7.209855 -87.572945
-24.630770 7.204627 -87.523476
-24.661202 7.204204 -87.835942
-24.689403 7.210470 -88.212727
-24.702487 7.217694 -88.210083
-24.725220 7.217252 -88.050565
-24.752960 7.211787 -88.189712
-24.779946 7.209613 -88.280068
-24.802146 7.208579 -88.177712
-24.827669 7.210053 -88.170402
-24.854531 7.211608 -88.160464
-24.886314 7.209064 -88.161375
-24.917971 7.209116 -88.292540
-24.940190 7.214353 -88.188905
-24.970932 7.220095 -87.787514
-25.014152 7.221482 -87.626040
-25.046133 7.220754 -87.517723
-25.077659 7.214585 -87.372233
-25.109390 7.211825 -87.491756
-25.135014 7.210961 -87.575356
-25.157962 7.214542 -87.547364
-25.181708 7.221907 -87.448843
-25.211334 7.225669 -87.480483
-25.237850 7.222527 -87.521350
-25.266567 7.219313 -87.520838
-25.292734 7.220129 -87.230445
-25.327002 7.215630 -87.203254
-25.362547 7.216955 -87.639740
-25.390555 7.222888 -87.617973
-25.414314 7.219694 -87.232792
-25.445327 7.212246 -87.510878
-25.477289 7.216768 -87.982210
-25.506000 7.229014 -87.693081
-25.526893 7.225039 -86.893152
-25.554598 7.214636 -86.892316
-25.582446 7.204208 -87.559162
-25.616779 7.204981 -88.395150
-25.645169 7.217356 -88.042505
-25.669361 7.217860 -87.430075
-25.697655 7.216141 -87.666271
-25.729230 7.220649 -88.341429
-25.766289 7.225105 -88.470225
-25.803188 7.216854 -88.078338
-25.838185 7.207077 -87.925427
-25.873809 7.204272 -88.151592
-25.907467 7.205074 -88.368764
-25.933716 7.204273 -88.558101
-25.962617 7.204358 -88.926876
-25.994964 7.210069 -89.295560
-26.023079 7.215716 -89.253999
-26.043935 7.207596 -89.229958
-26.071819 7.204135 -89.457831
-26.103436 7.205494 -89.534801
-26.124919 7.200890 -89.703830
-26.151037 7.203218 -90.054969
-26.177861 7.205790 -90.024267
-26.210379 7.202925 -90.042972
-26.243418 7.203562 -89.736792
-26.256641 7.200126 -89.313957
-26.259074 7.186663 -90.085987
-26.308781 7.190110 -91.038473
-26.351802 7.202459 -90.802494
-26.383011 7.206155 -90.562219
-26.411804 7.201909 -90.673080
-26.440117 7.196893 -90.873642
-26.463994 7.190028 -91.011447
-26.494796 7.184220 -91.074846
-26.523789 7.181881 -90.988900
-26.544876 7.181013 -90.946760
-26.567180 7.183150 -91.243147
-26.591599 7.185939 -91.569347
-26.622993 7.186026 -91.763427
-26.649426 7.186666 -91.781681
-26.674334 7.181987 -91.867689
-26.705832 7.178788 -91.994181
-26.736153 7.182415 -91.967018
-26.763360 7.182675 -92.104097
-26.791884 7.178571 -92.393683
-26.821154 7.175756 -92.752258
-26.860692 7.173897 -92.822083
-26.889089 7.174421 -92.686688
-26.915851 7.171752 -92.719375
-26.938794 7.168477 -93.050368
-26.968592 7.163583 -93.290214
-27.001022 7.158777 -93.368500
-27.030671 7.158861 -93.645410
-27.063435 7.157771 -94.120269
-27.095311 7.150842 -94.427432
-27.127046 7.144209 -94.275783
-27.155884 7.146076 -94.164079
-27.181185 7.148540 -94.582014
-27.213252 7.143346 -95.224617
-27.243688 7.132981 -95.419914
-27.273837 7.126929 -95.196424
-27.300324 7.127619 -95.216436
-27.328525 7.129647 -95.878870
-27.352798 7.122576 -96.200138
-27.380130 7.113658 -95.967868
-27.416276 7.114471 -95.917739
-27.449981 7.114792 -96.522248
-27.474265 7.104846 -96.890202
-27.500858 7.094628 -96.685097
-27.537795 7.092084 -96.513372
-27.580944 7.092453 -97.080137
-27.609735 7.083905 -97.300557
-27.636912 7.075654 -97.030871
-27.664677 7.071511 -96.596846
-27.687174 7.070943 -96.128901
-27.712757 7.065257 -95.522811
-27.739512 7.063606 -95.109331
-27.766515 7.059922 -95.271823
-27.780144 7.057356 -95.038299
-27.797022 7.057814 -94.372959
-27.822201 7.061081 -94.072873
-27.849037 7.060531 -94.233546
-27.868936 7.054956 -94.062045
-27.896417 7.050731 -93.675337
-27.927103 7.048720 -93.465317
-27.956034 7.043639 -93.298564
-27.991324 7.036523 -93.099320
-28.024963 7.033968 -93.220675
-28.059254 7.034443 -93.166466
-28.093409 7.038146 -93.250891
-28.121607 7.040813 -93.341338
-28.142063 7.037404 -92.963365
-28.164711 7.033991 -92.315568
-28.196981 7.028904 -92.012156
-28.226878 7.022939 -92.042885
-28.242849 7.019549 -91.790361
-28.263744 7.020444 -91.022367
-28.296043 7.025044 -90.480097
-28.326112 7.025615 -90.270130
-28.345884 7.026762 -89.662667
-28.372319 7.028182 -88.771274
-28.407573 7.028992 -88.079001
-28.441196 7.027548 -87.577809
-28.470219 7.026989 -86.923829
-28.505386 7.027482 -86.442435
-28.544350 7.033622 -86.378921
-28.572049 7.041298 -86.277913
-28.597564 7.045995 -85.541481
-28.633048 7.043402 -85.029762
-28.671618 7.041320 -85.214650
-28.701212 7.045179 -85.301722
-28.729196 7.042846 -84.672926
-28.759243 7.039029 -84.303435
-28.797803 7.036792 -84.466475
-28.825805 7.038055 -84.551596
-28.861268 7.043330 -84.493679
-28.890370 7.051501 -84.507956
-28.918452 7.058630 -84.489004
-28.945561 7.059767 -83.952082
-28.967050 7.057326 -83.231684
-28.989903 7.048244 -83.456878
-29.023635 7.046003 -84.392397
-29.048470 7.061709 -84.500731
-29.064884 7.067023 -83.640425
-29.090497 7.060507 -83.476087
-29.126252 7.058812 -84.294396
-29.159109 7.068395 -84.934551
-29.181394 7.075453 -84.257290
-29.208925 7.068925 -83.775762
-29.243028 7.062542 -84.420820
-29.279447 7.066831 -85.084484
-29.304913 7.071758 -84.704295
-29.326462 7.068668 -84.588427
-29.354219 7.065692 -85.455660
-29.395137 7.073701 -86.226600
-29.421660 7.075830 -85.859627
-29.436845 7.072450 -85.664712
-29.451908 7.069370 -86.344588
-29.481987 7.069284 -87.629083
-29.516577 7.078246 -87.726059
-29.538808 7.079848 -87.338940
-29.558174 7.078868 -87.730127
-29.575509 7.077703 -88.635842
-29.615224 7.075015 -89.260228
-29.649049 7.073070 -89.227448
-29.678291 7.073376 -89.576177
-29.711078 7.072435 -90.004930
-29.747637 7.071319 -90.254268
-29.773316 7.069384 -90.611066
-29.805576 7.069182 -91.090872
-29.838177 7.070756 -91.320694
-29.867525 7.068508 -91.361340
-29.889454 7.065437 -91.649795
-29.918404 7.062101 -92.223206
-29.960213 7.060698 -92.383415
-29.985303 7.058906 -92.418720
-30.008066 7.055961 -92.906619
-30.041231 7.055239 -93.264209
-30.074667 7.052517 -93.285985
-30.099334 7.050362 -93.289097
-30.118519 7.046783 -93.332439
-30.144385 7.045282 -93.793009
-30.173973 7.038305 -94.354510
-30.209956 7.034466 -94.295118
-30.230367 7.033770 -94.394810
-30.254785 7.032252 -94.849808
-30.287468 7.030612 -95.087715
-30.325371 7.025819 -95.058704
-30.353185 7.024522 -94.736595
-30.381931 7.024401 -94.865127
-30.418201 7.017376 -95.007669
-30.460976 7.012683 -94.409218
-30.483699 7.013480 -93.774375
-30.505297 7.013058 -93.542140
-30.534953 7.005559 -93.061059
-30.565286 7.000230 -92.322797
-30.590154 6.999511 -91.969422
-30.610363 6.998524 -92.329195
-30.626916 6.997984 -91.941309
-30.657056 7.002406 -91.325872
-30.684272 7.003132 -91.233607
-30.703474 7.002224 -91.039715
-30.732239 7.002886 -90.429408
-30.765999 7.001780 -90.138202
-30.791601 6.996218 -89.910585
-30.822409 6.994836 -89.827283
-30.844400 6.993002 -89.650627
-30.874999 6.994918 -89.075061
-30.915223 7.000294 -88.862448
-30.953764 7.001718 -89.062969
-30.981239 7.004269 -88.852476
-31.008282 7.003425 -88.531093
-31.042283 6.999727 -88.226917
-31.079112 6.993735 -88.022689
-31.109431 6.992056 -88.063694
-31.137528 6.991704 -88.241148
-31.163391 6.995168 -88.314846
-31.182784 7.000303 -88.176551
-31.203831 7.007263 -87.959715
-31.235057 7.010404 -87.839387
-31.261465 7.005815 -87.821828
-31.288993 6.998896 -87.546558
-31.325279 6.998762 -87.609494
-31.357403 6.995716 -88.075163
-31.382104 6.993787 -88.124509
-31.417482 6.993778 -87.908816
-31.463462 6.995076 -87.945596
-31.503359 6.998227 -88.191795
-31.539355 7.001700 -88.453552
-31.565362 7.007609 -88.406276
-31.600170 7.009787 -88.217112
-31.633673 7.011011 -88.298280
-31.667161 7.008394 -88.176164
-31.696794 7.001294 -88.158756
-31.720692 6.999747 -88.166995
-31.739631 7.000137 -88.019012
-31.764189 7.003683 -87.900536
-31.777694 7.001883 -87.964338
-31.794769 7.000442 -88.041141
-31.810851 6.999622 -88.069376
-31.829504 7.000184 -87.996134
-31.859226 7.000429 -88.077239
-31.891440 7.001590 -88.020115
-31.927092 7.002054 -87.876701
-31.965524 6.998772 -87.890416
-32.006065 7.001917 -87.988626
-32.040131 7.006397 -87.784384
-32.071776 7.007715 -87.571123
-32.111472 7.009175 -87.567467
-32.146818 7.008830 -87.623538
-32.174326 7.010553 -87.594135
-32.206629 7.010043 -87.445399
-32.231722 7.006536 -87.316413
-32.254486 7.004619 -87.177583
-32.274317 6.997493 -87.313617
-32.292566 6.999190 -87.687449
-32.312276 7.007452 -87.929898
-32.326896 7.016753 -87.651129
-32.359711 7.012757 -87.236966
-32.393641 7.011601 -87.472387
-32.429827 7.011186 -87.641938
-32.470635 7.014916 -87.563970
-32.506948 7.016959 -87.291613
-32.544287 7.014204 -87.373929
-32.585738 7.017153 -87.659414
-32.625692 7.020503 -87.739307
-32.659778 7.015330 -87.777093
-32.694113 7.011621 -87.823890
-32.723474 7.013777 -87.721748
-32.750988 7.014882 -87.749819
-32.771993 7.012344 -87.909094
-32.797032 7.014364 -88.425835
-32.820716 7.024651 -88.355647
-32.841610 7.027739 -88.077468
-32.857167 7.025698 -88.056047
-32.878962 7.020721 -88.506127
-32.910437 7.024423 -88.741977
-32.939436 7.027083 -88.644429
-32.967362 7.033297 -88.715248
-33.006001 7.034969 -89.023048
-33.050393 7.033435 -89.246249
-33.090787 7.028696 -89.253694
-33.125362 7.025275 -89.357047
-33.158554 7.027234 -89.484366
-33.192048 7.031196 -89.508522
-33.224671 7.032033 -89.616866
-33.253406 7.033516 -89.733816
-33.284783 7.030799 -89.739414
-33.313531 7.028318 -89.595475
-33.331933 7.027427 -89.573654
-33.349258 7.025701 -90.114641
-33.382896 7.025727 -90.577298
-33.422583 7.024105 -90.598766
-33.453066 7.026698 -90.318375
-33.473799 7.028847 -90.333467
-33.512199 7.028428 -90.394802
-33.549950 7.020949 -90.120942
-33.565717 7.013773 -90.288973
-33.594534 7.007780 -91.017283
-33.632300 7.005084 -91.399545
-33.675409 7.007302 -91.359031
-33.717474 7.013434 -91.041692
-33.728426 7.018997 -90.820314
-33.736750 7.026792 -91.332630
-33.769090 7.014923 -91.920661
-33.799429 7.003344 -91.835615
-33.821184 7.005673 -91.590623
-33.837463 7.008649 -91.659376
-33.860641 7.015107 -91.770660
-33.886849 7.013301 -91.781451
-33.915032 7.009230 -91.617421
-33.946123 7.009648 -91.401126
-33.975074 7.005603 -91.273458
-34.016169 7.003824 -91.244124
-34.054209 6.999323 -91.458923
-34.083593 6.993885 -91.490014
-34.114398 6.993784 -91.311962
-34.142987 6.995459 -91.189849
-34.175705 6.991598 -91.149128
-34.199272 6.989763 -91.172079
-34.222922 6.987061 -91.449879
-34.244438 6.983993 -91.669178
-34.263126 6.979971 -91.586954
-34.283056 6.979926 -91.393218
-34.312424 6.984977 -91.485511
-34.334982 6.987222 -91.987544
-34.355427 6.981839 -92.253648
-34.378520 6.976227 -92.136451
-34.411439 6.978169 -92.024058
-34.445693 6.978158 -92.174511
-34.483298 6.979521 -92.517467
-34.517586 6.974343 -92.905155
-34.550685 6.967805 -93.197844
-34.574076 6.963625 -92.886829
-34.601914 6.960531 -92.371184
-34.630226 6.961842 -92.451095
-34.641388 6.962511 -92.921977
-34.620974 6.961649 -93.281955
-34.606903 6.965864 -93.002288
-34.618695 6.966358 -92.925874
-34.614044 6.955504 -94.591568
-34.617240 6.954711 -95.772569
-34.618291 6.953721 -97.468786
-34.617555 6.956471 -99.312378
-34.621214 6.958321 -101.459759
-34.619770 6.961545 -103.940517
-34.616318 6.965600 -106.438981
-34.616184 6.969967 -108.765938
-34.613431 6.976109 -110.937129
-34.612405 6.978690 -112.982357
-34.612524 6.981670 -115.062693
-34.608342 6.987748 -116.965278
-34.607556 6.988965 -119.072093
-34.612547 6.992227 -121.230978
-34.614195 6.991898 -123.952273
-34.613297 6.994078 -127.051092
-34.612817 6.997071 -130.499316
-34.618975 7.007459 -133.861501
-34.624173 7.010216 -137.064168
-34.634047 7.012735 -140.148348
-34.641369 7.013677 -142.814211
-34.646969 7.016689 -145.473800
-34.651015 7.018316 -147.932842
-34.655529 7.017113 -150.106725
-34.664249 7.019857 -152.336507
-34.669709 7.022836 -154.367564
-34.671507 7.024185 -156.513576
-34.671379 7.029862 -158.698268
-34.666834 7.032526 -161.045534
-34.668000 7.034934 -163.564063
-34.671022 7.036826 -166.170408
-34.675772 7.036814 -168.672425
-34.682187 7.033306 -171.141979
-34.685458 7.034762 -173.583123
-34.686987 7.034291 -176.085859
-34.689265 7.033469 -178.656975
-34.688392 7.035846 178.965959
-34.693802 7.033092 176.550413
-34.696265 7.035425 174.217315
-34.687309 7.034025 172.582920
-34.705251 7.060656 170.382888
-34.706442 7.072794 171.062881
-34.710935 7.060662 171.327654
-34.705193 7.051988 171.235261
-34.700110 7.037963 171.107897
-34.696501 7.015363 171.041790
-34.685802 6.983383 170.886399
-34.681145 6.948422 170.828098
-34.672116 6.913665 171.258834
-34.669295 6.869848 172.063717
-34.664516 6.826391 173.272048
-34.665978 6.775904 174.475309
-34.667155 6.722157 175.572045
-34.671314 6.672411 176.960218
-34.668878 6.625308 177.576488
-34.670452 6.589448 178.293254
-34.663936 6.556873 178.843015
-34.658357 6.521600 178.732150
-34.657175 6.494766 178.751341
-34.653921 6.473204 178.951549
-34.653055 6.451941 179.109548
-34.655902 6.428428 179.274120
-34.653176 6.406807 179.297473
-34.650582 6.389162 179.121266
-34.653224 6.373112 179.212476
-34.651788 6.354734 179.441270
-34.648042 6.331740 179.418039
-34.649900 6.307139 179.277131
-34.653045 6.280459 179.355949
-34.650587 6.246388 179.454943
-34.651369 6.211915 179.448107
-34.654110 6.172516 179.423306
-34.653861 6.136783 179.521343
-34.649964 6.099934 179.591595
-34.643843 6.073095 179.621092
-34.643430 6.041742 179.573641
-34.643425 6.012803 179.508511
-34.643190 5.987491 179.456957
-34.644987 5.961377 179.392087
-34.645179 5.934391 179.460889
-34.643088 5.908091 179.568415
-34.637292 5.884016 179.617052
-34.633575 5.858640 179.455331
-34.634589 5.830631 179.435883
-34.633785 5.803005 179.587054
-34.633103 5.774719 179.749016
-34.628808 5.746646 179.692053
-34.627078 5.721098 179.621470
-34.625042 5.687113 179.536768
-34.628723 5.657558 179.621986
-34.623755 5.628523 179.699616
-34.617051 5.599461 179.507254
-34.615372 5.571787 179.446307
-34.617781 5.543863 179.637967
-34.617494 5.516897 179.714751
-34.616383 5.490880 179.608912
-34.612062 5.464780 179.482220
-34.613842 5.436672 179.450881
-34.612337 5.408393 179.466406
-34.610518 5.383325 179.398848
-34.610088 5.354776 179.281746
-34.606522 5.321713 179.268453
-34.608390 5.290061 179.283451
-34.606708 5.262921 179.145129
-34.607329 5.227954 178.984340
-34.606812 5.192051 178.960942
-34.608685 5.151678 178.954955
-34.606919 5.118757 178.865858
-34.601426 5.093960 178.737781
-34.593228 5.067044 178.685306
-34.594158 5.039891 178.739900
-34.600963 5.017756 178.690644
-34.596318 4.993625 178.525960
-34.592394 4.966262 178.435051
-34.591148 4.941896 178.462950
-34.587340 4.920601 178.454166
-34.585970 4.895829 178.450148
-34.585905 4.865600 178.408908
-34.583828 4.838541 178.429069
-34.582756 4.811053 178.409798
-34.582370 4.779931 178.421167
-34.581459 4.744552 178.443462
-34.579769 4.710666 178.411963
-34.579782 4.665719 178.555054
-34.580941 4.620675 178.794275
-34.580766 4.589980 178.936049
-34.580706 4.565799 178.707362
-34.579177 4.541514 178.328069
-34.574609 4.513086 178.196653
-34.569135 4.486153 178.428339
-34.571286 4.462226 178.404691
-34.571444 4.438484 178.156176
-34.570787 4.415837 177.999859
-34.564667 4.389621 177.992919
-34.564206 4.367200 178.078165
-34.564410 4.342231 178.063108
-34.565099 4.310128 177.843954
-34.562660 4.277827 177.625853
-34.557791 4.245132 177.700736
-34.559788 4.210917 177.691464
-34.562554 4.182602 177.631639
-34.563780 4.154319 177.486897
-34.559619 4.123280 177.471396
-34.555961 4.097718 177.438769
-34.554300 4.077075 177.292539
-34.550119 4.051083 177.173571
-34.547473 4.025645 177.216354
-34.543635 4.000262 177.317472
-34.543922 3.969060 177.253673
-34.543587 3.936039 176.989090
-34.539842 3.905510 176.806316
-34.537319 3.876831 176.758967
-34.530858 3.847965 176.886926
-34.535008 3.812568 176.833407
-34.534729 3.776679 176.566700
-34.535865 3.741277 176.450570
-34.535899 3.696730 176.513565
-34.535034 3.660555 176.642696
-34.533942 3.630613 176.679647
-34.534166 3.604774 176.709542
-34.534005 3.578485 176.858948
-34.531580 3.553725 177.091900
-34.526439 3.529998 177.377391
-34.525456 3.503447 177.577716
-34.523847 3.478970 177.727491
-34.527234 3.451764 177.869102
-34.523705 3.418968 177.940299
-34.526257 3.389269 177.960587
-34.521799 3.362242 178.165069
-34.517513 3.326432 178.249291
-34.520290 3.294292 178.297579
-34.519820 3.263052 178.316161
-34.513891 3.230487 178.374332
-34.520705 3.209838 178.543684
-34.516353 3.188350 178.989553
-34.512253 3.171140 178.930872
-34.501926 3.150125 178.732385
-34.509197 3.133224 178.693886
-34.508921 3.115372 178.938389
-34.502054 3.092659 179.139586
-34.494637 3.066956 179.219058
-34.492566 3.040314 179.080865
-34.495747 3.009861 179.059030
-34.497444 2.976521 179.142584
-34.495946 2.943455 179.275064
-34.492269 2.902475 179.319966
-34.493825 2.857740 179.274791
-34.495787 2.818489 179.279108
-34.498405 2.776714 179.504544
-34.496480 2.728524 179.597845
-34.495301 2.687234 179.400956
-34.488422 2.653196 179.413130
-34.488750 2.622715 179.574275
-34.485860 2.602733 179.728288
-34.481077 2.586796 179.625950
-34.480782 2.569522 179.279153
-34.484340 2.550855 179.174053
-34.486250 2.530939 179.425587
-34.483231 2.509239 179.614777
-34.477448 2.483118 179.590068
-34.474300 2.459404 179.445359
-34.478046 2.426621 179.381496
-34.477274 2.393164 179.487107
-34.476930 2.358618 179.398434
-34.475381 2.320871 179.322460
-34.475055 2.278957 179.225701
-34.475723 2.240232 179.249643
-34.472585 2.199921 179.168499
-34.467643 2.162721 179.179183
-34.465998 2.133401 179.186010
-34.464521 2.106407 179.138542
-34.463784 2.084806 179.032677
-34.464143 2.066809 178.961183
-34.466019 2.052756 178.810174
-34.466594 2.031578 178.772547
-34.465581 2.011528 178.892864
-34.464391 1.991222 178.927725
-34.459466 1.969968 178.832579
-34.455830 1.938838 178.682319
-34.454532 1.909259 178.651729
-34.455028 1.878210 178.672871
-34.458261 1.837647 178.658076
-34.457991 1.796825 178.615663
-34.456474 1.756275 178.507679
-34.453047 1.713290 178.534336
-34.449528 1.661910 178.662754
-34.448026 1.622812 178.888810
-34.449851 1.593692 178.817615
-34.446573 1.568631 178.684012
-34.443345 1.546468 178.649910
-34.442809 1.527627 178.665065
-34.445209 1.514438 178.332381
-34.442559 1.492551 178.167469
-34.441405 1.471441 178.450183
-34.440545 1.456228 178.552099
-34.437988 1.438129 178.451416
-34.435018 1.413599 178.293070
-34.431453 1.386186 178.234325
-34.435742 1.352092 178.225284
-34.437909 1.316532 178.220983
-34.439467 1.281049 178.176029
-34.439300 1.239285 178.184204
-34.432087 1.199923 178.509139
-34.428714 1.163430 178.949516
-34.431217 1.133854 178.690347
-34.427473 1.109059 178.162221
-34.417938 1.081155 177.936146
-34.416306 1.059061 178.168297
-34.419480 1.035963 178.326888
-34.423836 1.017187 178.078529
-34.421604 1.004568 177.902591
-34.413970 0.981564 177.927005
-34.410067 0.961111 178.150808
-34.410861 0.938025 178.229623
-34.408433 0.909533 178.022265
-34.409137 0.874951 177.826541
-34.409073 0.840573 177.934146
-34.410085 0.806695 177.861295
-34.407879 0.763847 177.636617
-34.403627 0.723004 177.538565
-34.402788 0.683740 177.538379
-34.403074 0.657820 177.543156
-34.400274 0.628561 177.186108
-34.393253 0.607103 177.005776
-34.393597 0.581957 177.187733
-34.396176 0.557222 177.151698
-34.398687 0.531169 177.067934
-34.391472 0.504178 176.930572
-34.389710 0.475267 176.926138
-34.389876 0.444210 176.819154
-34.385510 0.412819 176.753800
-34.383234 0.378273 176.703610
-34.381274 0.345037 176.480622
-34.379765 0.311258 176.396958
-34.376138 0.277264 176.366372
-34.375208 0.242064 176.222605
-34.371735 0.207515 176.181044
-34.365680 0.178763 176.274475
-34.363209 0.151921 176.211632
-34.359691 0.127376 176.029633
-34.359840 0.109196 175.929386
-34.357635 0.084828 175.938113
-34.354377 0.062094 175.963095
-34.353279 0.036426 175.926060
-34.350505 0.008847 175.868638
-34.347444 -0.018653 175.794694
-34.345997 -0.049274 175.786381
-34.347916 -0.079764 175.731103
-34.343698 -0.111587 175.761901
-34.342217 -0.146742 175.807732
-34.334926 -0.185221 175.704073
-34.333029 -0.222829 175.537411
-34.333033 -0.253746 175.461286
-34.335019 -0.285833 175.526462
-34.328693 -0.320714 175.672805
-34.322670 -0.355319 175.546659
-34.319922 -0.376989 175.431075
-34.323123 -0.398739 175.602730
-34.316510 -0.423027 175.832465
-34.311877 -0.442741 175.653221
-34.317707 -0.433932 175.188459
-34.314276 -0.423985 175.225904
-34.327903 -0.418286 174.004457
-34.337312 -0.407154 172.081640
-34.352173 -0.395235 169.060911
-34.364162 -0.391224 165.078281
-34.377326 -0.388265 160.231815
-34.391648 -0.390510 154.462938
-34.401291 -0.393559 148.261937
-34.399648 -0.402609 142.318268
-34.400758 -0.414010 136.869789
-34.402997 -0.421403 131.845283
-34.410882 -0.435003 127.001293
-34.416909 -0.443497 122.350915
-34.430148 -0.452077 117.364755
-34.437543 -0.459120 112.044717
-34.444970 -0.468743 106.599521
-34.441598 -0.475921 101.328688
-34.431421 -0.479154 96.733227
-34.422419 -0.478099 93.351661
-34.411274 -0.481173 91.412206
-34.399701 -0.486445 91.232736
-34.401503 -0.488686 93.074194
-34.388978 -0.488330 92.760828
-34.365057 -0.488914 92.780262
-34.339860 -0.492787 92.565006
-34.310815 -0.494394 92.437874
-34.269816 -0.495628 92.386502
-34.225595 -0.498458 92.403486
-34.180580 -0.506970 92.505828
-34.130555 -0.504078 92.762959
-34.073459 -0.503134 92.737391
-34.039693 -0.505837 92.623880
-33.999091 -0.506241 92.819797
-33.961959 -0.506387 92.727885
-33.937484 -0.499010 92.705077
-33.894509 -0.500448 92.538138
-33.875317 -0.502967 92.257328
-33.844387 -0.499815 92.828821
-33.798108 -0.503875 92.572542
-33.781752 -0.499023 92.280481
-33.762716 -0.491302 92.648017
-33.731680 -0.491454 92.646197
-33.708319 -0.491652 92.433564
-33.698191 -0.494891 92.524929
-33.681950 -0.494389 92.679601
-33.661909 -0.493420 92.714657
-33.640521 -0.493932 92.597084
-33.615258 -0.494963 92.285413
-33.591449 -0.499519 92.054569
-33.571954 -0.503230 92.254632
-33.549004 -0.502926 92.226093
-33.519216 -0.495939 91.971773
-33.485648 -0.488301 91.848140
-33.455778 -0.488935 91.940269
-33.434988 -0.499767 92.397976
-33.402847 -0.494381 92.293612
-33.355269 -0.491481 91.756971
-33.314098 -0.494683 91.545897
-33.274651 -0.500090 91.746459
-33.236934 -0.501890 91.695681
-33.197555 -0.502410 91.767883
-33.163148 -0.507417 92.038790
-33.139607 -0.500505 91.999598
-33.109737 -0.495831 91.640427
-33.088957 -0.496662 91.812078
-33.074941 -0.497556 92.244887
-33.059077 -0.487038 92.094504
-33.045273 -0.487980 91.670782
-33.022733 -0.496540 91.546779
-32.993000 -0.500241 91.785979
-32.964797 -0.503090 91.809299
-32.939835 -0.497992 91.765653
-32.912938 -0.494026 91.771845
-32.883639 -0.496580 91.741910
-32.849623 -0.496337 91.805946
-32.815942 -0.496597 91.785666
-32.777360 -0.494405 91.844136
-32.738914 -0.494952 91.903419
-32.700696 -0.501208 92.059754
-32.658644 -0.505852 91.836913
-32.620608 -0.503075 91.620928
-32.582092 -0.502880 91.406604
-32.549240 -0.498096 91.649415
-32.523071 -0.498800 91.827912
-32.509484 -0.499484 91.634596
-32.490374 -0.498627 91.282871
-32.463453 -0.496581 91.459560
-32.445067 -0.498907 91.696260
-32.429154 -0.499825 91.973648
-32.416657 -0.501316 91.677552
-32.394211 -0.498602 91.042053
-32.362143 -0.488838 90.791911
-32.332457 -0.487393 91.097747
-32.302879 -0.492161 90.977981
-32.267713 -0.496826 90.696664
-32.227397 -0.498866 90.684029
-32.192298 -0.500356 90.589796
-32.145290 -0.496195 90.340454
-32.098948 -0.493202 90.578374
-32.067329 -0.497332 91.004916
-32.052174 -0.497786 90.883226
-32.024286 -0.493525 90.261078
-31.997378 -0.488144 90.180098
-31.973544 -0.490576 90.448502
-31.952467 -0.492467 90.404337
-31.931459 -0.493476 90.244217
-31.910194 -0.496898 89.897247
-31.883536 -0.495362 89.636062
-31.854142 -0.493404 89.641510
-31.825877 -0.494067 89.778065
-31.793105 -0.493044 89.687156
-31.763230 -0.492018 89.563027
-31.729301 -0.489043 89.397136
-31.694564 -0.486370 89.309111
-31.655141 -0.485305 89.243674
-31.620879 -0.484352 89.429448
-31.590175 -0.483031 89.389952
-31.567336 -0.470333 89.028160
-31.542785 -0.463548 89.064798
-31.522880 -0.467492 89.144541
-31.500937 -0.468637 88.950730
-31.485879 -0.477907 88.497871
-31.465160 -0.476395 88.099402
-31.436651 -0.473233 88.147536
-31.409416 -0.472090 88.336346
-31.378372 -0.466399 88.442129
-31.342206 -0.458849 88.465103
-31.308630 -0.453834 88.465145
-31.271423 -0.454233 88.290236
-31.234029 -0.455052 88.174399
-31.191169 -0.459830 88.462480
-31.153950 -0.466727 88.318890
-31.116779 -0.457825 87.893426
-31.081465 -0.448409 87.850179
-31.053004 -0.446274 88.201214
-31.025800 -0.445389 88.858836
-31.001903 -0.447747 89.730258
-30.981391 -0.446333 90.679417
-30.961315 -0.445572 91.341366
-30.938305 -0.444269 91.400442
-30.919230 -0.445712 91.399676
-30.901600 -0.442644 91.661146
-30.872556 -0.440947 91.994176
-30.840122 -0.440488 91.923013
-30.811891 -0.441203 92.009356
-30.779548 -0.446010 92.337880
-30.741310 -0.448571 92.496669
-30.711264 -0.452526 92.308503
-30.680925 -0.453457 92.462824
-30.642933 -0.451153 92.750235
-30.605868 -0.448502 92.983623
-30.570822 -0.446298 93.129369
-30.537394 -0.445517 93.030296
-30.518624 -0.448472 93.049481
-30.491610 -0.449444 93.134142
-30.467209 -0.451624 93.069413
-30.447128 -0.453991 92.725894
-30.431786 -0.453722 92.625112
-30.407006 -0.453228 92.603417
-30.381765 -0.452560 92.484013
-30.356463 -0.454979 92.337260
-30.333945 -0.456715 92.232580
-30.304981 -0.457938 92.122261
-30.278300 -0.458199 92.102508
-30.247733 -0.457371 92.147176
-30.216774 -0.455321 92.097339
-30.180645 -0.454413 91.859739
-30.147214 -0.456279 91.552893
-30.113570 -0.458119 91.444210
-30.082109 -0.457484 91.444497
-30.052130 -0.457824 91.524991
-30.021811 -0.457771 91.382040
-29.993671 -0.455643 91.047823
-29.963330 -0.455178 90.658565
-29.936365 -0.457152 90.832783
-29.910286 -0.456765 91.048240
-29.882067 -0.456425 90.961557
-29.855185 -0.454826 90.611469
-29.827153 -0.454049 90.205360
-29.800963 -0.454952 90.205544
-29.775101 -0.455184 90.443238
-29.748522 -0.452892 90.510091
-29.719700 -0.451412 90.334827
-29.693353 -0.452121 90.112657
-29.666387 -0.448859 89.832659
-29.638892 -0.448668 89.565528
-29.613174 -0.452632 89.492813
-29.585585 -0.456614 89.573094
-29.559613 -0.455559 89.632998
-29.532461 -0.452606 89.437542
-29.501049 -0.451516 89.168756
-29.469859 -0.452455 88.739025
-29.441301 -0.451611 88.733652
-29.410288 -0.448677 88.876142
-29.380014 -0.446701 88.804578
-29.347000 -0.444259 88.559872
-29.319419 -0.445383 88.336799
-29.286928 -0.445336 88.202766
-29.257122 -0.443490 88.281454
-29.235060 -0.438958 88.291127
-29.215080 -0.428728 88.156155
-29.188462 -0.426657 88.091021
-29.158129 -0.429519 88.531573
-29.136618 -0.431234 89.081674
-29.111109 -0.434578 89.488820
-29.084281 -0.436187 90.114282
-29.062176 -0.436677 90.524358
-29.034797 -0.435034 90.626551
-28.998290 -0.433438 90.875550
-28.964257 -0.432868 91.245984
-28.930144 -0.430272 91.457536
-28.896631 -0.429196 91.592460
-28.863976 -0.429613 91.683238
-28.831249 -0.428364 91.767086
-28.798935 -0.430306 91.839587
-28.768102 -0.433820 91.798249
-28.740256 -0.433789 91.646221
-28.707886 -0.432656 91.518376
-28.684114 -0.432605 91.371630
-28.651999 -0.431105 91.204305
-28.621085 -0.432090 91.081194
-28.590163 -0.432909 90.905385
-28.553849 -0.432822 90.745774
-28.518684 -0.432547 90.595871
-28.485238 -0.431422 90.497289
-28.454397 -0.429600 90.268073
-28.419161 -0.427109 90.082971
-28.388274 -0.427480 90.117304
-28.362524 -0.426508 90.091568
-28.334225 -0.424583 89.979762
-28.307558 -0.422662 89.814080
-28.286575 -0.419336 89.539076
-28.267064 -0.417450 89.232211
-28.243838 -0.415263 89.033529
-28.216884 -0.416291 89.053341
-28.183850 -0.419163 88.860743
-28.151270 -0.420823 88.707933
-28.120304 -0.419262 88.740572
-28.090926 -0.415155 89.023094
-28.061216 -0.416383 88.765941
-28.033694 -0.414839 87.852043
-28.003928 -0.406743 87.606124
-27.985815 -0.408912 87.963075
-27.966812 -0.418878 87.957400
-27.946778 -0.420879 87.663069
-27.922584 -0.418368 87.654816
-27.901640 -0.420077 87.422064
-27.878061 -0.412370 87.011304
-27.844946 -0.405710 87.376655
-27.812542 -0.409478 87.479246
-27.783218 -0.410330 87.225793
-27.751845 -0.409663 87.072328
-27.717369 -0.407568 87.200837
-27.681833 -0.406733 87.407670
-27.653396 -0.403395 87.577326
-27.624130 -0.394576 87.960829
-27.594828 -0.390737 88.277417
-27.570518 -0.387501 88.102963
-27.549840 -0.381911 87.733589
-27.529121 -0.378410 87.848841
-27.508795 -0.382214 88.015909
-27.492548 -0.386285 88.020357
-27.474778 -0.384693 88.219380
-27.447175 -0.381624 88.608246
-27.414537 -0.376417 88.726469
-27.376111 -0.375781 88.609518
-27.338803 -0.377833 88.812118
-27.297359 -0.377777 89.339707
-27.249020 -0.383761 89.475580
-27.204025 -0.384770 89.450443
-27.170136 -0.386316 89.365616
-27.141523 -0.382499 89.770248
-27.099923 -0.373984 90.153448
-27.067085 -0.370669 90.184443
-27.039769 -0.367234 90.204248
-27.015320 -0.366647 90.156239
-26.997633 -0.370602 90.126575
-26.984971 -0.374692 90.273885
-26.967974 -0.376010 90.507276
-26.942172 -0.375714 90.603489
-26.911944 -0.381502 90.439749
-26.886190 -0.376131 90.294499
-26.861727 -0.373839 90.369972
-26.831274 -0.377298 90.671660
-26.795086 -0.377486 90.973966
-26.756001 -0.380682 90.857540
-26.727232 -0.383169 90.913323
-26.694521 -0.381485 91.130409
-26.659670 -0.375572 91.106030
-26.629161 -0.369979 90.728702
-26.603721 -0.374297 90.487180
-26.585274 -0.383252 90.839616
-26.560694 -0.382046 91.363375
-26.532637 -0.375316 91.494377
-26.506498 -0.371840 91.190126
-26.480023 -0.371833 90.802753
-26.455129 -0.370984 90.656376
-26.426851 -0.374760 90.677778
-26.396716 -0.374083 90.852933
-26.363443 -0.374285 90.868185
-26.332139 -0.376938 90.821464
-26.299419 -0.377355 90.765111
-26.267488 -0.376037 90.636173
-26.239037 -0.378448 90.616353
-26.210824 -0.377997 90.665947
-26.181752 -0.372832 90.585129
-26.154905 -0.372801 90.456665
-26.127113 -0.377934 90.528682
-26.098589 -0.380494 90.598618
-26.071491 -0.377470 90.671553
-26.042581 -0.377006 90.719287
-26.014462 -0.375951 90.840356
-25.984652 -0.370657 90.966381
-25.954386 -0.366632 90.942624
-25.925557 -0.366556 90.988685
-25.897899 -0.367080 91.063550
-25.867600 -0.365218 90.813563
-25.832798 -0.372725 90.669125
-25.805440 -0.377655 90.848364
-25.781352 -0.372565 90.912269
-25.751483 -0.372109 90.852210
-25.721615 -0.369890 90.751586
-25.693816 -0.372918 90.837477
-25.661568 -0.374814 90.884427
-25.637685 -0.378925 90.847246
-25.604993 -0.376706 90.574136
-25.572426 -0.377241 90.466806
-25.537932 -0.378161 90.586244
-25.511031 -0.378427 90.825189
-25.488544 -0.376726 90.843298
-25.463246 -0.372512 90.451995
-25.430605 -0.375029 90.309446
-25.398942 -0.377676 90.496199
-25.370238 -0.378973 90.428317
-25.338691 -0.381236 90.361261
-25.309049 -0.379820 90.454399
-25.283936 -0.377892 90.463533
-25.250532 -0.378021 90.348613
-25.217321 -0.377195 90.480065
-25.190876 -0.377373 90.524877
-25.161581 -0.377339 90.624853
-25.138950 -0.377281 90.374147
-25.107148 -0.372954 90.036843
-25.073539 -0.371282 90.157110
-25.045149 -0.370850 90.343276
-25.016730 -0.374526 90.291209
-24.991747 -0.374542 90.036707
-24.958908 -0.368109 90.068205
-24.928787 -0.367049 90.342829
-24.906831 -0.376908 90.228296
-24.880561 -0.373981 89.749611
-24.848666 -0.365123 89.677378
-24.819920 -0.362561 89.917671
-24.793537 -0.369843 89.690042
-24.762394 -0.369594 89.487282
-24.732291 -0.369285 89.477884
-24.703082 -0.369471 89.479961
-24.669630 -0.367450 89.540326
-24.636460 -0.367362 89.404412
-24.605927 -0.362885 89.230580
-24.579914 -0.357499 89.281752
-24.546638 -0.360014 89.350934
-24.518123 -0.365495 89.141777
-24.491899 -0.366422 88.866757
-24.465879 -0.360136 88.915322
-24.440432 -0.353289 89.304571
-24.414565 -0.354359 89.616834
-24.388484 -0.357198 89.508015
-24.362368 -0.355274 89.189077
-24.339557 -0.347416 89.106975
-24.314299 -0.346141 89.117727
-24.288147 -0.351454 89.006677
-24.263990 -0.351144 88.871508
-24.242358 -0.350887 88.816517
-24.220327 -0.345087 88.993138
-24.197512 -0.341731 89.455680
-24.176908 -0.342112 89.856126
-24.163439 -0.348546 89.742835
-24.154925 -0.342436 89.169071
-24.141569 -0.347206 88.716539
-24.119466 -0.345543 88.940280
-24.088962 -0.343291 88.809759
-24.058681 -0.344697 88.592863
-24.025433 -0.343613 88.538263
-23.988530 -0.341212 88.532118
-23.947791 -0.341447 88.445138
-23.909898 -0.340201 88.411434
-23.876844 -0.340465 88.666740
-23.836029 -0.335526 88.880810
-23.797344 -0.328608 88.806801
-23.768217 -0.328266 88.736282
-23.733445 -0.328291 88.879983
-23.701854 -0.325611 89.000974
-23.675259 -0.327211 89.103876
-23.654812 -0.326067 89.268527
-23.635795 -0.322227 89.338831
-23.613982 -0.315871 89.197795
-23.591258 -0.314135 88.845289
-23.567966 -0.317915 88.817801
-23.547508 -0.317648 89.141824
-23.522091 -0.310401 89.205957
-23.493918 -0.306037 88.814841
-23.465518 -0.312155 88.601176
-23.429899 -0.317397 88.653209
-23.395770 -0.319440 88.887849
-23.361700 -0.311661 88.880612
-23.325083 -0.308294 88.657531
-23.287152 -0.311928 88.656333
-23.253868 -0.308758 89.063252
-23.219357 -0.302347 89.121665
-23.182434 -0.301051 89.029990
-23.149460 -0.300254 88.935308
-23.122164 -0.301125 88.995927
-23.097893 -0.299373 88.879082
-23.071537 -0.301357 88.762350
-23.043121 -0.306521 88.852181
-23.020458 -0.303129 89.036444
-23.001117 -0.298028 88.960403
-22.974853 -0.294072 88.752845
-22.942960 -0.294941 88.798121
-22.916214 -0.295572 89.063401
-22.887048 -0.292406 89.113812
-22.859559 -0.292935 88.947154
-22.822195 -0.290467 88.739818
-22.785048 -0.292556 88.866143
-22.754761 -0.292826 89.071724
-22.721321 -0.290434 89.210231
-22.691013 -0.286342 89.472881
-22.665337 -0.282633 89.392779
-22.630637 -0.279366 89.264168
-22.600087 -0.280436 89.218417
-22.572854 -0.283551 89.085423
-22.538975 -0.284923 88.962488
-22.505534 -0.284669 88.994375
-22.470416 -0.278356 89.274822
-22.436647 -0.272132 89.748808
-22.405914 -0.274656 89.556402
-22.381280 -0.268266 89.284616
-22.351385 -0.273120 89.197765
-22.321735 -0.282150 88.894559
-22.292874 -0.278053 88.856445
-22.265074 -0.274939 89.170202
-22.239752 -0.269211 89.682033
-22.215191 -0.262835 90.281889
-22.183236 -0.267211 90.131163
-22.156545 -0.266107 89.257339
-22.133289 -0.256919 88.981929
-22.105177 -0.262611 89.314363
-22.069827 -0.271681 89.464185
-22.032850 -0.273659 89.538938
-21.998314 -0.269355 89.580767
-21.973985 -0.265306 89.485464
-21.942751 -0.256056 89.828668
-21.913932 -0.252029 89.964515
-21.881354 -0.249372 89.864607
-21.850631 -0.254741 89.589015
-21.828886 -0.263129 89.405206
-21.805504 -0.266429 89.467015
-21.783570 -0.263381 89.925355
-21.759619 -0.256037 90.408987
-21.720818 -0.247149 90.769833
-21.686061 -0.239971 90.144048
-21.670034 -0.235287 89.560638
-21.648016 -0.241091 89.623421
-21.619610 -0.254972 89.530561
-21.594812 -0.263873 89.409249
-21.568029 -0.261699 89.732159
-21.533045 -0.256708 89.807863
-21.500500 -0.248205 89.423762
-21.472217 -0.248133 89.150717
-21.444229 -0.250013 89.404394
-21.411946 -0.248961 89.553817
-21.376924 -0.251419 89.256232
-21.348265 -0.254740 89.113954
-21.321559 -0.250995 89.352815
-21.292371 -0.249102 89.607643
-21.260271 -0.239863 90.068310
-21.230328 -0.230334 89.918353
-21.199765 -0.225957 89.306036
-21.178176 -0.237455 88.801652
-21.164434 -0.244509 88.970940
-21.145672 -0.245408 89.260288
-21.122061 -0.241972 89.323609
-21.097468 -0.238740 89.093688
-21.072418 -0.238611 88.910405
-21.044625 -0.236151 89.076102
-21.013732 -0.227864 88.980437
-20.981276 -0.230989 88.529135
-20.941690 -0.241622 88.557668
-20.911777 -0.237997 88.904662
-20.880884 -0.235096 88.905161
-20.850001 -0.232352 88.550330
-20.816952 -0.234909 88.454625
-20.789974 -0.232367 88.763948
-20.764808 -0.229374 88.717838
-20.735395 -0.227983 88.595885
-20.709909 -0.228159 88.719067
-20.686258 -0.227765 88.788722
-20.662149 -0.227461 88.841218
-20.635659 -0.227405 88.932910
-20.605933 -0.227949 89.107889
-20.572459 -0.228461 89.547594
-20.547024 -0.229993 89.940128
-20.519767 -0.228204 90.227104
-20.486288 -0.227551 90.707121
-20.459744 -0.226482 91.032589
-20.432211 -0.227010 91.291618
-20.404453 -0.225842 91.544207
-20.378046 -0.226905 91.573324
-20.349697 -0.227402 91.476528
-20.310443 -0.233233 91.671873
-20.280352 -0.232212 92.144807
-20.253660 -0.230255 92.525121
-20.227932 -0.227589 92.559579
-20.198267 -0.226129 92.346947
-20.163040 -0.224931 92.354715
-20.130270 -0.228201 92.514725
-20.099557 -0.230277 92.605378
-20.071186 -0.233501 92.528108
-20.037565 -0.235275 92.615395
-20.003968 -0.237051 92.697584
-19.976412 -0.239137 92.633176
-19.947327 -0.240376 92.575768
-19.920094 -0.237977 92.649267
-19.888359 -0.240603 92.685212
-19.860620 -0.243002 92.558644
-19.831848 -0.244211 92.610288
-19.804375 -0.243860 92.897986
-19.778422 -0.247262 93.017640
-19.753051 -0.246937 92.875468
-19.727484 -0.243492 92.998748
-19.704306 -0.242425 92.893370
-19.679522 -0.241306 92.589086
-19.648864 -0.238977 92.572682
-19.618191 -0.240749 92.532548
-19.584736 -0.245272 92.527333
-19.554988 -0.247206 92.535203
-19.529248 -0.246982 92.483333
-19.499018 -0.243388 92.282569
-19.468822 -0.244147 92.394422
-19.438367 -0.248018 92.414746
-19.410158 -0.251421 92.178559
-19.381553 -0.250339 92.045473
-19.347478 -0.249637 92.226443
-19.316562 -0.251102 92.237595
-19.283656 -0.253344 91.920572
-19.258671 -0.254004 91.765666
-19.230916 -0.254621 91.960328
-19.203424 -0.254230 91.848516
-19.179726 -0.254434 91.766446
-19.153359 -0.255728 91.805937
-19.120616 -0.257396 91.772401
-19.091327 -0.256001 91.708088
-19.058391 -0.254769 91.672067
-19.030009 -0.254352 91.625554
-19.002001 -0.255801 91.675746
-18.970467 -0.254545 91.697114
-18.939293 -0.254542 91.613647
-18.913218 -0.255408 91.528633
-18.886287 -0.256590 91.605536
-18.858215 -0.249199 91.604525
-18.826363 -0.248818 91.548309
-18.796535 -0.250833 91.402026
-18.769066 -0.249294 91.435874
-18.738992 -0.250539 91.445704
-18.707619 -0.251272 91.421091
-18.673705 -0.249922 91.430622
-18.642639 -0.250615 91.400835
-18.606564 -0.251493 91.350213
-18.572317 -0.255651 91.103272
-18.548004 -0.260577 91.238993
-18.514691 -0.261081 91.496079
-18.465313 -0.261726 91.199358
-18.434361 -0.263564 90.537164
-18.411734 -0.264813 91.055348
-18.377594 -0.265941 91.432119
-18.340645 -0.265580 91.206104
-18.313999 -0.268187 90.754414
-18.297530 -0.268626 90.917032
-18.276713 -0.265986 91.128695
-18.253255 -0.264208 91.103206
-18.233603 -0.264099 90.909452
-18.207895 -0.266072 91.011485
-18.184179 -0.266574 91.311062
-18.154899 -0.265535 91.510532
-18.125752 -0.263082 91.371197
-18.092625 -0.260811 91.042570
-18.059528 -0.268795 90.883482
-18.031173 -0.272755 91.543539
-18.000611 -0.263657 91.793513
-17.966567 -0.267606 91.023015
-17.932896 -0.272439 90.764785
-17.905174 -0.275454 91.368334
-17.879547 -0.271507 91.535517
-17.855051 -0.271727 91.271723
-17.832764 -0.272035 91.060604
-17.810958 -0.273923 91.038903
-17.790337 -0.274331 91.291801
-17.768235 -0.273664 91.373442
-17.736945 -0.274559 91.027247
-17.698066 -0.275584 90.903202
-17.663633 -0.278906 91.294095
-17.639150 -0.278452 91.372823
-17.603581 -0.278936 90.940321
-17.556088 -0.283578 90.704516
-17.518637 -0.284785 91.017822
-17.490714 -0.287563 91.451787
-17.467547 -0.286214 91.325143
-17.440341 -0.282423 90.885187
-17.409963 -0.280995 90.760264
-17.383456 -0.276358 90.811423
-17.364071 -0.276972 90.807275
-17.340956 -0.281566 90.655110
-17.314793 -0.282210 90.520242
-17.287650 -0.283165 90.571759
-17.257876 -0.284104 90.335945
-17.216367 -0.288366 90.192806
-17.178355 -0.286386 90.365631
-17.153267 -0.288417 90.344755
-17.124233 -0.282749 89.969764
-17.091528 -0.283274 89.714962
-17.057085 -0.284851 89.894198
-17.030870 -0.285295 89.951289
-17.007530 -0.284391 89.893815
-16.984675 -0.286067 89.858088
-16.964628 -0.284696 89.532457
-16.940820 -0.281662 89.260970
-16.910997 -0.280517 89.316410
-16.884196 -0.282830 89.401411
-16.856632 -0.280411 89.269581
-16.829251 -0.280292 89.189740
-16.801457 -0.275654 89.154738
-16.773130 -0.275145 89.095285
-16.737190 -0.271626 88.918705
-16.698951 -0.273786 88.616930
-16.673616 -0.277351 88.367303
-16.646406 -0.266862 88.649131
-16.619304 -0.264423 88.962410
-16.594479 -0.268263 88.886168
-16.569659 -0.268318 88.557839
-16.544058 -0.264289 88.294284
-16.517463 -0.261226 88.355078
-16.490394 -0.259304 88.464127
-16.464252 -0.259742 88.602873
-16.433658 -0.264391 88.878984
-16.401119 -0.261626 88.507225
-16.375204 -0.257928 87.954900
-16.350077 -0.253864 88.132937
-16.316712 -0.250499 88.434898
-16.281222 -0.253760 88.290310
-16.251609 -0.254723 87.872842
-16.220126 -0.252188 87.801677
-16.188991 -0.247349 88.102653
-16.155191 -0.244068 88.049018
-16.124712 -0.242902 87.596009
-16.101017 -0.240887 87.462403
-16.074553 -0.241225 87.773489
-16.042844 -0.242088 87.846506
-16.019013 -0.242011 87.843067
-15.993394 -0.236978 87.939149
-15.967073 -0.229387 87.807033
-15.938674 -0.228742 87.326126
-15.915380 -0.225554 86.981044
-15.887453 -0.225809 86.933719
-15.858735 -0.227778 87.275233
-15.826471 -0.225158 87.659432
-15.783557 -0.222908 87.354912
-15.751810 -0.218257 86.329372
-15.732259 -0.214725 86.453181
-15.704519 -0.209401 86.876942
-15.664520 -0.204056 86.752950
-15.625822 -0.194928 86.143806
-15.601985 -0.194470 85.890964
-15.581254 -0.193522 85.936857
-15.556812 -0.189509 86.118886
-15.531695 -0.182517 86.200985
-15.504512 -0.177413 85.957651
-15.480464 -0.174665 85.358786
-15.461200 -0.180625 85.165508
-15.435719 -0.183801 85.036716
-15.400990 -0.190790 84.855236
-15.367376 -0.187204 84.800496
-15.330539 -0.183138 84.917677
-15.296134 -0.179986 84.809390
-15.260790 -0.175874 84.839308
-15.228522 -0.176435 85.083234
-15.202643 -0.174941 85.458532
-15.175466 -0.173643 85.850323
-15.150939 -0.165076 86.090238
-15.120254 -0.160203 86.235915
-15.096983 -0.159597 86.311856
-15.067769 -0.157843 86.473077
-15.044573 -0.154820 86.471678
-15.023112 -0.148842 86.461463
-14.998361 -0.146165 86.435043
-14.969039 -0.146152 86.464460
-14.939007 -0.145975 86.380858
-14.906398 -0.148653 86.364369
-14.874419 -0.146998 86.474703
-14.841193 -0.144369 86.535086
-14.807066 -0.143177 86.575104
-14.773501 -0.140946 86.699670
-14.742182 -0.139946 86.587747
-14.706284 -0.139319 86.456617
-14.678294 -0.138909 86.689468
-14.653365 -0.134125 86.847619
-14.629240 -0.130369 86.805866
-14.600549 -0.127204 86.431130
-14.567713 -0.126516 86.280779
-14.542969 -0.126343 86.352542
-14.521543 -0.125338 86.434614
-14.496419 -0.121831 86.379381
-14.473181 -0.123051 86.137743
-14.444285 -0.121995 86.043317
-14.411417 -0.121377 86.170593
-14.381677 -0.120591 86.308835
-14.358693 -0.117053 86.337571
-14.334354 -0.115924 86.110320
-14.305426 -0.113899 85.820483
-14.268004 -0.111790 85.784320
-14.232209 -0.109034 85.949086
-14.207102 -0.105838 86.082402
-14.176670 -0.099175 85.953320
-14.147869 -0.096302 85.845608
-14.118986 -0.094840 85.973341
-14.099625 -0.090873 86.202249
-14.088551 -0.087691 86.137996
-14.069297 -0.085424 85.598924
-14.081657 -0.089576 85.523329
-14.063043 -0.087795 85.292144
-14.049767 -0.090272 85.286075
-14.027836 -0.090940 85.352980
-13.998650 -0.088791 85.388904
-13.961888 -0.086301 85.153265
-13.915159 -0.078331 84.793801
-13.863960 -0.068616 84.806807
-13.812224 -0.059149 84.843277
-13.768181 -0.052414 84.642726
-13.718506 -0.043232 84.472114
-13.673332 -0.042715 84.557360
-13.631053 -0.041371 84.872889
-13.593082 -0.039416 85.344327
-13.557198 -0.034556 85.479922
-13.525000 -0.031611 85.335158
-13.499004 -0.025410 85.151292
-13.478790 -0.023249 85.485059
-13.459471 -0.025081 85.706049
-13.443284 -0.024811 85.592836
-13.430855 -0.023191 85.610494
-13.411830 -0.018036 86.482298
-13.396138 -0.020565 86.740858
-13.374653 -0.022577 86.705883
-13.352173 -0.021965 86.406477
-13.331548 -0.016779 86.137464
-13.299082 -0.013194 86.361960
-13.266005 -0.010567 86.578970
-13.230313 -0.012092 86.885030
-13.191383 -0.015537 87.257459
-13.151582 -0.015619 87.470635
-13.111499 -0.014103 87.670306
-13.082615 -0.003023 87.697037
-13.050931 0.004399 87.634689
-13.020185 0.012861 87.665522
-12.988585 0.007923 87.885051
-12.957464 0.003839 87.923306
-12.928308 0.003318 87.907385
-12.905167 0.006746 88.080767
-12.880494 0.011658 88.172490
-12.856872 0.016175 88.248190
-12.836149 0.015776 88.438069
-12.814361 0.017566 88.799949
-12.788972 0.015244 88.843877
-12.764093 0.015760 88.614028
-12.745606 0.013539 88.811991
-12.719470 0.014152 89.172530
-12.692585 0.015368 89.450473
-12.663874 0.011725 89.561537
-12.634158 0.010083 89.620395
-12.603913 0.015642 89.776358
-12.575200 0.019504 90.210404
-12.549537 0.023278 90.819812
-12.517839 0.025221 91.224857
-12.485014 0.024982 91.296848
-12.451264 0.024310 91.605762
-12.419381 0.021960 92.033710
-12.388018 0.019273 92.184033
-12.357513 0.023255 92.317052
-12.325456 0.023709 92.653485
-12.300515 0.021601 92.944842
-12.274408 0.017499 93.134540
-12.246261 0.017928 93.147829
-12.214936 0.013250 93.108451
-12.185773 0.013859 92.884714
-12.159556 0.011419 92.893116
-12.136222 0.007323 93.049873
-12.107865 0.010071 93.123168
-12.078892 0.006184 93.015514
-12.054864 0.009759 93.064380
-12.026634 0.006443 93.337871
-11.995499 0.006254 93.666778
-11.955634 0.005445 93.617838
-11.920382 0.000516 93.272507
-11.894444 -0.002649 93.370166
-11.863623 -0.002693 93.747242
-11.828741 -0.002801 94.074959
-11.798274 0.001509 94.026396
-11.770375 0.002221 93.988392
-11.736300 0.003448 93.741240
-11.709735 -0.012602 93.409913
-11.690370 -0.025152 93.802181
-11.663551 -0.012750 94.237277
-11.631129 -0.010523 94.001940
-11.607864 -0.016924 93.590126
-11.586175 -0.022765 93.892747
-11.560281 -0.011709 93.844896
-11.540076 -0.009322 93.327107
-11.511993 -0.013638 92.766652
-11.483747 -0.008849 92.080104
-11.446788 -0.023808 91.876791
-11.422090 -0.027683 92.185307
-11.387041 -0.016806 91.733641
-11.350102 -0.026412 91.307396
-11.319104 -0.031964 91.253743
-11.290333 -0.022628 91.110880
-11.268275 -0.020546 90.724286
-11.233037 -0.023323 90.256807
-11.195876 -0.025416 90.012821
-11.163411 -0.024965 90.303912
-11.144105 -0.021911 90.664452
-11.131081 -0.021553 90.554830
-11.114658 -0.016921 89.947608
-11.080844 -0.013658 89.437081
-11.038541 -0.019501 89.374131
-11.011746 -0.016479 89.430609
-10.986846 -0.014813 89.436048
-10.960093 -0.011388 89.341119
-10.925323 -0.010738 89.431117
-10.898848 -0.009661 89.427546
-10.867696 -0.006011 89.313753
-10.838068 -0.003429 88.999207
-10.800988 -0.012334 88.781983
-10.773439 -0.007795 88.723373
-10.741704 -0.008081 89.002576
-10.711268 0.000396 89.252388
-10.691941 -0.004197 89.582920
-10.650363 -0.016447 89.292805
-10.624668 -0.016007 88.809107
-10.601012 -0.004525 88.478817
-10.573972 0.003566 88.644903
-10.545697 0.010712 89.066612
-10.516057 0.002213 89.257757
-10.483744 0.001099 89.221655
-10.456832 0.008915 89.367785
-10.433049 0.007305 89.704289
-10.402433 0.004976 89.495552
-10.367689 0.000034 89.213110
-10.336012 0.000303 88.627571
-10.312126 0.014727 88.442517
-10.293284 0.024773 88.879625
-10.269017 0.021090 89.487014
-10.236983 0.006555 89.912659
-10.189078 0.010989 89.995915
-10.151730 0.006418 89.749792
-10.119807 0.008255 89.398641
-10.093426 0.021621 89.501940
-10.075932 0.030085 89.670455
-10.039413 0.028828 89.766363
-10.013800 0.025308 89.828921
-9.980655 0.029187 90.193610
-9.942221 0.025363 90.398495
-9.919546 0.014591 90.270119
-9.882649 0.023306 90.003607
-9.851158 0.023078 89.863817
-9.829390 0.032789 90.026954
-9.805897 0.029162 90.517283
-9.782336 0.020276 90.675362
-9.732074 0.018619 90.699174
-9.696161 0.023939 90.399313
-9.670053 0.023605 90.420162
-9.641830 0.034818 90.397014
-9.616564 0.031826 90.695760
-9.594278 0.026111 91.003706
-9.573490 0.028053 90.900561
-9.547341 0.033505 90.507506
-9.524874 0.037476 90.308317
-9.501451 0.034006 90.364290
-9.476905 0.032042 90.778897
-9.446206 0.036196 90.877132
-9.416962 0.039117 90.778228
-9.386259 0.038070 90.553586
-9.357291 0.033641 90.577815
-9.320917 0.029770 90.689595
-9.284801 0.025511 90.533246
-9.255029 0.026106 90.483630
-9.226325 0.026752 90.603888
-9.185640 0.031738 90.592436
-9.152233 0.040807 90.210397
-9.113266 0.027342 90.173094
-9.082121 0.018440 90.455357
-9.051758 0.019654 90.513406
-9.016089 0.029131 90.484094
-8.986856 0.030668 90.330620
-8.961699 0.025249 90.170438
-8.930710 0.018492 90.190976
-8.892639 0.019053 90.182209
-8.866065 0.020643 90.104000
-8.837550 0.025307 89.926181
-8.809697 0.024261 89.853266
-8.779306 0.021660 89.911031
-8.749021 0.025597 89.935912
-8.723224 0.026200 89.756521
-8.697843 0.021126 89.747092
-8.672576 0.030692 89.828882
-8.644798 0.035092 89.735390
-8.617813 0.033659 89.666286
-8.584827 0.021689 89.642118
-8.554733 0.024627 89.653454
-8.524305 0.036603 89.690126
-8.495159 0.031318 89.449700
-8.463755 0.034154 89.466640
-8.439942 0.035291 89.484204
-8.406576 0.044060 89.350344
-8.378493 0.033673 89.186444
-8.346669 0.023472 89.213037
-8.313314 0.022086 89.388315
-8.279620 0.014202 89.549204
-8.253705 0.019295 89.691730
-8.229727 0.025077 89.645459
-8.199144 0.031627 89.460694
-8.174391 0.041792 89.273048
-8.153138 0.036800 89.138355
-8.129875 0.030712 89.244207
-8.091657 0.028074 89.406048
-8.060933 0.023684 89.498449
-8.032380 0.026199 89.385687
-8.002328 0.026888 89.192455
-7.970712 0.022810 89.217366
-7.948566 0.023326 89.276034
-7.924017 0.024795 89.260003
-7.894909 0.027214 89.351205
-7.872720 0.025523 89.587278
-7.852260 0.025919 89.472574
-7.830535 0.030180 89.127147
-7.793204 0.030712 89.061934
-7.766112 0.049046 89.133553
-7.751599 0.055907 89.468600
-7.720349 0.057828 89.573105
-7.684743 0.054441 89.230526
-7.658059 0.060254 88.941447
-7.647684 0.055197 88.813854
-7.596422 0.057396 88.864526
-7.567547 0.067495 88.975757
-7.531919 0.054253 88.849295
-7.489067 0.043105 88.582291
-7.475183 0.044720 88.620671
-7.448465 0.052312 88.960506
-7.436592 0.058366 89.146544
-7.402377 0.055512 88.966166
-7.384687 0.057913 88.551035
-7.365907 0.056517 88.434204
-7.334051 0.060819 88.642206
-7.281669 0.057389 88.348154
-7.246535 0.055381 88.421878
-7.214612 0.066881 88.963239
-7.177915 0.052806 89.218942
-7.137364 0.044016 88.876353
-7.108829 0.051169 88.432970
-7.082946 0.064300 88.316546
-7.053469 0.072923 88.667469
-7.024652 0.066364 88.923317
-6.995787 0.047182 88.721326
-6.973421 0.038170 88.394273
-6.948435 0.065173 88.505418
-6.916878 0.071353 88.708860
-6.885880 0.059339 88.526693
-6.865320 0.065873 88.301428
-6.847745 0.073477 88.316995
-6.822823 0.066370 88.498553
-6.800687 0.077048 88.319303
-6.766882 0.071111 88.316106
-6.735469 0.061633 88.280087
-6.703177 0.065401 88.294439
-6.665782 0.069719 88.247399
-6.621076 0.059298 88.025249
-6.591418 0.059005 87.700894
-6.565617 0.074142 87.730440
-6.533468 0.077267 88.017991
-6.495996 0.055626 87.883383
-6.470377 0.055446 87.417780
-6.447021 0.073159 87.576706
-6.426952 0.087086 87.903233
-6.394741 0.084945 87.898319
-6.367623 0.082696 87.478523
-6.351342 0.078371 87.265555
-6.331502 0.088912 87.456474
-6.308157 0.091786 87.635575
-6.272475 0.093526 87.585946
-6.238704 0.090942 87.300102
-6.207686 0.089315 87.318684
-6.172257 0.090106 87.347913
-6.136647 0.097565 87.352367
-6.101540 0.096396 87.203150
-6.066294 0.103537 87.141756
-6.037591 0.103398 87.067376
-6.004817 0.096097 87.003711
-5.969765 0.090611 87.015044
-5.942044 0.091579 87.058960
-5.907567 0.096726 87.088970
-5.875616 0.094816 87.079337
-5.853890 0.098014 87.173590
-5.836403 0.111407 87.620039
-5.819144 0.117972 88.065723
-5.796804 0.114818 88.310430
-5.778381 0.108046 88.846342
-5.754498 0.114716 89.200420
-5.731047 0.110285 89.289411
-5.703649 0.098111 89.509529
-5.667010 0.103015 89.930983
-5.630089 0.111214 90.027652
-5.599540 0.114057 89.886387
-5.570083 0.114324 89.822200
-5.542299 0.106435 90.057414
-5.513225 0.107350 90.247453
-5.487690 0.112266 90.234593
-5.454926 0.114977 90.031153
-5.409931 0.115097 90.013112
-5.364348 0.116224 90.109314
-5.333051 0.113195 90.097890
-5.310997 0.124983 90.112000
-5.279302 0.139693 90.114235
-5.267094 0.155682 89.928325
-5.238647 0.152986 89.478554
-5.209499 0.139220 89.381251
-5.192630 0.135077 89.460201
-5.172202 0.128232 89.383776
-5.140718 0.124468 89.251785
-5.107423 0.125559 89.202900
-5.068872 0.128287 89.213247
-5.036335 0.140927 89.160045
-5.000108 0.145418 88.922077
-4.962458 0.146089 88.604013
-4.919930 0.136267 88.526872
-4.885033 0.138149 88.617650
-4.851386 0.134942 88.769315
-4.819041 0.139972 88.864214
-4.783848 0.161161 89.286189
-4.753042 0.186006 89.281190
-4.735618 0.204553 88.774404
-4.721723 0.201445 88.419244
-4.702574 0.191030 88.507247
-4.682074 0.176544 88.270744
-4.663803 0.156702 88.025024
-4.624592 0.146788 87.920570
-4.587520 0.150012 88.123250
-4.563485 0.169662 88.663676
-4.532220 0.192796 88.671830
-4.501182 0.196825 88.082901
-4.475099 0.193388 87.932020
-4.445813 0.178684 87.929909
-4.406623 0.167723 87.976128
-4.376638 0.159003 87.687660
-4.350858 0.163240 87.364730
-4.333265 0.174390 87.758147
-4.306970 0.198169 88.045642
-4.278198 0.206079 87.824517
-4.252078 0.205575 87.363306
-4.224436 0.212426 87.122852
-4.196709 0.204916 87.179060
-4.171464 0.198867 87.129672
-4.151404 0.190297 86.923953
-4.113704 0.183044 86.363471
-4.087207 0.180810 86.402602
-4.062444 0.188211 86.548503
-4.037375 0.194264 86.404403
-4.009883 0.193039 86.360955
-3.981645 0.189982 86.187628
-3.956154 0.188297 86.081711
-3.934603 0.191471 86.041024
-3.910220 0.200161 86.408785
-3.886079 0.202216 86.833897
-3.861700 0.211502 86.698421
-3.832347 0.213750 86.766806
-3.805784 0.216976 87.124121
-3.777416 0.217801 87.415133
-3.744808 0.230717 88.163275
-3.716958 0.245955 88.689906
-3.690684 0.240740 89.109747
-3.658314 0.216624 89.154923
-3.628509 0.206844 89.295316
-3.587128 0.196454 89.666401
-3.540965 0.193016 89.983192
-3.505524 0.194635 90.031939
-3.476986 0.200987 90.222201
-3.453424 0.203320 90.409225
-3.433102 0.210542 90.663563
-3.405702 0.216286 91.046273
-3.372639 0.217134 91.047854
-3.354322 0.224650 90.934965
-3.319051 0.223737 91.072708
-3.282964 0.213066 91.208874
-3.242597 0.214440 91.260041
-3.211065 0.223768 91.107015
-3.187244 0.220699 90.725888
-3.162742 0.217887 90.873623
-3.126212 0.193059 91.000315
-3.095707 0.182560 91.177145
-3.076948 0.202790 91.260209
-3.052403 0.215748 91.388307
-3.018016 0.226580 91.435947
-2.998425 0.221484 91.125964
-2.961646 0.217639 90.889273
-2.922969 0.213501 90.668952
-2.902284 0.215692 90.736156
-2.881629 0.213642 90.948163
-2.850273 0.215614 91.122930
-2.821164 0.221853 90.926643
-2.792819 0.227849 90.472569
-2.762152 0.217433 90.204400
-2.724122 0.221118 90.225888
-2.673780 0.209642 89.799698
-2.652090 0.189315 89.622810
-2.635323 0.178552 90.007240
-2.604463 0.192441 90.195648
-2.568682 0.208780 90.165204
-2.540979 0.227094 89.841084
-2.512788 0.228951 89.658757
-2.486238 0.229960 89.797221
-2.460345 0.224159 89.780332
-2.433696 0.220264 89.408000
-2.401170 0.222450 89.506338
-2.375369 0.231508 89.618040
-2.360200 0.244815 90.142703
-2.327187 0.252669 89.985731
-2.294307 0.258001 89.495110
-2.265442 0.253097 89.298765
-2.227570 0.245578 89.421816
-2.181890 0.236802 89.432179
-2.146697 0.232751 89.206056
-2.114640 0.234582 89.154500
-2.072756 0.238918 89.215843
-2.022673 0.244189 89.250965
-1.973473 0.258185 89.157395
-1.954795 0.253331 88.769654
-1.931860 0.256954 88.653031
-1.907004 0.242952 88.301614
-1.865333 0.237275 88.418103
-1.842460 0.233192 88.415635
-1.818267 0.235764 88.480289
-1.787783 0.239000 88.193303
-1.760021 0.239689 87.773072
-1.731197 0.239396 87.456343
-1.687511 0.231272 87.655390
-1.617832 0.217390 88.109972
-1.580366 0.212444 88.048369
-1.576633 0.232732 88.034771
-1.602111 0.266957 87.699669
-1.617484 0.295179 87.726455
-1.594833 0.271498 87.663262
-1.586430 0.249170 87.371051
-1.579082 0.236301 87.255764
-1.548711 0.232380 86.841649
-1.508448 0.237026 86.429155
-1.487209 0.229021 86.898408
-1.476329 0.230901 86.922934
-1.448914 0.231281 86.822696
-1.403532 0.239431 86.461031
-1.343135 0.247334 86.322101
-1.286377 0.249187 86.734307
-1.255946 0.218496 87.115046
-1.226925 0.209313 86.811679
-1.183397 0.220721 86.715298
-1.145942 0.234888 86.442365
-1.118737 0.246411 86.123289
-1.102651 0.253452 86.095833
-1.082014 0.256380 86.037766
-1.061404 0.254809 85.972545
-1.042121 0.251027 86.070038
-1.028125 0.251061 86.113178
-1.011170 0.241624 86.029959
-0.992507 0.245429 86.064037
-0.965286 0.251619 86.121082
-0.934495 0.255447 86.165512
-0.906158 0.253575 86.280022
-0.872590 0.258826 86.550043
-0.833332 0.260865 87.072013
-0.792581 0.263002 87.417695
-0.746627 0.270541 88.167339
-0.707801 0.272032 88.980304
-0.670479 0.266504 89.707146
-0.639570 0.262106 90.096166
-0.609318 0.256311 90.789991
-0.577731 0.254524 91.135096
-0.552459 0.253547 91.664155
-0.522607 0.256182 91.898202
-0.503299 0.253427 92.210724
-0.474561 0.255408 92.507436
-0.451375 0.254954 92.728535
-0.430657 0.254370 92.760798
-0.404695 0.250858 92.774103
-0.365519 0.241483 92.866249
-0.322966 0.229835 92.959818
-0.293184 0.237666 93.231436
-0.254281 0.237614 93.168205
-0.215130 0.232602 93.303540
-0.187574 0.225530 93.138765
-0.161118 0.218270 93.073416
-0.183098 0.232595 93.106127
-0.205777 0.237203 93.394370
-0.216714 0.231061 93.465365
-0.213763 0.220695 93.528318
-0.201670 0.216020 93.607450
-0.197307 0.225031 93.606085
-0.208827 0.220139 93.519875
-0.205977 0.229404 93.699456
-0.206241 0.228560 91.862319
-0.207071 0.235472 90.733860
-0.208041 0.235974 89.249636
-0.209017 0.236608 87.610855
-0.210402 0.233367 85.527960
-0.209853 0.235627 83.152963
-0.210435 0.237409 80.633205
-0.207736 0.228915 77.824336
-0.209001 0.222018 75.265286
-0.207969 0.219233 73.091953
-0.210371 0.222193 71.156136
-0.213979 0.223803 69.234918
-0.215923 0.220366 67.550407
-0.215957 0.215880 65.710151
-0.211630 0.217040 63.633820
-0.214165 0.216541 61.148382
-0.221748 0.204344 58.282371
-0.225659 0.196735 55.262434
-0.227398 0.190127 52.109045
-0.222201 0.176787 48.639682
-0.223216 0.173640 45.341000
-0.221565 0.177343 42.012011
-0.218983 0.169155 38.539416
-0.217071 0.156633 35.288114
-0.214869 0.155123 32.320841
-0.221075 0.152539 29.326704
-0.215411 0.155862 26.964739
-0.207633 0.147636 24.130893
-0.207899 0.147720 21.433342
-0.208119 0.150033 18.049928
-0.199561 0.143114 14.548132
-0.199619 0.137730 11.202195
-0.186669 0.136500 7.881974
-0.182308 0.138023 4.448352
-0.179369 0.139768 1.218194
-0.166712 0.139043 -1.262019
-0.152542 0.148582 -2.660920
-0.143295 0.157736 -1.672752
-0.143451 0.179239 -1.759784
-0.144358 0.200796 -2.119922
-0.148769 0.226620 -2.040481
-0.153628 0.266338 -2.245805
-0.157788 0.313431 -1.874806
-0.151439 0.360913 -1.736360
-0.138957 0.413961 -1.380772
-0.154503 0.469255 -1.759540
-0.170741 0.516040 -1.613278
-0.188259 0.558700 -1.572978
-0.193849 0.602235 -1.486915
-0.195818 0.646845 -1.657509
-0.209749 0.686469 -1.586485
-0.214269 0.707123 -1.595940
-0.208484 0.730505 -1.553328
-0.197647 0.751020 -1.726911
-0.193169 0.768084 -1.828003
-0.197557 0.780920 -1.352278
-0.201034 0.797704 -1.212176
-0.197741 0.817061 -1.429097
-0.203787 0.835782 -1.651949
-0.203299 0.848901 -1.629087
-0.205927 0.869409 -1.542538
-0.205097 0.883793 -1.510898
-0.201208 0.925678 -1.369789
-0.201044 0.957789 -1.313211
-0.200035 0.996463 -0.972125
-0.199509 1.033307 -0.627557
-0.208715 1.072350 0.164870
-0.214361 1.116096 1.146665
-0.230446 1.160193 1.863217
-0.229705 1.192115 2.353517
-0.221349 1.225776 2.900937
-0.217494 1.254805 3.441111
-0.212209 1.285510 3.912573
-0.206452 1.319924 4.317238
-0.204565 1.340904 4.735844
-0.202072 1.365667 4.861507
-0.202204 1.388721 4.871495
-0.206508 1.410964 4.983017
-0.204908 1.433396 5.144181
-0.202035 1.460464 5.314763
-0.200534 1.489630 5.412493
-0.201354 1.514290 5.470435
-0.200450 1.545618 5.651704
-0.196520 1.576477 5.793379
-0.196909 1.610014 6.079808
-0.192701 1.644190 6.378371
-0.189765 1.676021 6.532301
-0.188506 1.706886 6.596831
-0.191811 1.738609 6.579100
-0.184997 1.773197 6.633667
-0.182805 1.808072 6.927331
-0.178311 1.839474 6.916564
-0.176695 1.866272 6.855224
-0.170203 1.893702 6.813216
-0.164295 1.917530 7.021879
-0.157318 1.945932 7.060185
-0.157310 1.969100 7.126755
-0.163329 1.997859 7.137472
-0.157958 2.021435 7.196377
-0.154482 2.053441 7.394244
-0.153178 2.080846 7.380081
-0.156558 2.107035 7.420759
-0.155379 2.137653 7.334750
-0.153066 2.164702 7.397471
-0.149182 2.194964 7.536629
-0.143839 2.222187 7.393187
-0.132910 2.252628 6.934805
-0.132743 2.283016 6.616709
-0.139313 2.313211 6.323654
-0.141709 2.338210 6.161249
-0.136845 2.368764 5.656364
-0.134962 2.400057 5.153355
-0.136763 2.427015 4.734478
-0.133896 2.457438 4.388084
-0.138899 2.483824 4.211987
-0.139578 2.507864 3.981461
-0.138994 2.537266 3.854381
-0.136897 2.565567 3.672683
-0.136751 2.594342 3.487609
-0.139146 2.624338 3.140969
-0.136029 2.648796 2.820032
-0.135921 2.680284 2.749756
-0.133538 2.710140 2.570341
-0.124912 2.743883 2.384363
-0.123023 2.769613 2.013635
-0.133482 2.799388 1.977163
-0.138940 2.823369 1.791557
-0.133106 2.855083 1.567726
-0.133371 2.880388 1.365485
-0.134473 2.906200 1.283146
-0.142213 2.936083 1.175209
-0.140093 2.965619 1.020272
-0.141112 2.997028 0.812011
-0.143627 3.030996 0.855995
-0.143640 3.058075 0.760651
-0.142088 3.085840 0.381208
-0.149285 3.116503 0.325423
-0.145156 3.146984 0.370548
-0.149594 3.175925 0.302576
-0.153407 3.201523 0.146571
-0.160180 3.227859 -0.035157
-0.160750 3.260592 -0.208466
-0.152644 3.285563 -0.342056
-0.150568 3.317740 -0.529029
-0.154317 3.349689 -0.590934
-0.153934 3.379964 -0.215451
-0.156510 3.408563 0.292208
-0.153391 3.433139 0.802203
-0.149241 3.462066 1.307514
-0.146815 3.490396 1.667604
-0.150045 3.515103 2.186569
-0.144972 3.542978 2.649854
-0.142944 3.566641 2.829615
-0.139823 3.594151 2.682564
-0.136905 3.619749 2.206397
-0.140190 3.647281 1.564929
-0.147943 3.676620 0.929906
-0.156355 3.705553 0.765954
-0.157667 3.738329 0.914599
-0.156744 3.769462 0.835971
-0.158587 3.796682 0.645145
-0.157559 3.827422 0.716417
-0.158207 3.857071 0.963973
-0.156550 3.884140 0.883824
-0.161146 3.910312 0.959114
-0.161987 3.935956 1.069742
-0.164775 3.964564 1.124543
-0.165331 3.992414 1.226539
-0.167739 4.023792 1.186248
-0.168223 4.051166 1.321111
-0.169566 4.078469 1.298626
-0.161771 4.103357 1.337299
-0.161199 4.130946 1.345695
-0.161033 4.165794 1.400989
-0.160424 4.194653 1.415944
-0.157798 4.225021 1.480316
-0.154704 4.255929 1.470209
-0.155233 4.284638 1.500111
-0.154657 4.309588 1.518175
-0.156688 4.338933 1.504301
-0.156614 4.365347 1.732716
-0.154573 4.392340 1.781970
-0.156008 4.422392 1.782147
-0.156647 4.450091 1.846240
-0.157132 4.479539 1.890775
-0.160531 4.504698 2.025934
-0.159099 4.541028 2.019188
-0.157174 4.566453 2.043097
-0.157870 4.599038 2.167351
-0.158879 4.628609 2.279304
-0.160018 4.656347 2.337182
-0.159750 4.684341 2.420940
-0.160228 4.715349 2.433533
-0.160266 4.747626 2.588331
-0.159563 4.775920 2.561378
-0.156618 4.808628 2.645936
-0.156170 4.831667 2.790724
-0.151322 4.859954 2.681286
-0.155805 4.893612 2.626937
-0.155440 4.921768 2.697151
-0.153507 4.946605 2.570368
-0.153199 4.976726 2.591853
-0.155659 5.008984 2.731341
-0.155000 5.038244 2.595493
-0.158255 5.073427 2.770368
-0.154288 5.100525 2.724248
-0.151364 5.126294 2.680239
-0.155793 5.157842 2.736045
-0.157351 5.191855 2.864433
-0.153684 5.223013 2.789140
-0.152645 5.248462 2.736339
-0.150776 5.283716 2.651449
-0.145419 5.310509 2.663449
-0.140915 5.334623 2.638855
-0.146897 5.364463 2.754509
-0.145189 5.390641 2.670036
-0.143132 5.414324 2.670890
-0.138183 5.444081 2.671973
-0.138876 5.470295 2.652012
-0.138942 5.498953 2.669208
-0.142293 5.529314 2.653444
-0.143880 5.565448 2.670617
-0.144085 5.595604 2.752626
-0.139158 5.633178 2.745086
-0.140078 5.663472 2.629652
-0.144459 5.700665 2.591344
-0.141163 5.730586 2.660177
-0.137298 5.763516 2.535067
-0.137833 5.793686 2.353575
-0.131211 5.822917 2.358664
-0.125174 5.847632 2.371194
-0.124745 5.875190 2.203334
-0.128612 5.894868 2.149834
-0.127947 5.921950 2.168895
-0.125870 5.949130 2.152799
-0.128158 5.970760 2.103022
-0.129776 5.996669 1.968700
-0.129248 6.026709 1.857213
-0.131839 6.054177 1.721523
-0.131523 6.082474 1.620369
-0.132316 6.107677 1.473345
-0.132279 6.137799 1.340000
-0.129897 6.173964 1.219347
-0.125393 6.202963 0.981757
-0.128094 6.231627 0.697406
-0.125775 6.266476 0.491436
-0.129174 6.297673 0.237948
-0.133823 6.325899 0.049273
-0.134581 6.355294 -0.174198
-0.134429 6.386203 -0.439772
-0.131319 6.414595 -0.615885
-0.131356 6.443259 -0.965296
-0.132263 6.465945 -1.063418
-0.132625 6.490744 -1.118966
-0.133873 6.507959 -1.277902
-0.131710 6.534473 -1.539213
-0.128569 6.555824 -1.522457
-0.132270 6.579471 -1.541490
-0.134263 6.603851 -1.726970
-0.134850 6.630277 -1.889782
-0.137044 6.652958 -2.124038
-0.138369 6.681123 -2.244158
-0.138174 6.711432 -2.264200
-0.137104 6.740597 -2.376095
-0.142348 6.776401 -2.485903
-0.144071 6.812342 -2.523643
-0.148425 6.849987 -2.479813
-0.151278 6.887404 -2.448908
-0.152302 6.927434 -2.405933
-0.155887 6.960842 -2.148617
-0.158195 6.989077 -1.897476
-0.164653 7.006693 -2.002340
-0.169105 7.023290 -2.059627
-0.173096 7.050823 -1.544138
-0.174798 7.067621 -1.025108
-0.175037 7.089826 -0.631919
-0.175912 7.115642 -0.117817
-0.174420 7.137124 0.419794
-0.177525 7.166047 0.928169
-0.177550 7.203983 1.172677
-0.173172 7.237129 1.007275
-0.175329 7.269589 0.916207
-0.174997 7.302321 1.203438
-0.175297 7.342418 1.346604
-0.175931 7.380469 1.171840
-0.174155 7.420340 1.038402
