1.txt 1 -0.000047 0.002932 0.005461 2 -0.113122 2.654810 -1.967904
1.txt 2 -0.086862 2.728680 -92.725334 3 -23.728089 2.304659 -94.860888
2.txt 3 -0.000602 -0.010259 -0.000232 4 2.258702 41.919879 3.899172
2.txt 4 2.349055 42.031951 93.573191 5 24.906906 41.454395 91.839326
2.txt 5 25.017106 41.468388 169.536756 6 23.182014 5.555793 177.150868
2.txt 5 24.719467 40.802740 94.441302 7 64.228220 40.187413 97.715945
2.txt 7 64.268704 40.195400 -176.348123 8 64.551828 34.719814 -179.578323
3.txt 6 -0.002334 -0.001599 0.001143 9 1.860475 42.913464 3.634736
3.txt 9 1.862584 42.938658 3.636288 10 2.186065 48.936073 4.080881
3.txt 10 2.190191 48.964088 4.597972 11 2.727952 56.221184 3.708883
3.txt 11 2.730537 56.251933 3.631498 12 3.284851 64.221357 2.740893
3.txt 12 3.287443 64.246763 2.649598 13 3.657421 70.191092 2.734687
3.txt 13 3.659421 70.221849 2.647448 14 4.148167 76.202152 3.199904
3.txt 14 4.149744 76.227202 3.050154 15 4.530243 83.508056 4.453048
3.txt 15 4.533551 83.533174 4.841043 16 5.181576 90.497563 5.267862
3.txt 16 5.187733 90.526120 5.112832 17 8.372797 124.498501 3.347533
3.txt 17 8.373924 124.531597 3.304959 18 8.872329 130.148768 3.763288
3.txt 18 8.871017 130.178185 3.760307 19 9.617540 137.589120 4.408067
3.txt 19 9.622511 137.619082 4.433616 20 10.366838 145.097561 10.215415
3.txt 20 10.375552 145.130432 10.245455 21 11.736686 156.947070 9.179309
4.txt 8 0.007293 -0.013852 0.007541 22 -3.106855 180.873963 -0.645714
5.txt 2 0.000640 -0.013675 0.006564 23 -5.883408 125.232089 0.487537
6.txt 23 0.016417 -0.015679 0.022780 24 -0.877598 39.311413 -7.089424
6.txt 24 -0.862222 39.320042 -88.836988 25 -23.633561 39.456274 -86.101758
6.txt 25 -23.698127 39.557579 -176.036725 21 -23.742188 0.623402 -179.811244
6.txt 25 -23.697108 38.814637 -77.467880 26 -62.087815 39.767408 -94.401890
6.txt 26 -62.106422 39.786861 -173.757983 22 -64.163312 -6.548149 179.420445
7.txt 10 -0.002343 6.134443 -91.580684 28 -34.614181 6.159015 -95.604912
7.txt 28 -34.686227 6.156853 -177.092368 27 -34.650314 0.517449 -178.238951
7.txt 27 -34.664162 0.449245 86.964088 9 -0.114208 0.493955 88.926262
8.txt 11 -0.274696 7.401818 -90.306945 29 -34.601538 6.257244 -91.115503
8.txt 29 -34.664997 6.261330 175.450889 28 -34.329042 0.012386 -179.048606
9.txt 12 -0.142495 7.753934 -80.000459 30 -34.641388 6.962511 -92.921977
9.txt 30 -34.681145 6.948422 170.828098 29 -34.350505 0.008847 175.868638
10.txt 13 -0.212370 6.410440 -89.958916 31 -34.823460 4.606217 -93.239716
10.txt 31 -34.864218 4.591314 175.581431 30 -34.548589 -1.507726 176.249674
11.txt 14 -0.086633 5.977313 -89.777403 32 -34.696360 4.495928 -93.117223
11.txt 32 -34.764422 4.586244 177.972912 31 -34.451093 -1.015079 174.268697
12.txt 15 -0.500520 7.703832 -90.985951 33 -34.960605 5.023340 -95.630545
12.txt 33 -35.007163 5.001685 170.777989 32 -34.440541 -2.340623 173.074123
13.txt 16 -0.103874 7.292190 -87.321275 34 -34.289434 6.895475 -95.381150
13.txt 34 -34.343688 6.985102 172.255147 33 -34.271785 -0.341337 -179.639547
14.txt 17 1.890524 33.517356 -80.110015 35 -32.660300 35.565982 -86.399939
14.txt 35 -32.718730 35.656594 179.863795 34 -34.372896 2.188374 -174.812072
15.txt 18 -0.402329 5.912715 -92.893152 37 -39.742093 1.940969 -96.349761
16.txt 19 0.567142 7.380563 -85.009756 38 -39.052118 9.837842 -82.346545
17.txt 20 -0.022779 7.647011 -85.815601 39 -39.658964 6.411045 -96.077475
6.txt 1 -46.307342 39.918188 92.112167 2 -46.307342 -46.307342 92.112167
