-0.583318 -0.003433 0.046606
-0.583007 -0.013785 0.277106
-0.586718 -0.003749 0.36223
-0.585689 0.010291 0.337312
-0.58841 0.021057 0.398615
-0.589834 0.032513 0.410115
-0.591122 0.04462 0.424297
-0.592405 0.057569 0.440403
-0.593672 0.06963 0.477795
-0.594597 0.084391 0.470853
-0.596089 0.100184 0.515432
-0.595367 0.116737 0.505288
-0.596532 0.13648 0.510232
-0.596376 0.156729 0.521256
-0.598226 0.179333 0.544864
-0.599629 0.200418 0.558911
-0.599035 0.221853 0.578246
-0.598673 0.243502 0.554596
-0.598265 0.263457 0.553846
-0.597046 0.283795 0.563399
-0.597924 0.303145 0.588682
-0.59751 0.321356 0.614752
-0.60003 0.338139 0.642282
-0.598185 0.353544 0.627566
-0.599589 0.367788 0.647468
-0.598008 0.382857 0.639114
-0.599626 0.402054 0.666113
-0.598278 0.419806 0.640181
-0.598571 0.4406 0.64119
-0.601399 0.461668 0.677965
-0.600357 0.481987 0.673545
-0.600369 0.502398 0.677508
-0.60197 0.523383 0.677608
-0.601388 0.545585 0.68558
-0.60237 0.565969 0.727898
-0.602051 0.586063 0.747274
-0.602983 0.605047 0.739738
-0.602725 0.623706 0.763635
-0.602346 0.643075 0.790916
-0.602353 0.661063 0.779337
-0.602897 0.678042 0.790223
-0.601527 0.697054 0.785417
-0.603045 0.715927 0.828067
-0.603691 0.734714 0.83738
-0.601972 0.754626 0.835521
-0.602183 0.774623 0.844061
-0.604576 0.795082 0.894641
-0.605449 0.814263 0.865761
-0.604812 0.83157 0.902714
-0.603313 0.846861 0.940177
-0.603828 0.863669 0.949689
-0.603265 0.881425 0.94916
-0.603228 0.897973 0.972659
-0.6046 0.917869 0.998076
-0.605063 0.93727 1.01461
-0.604711 0.959601 1.05124
-0.604383 0.984364 1.04621
-0.60416 1.01213 1.06483
-0.607369 1.04402 1.12522
-0.6061 1.079 1.13623
-0.60551 1.11609 1.16473
-0.606462 1.15173 1.18655
-0.607497 1.18666 1.21613
-0.608458 1.22161 1.25228
-0.607912 1.25481 1.27926
-0.607393 1.28741 1.27882
-0.607069 1.31771 1.28315
-0.607243 1.34549 1.33304
-0.608772 1.37214 1.35252
-0.608364 1.39646 1.37918
-0.608562 1.42137 1.39595
-0.60755 1.44453 1.4113
-0.608552 1.46787 1.44106
-0.60764 1.49537 1.44682
-0.607702 1.52152 1.46587
-0.607213 1.55129 1.50154
-0.608234 1.58332 1.52435
-0.610238 1.61469 1.57383
-0.609682 1.64712 1.57843
-0.610298 1.68119 1.64034
-0.621226 1.71145 1.62889
-0.622979 1.74219 1.67261
-0.622313 1.77374 1.7346
-0.621727 1.80176 1.73862
-0.624835 1.83099 1.81041
-0.625335 1.85812 1.82363
-0.624678 1.8849 1.83423
-0.623968 1.91233 1.88439
-0.624406 1.9428 1.92136
-0.625449 1.97247 1.95065
-0.624795 2.00274 1.98745
-0.625332 2.03553 2.03415
-0.624709 2.06641 2.05166
-0.624628 2.09795 2.09628
-0.623102 2.12796 2.12371
-0.623124 2.15803 2.149
-0.623144 2.1881 2.19693
-0.624205 2.21937 2.24456
-0.621405 2.24725 2.24175
-0.620399 2.27566 2.25391
-0.619656 2.30221 2.2755
-0.619121 2.33251 2.33921
-0.618196 2.35986 2.37492
-0.617887 2.3877 2.40221
-0.617245 2.41501 2.41704
-0.617806 2.44309 2.47748
-0.617674 2.46989 2.48799
-0.61667 2.49954 2.53508
-0.61594 2.52973 2.57872
-0.615275 2.56029 2.6011
-0.616837 2.59102 2.6633
-0.616351 2.62104 2.69887
-0.61654 2.65191 2.74474
-0.615259 2.68288 2.77067
-0.614773 2.71271 2.81008
-0.613725 2.74311 2.82447
-0.613003 2.7721 2.86843
-0.613496 2.80208 2.88483
-0.611904 2.83094 2.91087
-0.61115 2.85956 2.94595
-0.619684 2.88618 3.02862
-0.618045 2.91358 3.05121
-0.61909 2.94279 3.12025
-0.619242 2.97145 3.14328
-0.617685 3.00177 3.19044
-0.616209 3.0338 3.21757
-0.613631 3.06348 3.2433
-0.612898 3.09539 3.29277
-0.613135 3.12771 3.34385
-0.610278 3.15906 3.36306
-0.609751 3.1896 3.41309
-0.609683 3.21844 3.42594
-0.608211 3.24943 3.50679
-0.607181 3.27974 3.54756
-0.606511 3.308 3.58091
-0.605133 3.33742 3.61423
-0.603565 3.36376 3.62955
-0.602561 3.39139 3.64048
-0.601615 3.42035 3.70748
-0.599557 3.44983 3.7516
-0.597562 3.47698 3.76543
-0.596953 3.50568 3.7885
-0.595373 3.53634 3.82457
-0.593226 3.56682 3.91111
-0.592576 3.59636 3.9499
-0.592185 3.62583 3.97508
-0.589816 3.65569 3.99134
-0.587803 3.68372 4.04051
-0.587634 3.7129 4.08244
-0.586466 3.74112 4.11136
-0.584023 3.77397 4.16421
-0.58208 3.80432 4.19076
-0.581233 3.8346 4.21623
-0.579409 3.86302 4.26038
-0.578266 3.89172 4.30516
-0.577297 3.92161 4.37224
-0.574814 3.94894 4.42626
-0.57344 3.97881 4.458
-0.570975 4.00719 4.48707
-0.569169 4.03765 4.54688
-0.569914 4.06597 4.58915
-0.569298 4.09734 4.61489
-0.567916 4.12913 4.58353
-0.565984 4.15947 4.39471
-0.564223 4.18949 4.24725
-0.564306 4.21914 4.1485
-0.563379 4.24796 4.10323
-0.561873 4.27674 4.0651
-0.560739 4.30473 4.13306
-0.558599 4.33609 4.21334
-0.556587 4.3659 4.2447
-0.556172 4.39555 4.32641
-0.55395 4.42464 4.36358
-0.552576 4.45112 4.41115
-0.550222 4.47807 4.45044
-0.549947 4.50794 4.50026
-0.547261 4.53696 4.56071
-0.546584 4.56686 4.63876
-0.544356 4.59718 4.70379
-0.540934 4.62809 4.75052
-0.539926 4.65955 4.83097
-0.538231 4.69062 4.88873
-0.536324 4.71919 4.98098
-0.536896 4.74773 4.90725
-0.538197 4.77646 4.5499
-0.541927 4.80476 3.94726
-0.544681 4.83145 3.20294
-0.544623 4.85807 2.46617
-0.544889 4.88353 1.79727
-0.542374 4.91139 1.39896
-0.540479 4.93739 1.19762
-0.538208 4.96347 1.22478
-0.537473 4.99174 1.35109
-0.538374 5.02189 1.45687
-0.538274 5.05014 1.57758
-0.53854 5.0833 1.70239
-0.538064 5.11435 1.82132
-0.538409 5.14727 1.88345
-0.538758 5.17998 1.95797
-0.538202 5.20948 1.99516
-0.552057 5.23659 2.11628
-0.556167 5.26583 2.20811
-0.555966 5.29358 2.29357
-0.553886 5.32447 2.34078
-0.55207 5.35146 2.36605
-0.550091 5.38081 2.41308
-0.549874 5.41016 2.50381
-0.549111 5.4391 2.53221
-0.549908 5.46826 2.60594
-0.549739 5.49653 2.6714
-0.549893 5.52863 2.78538
-0.550201 5.56089 2.88611
-0.549735 5.59324 2.91539
-0.549552 5.62366 2.9744
-0.549298 5.65575 3.0422
-0.547946 5.68394 3.14915
-0.547098 5.71485 3.18863
-0.546085 5.74232 3.29242
-0.545305 5.77448 3.31699
-0.543842 5.80738 3.42093
-0.542343 5.83983 3.45702
-0.54241 5.86896 3.50076
-0.540411 5.89664 3.5857
-0.53847 5.92405 3.66884
-0.538205 5.95808 3.76324
-0.538205 5.99047 3.81
-0.534683 6.02111 3.7589
-0.534673 6.05173 3.63126
-0.535028 6.07971 3.47882
-0.53301 6.10843 3.47519
-0.532959 6.13802 3.41295
-0.53288 6.16632 3.40753
-0.531153 6.19843 3.47471
-0.531265 6.23004 3.51686
-0.528546 6.26073 3.55852
-0.52688 6.29248 3.65153
-0.52581 6.32163 3.63231
-0.524039 6.35455 3.53887
-0.523557 6.38242 3.21765
-0.526034 6.40902 2.93378
-0.520878 6.42647 2.73583
-0.519484 6.44941 2.75185
-0.51917 6.47631 2.83187
-0.518001 6.50439 2.84393
-0.516219 6.53201 2.89925
-0.516537 6.56293 2.97438
-0.516682 6.58999 3.03881
-0.515752 6.62216 3.10889
-0.514872 6.65499 3.15322
-0.513382 6.68253 3.18977
-0.510562 6.71507 3.13631
-0.507857 6.74643 2.84502
-0.509977 6.77762 2.44711
-0.512682 6.80826 2.04899
-0.515582 6.83706 1.92824
-0.516306 6.86368 1.90688
-0.51763 6.89364 1.90563
-0.516484 6.91948 1.92459
-0.516838 6.94716 1.95789
-0.515501 6.97981 2.03294
-0.514384 7.01011 2.05175
-0.514285 7.04334 2.09927
-0.51481 7.07508 2.16027
-0.516402 7.103 2.19101
-0.516293 7.13166 2.23019
-0.515111 7.16035 2.28609
-0.514729 7.19041 2.34266
-0.514902 7.22365 2.3916
-0.516051 7.25281 2.42431
-0.515472 7.28352 2.52328
-0.515307 7.3123 2.55915
-0.515284 7.34053 2.6482
-0.514647 7.36996 2.68333
-0.515082 7.40398 2.75418
-0.514961 7.4331 2.80805
-0.51542 7.46048 2.85171
-0.514457 7.4908 2.89118
-0.513964 7.52007 2.94983
-0.512998 7.54984 3.00733
-0.51312 7.58004 3.06302
-0.504509 7.61072 3.07807
-0.503094 7.63976 3.12881
-0.503831 7.66687 3.18384
-0.501564 7.69685 3.24838
-0.500502 7.72957 3.28779
-0.499142 7.76142 3.35244
-0.497492 7.79343 3.42092
-0.496091 7.8233 3.47729
-0.496256 7.85467 3.53066
-0.495309 7.88361 3.60465
-0.495137 7.91024 3.65988
-0.493213 7.93834 3.71085
-0.49252 7.96649 3.78209
-0.491481 7.99175 3.8392
-0.491909 8.02104 3.82207
-0.494149 8.05257 3.59538
-0.495408 8.08346 3.27196
-0.494442 8.11404 2.98084
-0.492963 8.1428 2.82599
-0.493293 8.17236 2.78179
-0.491621 8.20299 2.76436
-0.491106 8.23281 2.80418
-0.489704 8.26148 2.84469
-0.489495 8.29271 2.87404
-0.489595 8.32481 2.90813
-0.488644 8.35592 3.01302
-0.491189 8.38547 3.05494
-0.490787 8.41396 3.10642
-0.488843 8.44269 3.12655
-0.488351 8.4729 3.17929
-0.488234 8.50208 3.19057
-0.487994 8.53167 3.26824
-0.486216 8.56239 3.31747
-0.484696 8.59555 3.37276
-0.482717 8.62862 3.45003
-0.483099 8.65874 3.48487
-0.482925 8.69014 3.50122
-0.481309 8.72196 3.55134
-0.480395 8.75149 3.55413
-0.479932 8.78109 3.59835
-0.472377 8.80151 3.64445
-0.470111 8.82429 3.64854
-0.472061 8.85306 3.2695
-0.474032 8.87988 2.83442
-0.473298 8.90846 2.41967
-0.473451 8.93729 2.19725
-0.472709 8.96461 2.20379
-0.471424 8.99325 2.22072
-0.472763 9.02371 2.20483
-0.472564 9.05702 2.20741
-0.471761 9.08523 2.19089
-0.47046 9.11598 2.16601
-0.469171 9.1459 2.19393
-0.469709 9.17869 2.21406
-0.470805 9.20849 2.24512
-0.469777 9.23635 2.2148
-0.468482 9.26635 2.23052
-0.468091 9.29441 2.2657
-0.469577 9.32366 2.21974
-0.467872 9.35549 2.24296
-0.466118 9.38659 2.18767
-0.464404 9.41863 2.24116
-0.465599 9.4484 2.22406
-0.464331 9.4788 2.20459
-0.465177 9.50868 2.22711
-0.464107 9.53725 2.20839
-0.462892 9.56274 2.25327
-0.461109 9.59048 2.30281
-0.460842 9.61855 2.31368
-0.461282 9.65265 2.30183
-0.46088 9.68319 2.30339
-0.45931 9.71309 2.31326
-0.459574 9.74415 2.31856
-0.459038 9.77261 2.32957
-0.457988 9.8015 2.38697
-0.457365 9.83199 2.41007
-0.459297 9.86083 2.41192
-0.458129 9.88897 2.44622
-0.456911 9.91715 2.44826
-0.456771 9.94809 2.39014
-0.467915 9.97596 2.45736
-0.468161 10.0072 2.22599
-0.466571 10.0342 1.96815
-0.468585 10.0631 1.67173
-0.470097 10.0922 1.50267
-0.473004 10.1233 1.48311
-0.473661 10.156 1.48538
-0.474085 10.1878 1.48324
-0.474159 10.2187 1.50078
-0.473857 10.2503 1.54881
-0.47346 10.2814 1.56717
-0.474544 10.3147 1.5573
-0.47366 10.3452 1.62692
-0.475544 10.3735 1.66341
-0.476812 10.4022 1.69386
-0.478914 10.4295 1.67913
-0.476715 10.4567 1.70789
-0.477921 10.4858 1.71743
-0.478384 10.5143 1.73804
-0.477853 10.5428 1.73006
-0.476707 10.572 1.77224
-0.478327 10.6016 1.80115
-0.479362 10.6334 1.80029
-0.477822 10.6637 1.86084
-0.477901 10.6944 1.86196
-0.477011 10.7245 1.87596
-0.474796 10.7574 1.88296
-0.475633 10.7857 1.93375
-0.476784 10.8156 1.91793
-0.478419 10.846 1.92776
-0.477295 10.8749 1.92881
-0.477169 10.9032 1.96729
-0.476956 10.9295 1.99624
-0.476878 10.9554 2.01106
-0.476347 10.9867 1.98975
-0.4778 11.0179 1.98693
-0.477436 11.0465 2.03067
-0.477363 11.0743 2.10316
-0.476357 11.1061 2.13955
-0.477563 11.1365 2.15234
-0.469364 11.1659 2.08547
-0.466418 11.1947 2.13744
-0.467312 11.2247 2.1669
-0.466009 11.2525 2.20192
-0.466614 11.2806 2.23399
-0.466848 11.3112 2.22199
-0.46754 11.3391 2.24926
-0.466933 11.3683 2.32529
-0.467359 11.3993 2.30717
-0.468448 11.4289 2.31203
-0.46941 11.4581 2.30631
-0.467813 11.4848 2.35515
-0.465878 11.513 2.39673
-0.464852 11.5413 2.44422
-0.465528 11.571 2.43825
-0.465201 11.6015 2.45986
-0.464079 11.6285 2.46898
-0.463151 11.6568 2.47077
-0.465684 11.6874 2.4779
-0.464742 11.7166 2.52875
-0.4627 11.7461 2.54155
-0.464117 11.7798 2.5326
-0.464994 11.8136 2.50352
-0.464287 11.8439 2.53521
-0.461997 11.8758 2.61274
-0.464327 11.9033 2.59867
-0.463947 11.9317 2.64811
-0.465242 11.9653 2.59433
-0.466757 11.9975 2.60567
-0.465557 12.0289 2.65412
-0.464655 12.0574 2.66028
-0.464944 12.0851 2.66934
-0.462816 12.1131 2.69808
-0.462448 12.1411 2.73079
-0.463756 12.1727 2.71115
-0.460309 12.2039 2.76301
-0.459182 12.2296 2.81042
-0.459256 12.2624 2.79252
-0.455114 12.2937 2.84988
-0.458469 12.3289 2.77383
-0.462749 12.3535 2.84457
-0.461254 12.3814 2.87981
-0.458952 12.4116 2.91281
-0.460506 12.4411 2.88018
-0.462088 12.4715 2.83447
-0.462315 12.4976 2.58632
-0.465632 12.5222 2.26989
-0.463873 12.5484 1.95645
-0.459364 12.581 1.87332
-0.458189 12.6119 1.91102
-0.457697 12.6464 1.91642
-0.456716 12.6751 1.93777
-0.456058 12.7051 1.97048
-0.457484 12.7324 2.0425
-0.459851 12.7642 2.05188
-0.457927 12.7923 2.10503
-0.455626 12.8199 2.17924
-0.454782 12.8458 2.23581
-0.457501 12.8755 2.26771
-0.45731 12.9038 2.31997
-0.457194 12.9373 2.35969
-0.455657 12.9688 2.43306
-0.459253 13.0004 2.45758
-0.452261 13.0264 2.58424
-0.455292 13.058 2.58611
-0.457079 13.0855 2.60194
-0.456081 13.1154 2.71284
-0.450893 13.1445 2.75312
-0.449876 13.1747 2.81202
-0.449395 13.2058 2.8946
-0.451214 13.2398 2.89917
-0.443934 13.2645 3.00684
-0.444032 13.2956 3.06547
-0.447387 13.3301 3.07769
-0.444804 13.3628 3.19656
-0.445722 13.398 3.2731
-0.445015 13.4333 3.34099
-0.445704 13.4668 3.42704
-0.446392 13.5008 3.51419
-0.446129 13.5307 3.56089
-0.443666 13.5627 3.46697
-0.43962 13.5955 3.50412
-0.439451 13.6276 3.53455
-0.442007 13.6558 3.66667
-0.441175 13.6866 3.68701
-0.438715 13.7183 3.72162
-0.43784 13.7487 3.77445
-0.438589 13.7788 3.80331
-0.435708 13.8093 3.8436
-0.432786 13.8449 3.97312
-0.432559 13.8742 4.00234
-0.434494 13.9063 4.03492
-0.429325 13.9399 4.12826
-0.426418 13.9755 4.17042
-0.424106 14.0061 4.1936
-0.420862 14.0399 4.27391
-0.419468 14.0676 4.30763
-0.419978 14.0953 4.32062
-0.419031 14.1235 4.33135
-0.418768 14.154 4.18178
-0.418776 14.1845 3.83665
-0.4187 14.216 3.37904
-0.418354 14.2399 2.93631
-0.417317 14.2657 2.86247
-0.416943 14.2951 2.87366
-0.416078 14.3264 2.9208
-0.417018 14.3583 2.98384
-0.414251 14.3855 2.99752
-0.415641 14.4173 3.0551
-0.412087 14.4473 3.11042
-0.409631 14.475 3.15322
-0.407925 14.5083 3.22759
-0.409783 14.537 3.26771
-0.408054 14.5625 3.28625
-0.407102 14.5899 3.31181
-0.404436 14.6194 3.36582
-0.40448 14.6538 3.45953
-0.40286 14.6834 3.50234
-0.40278 14.7118 3.52162
-0.403567 14.7391 3.49676
-0.3995 14.776 3.28097
-0.399017 14.8084 2.9086
-0.398607 14.8407 2.57502
-0.396156 14.8736 2.33003
-0.395997 14.9 2.26084
-0.39435 14.9322 2.29047
-0.39274 14.9619 2.34094
-0.392458 14.9932 2.40604
-0.391909 15.0237 2.47551
-0.388961 15.0575 2.48057
-0.388506 15.0895 2.53181
-0.38719 15.1215 2.59537
-0.386643 15.153 2.59347
-0.388693 15.1842 2.56539
-0.386694 15.2152 2.6373
-0.388759 15.2453 2.63432
-0.386952 15.276 2.68028
-0.384316 15.3046 2.75161
-0.384962 15.3365 2.75347
-0.385584 15.3647 2.77125
-0.385635 15.3928 2.79544
-0.385396 15.421 2.82464
-0.384784 15.4508 2.83048
-0.382427 15.4787 2.8753
-0.38087 15.5101 2.90206
-0.37907 15.5383 2.90578
-0.37841 15.5693 2.92122
-0.377545 15.6019 2.98697
-0.376546 15.6312 2.97505
-0.376405 15.6597 3.01054
-0.377214 15.6904 3.04007
-0.377239 15.7219 3.07161
-0.375838 15.7503 3.0768
-0.374866 15.7824 3.1725
-0.37326 15.813 3.17299
-0.369678 15.8437 3.1964
-0.369488 15.8728 3.20224
-0.371173 15.9018 3.21629
-0.369993 15.934 3.27
-0.37162 15.9617 3.2839
-0.379563 15.9963 3.26761
-0.381422 16.0259 3.26101
-0.376679 16.0557 3.29673
-0.375803 16.0854 3.33183
-0.373662 16.1164 3.32085
-0.373545 16.1472 3.37003
-0.375873 16.1765 3.42351
-0.37353 16.2067 3.42271
-0.371905 16.2349 3.43133
-0.369208 16.2691 3.45468
-0.368613 16.2998 3.16852
-0.366925 16.3252 2.74329
-0.369645 16.3553 2.26283
-0.367365 16.3873 1.85482
-0.371962 16.4204 1.69543
-0.373052 16.4535 1.67786
-0.372913 16.4814 1.68202
-0.372703 16.512 1.6541
-0.373184 16.5385 1.65624
-0.373162 16.5649 1.63076
-0.371553 16.5952 1.65651
-0.369187 16.6282 1.728
-0.365662 16.6568 1.68243
-0.366312 16.6873 1.7178
-0.365359 16.7201 1.69483
-0.369449 16.7562 1.72428
-0.364894 16.7897 1.80053
-0.366806 16.8221 1.84116
-0.366358 16.8502 1.86422
-0.365859 16.8787 1.88066
-0.366426 16.9069 1.93864
-0.364771 16.9337 1.88698
-0.363231 16.9617 1.84514
-0.365257 16.9937 1.8188
-0.361037 17.0243 1.90143
-0.360993 17.0567 1.9043
-0.359492 17.0898 1.91497
-0.36071 17.1155 1.99023
-0.358016 17.1439 2.10385
-0.350382 17.1705 2.05115
-0.35494 17.1963 1.97526
-0.360954 17.2271 2.09467
-0.357039 17.2605 2.10006
-0.353071 17.2972 2.16604
-0.354439 17.3302 2.135
-0.35566 17.3582 2.162
-0.359266 17.3907 2.25272
-0.358526 17.4207 2.27684
-0.358447 17.4468 2.33047
-0.358729 17.4743 2.32583
-0.357782 17.5086 2.31705
-0.35677 17.5369 2.39328
-0.35606 17.572 2.38482
-0.35873 17.6018 2.39614
-0.357144 17.6311 2.40279
-0.355293 17.662 2.37228
-0.356603 17.6862 2.40252
-0.360181 17.7126 2.49322
-0.359555 17.7434 2.51643
-0.359739 17.7744 2.45382
-0.357739 17.8049 2.55041
-0.350531 17.8362 2.57619
-0.353382 17.8755 2.64347
-0.353664 17.9013 2.68729
-0.35652 17.9284 2.77167
-0.358776 17.9552 2.76032
-0.358743 17.9829 2.79457
-0.360625 18.0143 2.81177
-0.357919 18.0478 2.81832
-0.360791 18.0836 2.60841
-0.365241 18.1124 2.16179
-0.35989 18.1379 1.71787
-0.361658 18.1625 1.36726
-0.363112 18.1895 1.19198
-0.358971 18.2118 1.15745
-0.358273 18.2352 1.18362
-0.36214 18.2696 1.17249
-0.364602 18.3036 1.17232
-0.364523 18.3406 1.17536
-0.364335 18.3751 1.17303
-0.361881 18.3961 1.22583
-0.362885 18.4245 1.28921
-0.364307 18.4541 1.33876
-0.365144 18.4809 1.38998
-0.363496 18.5095 1.36631
-0.362946 18.5401 1.3514
-0.364053 18.5696 1.34489
-0.36232 18.6016 1.32785
-0.36168 18.6337 1.29452
-0.360937 18.6619 1.34111
-0.360198 18.6887 1.38654
-0.359492 18.715 1.34497
-0.361631 18.7427 1.39878
-0.361713 18.7757 1.38524
-0.35928 18.8107 1.37669
-0.359148 18.846 1.38708
-0.358544 18.8761 1.3553
-0.357186 18.9111 1.22865
-0.357574 18.9407 1.27954
-0.355862 18.9687 1.25623
-0.355032 19.0036 1.24641
-0.356099 19.0307 1.28681
-0.356618 19.0649 1.24973
-0.354948 19.0988 1.29668
-0.357581 19.1314 1.35325
-0.355923 19.1649 1.27187
-0.353614 19.1955 1.23701
-0.356456 19.22 1.28007
-0.354781 19.2512 1.31754
-0.354468 19.2797 1.26363
-0.359328 19.31 1.31101
-0.35559 19.3412 1.27102
-0.355253 19.3668 1.27127
-0.357402 19.3965 1.30788
-0.355408 19.4247 1.23445
-0.355881 19.4498 1.257
-0.353517 19.4621 1.35073
-0.355682 19.4827 1.37986
-0.355724 19.51 1.43329
-0.357642 19.5474 1.34838
-0.361244 19.5841 1.37926
-0.36355 19.6153 1.39654
-0.361839 19.6465 1.38093
-0.355864 19.6764 1.33312
-0.355175 19.7037 1.4129
-0.354981 19.7308 1.33839
-0.358063 19.7609 1.42254
-0.350201 19.7885 1.33592
-0.355272 19.8187 1.35795
-0.352652 19.8492 1.37959
-0.354045 19.8793 1.33846
-0.36008 19.9113 1.39519
-0.359893 19.9477 1.39775
-0.359228 19.9782 1.39336
-0.365172 20.017 1.39525
-0.369752 20.0451 1.36822
-0.366455 20.0738 1.38846
-0.365674 20.111 1.38988
-0.378251 20.15 1.40924
-0.375147 20.1831 1.37254
-0.37138 20.2172 1.4191
-0.370484 20.2498 1.30314
-0.373905 20.2825 1.38978
-0.372106 20.3138 1.42501
-0.373624 20.3477 1.416
-0.370078 20.375 1.39283
-0.36943 20.4212 1.40582
-0.364882 20.4544 1.349
-0.365001 20.4776 1.32045
-0.367643 20.5125 1.35132
-0.371389 20.5412 1.38269
-0.370454 20.5693 1.34202
-0.374067 20.593 1.32469
-0.373136 20.6226 1.36129
-0.373918 20.6553 1.34467
-0.376254 20.6917 1.33689
-0.374555 20.7257 1.36886
-0.376822 20.7515 1.36115
-0.380571 20.7841 1.37294
-0.385254 20.8108 1.34523
-0.38503 20.8351 1.38355
-0.380282 20.8662 1.38436
-0.382906 20.8952 1.35824
-0.38456 20.9195 1.35239
-0.385291 20.9449 1.42809
-0.387959 20.9721 1.48122
-0.385477 20.9966 1.54355
-0.38097 21.025 1.53188
-0.381673 21.0571 1.51695
-0.380119 21.0828 1.53154
-0.381575 21.1093 1.61708
-0.378914 21.1351 1.68295
-0.377967 21.1653 1.70612
-0.376126 21.1946 1.69134
-0.371928 21.2337 1.67009
-0.370669 21.2606 1.69841
-0.372429 21.2704 1.83407
-0.374313 21.2896 1.95054
-0.373958 21.303 2.0116
-0.366924 21.3261 2.05523
-0.36865 21.3478 2.14237
-0.371009 21.3759 2.05422
-0.369088 21.4028 2.09111
-0.367784 21.4246 2.09878
-0.362425 21.4556 2.10583
-0.361692 21.4781 2.15173
-0.360308 21.5113 2.07443
-0.359084 21.5458 2.02453
-0.357553 21.5792 2.00545
-0.352769 21.6055 2.09084
-0.35175 21.6256 2.16111
-0.355749 21.6528 2.03866
-0.353202 21.6728 2.09367
-0.354713 21.7034 2.03131
-0.352876 21.7296 2.05142
-0.351251 21.7502 2.0969
-0.351686 21.7733 2.03106
-0.352466 21.7989 2.05299
-0.349666 21.8281 2.07093
-0.347139 21.8607 2.15464
-0.347421 21.8897 2.15206
-0.352912 21.9214 2.16316
-0.350779 21.9565 2.2046
-0.349777 21.9879 2.19406
-0.347104 22.0148 2.23928
-0.347731 22.0458 2.17371
-0.346976 22.0767 2.25985
-0.346061 22.1046 2.21845
-0.345076 22.1332 2.3196
-0.343779 22.1573 2.25789
-0.33987 22.1828 2.32598
-0.335459 22.2124 2.37543
-0.338628 22.2435 2.40318
-0.336181 22.2747 2.41059
-0.336993 22.3063 2.41085
-0.331458 22.3409 2.4272
-0.330184 22.3692 2.48517
-0.333272 22.4011 2.49002
-0.334445 22.4338 2.49035
-0.336902 22.465 2.49719
-0.334903 22.4904 2.57627
-0.333733 22.517 2.56952
-0.334156 22.5443 2.55324
-0.335662 22.573 2.57964
-0.335076 22.599 2.59492
-0.333517 22.6277 2.65625
-0.336699 22.6565 2.62651
-0.333789 22.685 2.6919
-0.328536 22.7132 2.72586
-0.329967 22.745 2.75946
-0.330957 22.7772 2.783
-0.32804 22.8096 2.806
-0.329079 22.8421 2.79017
-0.329054 22.8783 2.84459
-0.328558 22.9071 2.85608
-0.32749 22.9375 2.82664
-0.32786 22.9661 2.84944
-0.330087 22.9936 2.81787
-0.324158 23.0241 2.855
-0.320928 23.0517 2.91797
-0.323947 23.0832 2.9188
-0.322018 23.1139 2.87455
-0.318457 23.1437 2.93678
-0.317983 23.1731 2.9034
-0.317524 23.206 2.7743
-0.316694 23.2359 2.50022
-0.317375 23.267 2.16789
-0.321896 23.2916 2.03522
-0.318697 23.323 2.02731
-0.318692 23.3483 2.05756
-0.320984 23.3784 1.99321
-0.319887 23.4129 2.0083
-0.321619 23.4399 2.04218
-0.316025 23.4695 2.03339
-0.313015 23.4974 1.76992
-0.313652 23.528 1.42176
-0.314192 23.5539 1.0819
-0.318733 23.5806 1.008
-0.322208 23.6097 0.988349
-0.323759 23.6404 0.963238
-0.317831 23.6713 0.993288
-0.319176 23.701 1.03555
-0.320429 23.7318 1.01362
-0.320057 23.7617 1.03749
-0.321717 23.7909 0.997908
-0.321345 23.8206 1.03244
-0.321662 23.8472 1.05667
-0.32483 23.8789 1.08267
-0.324243 23.9101 1.10823
-0.322479 23.9413 1.06523
-0.326398 23.9693 1.03561
-0.327741 23.9959 1.06583
-0.33007 24.0216 1.1123
-0.326792 24.0543 1.13171
-0.32955 24.0897 1.11378
-0.326463 24.1176 1.17967
-0.325766 24.1437 1.19194
-0.328988 24.1728 1.15125
-0.33159 24.1999 1.16495
-0.329529 24.2297 1.16332
-0.333858 24.2639 1.23208
-0.333001 24.2953 1.13899
-0.333774 24.3253 1.24109
-0.334335 24.3539 1.23384
-0.334465 24.3841 1.27197
-0.333227 24.4195 1.27618
-0.330542 24.4489 1.29926
-0.335135 24.4752 1.40587
-0.33689 24.5048 1.46666
-0.338403 24.5306 1.39925
-0.335674 24.5598 1.45473
-0.334352 24.5892 1.41206
-0.333432 24.6219 1.42535
-0.331073 24.6552 1.44786
-0.331863 24.6857 1.47256
-0.331068 24.7184 1.51664
-0.328059 24.7509 1.45794
-0.331478 24.7812 1.49113
-0.327549 24.8085 1.59873
-0.327027 24.837 1.56127
-0.328831 24.8656 1.60469
-0.326894 24.8932 1.57129
-0.327928 24.919 1.66379
-0.327584 24.9503 1.57774
-0.331229 24.9828 1.60032
-0.32765 25.0119 1.60378
-0.32841 25.0375 1.65491
-0.332202 25.0723 1.6186
-0.331438 25.1005 1.64189
-0.327621 25.134 1.66759
-0.331721 25.1646 1.64429
-0.33356 25.194 1.7406
-0.333887 25.224 1.75329
-0.333501 25.2551 1.74251
-0.333349 25.2856 1.78994
-0.328931 25.3109 1.72689
-0.331699 25.3371 1.762
-0.328704 25.3659 1.72042
-0.325058 25.3949 1.73234
-0.321836 25.4259 1.70928
-0.325503 25.4572 1.83372
-0.324359 25.4887 1.80544
-0.323934 25.5197 1.89636
-0.323576 25.551 1.87989
-0.32723 25.5808 1.89412
-0.327614 25.6095 1.93503
-0.33029 25.64 1.90921
-0.330003 25.6734 1.97551
-0.329165 25.7047 1.98722
-0.329888 25.7364 2.02522
-0.326576 25.7677 2.02178
-0.327919 25.7948 2.08831
-0.329365 25.8186 2.1412
-0.327857 25.8474 2.18763
-0.324293 25.8749 2.20189
-0.32518 25.9039 2.1837
-0.321978 25.9328 2.22749
-0.318265 25.9613 2.19705
-0.317487 25.9949 2.22043
-0.317571 26.0242 2.26736
-0.314075 26.0551 2.24845
-0.318777 26.0861 2.2802
-0.318591 26.1124 2.29766
-0.321356 26.1391 2.33916
-0.319085 26.1674 2.33523
-0.316424 26.1985 2.33937
-0.317109 26.2258 2.24532
-0.316991 26.2552 1.90865
-0.317421 26.2855 1.5654
-0.31513 26.3155 1.37652
-0.315799 26.3466 1.2606
-0.314671 26.3776 1.23881
-0.316821 26.4071 1.26459
-0.317274 26.435 1.29421
-0.319835 26.4629 1.2633
-0.317499 26.4928 1.23526
-0.316741 26.5195 1.25595
-0.315601 26.5473 1.27036
-0.316921 26.5805 1.20434
-0.320956 26.6101 1.23946
-0.318344 26.6444 1.28732
-0.313543 26.6757 1.2868
-0.315566 26.7038 1.30564
-0.316912 26.7342 1.30663
-0.31745 26.7641 1.28189
-0.316928 26.7905 1.29316
-0.313934 26.8222 1.27526
-0.315128 26.8517 1.29853
-0.317482 26.8818 1.25896
-0.316816 26.9114 1.25142
-0.314837 26.9401 1.24317
-0.312245 26.9681 1.21176
-0.311146 26.9986 1.20585
-0.309984 27.0315 1.20186
-0.310149 27.062 1.21714
-0.310354 27.0922 1.16482
-0.308017 27.1203 1.15053
-0.308025 27.1516 1.21544
-0.309849 27.1789 1.22703
-0.308518 27.2083 1.19314
-0.309465 27.2379 1.17221
-0.311127 27.2699 1.20384
-0.312005 27.2979 1.23402
-0.311723 27.328 1.21995
-0.310564 27.3588 1.22063
-0.309015 27.3894 1.22002
-0.308861 27.4216 1.19721
-0.313549 27.4477 1.28963
-0.312094 27.4753 1.26759
-0.3109 27.5053 1.27712
-0.311335 27.5343 1.28639
-0.310419 27.5632 1.33682
-0.308631 27.5958 1.24881
-0.309095 27.6282 1.26204
-0.306959 27.6565 1.23921
-0.307903 27.6892 1.22851
-0.309941 27.7205 1.27149
-0.306436 27.7496 1.2215
-0.30541 27.7795 1.22694
-0.305382 27.8091 1.23068
-0.305084 27.8371 1.23206
-0.304616 27.8677 1.21356
-0.305845 27.8975 1.27351
-0.3096 27.9283 1.30804
-0.308759 27.9582 1.32213
-0.307564 27.9873 1.28032
-0.306941 28.0138 1.28327
-0.307795 28.0448 1.27202
-0.307783 28.0745 1.33345
-0.309793 28.0999 1.42595
-0.308801 28.1142 1.46306
-0.310938 28.1275 1.52624
-0.312787 28.1476 1.63651
-0.31105 28.1616 1.54363
-0.314516 28.1808 1.6979
-0.315319 28.2013 1.54179
-0.318996 28.2217 1.76105
-0.318447 28.2449 1.83418
-0.31219 28.267 1.64196
-0.321484 28.3024 1.60604
-0.315338 28.3337 1.53871
-0.324924 28.3549 1.80859
-0.334377 28.3734 1.95767
-0.341426 28.3917 1.96085
-0.348957 28.4077 1.98501
-0.357012 28.4294 2.0438
-0.387563 28.4516 2.24884
-0.400849 28.4722 2.27929
-0.392291 28.4931 2.20985
-0.391295 28.5077 2.28249
-0.394553 28.5244 2.26497
-0.39524 28.5445 2.25997
-0.394397 28.5607 2.22458
-0.389689 28.5847 2.11134
-0.391059 28.6097 2.13237
-0.396434 28.6321 2.09854
-0.396435 28.6579 2.16863
-0.398745 28.6825 2.13433
-0.40042 28.7128 2.13924
-0.402933 28.7415 2.17609
-0.407388 28.7689 2.15419
-0.403972 28.8139 2.08576
-0.403098 28.8524 2.0215
-0.400558 28.892 1.98023
-0.403372 28.9205 2.08557
-0.403009 28.9577 2.11512
-0.406625 28.9967 2.0266
-0.410486 29.0275 2.0786
-0.397455 29.061 1.98068
-0.395556 29.1051 1.85957
-0.388571 29.1328 1.8757
-0.394859 29.1694 1.96713
-0.402002 29.2005 1.95367
-0.403534 29.2279 2.04633
-0.397925 29.2529 1.89526
-0.395816 29.2778 1.88502
-0.391843 29.3121 1.92269
-0.39291 29.3416 1.86183
-0.389905 29.3792 1.84651
-0.383925 29.4183 1.8582
-0.383813 29.4528 1.82871
-0.380265 29.4905 1.75765
-0.379154 29.5191 1.82453
-0.376928 29.555 1.80961
-0.374946 29.5809 1.85281
-0.381098 29.6088 1.8972
-0.380199 29.6482 1.87458
-0.382541 29.6787 1.8682
-0.382684 29.7062 1.87682
-0.374974 29.7307 1.85616
-0.371851 29.7465 1.83309
-0.377106 29.763 1.83579
-0.381572 29.7841 1.79536
-0.375271 29.8017 1.65577
-0.378903 29.8255 1.3704
-0.378563 29.8572 0.9796
-0.376341 29.898 0.729245
-0.38063 29.9392 0.672057
-0.378115 29.9757 0.668605
-0.376511 30.0106 0.700281
-0.385771 30.0372 0.694683
-0.390725 30.0637 0.768719
-0.386796 30.0917 0.786235
-0.38952 30.1226 0.741484
-0.387928 30.1595 0.788917
-0.388377 30.1917 0.723352
-0.389379 30.2205 0.752256
-0.391223 30.2475 0.749392
-0.388216 30.269 0.744154
-0.390475 30.2885 0.808668
-0.392017 30.3129 0.855213
-0.39103 30.3363 0.873127
-0.390214 30.3649 0.905451
-0.390953 30.4011 0.916145
-0.390259 30.4383 0.956752
-0.392449 30.4732 1.01109
-0.395186 30.5109 1.03566
-0.393103 30.5386 1.04259
-0.394212 30.5645 1.11769
-0.392841 30.5926 1.15602
-0.392557 30.6221 1.18685
-0.397109 30.6581 1.20378
-0.390344 30.6911 1.2225
-0.39098 30.7222 1.27219
-0.390634 30.7513 1.31247
-0.387627 30.7747 1.43058
-0.387393 30.7983 1.3649
-0.38962 30.8208 1.45779
-0.390062 30.8419 1.48867
-0.390654 30.8746 1.46739
-0.390534 30.9037 1.45196
-0.388407 30.9413 1.52039
-0.390054 30.9821 1.5572
-0.384468 31.0144 1.58579
-0.386396 31.0472 1.67078
-0.38776 31.0763 1.69409
-0.384915 31.1044 1.77654
-0.388119 31.1289 1.85316
-0.384573 31.1603 1.82164
-0.384073 31.1913 1.91901
-0.377714 31.22 1.8947
-0.374901 31.2488 1.93056
-0.374875 31.2738 2.00554
-0.376401 31.2975 2.06702
-0.376766 31.3206 2.08581
-0.374892 31.3416 2.14874
-0.377235 31.3644 2.21155
-0.379397 31.4012 2.22254
-0.374341 31.4377 2.30726
-0.370087 31.4731 2.33234
-0.37353 31.5098 2.40955
-0.369313 31.5413 2.48871
-0.370018 31.5762 2.50708
-0.370635 31.6019 2.60588
-0.368985 31.627 2.67628
-0.371089 31.6623 2.67049
-0.370457 31.6911 2.73362
-0.36543 31.7241 2.80097
-0.367792 31.7526 2.82694
-0.36202 31.7798 2.86131
-0.363713 31.8044 2.94912
-0.364606 31.8302 2.98454
-0.364395 31.8533 3.02665
-0.363752 31.8815 3.14337
-0.370959 31.9106 3.11607
-0.364563 31.9465 3.2301
-0.359277 31.9839 3.19743
-0.359306 32.0142 3.26815
-0.352084 32.0447 3.31427
-0.358098 32.0695 3.37577
-0.360049 32.0973 3.49355
-0.352908 32.1196 3.51929
-0.355489 32.1482 3.60541
-0.353437 32.1809 3.52932
-0.347993 32.2114 3.71415
-0.351532 32.2452 3.74791
-0.350868 32.2735 3.72408
-0.347864 32.3029 3.53081
-0.354158 32.3289 3.10706
-0.356278 32.3545 2.65026
-0.356326 32.3779 1.95796
-0.357945 32.4032 1.43589
-0.35612 32.4346 1.14407
-0.357522 32.4698 0.938387
-0.36072 32.4999 0.982626
-0.359422 32.5322 0.943223
-0.363257 32.564 1.0117
-0.363906 32.5893 1.06431
-0.36056 32.6192 1.09768
-0.358871 32.649 1.1822
-0.362046 32.6791 1.20044
-0.363351 32.7111 1.27742
-0.363161 32.7403 1.35771
-0.36507 32.7687 1.39656
-0.365509 32.7996 1.47189
-0.364747 32.8265 1.5289
-0.360605 32.8543 1.58579
-0.362471 32.8789 1.65892
-0.35879 32.9029 1.75644
-0.358982 32.93 1.75903
-0.360052 32.9616 1.86322
-0.360651 32.9914 1.8733
-0.35721 33.0216 1.95348
-0.360996 33.0521 2.03258
-0.3625 33.0816 2.10141
-0.353919 33.1108 2.12898
-0.355256 33.1403 2.22371
-0.355392 33.1694 2.27504
-0.357675 33.1993 2.3708
-0.35843 33.2295 2.40061
-0.355637 33.258 2.41354
-0.357893 33.2851 2.52104
-0.355384 33.3111 2.54218
-0.35049 33.3408 2.59001
-0.350262 33.3681 2.61247
-0.354614 33.3957 2.75721
-0.349747 33.4233 2.7769
-0.35132 33.4531 2.87046
-0.348623 33.4833 2.89567
-0.345337 33.5126 2.94641
-0.34828 33.5456 3.02361
-0.345276 33.5768 3.01926
-0.340296 33.6092 3.14414
-0.344496 33.6385 3.23056
-0.346229 33.6662 3.30336
-0.345133 33.6958 3.3793
-0.343497 33.7264 3.44497
-0.338078 33.7537 3.47785
-0.339274 33.781 3.56095
-0.334817 33.8094 3.6204
-0.337456 33.8369 3.66687
-0.336498 33.8641 3.73361
-0.332119 33.8925 3.76234
-0.331691 33.9222 3.83069
-0.328407 33.9519 3.87929
-0.326429 33.981 3.92826
-0.323708 34.0109 4.00547
-0.325738 34.0428 4.06638
-0.32117 34.0734 4.10882
-0.321227 34.1024 4.13537
-0.319609 34.1338 4.20461
-0.318802 34.1664 4.25591
-0.316798 34.1985 4.32342
-0.313406 34.23 4.36094
-0.314996 34.2602 4.42877
-0.314469 34.2962 4.44832
-0.314864 34.332 4.5059
-0.314897 34.3752 4.52558
-0.309344 34.4112 4.62337
-0.304746 34.4496 4.69205
-0.306366 34.4866 4.81027
-0.301971 34.5265 4.83431
-0.30169 34.5628 4.92905
-0.298087 34.5981 4.96078
-0.295162 34.6363 5.0432
-0.289553 34.669 5.06301
-0.289629 34.7047 5.1561
-0.291434 34.7379 5.26783
-0.287886 34.7731 5.33643
-0.283453 34.8058 5.34259
-0.277965 34.8395 5.50009
-0.274816 34.8742 5.50263
-0.272291 34.9072 5.54955
-0.26998 34.9358 5.53503
-0.270592 34.9674 5.64722
-0.271012 34.9936 5.77872
-0.268423 35.0215 5.81766
-0.26631 35.0491 5.87665
-0.262161 35.0779 5.91438
-0.259151 35.1085 5.90759
-0.25807 35.1364 5.98225
-0.257302 35.1632 5.95007
-0.259196 35.1925 5.65989
-0.258913 35.2215 5.37873
-0.257057 35.2508 5.09796
-0.254799 35.2798 5.02117
-0.251529 35.31 5.10354
-0.249577 35.34 5.21692
-0.247343 35.3681 5.24993
-0.244166 35.3957 5.19478
-0.248161 35.4214 5.0023
-0.24882 35.4473 4.52654
-0.24886 35.4755 4.18691
-0.247209 35.5072 3.91151
-0.248297 35.5369 3.8732
-0.245124 35.5653 3.84832
-0.245261 35.5952 3.82505
-0.242858 35.6272 3.89516
-0.239127 35.6582 3.91165
-0.237073 35.6892 3.6931
-0.236812 35.7219 3.22453
-0.23586 35.7518 2.70796
-0.237049 35.7799 2.16643
-0.240307 35.8073 1.84033
-0.243634 35.8369 1.66906
-0.241147 35.8684 1.64462
-0.233998 35.8978 1.6099
-0.234116 35.9246 1.58145
-0.235712 35.9523 1.43315
-0.237652 35.9839 0.918491
-0.241265 36.0088 0.746493
-0.241774 36.0342 0.401855
-0.242321 36.0667 0.259173
-0.243063 36.0948 0.412729
-0.242725 36.125 0.503975
-0.2396 36.1571 0.535298
-0.241339 36.1863 0.649043
-0.246014 36.2164 0.71789
-0.241365 36.2468 0.710675
-0.240401 36.2762 0.76783
-0.245848 36.303 0.96865
-0.250991 36.3305 0.940089
-0.260525 36.3591 1.00717
-0.255407 36.3874 1.0284
-0.246628 36.415 1.08459
-0.247009 36.4427 1.18523
-0.251782 36.4715 1.23141
-0.259213 36.5007 1.34721
-0.256127 36.529 1.33014
-0.25357 36.5575 1.42239
-0.252171 36.5886 1.46126
-0.251331 36.6171 1.54692
-0.257898 36.6475 1.59701
-0.256954 36.6802 1.62565
-0.253983 36.7119 1.64624
-0.249565 36.7425 1.72846
-0.248322 36.7709 1.82353
-0.251338 36.7994 1.85076
-0.25482 36.8279 1.88623
-0.254911 36.8556 1.93926
-0.246385 36.8839 1.98377
-0.243481 36.9108 2.07184
-0.245259 36.9399 2.12671
-0.243522 36.9678 2.17668
-0.241637 36.9971 2.23516
-0.23897 37.0272 2.29207
-0.238517 37.0572 2.35726
-0.241391 37.0883 2.43402
-0.240993 37.1189 2.46729
-0.237171 37.1498 2.52361
-0.243265 37.182 2.50646
-0.241829 37.2161 2.47966
-0.240768 37.2486 2.49299
-0.246306 37.2762 2.57439
-0.254411 37.3035 2.63631
-0.254615 37.3302 2.70483
-0.254283 37.3605 2.73535
-0.255895 37.3848 2.82574
-0.253175 37.4173 2.77748
-0.253234 37.4464 2.87272
-0.249185 37.4805 2.94905
-0.247177 37.5104 2.96759
-0.246701 37.5382 3.03255
-0.243792 37.5695 3.08808
-0.237552 37.6 3.10319
-0.234386 37.6293 3.17368
-0.234218 37.6573 3.23441
-0.23375 37.6861 3.29077
-0.232719 37.7126 3.34668
-0.231293 37.7404 3.43956
-0.231622 37.7698 3.47275
-0.230127 37.7992 3.51724
-0.228134 37.8276 3.55697
-0.226541 37.8562 3.643
-0.223808 37.8851 3.69352
-0.222116 37.9155 3.76576
-0.220376 37.9457 3.77941
-0.21837 37.9774 3.83816
-0.216755 38.0082 3.85429
-0.215733 38.0377 3.91103
-0.215518 38.0662 4.02278
-0.212955 38.0933 4.06544
-0.211417 38.1236 4.08327
-0.209544 38.1513 4.16779
-0.208621 38.1787 4.19428
-0.205626 38.2067 4.29604
-0.204285 38.2365 4.32328
-0.20257 38.2652 4.393
-0.201932 38.2955 4.46877
-0.201291 38.3266 4.52792
-0.193224 38.3526 4.56498
-0.190043 38.3817 4.65916
-0.189245 38.4127 4.71781
-0.186155 38.4439 4.83413
-0.183713 38.4724 4.91892
-0.185547 38.5015 4.96114
-0.184463 38.5305 5.01133
-0.180955 38.5577 5.08204
-0.178401 38.5847 5.13511
-0.175851 38.615 5.16398
-0.17321 38.6431 5.32216
-0.170997 38.6672 5.31709
-0.171083 38.6845 5.41713
-0.170339 38.6984 5.4455
-0.169821 38.7111 5.45054
-0.170485 38.7005 5.70782
-0.169885 38.715 3.4031
-0.167666 38.7264 1.1143
-0.16454 38.7352 -1.81882
-0.110042 38.7957 -94.7337
-0.128156 38.7939 -94.6483
-0.151388 38.7915 -94.6014
-0.179649 38.7865 -94.5599
-0.207166 38.7829 -94.5252
-0.233979 38.7807 -94.4593
-0.26066 38.7776 -94.423
-0.285666 38.775 -94.3535
-0.309518 38.772 -94.3195
-0.331352 38.7688 -94.3155
-0.351023 38.7678 -94.2694
-0.368442 38.7653 -94.2229
-0.385055 38.7635 -94.1646
-0.400511 38.7622 -94.1461
-0.41333 38.7612 -94.1029
-0.426777 38.7598 -94.0816
-0.44028 38.758 -94.047
-0.4551 38.757 -94.0191
-0.469027 38.7557 -94.002
-0.485243 38.7532 -93.9901
-0.504644 38.7525 -93.9558
-0.521 38.75 -93.8873
-0.539083 38.7476 -93.8797
-0.561319 38.7451 -93.8148
-0.5833 38.7447 -93.7957
-0.596717 38.7411 -93.5855
-0.614862 38.7389 -93.4371
-0.640071 38.7377 -93.2492
-0.659989 38.7371 -93.1622
-0.679999 38.7357 -93.0458
-0.695997 38.7335 -93.022
-0.714112 38.7329 -92.9345
-0.732585 38.7312 -92.889
-0.751129 38.73 -92.8342
-0.768738 38.7293 -92.7957
-0.784103 38.7272 -92.6463
-0.799853 38.7259 -92.4034
-0.817138 38.7258 -92.1245
-0.83679 38.7259 -91.9733
-0.854081 38.7246 -91.8797
-0.872299 38.7227 -91.8695
-0.889352 38.723 -91.7783
-0.908918 38.7204 -91.7482
-0.926984 38.7182 -91.7613
-0.947601 38.7165 -91.6702
-0.966702 38.7151 -91.6336
-0.984361 38.7145 -91.4127
-1.00393 38.7147 -91.1036
-1.02455 38.7135 -90.7656
-1.04653 38.7151 -90.4354
-1.06411 38.7145 -90.3235
-1.08175 38.7125 -90.2387
-1.10201 38.7116 -90.2097
-1.11927 38.7117 -90.1651
-1.13877 38.7105 -90.1002
-1.15774 38.7093 -90.0642
-1.17704 38.7087 -90.0354
-1.19401 38.7091 -90.0006
-1.21533 38.7095 -89.9802
-1.2346 38.7085 -89.8874
-1.25516 38.7068 -89.8694
-1.27308 38.7058 -89.8188
-1.29263 38.7044 -89.8181
-1.30968 38.704 -89.743
-1.32858 38.7041 -89.6806
-1.34575 38.7062 -89.5031
-1.3642 38.7086 -89.1721
-1.38363 38.7081 -88.8096
-1.4027 38.7091 -88.4206
-1.41991 38.7103 -87.9299
-1.43876 38.7102 -87.5628
-1.45641 38.7096 -87.3175
-1.47532 38.7094 -87.2375
-1.49522 38.7104 -87.1953
-1.51503 38.7114 -87.1613
-1.53248 38.7111 -87.116
-1.55323 38.7111 -87.0768
-1.57202 38.7119 -87.0622
-1.5914 38.7134 -87.0364
-1.61086 38.7129 -86.9994
-1.63202 38.7111 -86.9787
-1.64772 38.713 -86.9429
-1.66599 38.7132 -86.9184
-1.68388 38.7138 -86.8733
-1.70411 38.7124 -86.8598
-1.72048 38.7129 -86.8242
-1.73758 38.712 -86.7646
-1.75842 38.7126 -86.7366
-1.77477 38.7128 -86.7324
-1.79289 38.713 -86.7149
-1.81081 38.7118 -86.6949
-1.82867 38.7131 -86.6441
-1.84777 38.7118 -86.6009
-1.86644 38.7122 -86.5648
-1.88748 38.7139 -86.5196
-1.90549 38.7144 -86.5117
-1.92224 38.7135 -86.4734
-1.94144 38.7151 -86.3969
-1.96162 38.7146 -86.3813
-1.98239 38.715 -86.3829
-2.00276 38.7165 -86.3362
-2.02415 38.7169 -86.2953
-2.05478 38.7175 -86.269
-2.08723 38.719 -86.2428
-2.12068 38.7207 -86.1775
-2.1522 38.721 -86.099
-2.18681 38.7225 -86.0185
-2.22031 38.7237 -85.9725
-2.25415 38.7239 -85.9228
-2.28492 38.7253 -85.8761
-2.31364 38.728 -85.8196
-2.34068 38.7297 -85.778
-2.37128 38.7304 -85.7485
-2.39787 38.7307 -85.6899
-2.4239 38.7313 -85.623
-2.45155 38.7313 -85.639
-2.47672 38.7334 -85.5724
-2.50507 38.7349 -85.5083
-2.53694 38.7351 -85.4905
-2.56452 38.7355 -85.4473
-2.59394 38.7358 -85.4403
-2.62641 38.7379 -85.3576
-2.65793 38.7379 -85.2853
-2.68631 38.7398 -85.1902
-2.71769 38.7409 -85.1677
-2.74816 38.7433 -85.0953
-2.77712 38.7432 -85.0604
-2.80922 38.746 -85.0404
-2.83724 38.7476 -84.9672
-2.86485 38.7508 -84.9229
-2.89372 38.7522 -84.8919
-2.92397 38.7541 -84.8596
-2.95216 38.7548 -84.7654
-2.97947 38.757 -84.7417
-3.00849 38.7575 -84.683
-3.03732 38.759 -84.6453
-3.06929 38.7621 -84.6274
-3.09849 38.7648 -84.6125
-3.12792 38.767 -84.5484
-3.15893 38.7691 -84.5247
-3.18852 38.7721 -84.4291
-3.21766 38.772 -84.3965
-3.24563 38.775 -84.3897
-3.27452 38.7769 -84.3317
-3.3018 38.7798 -84.3097
-3.32933 38.7764 -84.2558
-3.35734 38.7783 -84.2189
-3.38756 38.781 -84.1942
-3.41624 38.7823 -84.1345
-3.44657 38.7838 -84.0784
-3.47726 38.7845 -84.0439
-3.50795 38.7872 -83.9814
-3.5385 38.7904 -83.9252
-3.56793 38.7933 -83.882
-3.59855 38.7951 -83.787
-3.62924 38.799 -83.8397
-3.65598 38.8011 -84.0598
-3.68741 38.8029 -84.4668
-3.71637 38.8035 -84.8377
-3.74301 38.8034 -85.0506
-3.77132 38.8026 -85.0268
-3.80297 38.8032 -84.9171
-3.83219 38.8072 -84.8491
-3.86487 38.8102 -84.7786
-3.89516 38.8111 -84.7146
-3.92211 38.8124 -84.6065
-3.95143 38.8141 -84.515
-3.98249 38.8156 -84.4454
-4.01337 38.8181 -84.3838
-4.04402 38.8194 -84.3073
-4.07226 38.8224 -84.2161
-4.10067 38.8241 -84.1417
-4.13095 38.8259 -84.0314
-4.16235 38.8288 -84.0021
-4.19192 38.8308 -83.932
-4.22349 38.8318 -83.8687
-4.25485 38.8328 -83.9608
-4.28995 38.8327 -84.2189
-4.32189 38.8331 -84.6217
-4.35142 38.8336 -84.957
-4.37834 38.8368 -85.0096
-4.40705 38.8385 -84.9547
-4.43478 38.8412 -84.8439
-4.46744 38.8437 -84.7275
-4.49878 38.8463 -84.6779
-4.52376 38.8443 -84.5361
-4.5504 38.8447 -84.4145
-4.57963 38.8465 -84.3191
-4.60831 38.849 -84.2393
-4.63729 38.8514 -84.1632
-4.66627 38.8522 -84.0885
-4.69688 38.857 -83.9872
-4.72712 38.8587 -83.9131
-4.7594 38.8617 -83.798
-4.79054 38.8651 -83.724
-4.81885 38.8668 -83.6401
-4.8464 38.8686 -83.54
-4.87523 38.871 -83.4723
-4.90554 38.8733 -83.3971
-4.93484 38.8758 -83.3509
-4.9638 38.8782 -83.249
-4.99247 38.8815 -83.1268
-5.02131 38.8832 -83.0651
-5.05002 38.8847 -82.9652
-5.07798 38.8853 -82.8829
-5.10844 38.8879 -82.7722
-5.1388 38.8917 -82.686
-5.1692 38.8958 -82.5925
-5.19989 38.899 -82.5207
-5.22995 38.9021 -82.4156
-5.26244 38.9052 -82.3555
-5.29301 38.9092 -82.259
-5.32276 38.9127 -82.1626
-5.35186 38.9146 -82.0758
-5.37783 38.9157 -81.9812
-5.4054 38.919 -81.8835
-5.43724 38.9212 -81.8159
-5.46555 38.9235 -81.7379
-5.49425 38.9282 -81.6878
-5.52386 38.9305 -81.605
-5.55363 38.9336 -81.5258
-5.58166 38.9366 -81.4258
-5.61205 38.939 -81.4277
-5.6392 38.9393 -81.6736
-5.665 38.9377 -82.152
-5.69105 38.9424 -82.7329
-5.71819 38.9418 -83.4407
-5.74039 38.9405 -84.3358
-5.76951 38.94 -85.378
-5.79827 38.9426 -86.0331
-5.82873 38.9433 -86.4776
-5.85908 38.9439 -86.6388
-5.88935 38.9455 -86.5596
-5.91983 38.9465 -86.4828
-5.9517 38.9497 -86.3036
-5.9853 38.9507 -86.1857
-6.01805 38.9504 -86.0677
-6.05074 38.9531 -85.9064
-6.08297 38.9558 -85.7731
-6.11224 38.9562 -85.6507
-6.14324 38.9567 -85.5421
-6.17355 38.9586 -85.4667
-6.2023 38.9588 -85.4009
-6.22866 38.9611 -85.3555
-6.25448 38.9626 -85.2973
-6.284 38.9642 -85.2337
-6.31357 38.9652 -85.1653
-6.34357 38.9661 -85.0884
-6.3731 38.967 -85.0314
-6.3996 38.9688 -84.9348
-6.42612 38.9706 -84.8435
-6.45602 38.9725 -84.8377
-6.48304 38.9746 -84.7478
-6.5143 38.976 -84.7162
-6.54515 38.9783 -84.6468
-6.57837 38.9794 -84.5651
-6.60904 38.9799 -84.4783
-6.63596 38.9814 -84.4186
-6.66782 38.9826 -84.3126
-6.69979 38.9846 -84.2207
-6.72999 38.9856 -84.1615
-6.75754 38.9875 -84.0753
-6.78546 38.9894 -83.991
-6.81591 38.9921 -83.9577
-6.84825 38.9943 -83.896
-6.87462 38.9926 -83.8535
-6.90157 38.9945 -83.7878
-6.92475 38.9953 -83.6946
-6.95096 38.9985 -83.6468
-6.9811 39.0013 -83.5438
-7.00995 39.0019 -83.5145
-7.03849 39.0066 -83.4921
-7.06467 39.011 -83.4358
-7.09681 39.0142 -83.3841
-7.13011 39.0177 -83.2893
-7.16266 39.0215 -83.265
-7.19101 39.0241 -83.1861
-7.21717 39.0268 -83.1069
-7.24706 39.0287 -83.0482
-7.27738 39.0315 -83.0045
-7.30713 39.0348 -82.9395
-7.33802 39.0372 -82.9087
-7.3679 39.0396 -82.8628
-7.39506 39.0421 -82.7794
-7.42664 39.0434 -82.7175
-7.45507 39.047 -82.6148
-7.486 39.0503 -82.5464
-7.51536 39.0543 -82.541
-7.54581 39.0564 -82.4199
-7.57274 39.0576 -82.3823
-7.60796 39.06 -82.4888
-7.63851 39.0626 -82.8412
-7.66352 39.0646 -83.1486
-7.68632 39.0695 -83.3867
-7.71735 39.0707 -83.3413
-7.749 39.0728 -83.3029
-7.7792 39.0748 -83.2286
-7.80618 39.0793 -83.1303
-7.83681 39.084 -83.0374
-7.87019 39.0851 -83.0074
-7.90129 39.0883 -82.948
-7.93145 39.0906 -82.8672
-7.95855 39.0947 -82.7676
-7.98721 39.0973 -82.6724
-8.0184 39.0993 -82.6089
-8.04472 39.1016 -82.4825
-8.07435 39.1028 -82.3935
-8.10136 39.1062 -82.3259
-8.13043 39.1065 -82.2523
-8.17165 39.113 -82.2061
-8.19549 39.1139 -81.9826
-8.21974 39.1164 -81.9171
-8.2399 39.1168 -81.9189
-8.25689 39.1204 -81.8534
-8.26795 39.1209 -81.8506
-8.25694 39.1194 -81.6486
-8.26669 39.1299 -82.5184
-8.2617 39.1458 -84.5461
-8.26162 39.1512 -86.1966
-8.26048 39.159 -88.258
