-0.283318 -0.003433 0.046606
-0.283007 -0.013785 0.277106
-0.286718 -0.003749 0.36223
-0.285689 0.010291 0.337312
-0.28841 0.021057 0.398615
-0.289834 0.032513 0.410115
-0.291122 0.04462 0.424297
-0.292405 0.057569 0.440403
-0.293672 0.06963 0.477795
-0.294597 0.084391 0.470853
-0.296089 0.100184 0.515432
-0.295367 0.116737 0.505288
-0.296532 0.13648 0.510232
-0.296376 0.156729 0.521256
-0.298226 0.179333 0.544864
-0.299629 0.200418 0.558911
-0.299035 0.221853 0.578246
-0.298673 0.243502 0.554596
-0.298265 0.263457 0.553846
-0.297046 0.283795 0.563399
-0.297924 0.303145 0.588682
-0.29751 0.321356 0.614752
-0.30003 0.338139 0.642282
-0.298185 0.353544 0.627566
-0.299589 0.367788 0.647468
-0.298008 0.382857 0.639114
-0.299626 0.402054 0.666113
-0.298278 0.419806 0.640181
-0.298571 0.4406 0.64119
-0.301399 0.461668 0.677965
-0.300357 0.481987 0.673545
-0.300369 0.502398 0.677508
-0.30197 0.523383 0.677608
-0.301388 0.545585 0.68558
-0.30237 0.565969 0.727898
-0.302051 0.586063 0.747274
-0.302983 0.605047 0.739738
-0.302725 0.623706 0.763635
-0.302346 0.643075 0.790916
-0.302353 0.661063 0.779337
-0.302897 0.678042 0.790223
-0.301527 0.697054 0.785417
-0.303045 0.715927 0.828067
-0.303691 0.734714 0.83738
-0.301972 0.754626 0.835521
-0.302183 0.774623 0.844061
-0.304576 0.795082 0.894641
-0.305449 0.814263 0.865761
-0.304812 0.83157 0.902714
-0.303313 0.846861 0.940177
-0.303828 0.863669 0.949689
-0.303265 0.881425 0.94916
-0.303228 0.897973 0.972659
-0.3046 0.917869 0.998076
-0.305063 0.93727 1.01461
-0.304711 0.959601 1.05124
-0.304383 0.984364 1.04621
-0.30416 1.01213 1.06483
-0.307369 1.04402 1.12522
-0.3061 1.079 1.13623
-0.30551 1.11609 1.16473
-0.306462 1.15173 1.18655
-0.307497 1.18666 1.21613
-0.308458 1.22161 1.25228
-0.307912 1.25481 1.27926
-0.307393 1.28741 1.27882
-0.307069 1.31771 1.28315
-0.307243 1.34549 1.33304
-0.308772 1.37214 1.35252
-0.308364 1.39646 1.37918
-0.308562 1.42137 1.39595
-0.30755 1.44453 1.4113
-0.308552 1.46787 1.44106
-0.30764 1.49537 1.44682
-0.307702 1.52152 1.46587
-0.307213 1.55129 1.50154
-0.308234 1.58332 1.52435
-0.310238 1.61469 1.57383
-0.309682 1.64712 1.57843
-0.310298 1.68119 1.64034
-0.321226 1.71145 1.62889
-0.322979 1.74219 1.67261
-0.322313 1.77374 1.7346
-0.321727 1.80176 1.73862
-0.324835 1.83099 1.81041
-0.325335 1.85812 1.82363
-0.324678 1.8849 1.83423
-0.323968 1.91233 1.88439
-0.324406 1.9428 1.92136
-0.325449 1.97247 1.95065
-0.324795 2.00274 1.98745
-0.325332 2.03553 2.03415
-0.324709 2.06641 2.05166
-0.324628 2.09795 2.09628
-0.323102 2.12796 2.12371
-0.323124 2.15803 2.149
-0.323144 2.1881 2.19693
-0.324205 2.21937 2.24456
-0.321405 2.24725 2.24175
-0.320399 2.27566 2.25391
-0.319656 2.30221 2.2755
-0.319121 2.33251 2.33921
-0.318196 2.35986 2.37492
-0.317887 2.3877 2.40221
-0.317245 2.41501 2.41704
-0.317806 2.44309 2.47748
-0.317674 2.46989 2.48799
-0.31667 2.49954 2.53508
-0.31594 2.52973 2.57872
-0.315275 2.56029 2.6011
-0.316837 2.59102 2.6633
-0.316351 2.62104 2.69887
-0.31654 2.65191 2.74474
-0.315259 2.68288 2.77067
-0.314773 2.71271 2.81008
-0.313725 2.74311 2.82447
-0.313003 2.7721 2.86843
-0.313496 2.80208 2.88483
-0.311904 2.83094 2.91087
-0.31115 2.85956 2.94595
-0.319684 2.88618 3.02862
-0.318045 2.91358 3.05121
-0.31909 2.94279 3.12025
-0.319242 2.97145 3.14328
-0.317685 3.00177 3.19044
-0.316209 3.0338 3.21757
-0.313631 3.06348 3.2433
-0.312898 3.09539 3.29277
-0.313135 3.12771 3.34385
-0.310278 3.15906 3.36306
-0.309751 3.1896 3.41309
-0.309683 3.21844 3.42594
-0.308211 3.24943 3.50679
-0.307181 3.27974 3.54756
-0.306511 3.308 3.58091
-0.305133 3.33742 3.61423
-0.303565 3.36376 3.62955
-0.302561 3.39139 3.64048
-0.301615 3.42035 3.70748
-0.299557 3.44983 3.7516
-0.297562 3.47698 3.76543
-0.296953 3.50568 3.7885
-0.295373 3.53634 3.82457
-0.293226 3.56682 3.91111
-0.292576 3.59636 3.9499
-0.292185 3.62583 3.97508
-0.289816 3.65569 3.99134
-0.287803 3.68372 4.04051
-0.287634 3.7129 4.08244
-0.286466 3.74112 4.11136
-0.284023 3.77397 4.16421
-0.28208 3.80432 4.19076
-0.281233 3.8346 4.21623
-0.279409 3.86302 4.26038
-0.278266 3.89172 4.30516
-0.277297 3.92161 4.37224
-0.274814 3.94894 4.42626
-0.27344 3.97881 4.458
-0.270975 4.00719 4.48707
-0.269169 4.03765 4.54688
-0.269914 4.06597 4.58915
-0.269298 4.09734 4.61489
-0.267916 4.12913 4.58353
-0.265984 4.15947 4.39471
-0.264223 4.18949 4.24725
-0.264306 4.21914 4.1485
-0.263379 4.24796 4.10323
-0.261873 4.27674 4.0651
-0.260739 4.30473 4.13306
-0.258599 4.33609 4.21334
-0.256587 4.3659 4.2447
-0.256172 4.39555 4.32641
-0.25395 4.42464 4.36358
-0.252576 4.45112 4.41115
-0.250222 4.47807 4.45044
-0.249947 4.50794 4.50026
-0.247261 4.53696 4.56071
-0.246584 4.56686 4.63876
-0.244356 4.59718 4.70379
-0.240934 4.62809 4.75052
-0.239926 4.65955 4.83097
-0.238231 4.69062 4.88873
-0.236324 4.71919 4.98098
-0.236896 4.74773 4.90725
-0.238197 4.77646 4.5499
-0.241927 4.80476 3.94726
-0.244681 4.83145 3.20294
-0.244623 4.85807 2.46617
-0.244889 4.88353 1.79727
-0.242374 4.91139 1.39896
-0.240479 4.93739 1.19762
-0.238208 4.96347 1.22478
-0.237473 4.99174 1.35109
-0.238374 5.02189 1.45687
-0.238274 5.05014 1.57758
-0.23854 5.0833 1.70239
-0.238064 5.11435 1.82132
-0.238409 5.14727 1.88345
-0.238758 5.17998 1.95797
-0.238202 5.20948 1.99516
-0.252057 5.23659 2.11628
-0.256167 5.26583 2.20811
-0.255966 5.29358 2.29357
-0.253886 5.32447 2.34078
-0.25207 5.35146 2.36605
-0.250091 5.38081 2.41308
-0.249874 5.41016 2.50381
-0.249111 5.4391 2.53221
-0.249908 5.46826 2.60594
-0.249739 5.49653 2.6714
-0.249893 5.52863 2.78538
-0.250201 5.56089 2.88611
-0.249735 5.59324 2.91539
-0.249552 5.62366 2.9744
-0.249298 5.65575 3.0422
-0.247946 5.68394 3.14915
-0.247098 5.71485 3.18863
-0.246085 5.74232 3.29242
-0.245305 5.77448 3.31699
-0.243842 5.80738 3.42093
-0.242343 5.83983 3.45702
-0.24241 5.86896 3.50076
-0.240411 5.89664 3.5857
-0.23847 5.92405 3.66884
-0.238205 5.95808 3.76324
-0.238205 5.99047 3.81
-0.234683 6.02111 3.7589
-0.234673 6.05173 3.63126
-0.235028 6.07971 3.47882
-0.23301 6.10843 3.47519
-0.232959 6.13802 3.41295
-0.23288 6.16632 3.40753
-0.231153 6.19843 3.47471
-0.231265 6.23004 3.51686
-0.228546 6.26073 3.55852
-0.22688 6.29248 3.65153
-0.22581 6.32163 3.63231
-0.224039 6.35455 3.53887
-0.223557 6.38242 3.21765
-0.226034 6.40902 2.93378
-0.220878 6.42647 2.73583
-0.219484 6.44941 2.75185
-0.21917 6.47631 2.83187
-0.218001 6.50439 2.84393
-0.216219 6.53201 2.89925
-0.216537 6.56293 2.97438
-0.216682 6.58999 3.03881
-0.215752 6.62216 3.10889
-0.214872 6.65499 3.15322
-0.213382 6.68253 3.18977
-0.210562 6.71507 3.13631
-0.207857 6.74643 2.84502
-0.209977 6.77762 2.44711
-0.212682 6.80826 2.04899
-0.215582 6.83706 1.92824
-0.216306 6.86368 1.90688
-0.21763 6.89364 1.90563
-0.216484 6.91948 1.92459
-0.216838 6.94716 1.95789
-0.215501 6.97981 2.03294
-0.214384 7.01011 2.05175
-0.214285 7.04334 2.09927
-0.21481 7.07508 2.16027
-0.216402 7.103 2.19101
-0.216293 7.13166 2.23019
-0.215111 7.16035 2.28609
-0.214729 7.19041 2.34266
-0.214902 7.22365 2.3916
-0.216051 7.25281 2.42431
-0.215472 7.28352 2.52328
-0.215307 7.3123 2.55915
-0.215284 7.34053 2.6482
-0.214647 7.36996 2.68333
-0.215082 7.40398 2.75418
-0.214961 7.4331 2.80805
-0.21542 7.46048 2.85171
-0.214457 7.4908 2.89118
-0.213964 7.52007 2.94983
-0.212998 7.54984 3.00733
-0.21312 7.58004 3.06302
-0.204509 7.61072 3.07807
-0.203094 7.63976 3.12881
-0.203831 7.66687 3.18384
-0.201564 7.69685 3.24838
-0.200502 7.72957 3.28779
-0.199142 7.76142 3.35244
-0.197492 7.79343 3.42092
-0.196091 7.8233 3.47729
-0.196256 7.85467 3.53066
-0.195309 7.88361 3.60465
-0.195137 7.91024 3.65988
-0.193213 7.93834 3.71085
-0.19252 7.96649 3.78209
-0.191481 7.99175 3.8392
-0.191909 8.02104 3.82207
-0.194149 8.05257 3.59538
-0.195408 8.08346 3.27196
-0.194442 8.11404 2.98084
-0.192963 8.1428 2.82599
-0.193293 8.17236 2.78179
-0.191621 8.20299 2.76436
-0.191106 8.23281 2.80418
-0.189704 8.26148 2.84469
-0.189495 8.29271 2.87404
-0.189595 8.32481 2.90813
-0.188644 8.35592 3.01302
-0.191189 8.38547 3.05494
-0.190787 8.41396 3.10642
-0.188843 8.44269 3.12655
-0.188351 8.4729 3.17929
-0.188234 8.50208 3.19057
-0.187994 8.53167 3.26824
-0.186216 8.56239 3.31747
-0.184696 8.59555 3.37276
-0.182717 8.62862 3.45003
-0.183099 8.65874 3.48487
-0.182925 8.69014 3.50122
-0.181309 8.72196 3.55134
-0.180395 8.75149 3.55413
-0.179932 8.78109 3.59835
-0.172377 8.80151 3.64445
-0.170111 8.82429 3.64854
-0.172061 8.85306 3.2695
-0.174032 8.87988 2.83442
-0.173298 8.90846 2.41967
-0.173451 8.93729 2.19725
-0.172709 8.96461 2.20379
-0.171424 8.99325 2.22072
-0.172763 9.02371 2.20483
-0.172564 9.05702 2.20741
-0.171761 9.08523 2.19089
-0.17046 9.11598 2.16601
-0.169171 9.1459 2.19393
-0.169709 9.17869 2.21406
-0.170805 9.20849 2.24512
-0.169777 9.23635 2.2148
-0.168482 9.26635 2.23052
-0.168091 9.29441 2.2657
-0.169577 9.32366 2.21974
-0.167872 9.35549 2.24296
-0.166118 9.38659 2.18767
-0.164404 9.41863 2.24116
-0.165599 9.4484 2.22406
-0.164331 9.4788 2.20459
-0.165177 9.50868 2.22711
-0.164107 9.53725 2.20839
-0.162892 9.56274 2.25327
-0.161109 9.59048 2.30281
-0.160842 9.61855 2.31368
-0.161282 9.65265 2.30183
-0.16088 9.68319 2.30339
-0.15931 9.71309 2.31326
-0.159574 9.74415 2.31856
-0.159038 9.77261 2.32957
-0.157988 9.8015 2.38697
-0.157365 9.83199 2.41007
-0.159297 9.86083 2.41192
-0.158129 9.88897 2.44622
-0.156911 9.91715 2.44826
-0.156771 9.94809 2.39014
-0.167915 9.97596 2.45736
-0.168161 10.0072 2.22599
-0.166571 10.0342 1.96815
-0.168585 10.0631 1.67173
-0.170097 10.0922 1.50267
-0.173004 10.1233 1.48311
-0.173661 10.156 1.48538
-0.174085 10.1878 1.48324
-0.174159 10.2187 1.50078
-0.173857 10.2503 1.54881
-0.17346 10.2814 1.56717
-0.174544 10.3147 1.5573
-0.17366 10.3452 1.62692
-0.175544 10.3735 1.66341
-0.176812 10.4022 1.69386
-0.178914 10.4295 1.67913
-0.176715 10.4567 1.70789
-0.177921 10.4858 1.71743
-0.178384 10.5143 1.73804
-0.177853 10.5428 1.73006
-0.176707 10.572 1.77224
-0.178327 10.6016 1.80115
-0.179362 10.6334 1.80029
-0.177822 10.6637 1.86084
-0.177901 10.6944 1.86196
-0.177011 10.7245 1.87596
-0.174796 10.7574 1.88296
-0.175633 10.7857 1.93375
-0.176784 10.8156 1.91793
-0.178419 10.846 1.92776
-0.177295 10.8749 1.92881
-0.177169 10.9032 1.96729
-0.176956 10.9295 1.99624
-0.176878 10.9554 2.01106
-0.176347 10.9867 1.98975
-0.1778 11.0179 1.98693
-0.177436 11.0465 2.03067
-0.177363 11.0743 2.10316
-0.176357 11.1061 2.13955
-0.177563 11.1365 2.15234
-0.169364 11.1659 2.08547
-0.166418 11.1947 2.13744
-0.167312 11.2247 2.1669
-0.166009 11.2525 2.20192
-0.166614 11.2806 2.23399
-0.166848 11.3112 2.22199
-0.16754 11.3391 2.24926
-0.166933 11.3683 2.32529
-0.167359 11.3993 2.30717
-0.168448 11.4289 2.31203
-0.16941 11.4581 2.30631
-0.167813 11.4848 2.35515
-0.165878 11.513 2.39673
-0.164852 11.5413 2.44422
-0.165528 11.571 2.43825
-0.165201 11.6015 2.45986
-0.164079 11.6285 2.46898
-0.163151 11.6568 2.47077
-0.165684 11.6874 2.4779
-0.164742 11.7166 2.52875
-0.1627 11.7461 2.54155
-0.164117 11.7798 2.5326
-0.164994 11.8136 2.50352
-0.164287 11.8439 2.53521
-0.161997 11.8758 2.61274
-0.164327 11.9033 2.59867
-0.163947 11.9317 2.64811
-0.165242 11.9653 2.59433
-0.166757 11.9975 2.60567
-0.165557 12.0289 2.65412
-0.164655 12.0574 2.66028
-0.164944 12.0851 2.66934
-0.162816 12.1131 2.69808
-0.162448 12.1411 2.73079
-0.163756 12.1727 2.71115
-0.160309 12.2039 2.76301
-0.159182 12.2296 2.81042
-0.159256 12.2624 2.79252
-0.155114 12.2937 2.84988
-0.158469 12.3289 2.77383
-0.162749 12.3535 2.84457
-0.161254 12.3814 2.87981
-0.158952 12.4116 2.91281
-0.160506 12.4411 2.88018
-0.162088 12.4715 2.83447
-0.162315 12.4976 2.58632
-0.165632 12.5222 2.26989
-0.163873 12.5484 1.95645
-0.159364 12.581 1.87332
-0.158189 12.6119 1.91102
-0.157697 12.6464 1.91642
-0.156716 12.6751 1.93777
-0.156058 12.7051 1.97048
-0.157484 12.7324 2.0425
-0.159851 12.7642 2.05188
-0.157927 12.7923 2.10503
-0.155626 12.8199 2.17924
-0.154782 12.8458 2.23581
-0.157501 12.8755 2.26771
-0.15731 12.9038 2.31997
-0.157194 12.9373 2.35969
-0.155657 12.9688 2.43306
-0.159253 13.0004 2.45758
-0.152261 13.0264 2.58424
-0.155292 13.058 2.58611
-0.157079 13.0855 2.60194
-0.156081 13.1154 2.71284
-0.150893 13.1445 2.75312
-0.149876 13.1747 2.81202
-0.149395 13.2058 2.8946
-0.151214 13.2398 2.89917
-0.143934 13.2645 3.00684
-0.144032 13.2956 3.06547
-0.147387 13.3301 3.07769
-0.144804 13.3628 3.19656
-0.145722 13.398 3.2731
-0.145015 13.4333 3.34099
-0.145704 13.4668 3.42704
-0.146392 13.5008 3.51419
-0.146129 13.5307 3.56089
-0.143666 13.5627 3.46697
-0.13962 13.5955 3.50412
-0.139451 13.6276 3.53455
-0.142007 13.6558 3.66667
-0.141175 13.6866 3.68701
-0.138715 13.7183 3.72162
-0.13784 13.7487 3.77445
-0.138589 13.7788 3.80331
-0.135708 13.8093 3.8436
-0.132786 13.8449 3.97312
-0.132559 13.8742 4.00234
-0.134494 13.9063 4.03492
-0.129325 13.9399 4.12826
-0.126418 13.9755 4.17042
-0.124106 14.0061 4.1936
-0.120862 14.0399 4.27391
-0.119468 14.0676 4.30763
-0.119978 14.0953 4.32062
-0.119031 14.1235 4.33135
-0.118768 14.154 4.18178
-0.118776 14.1845 3.83665
-0.1187 14.216 3.37904
-0.118354 14.2399 2.93631
-0.117317 14.2657 2.86247
-0.116943 14.2951 2.87366
-0.116078 14.3264 2.9208
-0.117018 14.3583 2.98384
-0.114251 14.3855 2.99752
-0.115641 14.4173 3.0551
-0.112087 14.4473 3.11042
-0.109631 14.475 3.15322
-0.107925 14.5083 3.22759
-0.109783 14.537 3.26771
-0.108054 14.5625 3.28625
-0.107102 14.5899 3.31181
-0.104436 14.6194 3.36582
-0.10448 14.6538 3.45953
-0.10286 14.6834 3.50234
-0.10278 14.7118 3.52162
-0.103567 14.7391 3.49676
-0.0995 14.776 3.28097
-0.099017 14.8084 2.9086
-0.098607 14.8407 2.57502
-0.096156 14.8736 2.33003
-0.095997 14.9 2.26084
-0.09435 14.9322 2.29047
-0.09274 14.9619 2.34094
-0.092458 14.9932 2.40604
-0.091909 15.0237 2.47551
-0.088961 15.0575 2.48057
-0.088506 15.0895 2.53181
-0.08719 15.1215 2.59537
-0.086643 15.153 2.59347
-0.088693 15.1842 2.56539
-0.086694 15.2152 2.6373
-0.088759 15.2453 2.63432
-0.086952 15.276 2.68028
-0.084316 15.3046 2.75161
-0.084962 15.3365 2.75347
-0.085584 15.3647 2.77125
-0.085635 15.3928 2.79544
-0.085396 15.421 2.82464
-0.084784 15.4508 2.83048
-0.082427 15.4787 2.8753
-0.08087 15.5101 2.90206
-0.07907 15.5383 2.90578
-0.07841 15.5693 2.92122
-0.077545 15.6019 2.98697
-0.076546 15.6312 2.97505
-0.076405 15.6597 3.01054
-0.077214 15.6904 3.04007
-0.077239 15.7219 3.07161
-0.075838 15.7503 3.0768
-0.074866 15.7824 3.1725
-0.07326 15.813 3.17299
-0.069678 15.8437 3.1964
-0.069488 15.8728 3.20224
-0.071173 15.9018 3.21629
-0.069993 15.934 3.27
-0.07162 15.9617 3.2839
-0.079563 15.9963 3.26761
-0.081422 16.0259 3.26101
-0.076679 16.0557 3.29673
-0.075803 16.0854 3.33183
-0.073662 16.1164 3.32085
-0.073545 16.1472 3.37003
-0.075873 16.1765 3.42351
-0.07353 16.2067 3.42271
-0.071905 16.2349 3.43133
-0.069208 16.2691 3.45468
-0.068613 16.2998 3.16852
-0.066925 16.3252 2.74329
-0.069645 16.3553 2.26283
-0.067365 16.3873 1.85482
-0.071962 16.4204 1.69543
-0.073052 16.4535 1.67786
-0.072913 16.4814 1.68202
-0.072703 16.512 1.6541
-0.073184 16.5385 1.65624
-0.073162 16.5649 1.63076
-0.071553 16.5952 1.65651
-0.069187 16.6282 1.728
-0.065662 16.6568 1.68243
-0.066312 16.6873 1.7178
-0.065359 16.7201 1.69483
-0.069449 16.7562 1.72428
-0.064894 16.7897 1.80053
-0.066806 16.8221 1.84116
-0.066358 16.8502 1.86422
-0.065859 16.8787 1.88066
-0.066426 16.9069 1.93864
-0.064771 16.9337 1.88698
-0.063231 16.9617 1.84514
-0.065257 16.9937 1.8188
-0.061037 17.0243 1.90143
-0.060993 17.0567 1.9043
-0.059492 17.0898 1.91497
-0.06071 17.1155 1.99023
-0.058016 17.1439 2.10385
-0.050382 17.1705 2.05115
-0.05494 17.1963 1.97526
-0.060954 17.2271 2.09467
-0.057039 17.2605 2.10006
-0.053071 17.2972 2.16604
-0.054439 17.3302 2.135
-0.05566 17.3582 2.162
-0.059266 17.3907 2.25272
-0.058526 17.4207 2.27684
-0.058447 17.4468 2.33047
-0.058729 17.4743 2.32583
-0.057782 17.5086 2.31705
-0.05677 17.5369 2.39328
-0.05606 17.572 2.38482
-0.05873 17.6018 2.39614
-0.057144 17.6311 2.40279
-0.055293 17.662 2.37228
-0.056603 17.6862 2.40252
-0.060181 17.7126 2.49322
-0.059555 17.7434 2.51643
-0.059739 17.7744 2.45382
-0.057739 17.8049 2.55041
-0.050531 17.8362 2.57619
-0.053382 17.8755 2.64347
-0.053664 17.9013 2.68729
-0.05652 17.9284 2.77167
-0.058776 17.9552 2.76032
-0.058743 17.9829 2.79457
-0.060625 18.0143 2.81177
-0.057919 18.0478 2.81832
-0.060791 18.0836 2.60841
-0.065241 18.1124 2.16179
-0.05989 18.1379 1.71787
-0.061658 18.1625 1.36726
-0.063112 18.1895 1.19198
-0.058971 18.2118 1.15745
-0.058273 18.2352 1.18362
-0.06214 18.2696 1.17249
-0.064602 18.3036 1.17232
-0.064523 18.3406 1.17536
-0.064335 18.3751 1.17303
-0.061881 18.3961 1.22583
-0.062885 18.4245 1.28921
-0.064307 18.4541 1.33876
-0.065144 18.4809 1.38998
-0.063496 18.5095 1.36631
-0.062946 18.5401 1.3514
-0.064053 18.5696 1.34489
-0.06232 18.6016 1.32785
-0.06168 18.6337 1.29452
-0.060937 18.6619 1.34111
-0.060198 18.6887 1.38654
-0.059492 18.715 1.34497
-0.061631 18.7427 1.39878
-0.061713 18.7757 1.38524
-0.05928 18.8107 1.37669
-0.059148 18.846 1.38708
-0.058544 18.8761 1.3553
-0.057186 18.9111 1.22865
-0.057574 18.9407 1.27954
-0.055862 18.9687 1.25623
-0.055032 19.0036 1.24641
-0.056099 19.0307 1.28681
-0.056618 19.0649 1.24973
-0.054948 19.0988 1.29668
-0.057581 19.1314 1.35325
-0.055923 19.1649 1.27187
-0.053614 19.1955 1.23701
-0.056456 19.22 1.28007
-0.054781 19.2512 1.31754
-0.054468 19.2797 1.26363
-0.059328 19.31 1.31101
-0.05559 19.3412 1.27102
-0.055253 19.3668 1.27127
-0.057402 19.3965 1.30788
-0.055408 19.4247 1.23445
-0.055881 19.4498 1.257
-0.053517 19.4621 1.35073
-0.055682 19.4827 1.37986
-0.055724 19.51 1.43329
-0.057642 19.5474 1.34838
-0.061244 19.5841 1.37926
-0.06355 19.6153 1.39654
-0.061839 19.6465 1.38093
-0.055864 19.6764 1.33312
-0.055175 19.7037 1.4129
-0.054981 19.7308 1.33839
-0.058063 19.7609 1.42254
-0.050201 19.7885 1.33592
-0.055272 19.8187 1.35795
-0.052652 19.8492 1.37959
-0.054045 19.8793 1.33846
-0.06008 19.9113 1.39519
-0.059893 19.9477 1.39775
-0.059228 19.9782 1.39336
-0.065172 20.017 1.39525
-0.069752 20.0451 1.36822
-0.066455 20.0738 1.38846
-0.065674 20.111 1.38988
-0.078251 20.15 1.40924
-0.075147 20.1831 1.37254
-0.07138 20.2172 1.4191
-0.070484 20.2498 1.30314
-0.073905 20.2825 1.38978
-0.072106 20.3138 1.42501
-0.073624 20.3477 1.416
-0.070078 20.375 1.39283
-0.06943 20.4212 1.40582
-0.064882 20.4544 1.349
-0.065001 20.4776 1.32045
-0.067643 20.5125 1.35132
-0.071389 20.5412 1.38269
-0.070454 20.5693 1.34202
-0.074067 20.593 1.32469
-0.073136 20.6226 1.36129
-0.073918 20.6553 1.34467
-0.076254 20.6917 1.33689
-0.074555 20.7257 1.36886
-0.076822 20.7515 1.36115
-0.080571 20.7841 1.37294
-0.085254 20.8108 1.34523
-0.08503 20.8351 1.38355
-0.080282 20.8662 1.38436
-0.082906 20.8952 1.35824
-0.08456 20.9195 1.35239
-0.085291 20.9449 1.42809
-0.087959 20.9721 1.48122
-0.085477 20.9966 1.54355
-0.08097 21.025 1.53188
-0.081673 21.0571 1.51695
-0.080119 21.0828 1.53154
-0.081575 21.1093 1.61708
-0.078914 21.1351 1.68295
-0.077967 21.1653 1.70612
-0.076126 21.1946 1.69134
-0.071928 21.2337 1.67009
-0.070669 21.2606 1.69841
-0.072429 21.2704 1.83407
-0.074313 21.2896 1.95054
-0.073958 21.303 2.0116
-0.066924 21.3261 2.05523
-0.06865 21.3478 2.14237
-0.071009 21.3759 2.05422
-0.069088 21.4028 2.09111
-0.067784 21.4246 2.09878
-0.062425 21.4556 2.10583
-0.061692 21.4781 2.15173
-0.060308 21.5113 2.07443
-0.059084 21.5458 2.02453
-0.057553 21.5792 2.00545
-0.052769 21.6055 2.09084
-0.05175 21.6256 2.16111
-0.055749 21.6528 2.03866
-0.053202 21.6728 2.09367
-0.054713 21.7034 2.03131
-0.052876 21.7296 2.05142
-0.051251 21.7502 2.0969
-0.051686 21.7733 2.03106
-0.052466 21.7989 2.05299
-0.049666 21.8281 2.07093
-0.047139 21.8607 2.15464
-0.047421 21.8897 2.15206
-0.052912 21.9214 2.16316
-0.050779 21.9565 2.2046
-0.049777 21.9879 2.19406
-0.047104 22.0148 2.23928
-0.047731 22.0458 2.17371
-0.046976 22.0767 2.25985
-0.046061 22.1046 2.21845
-0.045076 22.1332 2.3196
-0.043779 22.1573 2.25789
-0.03987 22.1828 2.32598
-0.035459 22.2124 2.37543
-0.038628 22.2435 2.40318
-0.036181 22.2747 2.41059
-0.036993 22.3063 2.41085
-0.031458 22.3409 2.4272
-0.030184 22.3692 2.48517
-0.033272 22.4011 2.49002
-0.034445 22.4338 2.49035
-0.036902 22.465 2.49719
-0.034903 22.4904 2.57627
-0.033733 22.517 2.56952
-0.034156 22.5443 2.55324
-0.035662 22.573 2.57964
-0.035076 22.599 2.59492
-0.033517 22.6277 2.65625
-0.036699 22.6565 2.62651
-0.033789 22.685 2.6919
-0.028536 22.7132 2.72586
-0.029967 22.745 2.75946
-0.030957 22.7772 2.783
-0.02804 22.8096 2.806
-0.029079 22.8421 2.79017
-0.029054 22.8783 2.84459
-0.028558 22.9071 2.85608
-0.02749 22.9375 2.82664
-0.02786 22.9661 2.84944
-0.030087 22.9936 2.81787
-0.024158 23.0241 2.855
-0.020928 23.0517 2.91797
-0.023947 23.0832 2.9188
-0.022018 23.1139 2.87455
-0.018457 23.1437 2.93678
-0.017983 23.1731 2.9034
-0.017524 23.206 2.7743
-0.016694 23.2359 2.50022
-0.017375 23.267 2.16789
-0.021896 23.2916 2.03522
-0.018697 23.323 2.02731
-0.018692 23.3483 2.05756
-0.020984 23.3784 1.99321
-0.019887 23.4129 2.0083
-0.021619 23.4399 2.04218
-0.016025 23.4695 2.03339
-0.013015 23.4974 1.76992
-0.013652 23.528 1.42176
-0.014192 23.5539 1.0819
-0.018733 23.5806 1.008
-0.022208 23.6097 0.988349
-0.023759 23.6404 0.963238
-0.017831 23.6713 0.993288
-0.019176 23.701 1.03555
-0.020429 23.7318 1.01362
-0.020057 23.7617 1.03749
-0.021717 23.7909 0.997908
-0.021345 23.8206 1.03244
-0.021662 23.8472 1.05667
-0.02483 23.8789 1.08267
-0.024243 23.9101 1.10823
-0.022479 23.9413 1.06523
-0.026398 23.9693 1.03561
-0.027741 23.9959 1.06583
-0.03007 24.0216 1.1123
-0.026792 24.0543 1.13171
-0.02955 24.0897 1.11378
-0.026463 24.1176 1.17967
-0.025766 24.1437 1.19194
-0.028988 24.1728 1.15125
-0.03159 24.1999 1.16495
-0.029529 24.2297 1.16332
-0.033858 24.2639 1.23208
-0.033001 24.2953 1.13899
-0.033774 24.3253 1.24109
-0.034335 24.3539 1.23384
-0.034465 24.3841 1.27197
-0.033227 24.4195 1.27618
-0.030542 24.4489 1.29926
-0.035135 24.4752 1.40587
-0.03689 24.5048 1.46666
-0.038403 24.5306 1.39925
-0.035674 24.5598 1.45473
-0.034352 24.5892 1.41206
-0.033432 24.6219 1.42535
-0.031073 24.6552 1.44786
-0.031863 24.6857 1.47256
-0.031068 24.7184 1.51664
-0.028059 24.7509 1.45794
-0.031478 24.7812 1.49113
-0.027549 24.8085 1.59873
-0.027027 24.837 1.56127
-0.028831 24.8656 1.60469
-0.026894 24.8932 1.57129
-0.027928 24.919 1.66379
-0.027584 24.9503 1.57774
-0.031229 24.9828 1.60032
-0.02765 25.0119 1.60378
-0.02841 25.0375 1.65491
-0.032202 25.0723 1.6186
-0.031438 25.1005 1.64189
-0.027621 25.134 1.66759
-0.031721 25.1646 1.64429
-0.03356 25.194 1.7406
-0.033887 25.224 1.75329
-0.033501 25.2551 1.74251
-0.033349 25.2856 1.78994
-0.028931 25.3109 1.72689
-0.031699 25.3371 1.762
-0.028704 25.3659 1.72042
-0.025058 25.3949 1.73234
-0.021836 25.4259 1.70928
-0.025503 25.4572 1.83372
-0.024359 25.4887 1.80544
-0.023934 25.5197 1.89636
-0.023576 25.551 1.87989
-0.02723 25.5808 1.89412
-0.027614 25.6095 1.93503
-0.03029 25.64 1.90921
-0.030003 25.6734 1.97551
-0.029165 25.7047 1.98722
-0.029888 25.7364 2.02522
-0.026576 25.7677 2.02178
-0.027919 25.7948 2.08831
-0.029365 25.8186 2.1412
-0.027857 25.8474 2.18763
-0.024293 25.8749 2.20189
-0.02518 25.9039 2.1837
-0.021978 25.9328 2.22749
-0.018265 25.9613 2.19705
-0.017487 25.9949 2.22043
-0.017571 26.0242 2.26736
-0.014075 26.0551 2.24845
-0.018777 26.0861 2.2802
-0.018591 26.1124 2.29766
-0.021356 26.1391 2.33916
-0.019085 26.1674 2.33523
-0.016424 26.1985 2.33937
-0.017109 26.2258 2.24532
-0.016991 26.2552 1.90865
-0.017421 26.2855 1.5654
-0.01513 26.3155 1.37652
-0.015799 26.3466 1.2606
-0.014671 26.3776 1.23881
-0.016821 26.4071 1.26459
-0.017274 26.435 1.29421
-0.019835 26.4629 1.2633
-0.017499 26.4928 1.23526
-0.016741 26.5195 1.25595
-0.015601 26.5473 1.27036
-0.016921 26.5805 1.20434
-0.020956 26.6101 1.23946
-0.018344 26.6444 1.28732
-0.013543 26.6757 1.2868
-0.015566 26.7038 1.30564
-0.016912 26.7342 1.30663
-0.01745 26.7641 1.28189
-0.016928 26.7905 1.29316
-0.013934 26.8222 1.27526
-0.015128 26.8517 1.29853
-0.017482 26.8818 1.25896
-0.016816 26.9114 1.25142
-0.014837 26.9401 1.24317
-0.012245 26.9681 1.21176
-0.011146 26.9986 1.20585
-0.009984 27.0315 1.20186
-0.010149 27.062 1.21714
-0.010354 27.0922 1.16482
-0.008017 27.1203 1.15053
-0.008025 27.1516 1.21544
-0.009849 27.1789 1.22703
-0.008518 27.2083 1.19314
-0.009465 27.2379 1.17221
-0.011127 27.2699 1.20384
-0.012005 27.2979 1.23402
-0.011723 27.328 1.21995
-0.010564 27.3588 1.22063
-0.009015 27.3894 1.22002
-0.008861 27.4216 1.19721
-0.013549 27.4477 1.28963
-0.012094 27.4753 1.26759
-0.0109 27.5053 1.27712
-0.011335 27.5343 1.28639
-0.010419 27.5632 1.33682
-0.008631 27.5958 1.24881
-0.009095 27.6282 1.26204
-0.006959 27.6565 1.23921
-0.007903 27.6892 1.22851
-0.009941 27.7205 1.27149
-0.006436 27.7496 1.2215
-0.00541 27.7795 1.22694
-0.005382 27.8091 1.23068
-0.005084 27.8371 1.23206
-0.004616 27.8677 1.21356
-0.005845 27.8975 1.27351
-0.0096 27.9283 1.30804
-0.008759 27.9582 1.32213
-0.007564 27.9873 1.28032
-0.006941 28.0138 1.28327
-0.007795 28.0448 1.27202
-0.007783 28.0745 1.33345
-0.009793 28.0999 1.42595
-0.008801 28.1142 1.46306
-0.010938 28.1275 1.52624
-0.012787 28.1476 1.63651
-0.01105 28.1616 1.54363
-0.014516 28.1808 1.6979
-0.015319 28.2013 1.54179
-0.018996 28.2217 1.76105
-0.018447 28.2449 1.83418
-0.01219 28.267 1.64196
-0.021484 28.3024 1.60604
-0.015338 28.3337 1.53871
-0.024924 28.3549 1.80859
-0.034377 28.3734 1.95767
-0.041426 28.3917 1.96085
-0.048957 28.4077 1.98501
-0.057012 28.4294 2.0438
-0.087563 28.4516 2.24884
-0.100849 28.4722 2.27929
-0.092291 28.4931 2.20985
-0.091295 28.5077 2.28249
-0.094553 28.5244 2.26497
-0.09524 28.5445 2.25997
-0.094397 28.5607 2.22458
-0.089689 28.5847 2.11134
-0.091059 28.6097 2.13237
-0.096434 28.6321 2.09854
-0.096435 28.6579 2.16863
-0.098745 28.6825 2.13433
-0.10042 28.7128 2.13924
-0.102933 28.7415 2.17609
-0.107388 28.7689 2.15419
-0.103972 28.8139 2.08576
-0.103098 28.8524 2.0215
-0.100558 28.892 1.98023
-0.103372 28.9205 2.08557
-0.103009 28.9577 2.11512
-0.106625 28.9967 2.0266
-0.110486 29.0275 2.0786
-0.097455 29.061 1.98068
-0.095556 29.1051 1.85957
-0.088571 29.1328 1.8757
-0.094859 29.1694 1.96713
-0.102002 29.2005 1.95367
-0.103534 29.2279 2.04633
-0.097925 29.2529 1.89526
-0.095816 29.2778 1.88502
-0.091843 29.3121 1.92269
-0.09291 29.3416 1.86183
-0.089905 29.3792 1.84651
-0.083925 29.4183 1.8582
-0.083813 29.4528 1.82871
-0.080265 29.4905 1.75765
-0.079154 29.5191 1.82453
-0.076928 29.555 1.80961
-0.074946 29.5809 1.85281
-0.081098 29.6088 1.8972
-0.080199 29.6482 1.87458
-0.082541 29.6787 1.8682
-0.082684 29.7062 1.87682
-0.074974 29.7307 1.85616
-0.071851 29.7465 1.83309
-0.077106 29.763 1.83579
-0.081572 29.7841 1.79536
-0.075271 29.8017 1.65577
-0.078903 29.8255 1.3704
-0.078563 29.8572 0.9796
-0.076341 29.898 0.729245
-0.08063 29.9392 0.672057
-0.078115 29.9757 0.668605
-0.076511 30.0106 0.700281
-0.085771 30.0372 0.694683
-0.090725 30.0637 0.768719
-0.086796 30.0917 0.786235
-0.08952 30.1226 0.741484
-0.087928 30.1595 0.788917
-0.088377 30.1917 0.723352
-0.089379 30.2205 0.752256
-0.091223 30.2475 0.749392
-0.088216 30.269 0.744154
-0.090475 30.2885 0.808668
-0.092017 30.3129 0.855213
-0.09103 30.3363 0.873127
-0.090214 30.3649 0.905451
-0.090953 30.4011 0.916145
-0.090259 30.4383 0.956752
-0.092449 30.4732 1.01109
-0.095186 30.5109 1.03566
-0.093103 30.5386 1.04259
-0.094212 30.5645 1.11769
-0.092841 30.5926 1.15602
-0.092557 30.6221 1.18685
-0.097109 30.6581 1.20378
-0.090344 30.6911 1.2225
-0.09098 30.7222 1.27219
-0.090634 30.7513 1.31247
-0.087627 30.7747 1.43058
-0.087393 30.7983 1.3649
-0.08962 30.8208 1.45779
-0.090062 30.8419 1.48867
-0.090654 30.8746 1.46739
-0.090534 30.9037 1.45196
-0.088407 30.9413 1.52039
-0.090054 30.9821 1.5572
-0.084468 31.0144 1.58579
-0.086396 31.0472 1.67078
-0.08776 31.0763 1.69409
-0.084915 31.1044 1.77654
-0.088119 31.1289 1.85316
-0.084573 31.1603 1.82164
-0.084073 31.1913 1.91901
-0.077714 31.22 1.8947
-0.074901 31.2488 1.93056
-0.074875 31.2738 2.00554
-0.076401 31.2975 2.06702
-0.076766 31.3206 2.08581
-0.074892 31.3416 2.14874
-0.077235 31.3644 2.21155
-0.079397 31.4012 2.22254
-0.074341 31.4377 2.30726
-0.070087 31.4731 2.33234
-0.07353 31.5098 2.40955
-0.069313 31.5413 2.48871
-0.070018 31.5762 2.50708
-0.070635 31.6019 2.60588
-0.068985 31.627 2.67628
-0.071089 31.6623 2.67049
-0.070457 31.6911 2.73362
-0.06543 31.7241 2.80097
-0.067792 31.7526 2.82694
-0.06202 31.7798 2.86131
-0.063713 31.8044 2.94912
-0.064606 31.8302 2.98454
-0.064395 31.8533 3.02665
-0.063752 31.8815 3.14337
-0.070959 31.9106 3.11607
-0.064563 31.9465 3.2301
-0.059277 31.9839 3.19743
-0.059306 32.0142 3.26815
-0.052084 32.0447 3.31427
-0.058098 32.0695 3.37577
-0.060049 32.0973 3.49355
-0.052908 32.1196 3.51929
-0.055489 32.1482 3.60541
-0.053437 32.1809 3.52932
-0.047993 32.2114 3.71415
-0.051532 32.2452 3.74791
-0.050868 32.2735 3.72408
-0.047864 32.3029 3.53081
-0.054158 32.3289 3.10706
-0.056278 32.3545 2.65026
-0.056326 32.3779 1.95796
-0.057945 32.4032 1.43589
-0.05612 32.4346 1.14407
-0.057522 32.4698 0.938387
-0.06072 32.4999 0.982626
-0.059422 32.5322 0.943223
-0.063257 32.564 1.0117
-0.063906 32.5893 1.06431
-0.06056 32.6192 1.09768
-0.058871 32.649 1.1822
-0.062046 32.6791 1.20044
-0.063351 32.7111 1.27742
-0.063161 32.7403 1.35771
-0.06507 32.7687 1.39656
-0.065509 32.7996 1.47189
-0.064747 32.8265 1.5289
-0.060605 32.8543 1.58579
-0.062471 32.8789 1.65892
-0.05879 32.9029 1.75644
-0.058982 32.93 1.75903
-0.060052 32.9616 1.86322
-0.060651 32.9914 1.8733
-0.05721 33.0216 1.95348
-0.060996 33.0521 2.03258
-0.0625 33.0816 2.10141
-0.053919 33.1108 2.12898
-0.055256 33.1403 2.22371
-0.055392 33.1694 2.27504
-0.057675 33.1993 2.3708
-0.05843 33.2295 2.40061
-0.055637 33.258 2.41354
-0.057893 33.2851 2.52104
-0.055384 33.3111 2.54218
-0.05049 33.3408 2.59001
-0.050262 33.3681 2.61247
-0.054614 33.3957 2.75721
-0.049747 33.4233 2.7769
-0.05132 33.4531 2.87046
-0.048623 33.4833 2.89567
-0.045337 33.5126 2.94641
-0.04828 33.5456 3.02361
-0.045276 33.5768 3.01926
-0.040296 33.6092 3.14414
-0.044496 33.6385 3.23056
-0.046229 33.6662 3.30336
-0.045133 33.6958 3.3793
-0.043497 33.7264 3.44497
-0.038078 33.7537 3.47785
-0.039274 33.781 3.56095
-0.034817 33.8094 3.6204
-0.037456 33.8369 3.66687
-0.036498 33.8641 3.73361
-0.032119 33.8925 3.76234
-0.031691 33.9222 3.83069
-0.028407 33.9519 3.87929
-0.026429 33.981 3.92826
-0.023708 34.0109 4.00547
-0.025738 34.0428 4.06638
-0.02117 34.0734 4.10882
-0.021227 34.1024 4.13537
-0.019609 34.1338 4.20461
-0.018802 34.1664 4.25591
-0.016798 34.1985 4.32342
-0.013406 34.23 4.36094
-0.014996 34.2602 4.42877
-0.014469 34.2962 4.44832
-0.014864 34.332 4.5059
-0.014897 34.3752 4.52558
-0.009344 34.4112 4.62337
-0.004746 34.4496 4.69205
-0.006366 34.4866 4.81027
-0.001971 34.5265 4.83431
-0.00169 34.5628 4.92905
0.001913 34.5981 4.96078
0.004838 34.6363 5.0432
0.010447 34.669 5.06301
0.010371 34.7047 5.1561
0.008566 34.7379 5.26783
0.012114 34.7731 5.33643
0.016547 34.8058 5.34259
0.022035 34.8395 5.50009
0.025184 34.8742 5.50263
0.027709 34.9072 5.54955
0.03002 34.9358 5.53503
0.029408 34.9674 5.64722
0.028988 34.9936 5.77872
0.031577 35.0215 5.81766
0.03369 35.0491 5.87665
0.037839 35.0779 5.91438
0.040849 35.1085 5.90759
0.04193 35.1364 5.98225
0.042698 35.1632 5.95007
0.040804 35.1925 5.65989
0.041087 35.2215 5.37873
0.042943 35.2508 5.09796
0.045201 35.2798 5.02117
0.048471 35.31 5.10354
0.050423 35.34 5.21692
0.052657 35.3681 5.24993
0.055834 35.3957 5.19478
0.051839 35.4214 5.0023
0.05118 35.4473 4.52654
0.05114 35.4755 4.18691
0.052791 35.5072 3.91151
0.051703 35.5369 3.8732
0.054876 35.5653 3.84832
0.054739 35.5952 3.82505
0.057142 35.6272 3.89516
0.060873 35.6582 3.91165
0.062927 35.6892 3.6931
0.063188 35.7219 3.22453
0.06414 35.7518 2.70796
0.062951 35.7799 2.16643
0.059693 35.8073 1.84033
0.056366 35.8369 1.66906
0.058853 35.8684 1.64462
0.066002 35.8978 1.6099
0.065884 35.9246 1.58145
0.064288 35.9523 1.43315
0.062348 35.9839 0.918491
0.058735 36.0088 0.746493
0.058226 36.0342 0.401855
0.057679 36.0667 0.259173
0.056937 36.0948 0.412729
0.057275 36.125 0.503975
0.0604 36.1571 0.535298
0.058661 36.1863 0.649043
0.053986 36.2164 0.71789
0.058635 36.2468 0.710675
0.059599 36.2762 0.76783
0.054152 36.303 0.96865
0.049009 36.3305 0.940089
0.039475 36.3591 1.00717
0.044593 36.3874 1.0284
0.053372 36.415 1.08459
0.052991 36.4427 1.18523
0.048218 36.4715 1.23141
0.040787 36.5007 1.34721
0.043873 36.529 1.33014
0.04643 36.5575 1.42239
0.047829 36.5886 1.46126
0.048669 36.6171 1.54692
0.042102 36.6475 1.59701
0.043046 36.6802 1.62565
0.046017 36.7119 1.64624
0.050435 36.7425 1.72846
0.051678 36.7709 1.82353
0.048662 36.7994 1.85076
0.04518 36.8279 1.88623
0.045089 36.8556 1.93926
0.053615 36.8839 1.98377
0.056519 36.9108 2.07184
0.054741 36.9399 2.12671
0.056478 36.9678 2.17668
0.058363 36.9971 2.23516
0.06103 37.0272 2.29207
0.061483 37.0572 2.35726
0.058609 37.0883 2.43402
0.059007 37.1189 2.46729
0.062829 37.1498 2.52361
0.056735 37.182 2.50646
0.058171 37.2161 2.47966
0.059232 37.2486 2.49299
0.053694 37.2762 2.57439
0.045589 37.3035 2.63631
0.045385 37.3302 2.70483
0.045717 37.3605 2.73535
0.044105 37.3848 2.82574
0.046825 37.4173 2.77748
0.046766 37.4464 2.87272
0.050815 37.4805 2.94905
0.052823 37.5104 2.96759
0.053299 37.5382 3.03255
0.056208 37.5695 3.08808
0.062448 37.6 3.10319
0.065614 37.6293 3.17368
0.065782 37.6573 3.23441
0.06625 37.6861 3.29077
0.067281 37.7126 3.34668
0.068707 37.7404 3.43956
0.068378 37.7698 3.47275
0.069873 37.7992 3.51724
0.071866 37.8276 3.55697
0.073459 37.8562 3.643
0.076192 37.8851 3.69352
0.077884 37.9155 3.76576
0.079624 37.9457 3.77941
0.08163 37.9774 3.83816
0.083245 38.0082 3.85429
0.084267 38.0377 3.91103
0.084482 38.0662 4.02278
0.087045 38.0933 4.06544
0.088583 38.1236 4.08327
0.090456 38.1513 4.16779
0.091379 38.1787 4.19428
0.094374 38.2067 4.29604
0.095715 38.2365 4.32328
0.09743 38.2652 4.393
0.098068 38.2955 4.46877
0.098709 38.3266 4.52792
0.106776 38.3526 4.56498
0.109957 38.3817 4.65916
0.110755 38.4127 4.71781
0.113845 38.4439 4.83413
0.116287 38.4724 4.91892
0.114453 38.5015 4.96114
0.115537 38.5305 5.01133
0.119045 38.5577 5.08204
0.121599 38.5847 5.13511
0.124149 38.615 5.16398
0.12679 38.6431 5.32216
0.129003 38.6672 5.31709
0.128917 38.6845 5.41713
0.129661 38.6984 5.4455
0.130179 38.7111 5.45054
0.129515 38.7005 5.70782
0.130115 38.715 3.4031
0.132334 38.7264 1.1143
0.13546 38.7352 -1.81882
0.189958 38.7957 -94.7337
0.171844 38.7939 -94.6483
0.148612 38.7915 -94.6014
0.120351 38.7865 -94.5599
0.092834 38.7829 -94.5252
0.066021 38.7807 -94.4593
0.03934 38.7776 -94.423
0.014334 38.775 -94.3535
-0.009518 38.772 -94.3195
-0.031352 38.7688 -94.3155
-0.051023 38.7678 -94.2694
-0.068442 38.7653 -94.2229
-0.085055 38.7635 -94.1646
-0.100511 38.7622 -94.1461
-0.11333 38.7612 -94.1029
-0.126777 38.7598 -94.0816
-0.14028 38.758 -94.047
-0.1551 38.757 -94.0191
-0.169027 38.7557 -94.002
-0.185243 38.7532 -93.9901
-0.204644 38.7525 -93.9558
-0.221 38.75 -93.8873
-0.239083 38.7476 -93.8797
-0.261319 38.7451 -93.8148
-0.2833 38.7447 -93.7957
-0.296717 38.7411 -93.5855
-0.314862 38.7389 -93.4371
-0.340071 38.7377 -93.2492
-0.359989 38.7371 -93.1622
-0.379999 38.7357 -93.0458
-0.395997 38.7335 -93.022
-0.414112 38.7329 -92.9345
-0.432585 38.7312 -92.889
-0.451129 38.73 -92.8342
-0.468738 38.7293 -92.7957
-0.484103 38.7272 -92.6463
-0.499853 38.7259 -92.4034
-0.517138 38.7258 -92.1245
-0.53679 38.7259 -91.9733
-0.554081 38.7246 -91.8797
-0.572299 38.7227 -91.8695
-0.589352 38.723 -91.7783
-0.608918 38.7204 -91.7482
-0.626984 38.7182 -91.7613
-0.647601 38.7165 -91.6702
-0.666702 38.7151 -91.6336
-0.684361 38.7145 -91.4127
-0.703926 38.7147 -91.1036
-0.724554 38.7135 -90.7656
-0.746535 38.7151 -90.4354
-0.764111 38.7145 -90.3235
-0.781748 38.7125 -90.2387
-0.802012 38.7116 -90.2097
-0.819266 38.7117 -90.1651
-0.838773 38.7105 -90.1002
-0.85774 38.7093 -90.0642
-0.877038 38.7087 -90.0354
-0.89401 38.7091 -90.0006
-0.91533 38.7095 -89.9802
-0.934605 38.7085 -89.8874
-0.95516 38.7068 -89.8694
-0.973081 38.7058 -89.8188
-0.99263 38.7044 -89.8181
-1.00968 38.704 -89.743
-1.02858 38.7041 -89.6806
-1.04575 38.7062 -89.5031
-1.0642 38.7086 -89.1721
-1.08363 38.7081 -88.8096
-1.1027 38.7091 -88.4206
-1.11991 38.7103 -87.9299
-1.13876 38.7102 -87.5628
-1.15641 38.7096 -87.3175
-1.17532 38.7094 -87.2375
-1.19522 38.7104 -87.1953
-1.21503 38.7114 -87.1613
-1.23248 38.7111 -87.116
-1.25323 38.7111 -87.0768
-1.27202 38.7119 -87.0622
-1.2914 38.7134 -87.0364
-1.31086 38.7129 -86.9994
-1.33202 38.7111 -86.9787
-1.34772 38.713 -86.9429
-1.36599 38.7132 -86.9184
-1.38388 38.7138 -86.8733
-1.40411 38.7124 -86.8598
-1.42048 38.7129 -86.8242
-1.43758 38.712 -86.7646
-1.45842 38.7126 -86.7366
-1.47477 38.7128 -86.7324
-1.49289 38.713 -86.7149
-1.51081 38.7118 -86.6949
-1.52867 38.7131 -86.6441
-1.54777 38.7118 -86.6009
-1.56644 38.7122 -86.5648
-1.58748 38.7139 -86.5196
-1.60549 38.7144 -86.5117
-1.62224 38.7135 -86.4734
-1.64144 38.7151 -86.3969
-1.66162 38.7146 -86.3813
-1.68239 38.715 -86.3829
-1.70276 38.7165 -86.3362
-1.72415 38.7169 -86.2953
-1.75478 38.7175 -86.269
-1.78723 38.719 -86.2428
-1.82068 38.7207 -86.1775
-1.8522 38.721 -86.099
-1.88681 38.7225 -86.0185
-1.92031 38.7237 -85.9725
-1.95415 38.7239 -85.9228
-1.98492 38.7253 -85.8761
-2.01364 38.728 -85.8196
-2.04068 38.7297 -85.778
-2.07128 38.7304 -85.7485
-2.09787 38.7307 -85.6899
-2.1239 38.7313 -85.623
-2.15155 38.7313 -85.639
-2.17672 38.7334 -85.5724
-2.20507 38.7349 -85.5083
-2.23694 38.7351 -85.4905
-2.26452 38.7355 -85.4473
-2.29394 38.7358 -85.4403
-2.32641 38.7379 -85.3576
-2.35793 38.7379 -85.2853
-2.38631 38.7398 -85.1902
-2.41769 38.7409 -85.1677
-2.44816 38.7433 -85.0953
-2.47712 38.7432 -85.0604
-2.50922 38.746 -85.0404
-2.53724 38.7476 -84.9672
-2.56485 38.7508 -84.9229
-2.59372 38.7522 -84.8919
-2.62397 38.7541 -84.8596
-2.65216 38.7548 -84.7654
-2.67947 38.757 -84.7417
-2.70849 38.7575 -84.683
-2.73732 38.759 -84.6453
-2.76929 38.7621 -84.6274
-2.79849 38.7648 -84.6125
-2.82792 38.767 -84.5484
-2.85893 38.7691 -84.5247
-2.88852 38.7721 -84.4291
-2.91766 38.772 -84.3965
-2.94563 38.775 -84.3897
-2.97452 38.7769 -84.3317
-3.0018 38.7798 -84.3097
-3.02933 38.7764 -84.2558
-3.05734 38.7783 -84.2189
-3.08756 38.781 -84.1942
-3.11624 38.7823 -84.1345
-3.14657 38.7838 -84.0784
-3.17726 38.7845 -84.0439
-3.20795 38.7872 -83.9814
-3.2385 38.7904 -83.9252
-3.26793 38.7933 -83.882
-3.29855 38.7951 -83.787
-3.32924 38.799 -83.8397
-3.35598 38.8011 -84.0598
-3.38741 38.8029 -84.4668
-3.41637 38.8035 -84.8377
-3.44301 38.8034 -85.0506
-3.47132 38.8026 -85.0268
-3.50297 38.8032 -84.9171
-3.53219 38.8072 -84.8491
-3.56487 38.8102 -84.7786
-3.59516 38.8111 -84.7146
-3.62211 38.8124 -84.6065
-3.65143 38.8141 -84.515
-3.68249 38.8156 -84.4454
-3.71337 38.8181 -84.3838
-3.74402 38.8194 -84.3073
-3.77226 38.8224 -84.2161
-3.80067 38.8241 -84.1417
-3.83095 38.8259 -84.0314
-3.86235 38.8288 -84.0021
-3.89192 38.8308 -83.932
-3.92349 38.8318 -83.8687
-3.95485 38.8328 -83.9608
-3.98995 38.8327 -84.2189
-4.02189 38.8331 -84.6217
-4.05142 38.8336 -84.957
-4.07834 38.8368 -85.0096
-4.10705 38.8385 -84.9547
-4.13478 38.8412 -84.8439
-4.16744 38.8437 -84.7275
-4.19878 38.8463 -84.6779
-4.22376 38.8443 -84.5361
-4.2504 38.8447 -84.4145
-4.27963 38.8465 -84.3191
-4.30831 38.849 -84.2393
-4.33729 38.8514 -84.1632
-4.36627 38.8522 -84.0885
-4.39688 38.857 -83.9872
-4.42712 38.8587 -83.9131
-4.4594 38.8617 -83.798
-4.49054 38.8651 -83.724
-4.51885 38.8668 -83.6401
-4.5464 38.8686 -83.54
-4.57523 38.871 -83.4723
-4.60554 38.8733 -83.3971
-4.63484 38.8758 -83.3509
-4.6638 38.8782 -83.249
-4.69247 38.8815 -83.1268
-4.72131 38.8832 -83.0651
-4.75002 38.8847 -82.9652
-4.77798 38.8853 -82.8829
-4.80844 38.8879 -82.7722
-4.8388 38.8917 -82.686
-4.8692 38.8958 -82.5925
-4.89989 38.899 -82.5207
-4.92995 38.9021 -82.4156
-4.96244 38.9052 -82.3555
-4.99301 38.9092 -82.259
-5.02276 38.9127 -82.1626
-5.05186 38.9146 -82.0758
-5.07783 38.9157 -81.9812
-5.1054 38.919 -81.8835
-5.13724 38.9212 -81.8159
-5.16555 38.9235 -81.7379
-5.19425 38.9282 -81.6878
-5.22386 38.9305 -81.605
-5.25363 38.9336 -81.5258
-5.28166 38.9366 -81.4258
-5.31205 38.939 -81.4277
-5.3392 38.9393 -81.6736
-5.365 38.9377 -82.152
-5.39105 38.9424 -82.7329
-5.41819 38.9418 -83.4407
-5.44039 38.9405 -84.3358
-5.46951 38.94 -85.378
-5.49827 38.9426 -86.0331
-5.52873 38.9433 -86.4776
-5.55908 38.9439 -86.6388
-5.58935 38.9455 -86.5596
-5.61983 38.9465 -86.4828
-5.6517 38.9497 -86.3036
-5.6853 38.9507 -86.1857
-5.71805 38.9504 -86.0677
-5.75074 38.9531 -85.9064
-5.78297 38.9558 -85.7731
-5.81224 38.9562 -85.6507
-5.84324 38.9567 -85.5421
-5.87355 38.9586 -85.4667
-5.9023 38.9588 -85.4009
-5.92866 38.9611 -85.3555
-5.95448 38.9626 -85.2973
-5.984 38.9642 -85.2337
-6.01357 38.9652 -85.1653
-6.04357 38.9661 -85.0884
-6.0731 38.967 -85.0314
-6.0996 38.9688 -84.9348
-6.12612 38.9706 -84.8435
-6.15602 38.9725 -84.8377
-6.18304 38.9746 -84.7478
-6.2143 38.976 -84.7162
-6.24515 38.9783 -84.6468
-6.27837 38.9794 -84.5651
-6.30904 38.9799 -84.4783
-6.33596 38.9814 -84.4186
-6.36782 38.9826 -84.3126
-6.39979 38.9846 -84.2207
-6.42999 38.9856 -84.1615
-6.45754 38.9875 -84.0753
-6.48546 38.9894 -83.991
-6.51591 38.9921 -83.9577
-6.54825 38.9943 -83.896
-6.57462 38.9926 -83.8535
-6.60157 38.9945 -83.7878
-6.62475 38.9953 -83.6946
-6.65096 38.9985 -83.6468
-6.6811 39.0013 -83.5438
-6.70995 39.0019 -83.5145
-6.73849 39.0066 -83.4921
-6.76467 39.011 -83.4358
-6.79681 39.0142 -83.3841
-6.83011 39.0177 -83.2893
-6.86266 39.0215 -83.265
-6.89101 39.0241 -83.1861
-6.91717 39.0268 -83.1069
-6.94706 39.0287 -83.0482
-6.97738 39.0315 -83.0045
-7.00713 39.0348 -82.9395
-7.03802 39.0372 -82.9087
-7.0679 39.0396 -82.8628
-7.09506 39.0421 -82.7794
-7.12664 39.0434 -82.7175
-7.15507 39.047 -82.6148
-7.186 39.0503 -82.5464
-7.21536 39.0543 -82.541
-7.24581 39.0564 -82.4199
-7.27274 39.0576 -82.3823
-7.30796 39.06 -82.4888
-7.33851 39.0626 -82.8412
-7.36352 39.0646 -83.1486
-7.38632 39.0695 -83.3867
-7.41735 39.0707 -83.3413
-7.449 39.0728 -83.3029
-7.4792 39.0748 -83.2286
-7.50618 39.0793 -83.1303
-7.53681 39.084 -83.0374
-7.57019 39.0851 -83.0074
-7.60129 39.0883 -82.948
-7.63145 39.0906 -82.8672
-7.65855 39.0947 -82.7676
-7.68721 39.0973 -82.6724
-7.7184 39.0993 -82.6089
-7.74472 39.1016 -82.4825
-7.77435 39.1028 -82.3935
-7.80136 39.1062 -82.3259
-7.83043 39.1065 -82.2523
-7.87165 39.113 -82.2061
-7.89549 39.1139 -81.9826
-7.91974 39.1164 -81.9171
-7.9399 39.1168 -81.9189
-7.95689 39.1204 -81.8534
-7.96795 39.1209 -81.8506
-7.95694 39.1194 -81.6486
-7.96669 39.1299 -82.5184
-7.9617 39.1458 -84.5461
-7.96162 39.1512 -86.1966
-7.96048 39.159 -88.258
