0 0 40.8624 0 61.8396 a b 3.13425 10 0
0 0 40.8621 0 61.8243 a b -3.13612 10 0
0 0 40.8679 0 61.8094 a b -3.12509 10 0
0 0 40.8719 0 61.786 a b -3.1277 10 0
0 0 40.8733 0 61.7568 a b -3.13428 10 0
0 0 40.8735 0 61.7217 a b -3.13863 10 0
0 0 40.8753 0 61.6842 a b 3.14046 10 0
0 0 40.8738 0 61.6502 a b 3.14036 10 0
0 0 40.8749 0 61.6157 a b 3.1392 10 0
0 0 40.8752 0 61.5824 a b 3.13645 10 0
0 0 40.8739 0 61.5526 a b 3.1354 10 0
0 0 40.8743 0 61.5205 a b 3.13662 10 0
0 0 40.878 0 61.486 a b 3.13318 10 0
0 0 40.8793 0 61.458 a b 3.12787 10 0
0 0 40.8774 0 61.4355 a b 3.12611 10 0
0 0 40.8794 0 61.4094 a b 3.12851 10 0
0 0 40.8825 0 61.377 a b 3.12829 10 0
0 0 40.8811 0 61.3478 a b 3.12488 10 0
0 0 40.8831 0 61.3247 a b 3.11954 10 0
0 0 40.8841 0 61.3 a b 3.11712 10 0
0 0 40.8849 0 61.276 a b 3.11892 10 0
0 0 40.8846 0 61.2492 a b 3.12361 10 0
0 0 40.8869 0 61.2225 a b 3.12213 10 0
0 0 40.8898 0 61.197 a b 3.11799 10 0
0 0 40.8891 0 61.1715 a b 3.11006 10 0
0 0 40.8909 0 61.1549 a b 3.10301 10 0
0 0 40.8884 0 61.1338 a b 3.10369 10 0
0 0 40.8866 0 61.1004 a b 3.10752 10 0
0 0 40.886 0 61.0597 a b 3.10037 10 0
0 0 40.8912 0 61.0303 a b 3.08633 10 0
0 0 40.8953 0 61.0081 a b 3.08368 10 0
0 0 40.8965 0 60.9774 a b 3.08225 10 0
0 0 40.8958 0 60.952 a b 3.07901 10 0
0 0 40.8983 0 60.9316 a b 3.07867 10 0
0 0 40.8985 0 60.9069 a b 3.08059 10 0
0 0 40.9021 0 60.8811 a b 3.08783 10 0
0 0 40.9024 0 60.8465 a b 3.08887 10 0
0 0 40.9032 0 60.8223 a b 3.0885 10 0
0 0 40.9068 0 60.7965 a b 3.09481 10 0
0 0 40.905 0 60.7661 a b 3.10315 10 0
0 0 40.9045 0 60.7304 a b 3.10205 10 0
0 0 40.9052 0 60.708 a b 3.10001 10 0
0 0 40.9093 0 60.6863 a b 3.10428 10 0
0 0 40.9105 0 60.6659 a b 3.11487 10 0
0 0 40.9071 0 60.637 a b 3.11935 10 0
0 0 40.907 0 60.6052 a b 3.11813 10 0
0 0 40.9158 0 60.564 a b 3.11394 10 0
0 0 40.9264 0 60.5213 a b 3.12128 10 0
0 0 40.9274 0 60.4836 a b 3.12942 10 0
0 0 40.9261 0 60.4467 a b 3.13257 10 0
0 0 40.9271 0 60.4146 a b 3.13664 10 0
0 0 40.9266 0 60.3799 a b 3.13993 10 0
0 0 40.9285 0 60.3463 a b -3.13864 10 0
0 0 40.931 0 60.314 a b -3.13252 10 0
0 0 40.9306 0 60.2899 a b -3.12824 10 0
0 0 40.9308 0 60.2614 a b -3.1225 10 0
0 0 40.9286 0 60.2314 a b -3.11943 10 0
0 0 40.9245 0 60.2007 a b -3.11778 10 0
0 0 40.929 0 60.176 a b -3.11599 10 0
0 0 40.9329 0 60.1504 a b -3.10939 10 0
0 0 40.9294 0 60.1313 a b -3.10572 10 0
0 0 40.9264 0 60.1118 a b -3.10462 10 0
0 0 40.9258 0 60.0821 a b -3.10996 10 0
0 0 40.9255 0 60.0518 a b -3.11345 10 0
0 0 40.9291 0 60.022 a b -3.11078 10 0
0 0 40.9239 0 59.9858 a b -3.10559 10 0
0 0 40.9206 0 59.9486 a b -3.10572 10 0
0 0 40.9196 0 59.9129 a b -3.10701 10 0
0 0 40.9181 0 59.886 a b -3.10603 10 0
0 0 40.9194 0 59.8529 a b -3.10558 10 0
0 0 40.9191 0 59.8252 a b -3.10721 10 0
0 0 40.9162 0 59.7945 a b -3.10927 10 0
0 0 40.9172 0 59.7664 a b -3.10746 10 0
0 0 40.9134 0 59.7449 a b -3.106 10 0
0 0 40.9123 0 59.7253 a b -3.10569 10 0
0 0 40.9152 0 59.7015 a b -3.10566 10 0
0 0 40.9129 0 59.6771 a b -3.10587 10 0
0 0 40.9122 0 59.6547 a b -3.10527 10 0
0 0 40.91 0 59.6299 a b -3.10738 10 0
0 0 40.9098 0 59.6012 a b -3.10625 10 0
0 0 40.911 0 59.5683 a b -3.10645 10 0
0 0 40.9093 0 59.5305 a b -3.1041 10 0
0 0 40.9109 0 59.4959 a b -3.10215 10 0
0 0 40.911 0 59.4561 a b -3.10294 10 0
0 0 40.909 0 59.416 a b -3.10339 10 0
0 0 40.911 0 59.3843 a b -3.10138 10 0
0 0 40.9122 0 59.3536 a b -3.10271 10 0
0 0 40.9121 0 59.3215 a b -3.10387 10 0
0 0 40.9096 0 59.2881 a b -3.10381 10 0
0 0 40.908 0 59.2619 a b -3.10285 10 0
0 0 40.9082 0 59.2396 a b -3.10333 10 0
0 0 40.9077 0 59.2133 a b -3.10555 10 0
0 0 40.9058 0 59.1841 a b -3.10686 10 0
0 0 40.9028 0 59.1653 a b -3.1078 10 0
0 0 40.9053 0 59.1428 a b -3.10912 10 0
0 0 40.9049 0 59.1149 a b -3.11129 10 0
0 0 40.9051 0 59.0871 a b -3.11216 10 0
0 0 40.9065 0 59.057 a b -3.11347 10 0
0 0 40.9034 0 59.0212 a b -3.11332 10 0
0 0 40.9037 0 58.987 a b -3.11036 10 0
0 0 40.9049 0 58.9531 a b -3.10939 10 0
0 0 40.9048 0 58.9168 a b -3.1109 10 0
0 0 40.9031 0 58.8846 a b -3.1121 10 0
0 0 40.9049 0 58.8478 a b -3.11352 10 0
0 0 40.9053 0 58.8179 a b -3.11307 10 0
0 0 40.9049 0 58.7886 a b -3.11485 10 0
0 0 40.9047 0 58.7606 a b -3.11443 10 0
0 0 40.906 0 58.7318 a b -3.11308 10 0
0 0 40.9076 0 58.705 a b -3.11544 10 0
0 0 40.9051 0 58.683 a b -3.11529 10 0
0 0 40.9037 0 58.658 a b -3.11534 10 0
0 0 40.9039 0 58.634 a b -3.1141 10 0
0 0 40.9067 0 58.6131 a b -3.11564 10 0
0 0 40.9097 0 58.5919 a b -3.11832 10 0
0 0 40.9101 0 58.5668 a b -3.12051 10 0
0 0 40.9056 0 58.5425 a b -3.12219 10 0
0 0 40.9038 0 58.5087 a b -3.12018 10 0
0 0 40.9051 0 58.4695 a b -3.11642 10 0
0 0 40.9068 0 58.43 a b -3.11756 10 0
0 0 40.906 0 58.3974 a b -3.11955 10 0
0 0 40.9059 0 58.3594 a b -3.1191 10 0
0 0 40.906 0 58.3249 a b -3.1188 10 0
0 0 40.9059 0 58.2916 a b -3.12244 10 0
0 0 40.9066 0 58.2635 a b -3.12375 10 0
0 0 40.9093 0 58.2348 a b -3.12142 10 0
0 0 40.9061 0 58.2046 a b -3.11794 10 0
0 0 40.9077 0 58.1757 a b -3.1214 10 0
0 0 40.9089 0 58.1558 a b -3.12863 10 0
0 0 40.9084 0 58.1334 a b -3.12532 10 0
0 0 40.9085 0 58.1104 a b -3.11535 10 0
0 0 40.9146 0 58.0828 a b -3.11324 10 0
0 0 40.9177 0 58.0609 a b -3.1187 10 0
0 0 40.918 0 58.04 a b -3.12847 10 0
0 0 40.9142 0 58.0226 a b -3.13177 10 0
0 0 40.9102 0 57.9906 a b -3.1246 10 0
0 0 40.9098 0 57.9501 a b -3.12175 10 0
0 0 40.9102 0 57.9158 a b -3.12079 10 0
0 0 40.9121 0 57.8775 a b -3.12223 10 0
0 0 40.9124 0 57.839 a b -3.12398 10 0
0 0 40.9128 0 57.8053 a b -3.12747 10 0
0 0 40.9141 0 57.7746 a b -3.13098 10 0
0 0 40.9147 0 57.7456 a b -3.13278 10 0
0 0 40.9137 0 57.7142 a b -3.13361 10 0
0 0 40.9115 0 57.6872 a b -3.13452 10 0
0 0 40.9116 0 57.6611 a b -3.13784 10 0
0 0 40.9122 0 57.6386 a b 3.14129 10 0
0 0 40.9124 0 57.6223 a b 3.13991 10 0
0 0 40.9138 0 57.6006 a b -3.14048 10 0
0 0 40.9181 0 57.5761 a b -3.13985 10 0
0 0 40.9179 0 57.5503 a b 3.13658 10 0
0 0 40.9175 0 57.5286 a b 3.13077 10 0
0 0 40.9171 0 57.4995 a b 3.12708 10 0
0 0 40.9162 0 57.4598 a b 3.1238 10 0
0 0 40.916 0 57.4213 a b 3.11943 10 0
0 0 40.9161 0 57.3796 a b 3.11236 10 0
0 0 40.9187 0 57.3468 a b 3.10684 10 0
0 0 40.9208 0 57.3172 a b 3.10376 10 0
0 0 40.9222 0 57.2801 a b 3.09788 10 0
0 0 40.9265 0 57.2465 a b 3.09394 10 0
0 0 40.9272 0 57.2172 a b 3.09261 10 0
0 0 40.929 0 57.1858 a b 3.08874 10 0
0 0 40.9292 0 57.1621 a b 3.08741 10 0
0 0 40.9322 0 57.1328 a b 3.08531 10 0
0 0 40.9335 0 57.1127 a b 3.08563 10 0
0 0 40.9316 0 57.0928 a b 3.08424 10 0
0 0 40.9349 0 57.07 a b 3.08328 10 0
0 0 40.9335 0 57.0475 a b 3.08212 10 0
0 0 40.9349 0 57.0263 a b 3.07955 10 0
0 0 40.9375 0 57.0006 a b 3.07982 10 0
0 0 40.9387 0 56.9646 a b 3.07685 10 0
0 0 40.9435 0 56.9307 a b 3.0772 10 0
0 0 40.9447 0 56.8973 a b 3.07967 10 0
0 0 40.9483 0 56.8642 a b 3.07978 10 0
0 0 40.9522 0 56.8327 a b 3.08027 10 0
0 0 40.9554 0 56.807 a b 3.08503 10 0
0 0 40.9569 0 56.7754 a b 3.08742 10 0
0 0 40.9588 0 56.7406 a b 3.08792 10 0
0 0 40.9624 0 56.7179 a b 3.09007 10 0
0 0 40.9613 0 56.691 a b 3.09046 10 0
0 0 40.965 0 56.6683 a b 3.09081 10 0
0 0 40.9703 0 56.6453 a b 3.09311 10 0
0 0 40.9728 0 56.6217 a b 3.09733 10 0
0 0 40.9736 0 56.5992 a b 3.10197 10 0
0 0 40.9668 0 56.5769 a b 3.1023 10 0
0 0 40.9703 0 56.5493 a b 3.09961 10 0
0 0 40.9727 0 56.5219 a b 3.10014 10 0
0 0 40.9742 0 56.486 a b 3.10407 10 0
0 0 40.9744 0 56.4513 a b 3.10757 10 0
0 0 40.9751 0 56.4144 a b 3.1086 10 0
0 0 40.9763 0 56.3812 a b 3.10909 10 0
0 0 40.9786 0 56.3496 a b 3.10955 10 0
0 0 40.9778 0 56.319 a b 3.11279 10 0
0 0 40.9779 0 56.2862 a b 3.11635 10 0
0 0 40.9792 0 56.2592 a b 3.11709 10 0
0 0 40.9818 0 56.2323 a b 3.11578 10 0
0 0 40.9821 0 56.2057 a b 3.11755 10 0
0 0 40.9841 0 56.1788 a b 3.12197 10 0
0 0 40.988 0 56.1517 a b 3.12343 10 0
0 0 40.9915 0 56.1326 a b 3.12152 10 0
0 0 40.991 0 56.106 a b 3.11712 10 0
0 0 40.9877 0 56.0778 a b 3.11826 10 0
0 0 40.9887 0 56.0479 a b 3.12638 10 0
0 0 40.9938 0 56.0199 a b 3.13255 10 0
0 0 40.9968 0 55.9869 a b 3.12819 10 0
0 0 40.9953 0 55.9519 a b 3.12527 10 0
0 0 40.9962 0 55.9186 a b 3.12853 10 0
0 0 40.9962 0 55.8844 a b 3.13059 10 0
0 0 40.9964 0 55.8517 a b 3.13175 10 0
0 0 40.9957 0 55.8154 a b 3.13278 10 0
0 0 40.995 0 55.7846 a b 3.13537 10 0
0 0 40.9968 0 55.7547 a b 3.1384 10 0
0 0 40.9989 0 55.7276 a b 3.14051 10 0
0 0 40.9978 0 55.7005 a b -3.14148 10 0
0 0 40.9949 0 55.6755 a b 3.13991 10 0
0 0 40.9967 0 55.6516 a b -3.14128 10 0
0 0 40.997 0 55.6283 a b -3.13669 10 0
0 0 40.9992 0 55.6063 a b -3.13438 10 0
0 0 40.9995 0 55.5837 a b -3.13706 10 0
0 0 40.9976 0 55.5575 a b -3.13657 10 0
0 0 40.9983 0 55.5312 a b -3.12948 10 0
0 0 40.9999 0 55.5028 a b -3.12635 10 0
0 0 40.9973 0 55.4681 a b -3.12717 10 0
0 0 41.0004 0 55.4314 a b -3.12609 10 0
0 0 41.0023 0 55.4002 a b -3.12188 10 0
0 0 41.0023 0 55.3664 a b -3.11827 10 0
0 0 41.0024 0 55.3315 a b -3.11863 10 0
0 0 41.0032 0 55.2942 a b -3.12105 10 0
0 0 41.0007 0 55.2621 a b -3.11872 10 0
0 0 41.0024 0 55.2326 a b -3.11444 10 0
0 0 41.0036 0 55.1994 a b -3.11358 10 0
0 0 41.0042 0 55.1735 a b -3.1184 10 0
0 0 40.9988 0 55.1531 a b -3.1181 10 0
0 0 40.9954 0 55.129 a b -3.11251 10 0
0 0 40.9968 0 55.1047 a b -3.11115 10 0
0 0 40.9993 0 55.0819 a b -3.11541 10 0
0 0 40.9943 0 55.0644 a b -3.11728 10 0
0 0 40.9869 0 55.0423 a b -3.10924 10 0
0 0 40.9921 0 55.0088 a b -3.10453 10 0
0 0 40.9953 0 54.9788 a b -3.10845 10 0
0 0 40.9947 0 54.9501 a b -3.10863 10 0
0 0 40.9947 0 54.9186 a b -3.10668 10 0
0 0 40.9937 0 54.887 a b -3.10475 10 0
0 0 40.9925 0 54.8555 a b -3.10486 10 0
0 0 40.9905 0 54.8223 a b -3.10377 10 0
0 0 40.9897 0 54.7954 a b -3.10194 10 0
0 0 40.9909 0 54.7688 a b -3.10105 10 0
0 0 40.9901 0 54.7422 a b -3.09943 10 0
0 0 40.9903 0 54.7139 a b -3.09924 10 0
0 0 40.9885 0 54.6862 a b -3.09909 10 0
0 0 40.9863 0 54.6638 a b -3.09923 10 0
0 0 40.9853 0 54.6393 a b -3.09802 10 0
0 0 40.9838 0 54.615 a b -3.09631 10 0
0 0 40.9815 0 54.5868 a b -3.09424 10 0
0 0 40.9792 0 54.5568 a b -3.09394 10 0
0 0 40.9795 0 54.528 a b -3.09295 10 0
0 0 40.9798 0 54.4934 a b -3.09265 10 0
0 0 40.9806 0 54.4553 a b -3.09072 10 0
0 0 40.9826 0 54.42 a b -3.08956 10 0
0 0 40.9799 0 54.3869 a b -3.08932 10 0
0 0 40.9779 0 54.3533 a b -3.08993 10 0
0 0 40.9751 0 54.3226 a b -3.08854 10 0
0 0 40.9744 0 54.2866 a b -3.0872 10 0
0 0 40.9734 0 54.2535 a b -3.08651 10 0
0 0 40.9764 0 54.2254 a b -3.08713 10 0
0 0 40.974 0 54.2004 a b -3.08676 10 0
0 0 40.9731 0 54.1708 a b -3.08626 10 0
0 0 40.9726 0 54.1467 a b -3.08818 10 0
0 0 40.9713 0 54.1252 a b -3.09171 10 0
0 0 40.9728 0 54.1083 a b -3.09316 10 0
0 0 40.9748 0 54.0898 a b -3.09039 10 0
0 0 40.9741 0 54.066 a b -3.08573 10 0
0 0 40.9686 0 54.035 a b -3.0849 10 0
0 0 40.9649 0 54.0035 a b -3.08912 10 0
0 0 40.9673 0 53.9702 a b -3.09349 10 0
0 0 40.9638 0 53.9319 a b -3.09594 10 0
0 0 40.9608 0 53.8956 a b -3.09678 10 0
0 0 40.9582 0 53.8591 a b -3.0987 10 0
0 0 40.9568 0 53.82 a b -3.10203 10 0
0 0 40.9581 0 53.7847 a b -3.10533 10 0
0 0 40.9605 0 53.7546 a b -3.1057 10 0
0 0 40.962 0 53.7258 a b -3.10687 10 0
0 0 40.9551 0 53.6987 a b -3.11204 10 0
0 0 40.9515 0 53.676 a b -3.12218 10 0
0 0 40.953 0 53.657 a b -3.13244 10 0
0 0 40.956 0 53.6387 a b -3.13843 10 0
0 0 40.9519 0 53.6206 a b 3.138 10 0
0 0 40.9454 0 53.6023 a b 3.12468 10 0
0 0 40.9533 0 53.5767 a b 3.11687 10 0
0 0 40.9532 0 53.5483 a b 3.12066 10 0
0 0 40.9534 0 53.5115 a b 3.11835 10 0
0 0 40.9588 0 53.4741 a b 3.11903 10 0
0 0 40.9626 0 53.4447 a b 3.12555 10 0
0 0 40.9623 0 53.4102 a b 3.1323 10 0
0 0 40.9621 0 53.3788 a b 3.13657 10 0
0 0 40.9609 0 53.3442 a b 3.13992 10 0
0 0 40.9625 0 53.3108 a b -3.13783 10 0
0 0 40.9638 0 53.2841 a b -3.12965 10 0
0 0 40.962 0 53.26 a b -3.12519 10 0
0 0 40.9627 0 53.2349 a b -3.12345 10 0
0 0 40.9666 0 53.2094 a b -3.12018 10 0
0 0 40.9678 0 53.1856 a b -3.11129 10 0
0 0 40.9658 0 53.162 a b -3.10385 10 0
0 0 40.9652 0 53.1379 a b -3.10097 10 0
0 0 40.9666 0 53.1098 a b -3.09613 10 0
0 0 40.9668 0 53.0833 a b -3.08814 10 0
0 0 40.966 0 53.0546 a b -3.08096 10 0
0 0 40.9618 0 53.0236 a b -3.07559 10 0
0 0 40.9631 0 52.9904 a b -3.07198 10 0
0 0 40.9619 0 52.9542 a b -3.07295 10 0
0 0 40.9609 0 52.9194 a b -3.0745 10 0
0 0 40.9578 0 52.886 a b -3.07333 10 0
0 0 40.9567 0 52.854 a b -3.07403 10 0
0 0 40.955 0 52.8203 a b -3.07539 10 0
0 0 40.9553 0 52.7901 a b -3.07603 10 0
0 0 40.9552 0 52.7648 a b -3.07634 10 0
0 0 40.9546 0 52.7339 a b -3.07888 10 0
0 0 40.9533 0 52.7129 a b -3.07835 10 0
0 0 40.9516 0 52.6919 a b -3.07904 10 0
0 0 40.9527 0 52.6647 a b -3.08185 10 0
0 0 40.9502 0 52.6415 a b -3.08125 10 0
0 0 40.9486 0 52.618 a b -3.07926 10 0
0 0 40.9478 0 52.5936 a b -3.07828 10 0
0 0 40.9454 0 52.5682 a b -3.07759 10 0
0 0 40.9451 0 52.5431 a b -3.0766 10 0
0 0 40.9442 0 52.5159 a b -3.078 10 0
0 0 40.9479 0 52.4838 a b -3.083 10 0
0 0 40.948 0 52.4494 a b -3.08587 10 0
0 0 40.9454 0 52.4182 a b -3.08545 10 0
0 0 40.9421 0 52.3843 a b -3.08542 10 0
0 0 40.943 0 52.3542 a b -3.08616 10 0
0 0 40.9417 0 52.3263 a b -3.08767 10 0
0 0 40.9411 0 52.2986 a b -3.09001 10 0
0 0 40.942 0 52.2673 a b -3.09219 10 0
0 0 40.94 0 52.2384 a b -3.09073 10 0
0 0 40.9372 0 52.2143 a b -3.08758 10 0
0 0 40.9352 0 52.1907 a b -3.08879 10 0
0 0 40.9354 0 52.1614 a b -3.09161 10 0
0 0 40.9362 0 52.1353 a b -3.08873 10 0
0 0 40.9381 0 52.1093 a b -3.0852 10 0
0 0 40.9427 0 52.0821 a b -3.08743 10 0
0 0 40.9424 0 52.0542 a b -3.09702 10 0
0 0 40.942 0 52.0174 a b -3.10129 10 0
0 0 40.9407 0 51.982 a b -3.10214 10 0
0 0 40.9354 0 51.9412 a b -3.10236 10 0
0 0 40.9317 0 51.9068 a b -3.10165 10 0
0 0 40.932 0 51.8758 a b -3.10167 10 0
0 0 40.9342 0 51.841 a b -3.10371 10 0
0 0 40.9333 0 51.8081 a b -3.10596 10 0
0 0 40.9332 0 51.7779 a b -3.10947 10 0
0 0 40.9344 0 51.7489 a b -3.11121 10 0
0 0 40.9354 0 51.7215 a b -3.11347 10 0
0 0 40.9384 0 51.6945 a b -3.11642 10 0
0 0 40.938 0 51.6714 a b -3.11777 10 0
0 0 40.9393 0 51.6465 a b -3.12131 10 0
0 0 40.9393 0 51.6243 a b -3.12385 10 0
0 0 40.9398 0 51.6028 a b -3.12468 10 0
0 0 40.9407 0 51.5773 a b -3.1264 10 0
0 0 40.9419 0 51.5517 a b -3.13179 10 0
0 0 40.943 0 51.5247 a b -3.13965 10 0
0 0 40.9429 0 51.4967 a b 3.13304 10 0
0 0 40.9412 0 51.4647 a b 3.12277 10 0
0 0 40.9404 0 51.4332 a b 3.11185 10 0
0 0 40.94 0 51.4013 a b 3.10333 10 0
0 0 40.9387 0 51.3717 a b 3.10409 10 0
0 0 40.9402 0 51.3413 a b 3.10851 10 0
0 0 40.9441 0 51.3118 a b 3.11427 10 0
0 0 40.9491 0 51.2779 a b 3.11603 10 0
0 0 40.9531 0 51.2471 a b 3.11559 10 0
0 0 40.9547 0 51.2195 a b 3.1157 10 0
0 0 40.9559 0 51.194 a b 3.11571 10 0
0 0 40.955 0 51.1684 a b 3.11707 10 0
0 0 40.9535 0 51.1465 a b 3.11941 10 0
0 0 40.956 0 51.1219 a b 3.12315 10 0
0 0 40.9598 0 51.1014 a b 3.12635 10 0
0 0 40.9618 0 51.0723 a b 3.12751 10 0
0 0 40.9621 0 51.0439 a b 3.12671 10 0
0 0 40.9622 0 51.0169 a b 3.12519 10 0
0 0 40.961 0 50.9864 a b 3.1283 10 0
0 0 40.9582 0 50.9533 a b 3.13171 10 0
0 0 40.9591 0 50.9191 a b 3.13425 10 0
0 0 40.9598 0 50.8855 a b 3.13577 10 0
0 0 40.9602 0 50.8506 a b 3.13768 10 0
0 0 40.9591 0 50.8164 a b 3.14076 10 0
0 0 40.9612 0 50.7779 a b 3.14123 10 0
0 0 40.9661 0 50.7434 a b -3.14074 10 0
0 0 40.9664 0 50.7106 a b -3.13988 10 0
0 0 40.968 0 50.6801 a b -3.13929 10 0
0 0 40.9719 0 50.6524 a b -3.13545 10 0
0 0 40.9713 0 50.6271 a b -3.13338 10 0
0 0 40.9705 0 50.6017 a b -3.13389 10 0
0 0 40.9731 0 50.5778 a b -3.13381 10 0
0 0 40.9783 0 50.554 a b -3.12998 10 0
0 0 40.9804 0 50.5294 a b -3.12937 10 0
0 0 40.9799 0 50.5029 a b -3.12916 10 0
0 0 40.9749 0 50.4729 a b -3.12632 10 0
0 0 40.9719 0 50.4405 a b -3.12391 10 0
0 0 40.9734 0 50.4081 a b -3.12197 10 0
0 0 40.9748 0 50.3783 a b -3.12024 10 0
0 0 40.9777 0 50.3474 a b -3.11715 10 0
0 0 40.976 0 50.319 a b -3.11325 10 0
0 0 40.9746 0 50.29 a b -3.11042 10 0
0 0 40.9747 0 50.2567 a b -3.11015 10 0
0 0 40.975 0 50.2313 a b -3.10992 10 0
0 0 40.9752 0 50.2058 a b -3.11016 10 0
0 0 40.9753 0 50.1797 a b -3.10763 10 0
0 0 40.9744 0 50.1558 a b -3.10371 10 0
0 0 40.9752 0 50.1328 a b -3.09933 10 0
0 0 40.9769 0 50.1065 a b -3.09479 10 0
0 0 40.9746 0 50.0797 a b -3.08968 10 0
0 0 40.9696 0 50.0503 a b -3.08886 10 0
0 0 40.968 0 50.0184 a b -3.09282 10 0
0 0 40.9707 0 49.9849 a b -3.094 10 0
0 0 40.9723 0 49.9498 a b -3.0914 10 0
0 0 40.9737 0 49.9165 a b -3.08562 10 0
0 0 40.9715 0 49.8839 a b -3.08002 10 0
0 0 40.9676 0 49.8478 a b -3.07687 10 0
0 0 40.9659 0 49.8157 a b -3.07587 10 0
0 0 40.9653 0 49.7853 a b -3.07604 10 0
0 0 40.9665 0 49.7575 a b -3.07168 10 0
0 0 40.9649 0 49.733 a b -3.06541 10 0
0 0 40.9607 0 49.7136 a b -3.06196 10 0
0 0 40.9581 0 49.6913 a b -3.06402 10 0
0 0 40.9581 0 49.6646 a b -3.06429 10 0
0 0 40.958 0 49.6425 a b -3.05593 10 0
0 0 40.953 0 49.6206 a b -3.04469 10 0
0 0 40.9541 0 49.597 a b -3.03622 10 0
0 0 40.9567 0 49.5726 a b -3.03502 10 0
0 0 40.9544 0 49.5407 a b -3.04127 10 0
0 0 40.9505 0 49.503 a b -3.04314 10 0
0 0 40.9478 0 49.463 a b -3.0381 10 0
0 0 40.9464 0 49.4272 a b -3.03517 10 0
0 0 40.9449 0 49.3909 a b -3.03356 10 0
0 0 40.941 0 49.3502 a b -3.03466 10 0
0 0 40.9385 0 49.3107 a b -3.03417 10 0
0 0 40.9333 0 49.2758 a b -3.03327 10 0
0 0 40.9284 0 49.2446 a b -3.03277 10 0
0 0 40.9259 0 49.2151 a b -3.03106 10 0
0 0 40.9276 0 49.1916 a b -3.03116 10 0
0 0 40.9236 0 49.1712 a b -3.03457 10 0
0 0 40.9188 0 49.1498 a b -3.03376 10 0
0 0 40.9159 0 49.1376 a b -3.02747 10 0
0 0 40.9153 0 49.127 a b -3.0272 10 0
0 0 40.9157 0 49.112 a b -3.02958 10 0
0 0 40.9148 0 49.0946 a b -3.02633 10 0
0 0 40.9189 0 49.0804 a b -3.02029 10 0
0 0 40.9209 0 49.066 a b -3.02271 10 0
0 0 40.9124 0 49.0343 a b -3.03254 10 0
0 0 40.904 0 48.9967 a b -3.0354 10 0
0 0 40.9041 0 48.9631 a b -3.03286 10 0
0 0 40.9031 0 48.9229 a b -3.03708 10 0
0 0 40.9024 0 48.8834 a b -3.03993 10 0
0 0 40.901 0 48.8452 a b -3.04883 10 0
0 0 40.8997 0 48.7996 a b -3.06483 10 0
0 0 40.8955 0 48.7506 a b -3.08556 10 0
0 0 40.8918 0 48.7044 a b -3.10651 10 0
0 0 40.8898 0 48.6613 a b -3.13069 10 0
0 0 40.8859 0 48.6155 a b 3.13393 10 0
0 0 40.8879 0 48.5771 a b 3.12203 10 0
0 0 40.8869 0 48.5483 a b 3.11431 10 0
0 0 40.8863 0 48.5267 a b 3.10415 10 0
0 0 40.8847 0 48.5076 a b 3.09565 10 0
0 0 40.8831 0 48.4856 a b 3.09744 10 0
0 0 40.8845 0 48.475 a b 3.09989 10 0
0 0 40.8812 0 48.4868 a b 3.10438 10 0
0 0 40.8811 0 48.4986 a b 3.1056 10 0
0 0 40.879 0 48.5093 a b 3.1064 10 0
0 0 40.8792 0 48.5217 a b 3.10637 10 0
0 0 40.8787 0 48.5071 a b 3.10554 10 0
0 0 40.8789 0 48.493 a b 3.10463 10 0
0 0 40.8795 0 48.4736 a b 3.10603 10 0
0 0 40.8814 0 48.4501 a b 3.10774 10 0
0 0 40.8838 0 48.426 a b 3.10695 10 0
0 0 40.8859 0 48.3987 a b 3.10361 10 0
0 0 40.8851 0 48.3709 a b 3.1026 10 0
0 0 40.8868 0 48.3386 a b 3.10091 10 0
0 0 40.8899 0 48.3065 a b 3.10243 10 0
0 0 40.8922 0 48.2744 a b 3.10364 10 0
0 0 40.8955 0 48.246 a b 3.10415 10 0
0 0 40.8965 0 48.2169 a b 3.10426 10 0
0 0 40.8988 0 48.1867 a b 3.10593 10 0
0 0 40.8996 0 48.1603 a b 3.10738 10 0
0 0 40.9019 0 48.1343 a b 3.10939 10 0
0 0 40.9058 0 48.1127 a b 3.10951 10 0
0 0 40.9096 0 48.0904 a b 3.10888 10 0
0 0 40.9108 0 48.0688 a b 3.10895 10 0
0 0 40.9084 0 48.0461 a b 3.11066 10 0
0 0 40.9086 0 48.0208 a b 3.11293 10 0
0 0 40.909 0 47.9862 a b 3.11619 10 0
0 0 40.911 0 47.9488 a b 3.11991 10 0
0 0 40.9146 0 47.91 a b 3.12026 10 0
0 0 40.9157 0 47.8752 a b 3.11867 10 0
0 0 40.9178 0 47.8433 a b 3.12066 10 0
0 0 40.9212 0 47.8114 a b 3.12455 10 0
0 0 40.9231 0 47.7751 a b 3.12646 10 0
0 0 40.9264 0 47.7427 a b 3.12623 10 0
0 0 40.9284 0 47.7166 a b 3.12677 10 0
0 0 40.9287 0 47.6878 a b 3.12847 10 0
0 0 40.9312 0 47.6591 a b 3.12926 10 0
0 0 40.9305 0 47.6333 a b 3.12918 10 0
0 0 40.9341 0 47.6096 a b 3.12956 10 0
0 0 40.9369 0 47.5872 a b 3.13315 10 0
0 0 40.9357 0 47.5648 a b 3.13477 10 0
0 0 40.9365 0 47.541 a b 3.13485 10 0
0 0 40.9404 0 47.5141 a b 3.13315 10 0
0 0 40.9444 0 47.4825 a b 3.13284 10 0
0 0 40.9469 0 47.4482 a b 3.13286 10 0
0 0 40.9493 0 47.4138 a b 3.13325 10 0
0 0 40.9501 0 47.3766 a b 3.13208 10 0
0 0 40.9512 0 47.3427 a b 3.12989 10 0
0 0 40.9529 0 47.3075 a b 3.12643 10 0
0 0 40.9536 0 47.275 a b 3.12481 10 0
0 0 40.9533 0 47.2436 a b 3.12243 10 0
0 0 40.9568 0 47.2118 a b 3.12053 10 0
0 0 40.959 0 47.1832 a b 3.12055 10 0
0 0 40.9589 0 47.1617 a b 3.11892 10 0
0 0 40.9586 0 47.1359 a b 3.11716 10 0
0 0 40.9606 0 47.1109 a b 3.11543 10 0
0 0 40.9633 0 47.0938 a b 3.11552 10 0
0 0 40.9589 0 47.0738 a b 3.11468 10 0
0 0 40.9567 0 47.0515 a b 3.10903 10 0
0 0 40.9595 0 47.0303 a b 3.1073 10 0
0 0 40.955 0 47.0096 a b 3.10253 10 0
0 0 40.9557 0 46.9761 a b 3.08784 10 0
0 0 40.9671 0 46.9352 a b 3.08005 10 0
0 0 40.9696 0 46.8996 a b 3.07939 10 0
0 0 40.972 0 46.8648 a b 3.07813 10 0
0 0 40.9756 0 46.8298 a b 3.07615 10 0
0 0 40.9766 0 46.7964 a b 3.07483 10 0
0 0 40.9788 0 46.7659 a b 3.07524 10 0
0 0 40.9819 0 46.7356 a b 3.07619 10 0
0 0 40.984 0 46.7091 a b 3.07645 10 0
0 0 40.9853 0 46.6821 a b 3.07537 10 0
0 0 40.9864 0 46.6573 a b 3.07661 10 0
0 0 40.9879 0 46.6334 a b 3.0831 10 0
0 0 40.9883 0 46.61 a b 3.08956 10 0
0 0 40.9892 0 46.5899 a b 3.09408 10 0
0 0 40.9923 0 46.5656 a b 3.09825 10 0
0 0 40.9928 0 46.5403 a b 3.1038 10 0
0 0 40.9934 0 46.5092 a b 3.11193 10 0
0 0 40.9939 0 46.4755 a b 3.1202 10 0
0 0 40.9975 0 46.4406 a b 3.12963 10 0
0 0 40.9992 0 46.4065 a b 3.14002 10 0
0 0 41.001 0 46.3712 a b -3.13197 10 0
0 0 41.0016 0 46.3372 a b -3.11793 10 0
0 0 41.0046 0 46.3061 a b -3.10468 10 0
0 0 41.0061 0 46.2794 a b -3.09389 10 0
0 0 41.0047 0 46.2516 a b -3.08485 10 0
0 0 41.005 0 46.2227 a b -3.0711 10 0
0 0 41.0061 0 46.1986 a b -3.05874 10 0
0 0 41.0092 0 46.1785 a b -3.0569 10 0
0 0 41.0057 0 46.158 a b -3.0578 10 0
0 0 41.0045 0 46.1354 a b -3.05289 10 0
0 0 41.0049 0 46.1134 a b -3.04552 10 0
0 0 41.0044 0 46.0889 a b -3.03961 10 0
0 0 41.0046 0 46.0627 a b -3.03809 10 0
0 0 40.9986 0 46.0298 a b -3.04169 10 0
0 0 40.9882 0 45.9942 a b -3.04152 10 0
0 0 40.9862 0 45.9556 a b -3.03693 10 0
0 0 40.9826 0 45.9186 a b -3.03563 10 0
0 0 40.98 0 45.8847 a b -3.03556 10 0
0 0 40.9771 0 45.8505 a b -3.03481 10 0
0 0 40.9748 0 45.8136 a b -3.03277 10 0
0 0 40.9749 0 45.7768 a b -3.03267 10 0
0 0 40.976 0 45.7452 a b -3.03577 10 0
0 0 40.9721 0 45.7165 a b -3.03535 10 0
0 0 40.9717 0 45.6937 a b -3.03237 10 0
0 0 40.9664 0 45.6729 a b -3.03152 10 0
0 0 40.9635 0 45.6543 a b -3.0338 10 0
0 0 40.9649 0 45.6351 a b -3.0355 10 0
0 0 40.9692 0 45.6143 a b -3.03331 10 0
0 0 40.9727 0 45.5931 a b -3.03358 10 0
0 0 40.9696 0 45.5677 a b -3.03572 10 0
0 0 40.9619 0 45.5427 a b -3.03956 10 0
0 0 40.9539 0 45.5125 a b -3.03623 10 0
0 0 40.9501 0 45.482 a b -3.03384 10 0
0 0 40.9475 0 45.4491 a b -3.03597 10 0
0 0 40.9442 0 45.4137 a b -3.03616 10 0
0 0 40.9405 0 45.3773 a b -3.03791 10 0
0 0 40.9388 0 45.346 a b -3.03743 10 0
0 0 40.9395 0 45.3071 a b -3.03913 10 0
0 0 40.9376 0 45.2758 a b -3.04184 10 0
0 0 40.9369 0 45.2465 a b -3.04499 10 0
0 0 40.9348 0 45.217 a b -3.04766 10 0
0 0 40.9301 0 45.1884 a b -3.04659 10 0
0 0 40.928 0 45.1622 a b -3.04656 10 0
0 0 40.9265 0 45.1341 a b -3.04881 10 0
0 0 40.9273 0 45.1083 a b -3.05222 10 0
0 0 40.9276 0 45.0816 a b -3.05543 10 0
0 0 40.9278 0 45.0586 a b -3.05909 10 0
0 0 40.9255 0 45.0321 a b -3.06152 10 0
0 0 40.9202 0 45.0042 a b -3.0615 10 0
0 0 40.9165 0 44.9803 a b -3.06233 10 0
0 0 40.9143 0 44.9482 a b -3.06417 10 0
0 0 40.9155 0 44.9133 a b -3.0682 10 0
0 0 40.9152 0 44.8764 a b -3.07399 10 0
0 0 40.9152 0 44.8422 a b -3.079 10 0
0 0 40.9169 0 44.8104 a b -3.08454 10 0
0 0 40.9166 0 44.7787 a b -3.08904 10 0
0 0 40.9164 0 44.7444 a b -3.09303 10 0
0 0 40.9147 0 44.7156 a b -3.09742 10 0
0 0 40.9126 0 44.6875 a b -3.10086 10 0
0 0 40.9106 0 44.6614 a b -3.10494 10 0
0 0 40.9086 0 44.6363 a b -3.1055 10 0
0 0 40.9093 0 44.6098 a b -3.10815 10 0
0 0 40.9075 0 44.589 a b -3.10995 10 0
0 0 40.9077 0 44.5686 a b -3.11108 10 0
0 0 40.9095 0 44.5468 a b -3.11339 10 0
0 0 40.9096 0 44.524 a b -3.11542 10 0
0 0 40.9073 0 44.5009 a b -3.11836 10 0
0 0 40.9056 0 44.4725 a b -3.11936 10 0
0 0 40.9055 0 44.4384 a b -3.12088 10 0
0 0 40.9053 0 44.4073 a b -3.1232 10 0
0 0 40.9068 0 44.3754 a b -3.12498 10 0
0 0 40.9069 0 44.3416 a b -3.12764 10 0
0 0 40.9078 0 44.3119 a b -3.13073 10 0
0 0 40.9071 0 44.2804 a b -3.13129 10 0
0 0 40.9079 0 44.2505 a b -3.13037 10 0
0 0 40.9084 0 44.2211 a b -3.12915 10 0
0 0 40.9079 0 44.1953 a b -3.12797 10 0
0 0 40.9099 0 44.1697 a b -3.12931 10 0
0 0 40.909 0 44.1458 a b -3.12936 10 0
0 0 40.908 0 44.1235 a b -3.12804 10 0
0 0 40.9092 0 44.1006 a b -3.12778 10 0
0 0 40.91 0 44.0776 a b -3.12838 10 0
0 0 40.9108 0 44.0529 a b -3.12776 10 0
0 0 40.9126 0 44.0254 a b -3.12581 10 0
0 0 40.911 0 43.9936 a b -3.12405 10 0
0 0 40.9101 0 43.9619 a b -3.12343 10 0
0 0 40.9096 0 43.928 a b -3.12097 10 0
0 0 40.9096 0 43.8938 a b -3.11942 10 0
0 0 40.9094 0 43.8615 a b -3.11742 10 0
0 0 40.909 0 43.8278 a b -3.11772 10 0
0 0 40.9096 0 43.7939 a b -3.11788 10 0
0 0 40.9088 0 43.7623 a b -3.11545 10 0
0 0 40.9065 0 43.7314 a b -3.11303 10 0
0 0 40.9062 0 43.6987 a b -3.11323 10 0
0 0 40.9064 0 43.6696 a b -3.11451 10 0
0 0 40.9063 0 43.6426 a b -3.11551 10 0
0 0 40.9054 0 43.615 a b -3.11443 10 0
0 0 40.9034 0 43.5927 a b -3.11268 10 0
0 0 40.903 0 43.5719 a b -3.11493 10 0
0 0 40.9054 0 43.5443 a b -3.11896 10 0
0 0 40.9058 0 43.515 a b -3.11801 10 0
0 0 40.906 0 43.4849 a b -3.11524 10 0
0 0 40.9101 0 43.4509 a b -3.11662 10 0
0 0 40.9105 0 43.4153 a b -3.11785 10 0
0 0 40.91 0 43.3778 a b -3.11829 10 0
0 0 40.9072 0 43.3421 a b -3.11778 10 0
0 0 40.9083 0 43.3091 a b -3.11891 10 0
0 0 40.9061 0 43.2738 a b -3.12031 10 0
0 0 40.9076 0 43.2373 a b -3.1218 10 0
0 0 40.9106 0 43.2069 a b -3.12143 10 0
0 0 40.9121 0 43.1805 a b -3.12315 10 0
0 0 40.9108 0 43.1547 a b -3.12971 10 0
0 0 40.9108 0 43.1292 a b -3.13523 10 0
0 0 40.9116 0 43.1072 a b -3.13729 10 0
0 0 40.9124 0 43.088 a b -3.1387 10 0
0 0 40.9115 0 43.0715 a b 3.13989 10 0
0 0 40.9082 0 43.0489 a b 3.13547 10 0
0 0 40.9099 0 43.0237 a b 3.13987 10 0
0 0 40.9153 0 43.0081 a b -3.13991 10 0
0 0 40.9162 0 42.9873 a b 3.1351 10 0
0 0 40.9176 0 42.957 a b 3.12952 10 0
0 0 40.9162 0 42.9263 a b 3.12999 10 0
0 0 40.9174 0 42.8943 a b 3.13048 10 0
0 0 40.9154 0 42.862 a b 3.13159 10 0
0 0 40.9163 0 42.8276 a b 3.13281 10 0
0 0 40.9195 0 42.7961 a b 3.13388 10 0
0 0 40.9211 0 42.7653 a b 3.13307 10 0
0 0 40.9212 0 42.736 a b 3.13268 10 0
0 0 40.9207 0 42.708 a b 3.13608 10 0
0 0 40.9198 0 42.6795 a b 3.13697 10 0
0 0 40.9209 0 42.6498 a b 3.13598 10 0
0 0 40.9226 0 42.6272 a b 3.13947 10 0
0 0 40.9223 0 42.603 a b 3.13876 10 0
0 0 40.9202 0 42.5742 a b 3.13813 10 0
0 0 40.9218 0 42.5513 a b -3.14047 10 0
0 0 40.9242 0 42.5262 a b -3.13987 10 0
0 0 40.9258 0 42.4928 a b 3.14155 10 0
0 0 40.9245 0 42.4612 a b -3.13961 10 0
0 0 40.9254 0 42.4325 a b -3.13776 10 0
0 0 40.927 0 42.402 a b -3.13659 10 0
0 0 40.9294 0 42.373 a b -3.13642 10 0
0 0 40.9298 0 42.3421 a b -3.13708 10 0
0 0 40.9305 0 42.3134 a b -3.13554 10 0
0 0 40.9327 0 42.2828 a b -3.13448 10 0
0 0 40.9346 0 42.2523 a b -3.13513 10 0
0 0 40.9358 0 42.2254 a b -3.13581 10 0
0 0 40.9325 0 42.1963 a b -3.13477 10 0
0 0 40.933 0 42.1706 a b -3.13318 10 0
0 0 40.9339 0 42.1422 a b -3.13531 10 0
0 0 40.9335 0 42.1143 a b -3.13493 10 0
0 0 40.9334 0 42.0843 a b -3.13292 10 0
0 0 40.935 0 42.0553 a b -3.13341 10 0
0 0 40.9326 0 42.0236 a b -3.13428 10 0
0 0 40.9274 0 41.9946 a b -3.13232 10 0
0 0 40.9263 0 41.9635 a b -3.12978 10 0
0 0 40.9258 0 41.9312 a b -3.1278 10 0
0 0 40.9295 0 41.8954 a b -3.12911 10 0
0 0 40.9296 0 41.8635 a b -3.12913 10 0
0 0 40.9312 0 41.8345 a b -3.12834 10 0
0 0 40.9313 0 41.8087 a b -3.13027 10 0
0 0 40.9321 0 41.7821 a b -3.13047 10 0
0 0 40.9352 0 41.7639 a b -3.12991 10 0
0 0 40.9353 0 41.7407 a b -3.13132 10 0
0 0 40.9351 0 41.7188 a b -3.13101 10 0
0 0 40.9345 0 41.6966 a b -3.13038 10 0
0 0 40.935 0 41.6734 a b -3.12919 10 0
0 0 40.9392 0 41.6497 a b -3.12941 10 0
0 0 40.944 0 41.6206 a b -3.13037 10 0
0 0 40.9456 0 41.5894 a b -3.13213 10 0
0 0 40.9429 0 41.5554 a b -3.13159 10 0
0 0 40.9417 0 41.5169 a b -3.13084 10 0
0 0 40.9398 0 41.48 a b -3.13034 10 0
0 0 40.9412 0 41.4504 a b -3.13022 10 0
0 0 40.9429 0 41.4159 a b -3.13021 10 0
0 0 40.945 0 41.3808 a b -3.13043 10 0
0 0 40.9458 0 41.3505 a b -3.13037 10 0
0 0 40.9449 0 41.3186 a b -3.1302 10 0
0 0 40.9446 0 41.2907 a b -3.13018 10 0
0 0 40.9456 0 41.2656 a b -3.12897 10 0
0 0 40.9466 0 41.2376 a b -3.12765 10 0
0 0 40.9457 0 41.213 a b -3.12721 10 0
0 0 40.9447 0 41.1897 a b -3.12553 10 0
0 0 40.9442 0 41.165 a b -3.12507 10 0
0 0 40.9442 0 41.1413 a b -3.1256 10 0
0 0 40.9473 0 41.1133 a b -3.12671 10 0
0 0 40.9481 0 41.0831 a b -3.127 10 0
0 0 40.9475 0 41.0508 a b -3.12634 10 0
0 0 40.9445 0 41.013 a b -3.12521 10 0
0 0 40.9405 0 40.9749 a b -3.12444 10 0
0 0 40.9419 0 40.9398 a b -3.12337 10 0
0 0 40.9423 0 40.9038 a b -3.12223 10 0
0 0 40.9407 0 40.8704 a b -3.12056 10 0
0 0 40.9408 0 40.8383 a b -3.12256 10 0
0 0 40.9445 0 40.8073 a b -3.12501 10 0
0 0 40.9462 0 40.7789 a b -3.12616 10 0
0 0 40.9451 0 40.7514 a b -3.12467 10 0
0 0 40.9419 0 40.7243 a b -3.12462 10 0
0 0 40.9415 0 40.7014 a b -3.12738 10 0
0 0 40.9471 0 40.6807 a b -3.12923 10 0
0 0 40.9528 0 40.6589 a b -3.12705 10 0
0 0 40.953 0 40.6381 a b -3.12377 10 0
0 0 40.9531 0 40.618 a b -3.1225 10 0
0 0 40.9502 0 40.5903 a b -3.12511 10 0
0 0 40.9502 0 40.5603 a b -3.12915 10 0
0 0 40.9512 0 40.5293 a b -3.13196 10 0
0 0 40.9502 0 40.494 a b -3.13081 10 0
0 0 40.9499 0 40.4587 a b -3.13278 10 0
0 0 40.9536 0 40.4216 a b -3.13535 10 0
0 0 40.9551 0 40.3833 a b -3.13697 10 0
0 0 40.9575 0 40.3466 a b -3.13672 10 0
0 0 40.9602 0 40.3102 a b -3.13702 10 0
0 0 40.9604 0 40.2791 a b -3.13821 10 0
0 0 40.961 0 40.2489 a b -3.13996 10 0
0 0 40.9631 0 40.2208 a b 3.13996 10 0
0 0 40.9661 0 40.1926 a b 3.13825 10 0
0 0 40.966 0 40.1678 a b 3.13899 10 0
0 0 40.9652 0 40.1477 a b 3.13841 10 0
0 0 40.9648 0 40.1274 a b 3.1356 10 0
0 0 40.9662 0 40.1031 a b 3.13163 10 0
0 0 40.9698 0 40.0818 a b 3.13086 10 0
0 0 40.9699 0 40.0608 a b 3.12955 10 0
0 0 40.9693 0 40.0368 a b 3.12414 10 0
0 0 40.9662 0 40.0021 a b 3.11867 10 0
0 0 40.966 0 39.9682 a b 3.1194 10 0
0 0 40.9692 0 39.9351 a b 3.11949 10 0
0 0 40.971 0 39.9004 a b 3.12042 10 0
0 0 40.9743 0 39.8678 a b 3.12114 10 0
0 0 40.9783 0 39.8339 a b 3.12093 10 0
0 0 40.9788 0 39.8031 a b 3.12182 10 0
0 0 40.9814 0 39.7746 a b 3.12227 10 0
0 0 40.9823 0 39.7471 a b 3.12366 10 0
0 0 40.9827 0 39.7195 a b 3.12591 10 0
0 0 40.9825 0 39.6942 a b 3.12713 10 0
0 0 40.9828 0 39.6698 a b 3.12691 10 0
0 0 40.9848 0 39.6472 a b 3.12642 10 0
0 0 40.9903 0 39.6239 a b 3.1286 10 0
0 0 40.9899 0 39.602 a b 3.13153 10 0
0 0 40.9937 0 39.5774 a b 3.13333 10 0
0 0 40.9958 0 39.551 a b 3.13265 10 0
0 0 40.9925 0 39.5244 a b 3.13095 10 0
0 0 40.9908 0 39.4888 a b 3.13221 10 0
0 0 40.9904 0 39.4495 a b 3.13477 10 0
0 0 40.9914 0 39.4109 a b 3.13612 10 0
0 0 40.9921 0 39.3732 a b 3.13747 10 0
0 0 40.9931 0 39.3384 a b 3.13885 10 0
0 0 40.9925 0 39.3047 a b 3.14055 10 0
0 0 40.9938 0 39.2722 a b 3.1407 10 0
0 0 40.996 0 39.244 a b 3.13922 10 0
0 0 40.9968 0 39.2169 a b 3.13828 10 0
0 0 40.9946 0 39.1911 a b 3.13912 10 0
0 0 40.9932 0 39.169 a b 3.1412 10 0
0 0 40.994 0 39.1486 a b 3.14074 10 0
0 0 40.9951 0 39.129 a b 3.13951 10 0
0 0 40.9971 0 39.1082 a b 3.14 10 0
0 0 40.9987 0 39.0852 a b -3.13737 10 0
0 0 40.9999 0 39.0602 a b -3.13166 10 0
0 0 41.0034 0 39.0354 a b -3.13209 10 0
0 0 41.0054 0 39.0053 a b -3.13704 10 0
0 0 41.0029 0 38.97 a b -3.14013 10 0
0 0 40.999 0 38.934 a b -3.13856 10 0
0 0 41.0008 0 38.897 a b -3.13736 10 0
0 0 41.0009 0 38.8615 a b -3.1368 10 0
0 0 40.9999 0 38.8265 a b -3.13607 10 0
0 0 40.9996 0 38.7927 a b -3.13269 10 0
0 0 41.0005 0 38.7591 a b -3.13139 10 0
0 0 40.9999 0 38.7282 a b -3.13234 10 0
0 0 41.0012 0 38.6989 a b -3.13103 10 0
0 0 41.0038 0 38.6708 a b -3.12967 10 0
0 0 41.0038 0 38.6454 a b -3.12924 10 0
0 0 41.0031 0 38.6212 a b -3.12968 10 0
0 0 41.0036 0 38.5972 a b -3.13045 10 0
0 0 41.0009 0 38.5743 a b -3.12786 10 0
0 0 41.0032 0 38.5515 a b -3.12239 10 0
0 0 41.0088 0 38.5273 a b -3.12029 10 0
0 0 41.0123 0 38.4983 a b -3.12355 10 0
0 0 41.0113 0 38.4692 a b -3.12544 10 0
0 0 41.0111 0 38.4379 a b -3.12525 10 0
0 0 41.0108 0 38.4067 a b -3.1239 10 0
0 0 41.0118 0 38.3767 a b -3.12241 10 0
0 0 41.0092 0 38.3438 a b -3.12246 10 0
0 0 41.0048 0 38.3119 a b -3.1215 10 0
0 0 41.0015 0 38.2815 a b -3.1197 10 0
0 0 41.0006 0 38.2518 a b -3.1185 10 0
0 0 41.0013 0 38.2225 a b -3.11747 10 0
0 0 41.0011 0 38.1943 a b -3.11657 10 0
0 0 41.0024 0 38.1644 a b -3.11589 10 0
0 0 41.0033 0 38.1364 a b -3.11569 10 0
0 0 41.0041 0 38.1091 a b -3.1155 10 0
0 0 41.0036 0 38.0837 a b -3.11607 10 0
0 0 41.0032 0 38.0571 a b -3.11538 10 0
0 0 41.0024 0 38.0292 a b -3.11316 10 0
0 0 41.0005 0 37.9958 a b -3.11107 10 0
0 0 40.9997 0 37.9626 a b -3.11074 10 0
0 0 41 0 37.9302 a b -3.11071 10 0
0 0 41.001 0 37.8982 a b -3.10976 10 0
0 0 41.0015 0 37.866 a b -3.10981 10 0
0 0 41.003 0 37.8356 a b -3.10982 10 0
0 0 41.0035 0 37.806 a b -3.10953 10 0
0 0 41.0022 0 37.7779 a b -3.10977 10 0
0 0 41.0013 0 37.7481 a b -3.10923 10 0
0 0 41.0025 0 37.7193 a b -3.10951 10 0
0 0 41.0037 0 37.6963 a b -3.10886 10 0
0 0 41.0048 0 37.6731 a b -3.10596 10 0
0 0 41.0049 0 37.6476 a b -3.10398 10 0
0 0 41.0063 0 37.6225 a b -3.10387 10 0
0 0 41.008 0 37.5971 a b -3.10529 10 0
0 0 41.0072 0 37.5691 a b -3.10704 10 0
0 0 41.007 0 37.5432 a b -3.10665 10 0
0 0 41.0068 0 37.5128 a b -3.10354 10 0
0 0 41.0023 0 37.4819 a b -3.10326 10 0
0 0 41.004 0 37.4487 a b -3.10763 10 0
0 0 41.0047 0 37.4162 a b -3.10742 10 0
0 0 41.0062 0 37.3835 a b -3.10717 10 0
0 0 41.0076 0 37.3495 a b -3.1063 10 0
0 0 41.0082 0 37.3174 a b -3.10642 10 0
0 0 41.0078 0 37.2861 a b -3.10658 10 0
0 0 41.0062 0 37.2555 a b -3.10878 10 0
0 0 41.0028 0 37.226 a b -3.11241 10 0
0 0 41.0035 0 37.1945 a b -3.11491 10 0
0 0 41.0072 0 37.167 a b -3.1126 10 0
0 0 41.0081 0 37.1404 a b -3.10818 10 0
0 0 41.0067 0 37.1147 a b -3.10812 10 0
0 0 41.0079 0 37.0901 a b -3.11223 10 0
0 0 41.0094 0 37.0633 a b -3.11794 10 0
0 0 41.0062 0 37.0383 a b -3.12214 10 0
0 0 41.0015 0 37.0114 a b -3.12208 10 0
0 0 40.9987 0 36.9862 a b -3.11617 10 0
0 0 40.9956 0 36.9616 a b -3.11296 10 0
0 0 40.9951 0 36.9373 a b -3.11594 10 0
0 0 40.995 0 36.9138 a b -3.11883 10 0
0 0 40.9962 0 36.888 a b -3.1223 10 0
0 0 40.9956 0 36.8664 a b -3.12231 10 0
0 0 40.9934 0 36.8433 a b -3.12584 10 0
0 0 40.9915 0 36.8162 a b -3.13239 10 0
0 0 40.9928 0 36.7893 a b -3.13748 10 0
0 0 40.9922 0 36.7605 a b 3.13621 10 0
0 0 40.9901 0 36.731 a b 3.12153 10 0
0 0 40.9959 0 36.6935 a b 3.11509 10 0
0 0 40.9973 0 36.6594 a b 3.11251 10 0
0 0 40.9963 0 36.6216 a b 3.10539 10 0
0 0 40.9982 0 36.5809 a b 3.09788 10 0
0 0 41.0012 0 36.5367 a b 3.09532 10 0
0 0 41.0055 0 36.4962 a b 3.10639 10 0
0 0 41.0086 0 36.4481 a b 3.10645 10 0
0 0 41.0139 0 36.4047 a b 3.10608 10 0
0 0 41.0168 0 36.3718 a b 3.10584 10 0
0 0 41.0155 0 36.3462 a b 3.1037 10 0
0 0 41.0141 0 36.3291 a b 3.10208 10 0
0 0 41.011 0 36.3148 a b 3.10432 10 0
0 0 41.009 0 36.2997 a b 3.11489 10 0
0 0 41.0099 0 36.2845 a b 3.11474 10 0
0 0 41.0105 0 36.2721 a b 3.11691 10 0
0 0 41.0108 0 36.2586 a b 3.11975 10 0
0 0 41.0131 0 36.2431 a b 3.11891 10 0
0 0 41.0161 0 36.2222 a b 3.11426 10 0
0 0 41.0185 0 36.2008 a b 3.10945 10 0
0 0 41.019 0 36.1784 a b 3.10643 10 0
0 0 41.019 0 36.1542 a b 3.10571 10 0
0 0 41.02 0 36.132 a b 3.10984 10 0
0 0 41.0221 0 36.1079 a b 3.11025 10 0
0 0 41.0219 0 36.0856 a b 3.10904 10 0
0 0 41.0206 0 36.0622 a b 3.11119 10 0
0 0 41.023 0 36.0366 a b 3.11589 10 0
0 0 41.0251 0 36.0119 a b 3.11883 10 0
0 0 41.0246 0 35.9849 a b 3.11709 10 0
0 0 41.0254 0 35.9555 a b 3.11651 10 0
0 0 41.0254 0 35.9233 a b 3.11897 10 0
0 0 41.026 0 35.8909 a b 3.12013 10 0
0 0 41.0271 0 35.8608 a b 3.12265 10 0
0 0 41.0259 0 35.83 a b 3.12489 10 0
0 0 41.0281 0 35.7995 a b 3.12622 10 0
0 0 41.029 0 35.7724 a b 3.12796 10 0
0 0 41.0301 0 35.7451 a b 3.12945 10 0
0 0 41.0319 0 35.717 a b 3.13117 10 0
0 0 41.0297 0 35.6907 a b 3.13207 10 0
0 0 41.0289 0 35.6651 a b 3.13359 10 0
0 0 41.0297 0 35.638 a b 3.13456 10 0
0 0 41.03 0 35.6095 a b 3.13803 10 0
0 0 41.0325 0 35.5814 a b 3.13935 10 0
0 0 41.0332 0 35.5523 a b 3.13781 10 0
0 0 41.0327 0 35.521 a b 3.1366 10 0
0 0 41.0304 0 35.4861 a b 3.14028 10 0
0 0 41.0301 0 35.453 a b -3.13823 10 0
0 0 41.0315 0 35.4196 a b -3.13634 10 0
0 0 41.033 0 35.3874 a b -3.13526 10 0
0 0 41.0342 0 35.3573 a b -3.13495 10 0
0 0 41.0335 0 35.3274 a b -3.13507 10 0
0 0 41.0356 0 35.2999 a b -3.13367 10 0
0 0 41.0336 0 35.2711 a b -3.13275 10 0
0 0 41.0333 0 35.2446 a b -3.13167 10 0
0 0 41.0355 0 35.2201 a b -3.13047 10 0
0 0 41.0354 0 35.1939 a b -3.13092 10 0
0 0 41.0333 0 35.1689 a b -3.12888 10 0
0 0 41.036 0 35.1448 a b -3.12646 10 0
0 0 41.039 0 35.1189 a b -3.12503 10 0
0 0 41.0385 0 35.0951 a b -3.12759 10 0
0 0 41.0399 0 35.069 a b -3.13048 10 0
0 0 41.0411 0 35.0388 a b -3.12727 10 0
0 0 41.0422 0 35.0065 a b -3.12535 10 0
0 0 41.0433 0 34.9695 a b -3.12575 10 0
0 0 41.0406 0 34.9356 a b -3.12508 10 0
0 0 41.0385 0 34.8992 a b -3.12135 10 0
0 0 41.039 0 34.8598 a b -3.11874 10 0
0 0 41.0405 0 34.825 a b -3.11874 10 0
0 0 41.041 0 34.7946 a b -3.12049 10 0
0 0 41.039 0 34.7667 a b -3.11721 10 0
0 0 41.0395 0 34.7321 a b -3.11543 10 0
0 0 41.0404 0 34.7046 a b -3.11726 10 0
0 0 41.0403 0 34.6772 a b -3.11616 10 0
0 0 41.0378 0 34.6545 a b -3.11465 10 0
0 0 41.0389 0 34.6308 a b -3.11387 10 0
0 0 41.0372 0 34.6067 a b -3.11509 10 0
0 0 41.0402 0 34.5841 a b -3.11644 10 0
0 0 41.0427 0 34.563 a b -3.11649 10 0
0 0 41.0423 0 34.5364 a b -3.11404 10 0
0 0 41.0422 0 34.506 a b -3.11498 10 0
0 0 41.0415 0 34.4729 a b -3.1153 10 0
0 0 41.0416 0 34.4411 a b -3.11612 10 0
0 0 41.0402 0 34.4082 a b -3.11653 10 0
0 0 41.0398 0 34.3754 a b -3.11547 10 0
0 0 41.0382 0 34.3387 a b -3.11392 10 0
0 0 41.0375 0 34.3047 a b -3.11469 10 0
0 0 41.0381 0 34.2747 a b -3.11545 10 0
0 0 41.0366 0 34.2438 a b -3.1146 10 0
0 0 41.0353 0 34.2131 a b -3.11325 10 0
0 0 41.0347 0 34.1821 a b -3.11449 10 0
0 0 41.0359 0 34.1586 a b -3.115 10 0
0 0 41.0348 0 34.1323 a b -3.11397 10 0
0 0 41.0363 0 34.1075 a b -3.11553 10 0
0 0 41.0338 0 34.0825 a b -3.11479 10 0
0 0 41.0366 0 34.0542 a b -3.11473 10 0
0 0 41.0375 0 34.0244 a b -3.11191 10 0
0 0 41.0327 0 33.9922 a b -3.11328 10 0
0 0 41.0329 0 33.9596 a b -3.1159 10 0
0 0 41.0333 0 33.9269 a b -3.11618 10 0
0 0 41.0329 0 33.8943 a b -3.11479 10 0
0 0 41.0295 0 33.8651 a b -3.11383 10 0
0 0 41.0279 0 33.8344 a b -3.11387 10 0
0 0 41.0282 0 33.8027 a b -3.11284 10 0
0 0 41.0295 0 33.7724 a b -3.11296 10 0
0 0 41.0309 0 33.7421 a b -3.11292 10 0
0 0 41.0339 0 33.712 a b -3.11417 10 0
0 0 41.034 0 33.6835 a b -3.11509 10 0
0 0 41.0328 0 33.6579 a b -3.11366 10 0
0 0 41.0304 0 33.633 a b -3.11262 10 0
0 0 41.0298 0 33.6049 a b -3.11491 10 0
0 0 41.0352 0 33.5796 a b -3.11446 10 0
0 0 41.0406 0 33.5575 a b -3.11555 10 0
0 0 41.0405 0 33.5288 a b -3.11896 10 0
0 0 41.0377 0 33.4932 a b -3.12147 10 0
0 0 41.0403 0 33.462 a b -3.1202 10 0
0 0 41.0382 0 33.4347 a b -3.11643 10 0
0 0 41.0359 0 33.4037 a b -3.11562 10 0
0 0 41.0365 0 33.3721 a b -3.11793 10 0
0 0 41.0381 0 33.3439 a b -3.11916 10 0
0 0 41.0371 0 33.3126 a b -3.11931 10 0
0 0 41.0352 0 33.2848 a b -3.11863 10 0
0 0 41.037 0 33.2564 a b -3.11989 10 0
0 0 41.0391 0 33.2276 a b -3.12254 10 0
0 0 41.0416 0 33.1994 a b -3.12386 10 0
0 0 41.0389 0 33.1723 a b -3.1231 10 0
0 0 41.0422 0 33.1447 a b -3.12564 10 0
0 0 41.0417 0 33.1184 a b -3.12973 10 0
0 0 41.0423 0 33.0933 a b -3.13321 10 0
0 0 41.0422 0 33.067 a b -3.13368 10 0
0 0 41.0441 0 33.0437 a b -3.13021 10 0
0 0 41.0479 0 33.0203 a b -3.13176 10 0
0 0 41.0511 0 32.9895 a b -3.14152 10 0
0 0 41.0555 0 32.956 a b 3.13613 10 0
0 0 41.0561 0 32.9224 a b 3.13219 10 0
0 0 41.056 0 32.893 a b 3.12906 10 0
0 0 41.0542 0 32.8633 a b 3.12158 10 0
0 0 41.0504 0 32.8352 a b 3.11451 10 0
0 0 41.0504 0 32.8014 a b 3.10504 10 0
0 0 41.0531 0 32.7709 a b 3.10049 10 0
0 0 41.0551 0 32.7447 a b 3.09699 10 0
0 0 41.0557 0 32.718 a b 3.0934 10 0
0 0 41.0542 0 32.6918 a b 3.09125 10 0
0 0 41.0555 0 32.6681 a b 3.08914 10 0
0 0 41.0553 0 32.6438 a b 3.09093 10 0
0 0 41.0576 0 32.6187 a b 3.09138 10 0
0 0 41.0593 0 32.5954 a b 3.08797 10 0
0 0 41.0529 0 32.5742 a b 3.08802 10 0
0 0 41.0535 0 32.5489 a b 3.0988 10 0
0 0 41.0629 0 32.519 a b 3.10739 10 0
0 0 41.0712 0 32.4895 a b 3.10739 10 0
0 0 41.0716 0 32.4597 a b 3.10288 10 0
0 0 41.071 0 32.4278 a b 3.10513 10 0
0 0 41.0709 0 32.3964 a b 3.10933 10 0
0 0 41.0742 0 32.362 a b 3.11421 10 0
0 0 41.0737 0 32.327 a b 3.11646 10 0
0 0 41.0738 0 32.2949 a b 3.12118 10 0
0 0 41.0734 0 32.2656 a b 3.12679 10 0
0 0 41.0744 0 32.2322 a b 3.13107 10 0
0 0 41.0754 0 32.2022 a b 3.13407 10 0
0 0 41.074 0 32.1754 a b 3.13794 10 0
0 0 41.0727 0 32.1443 a b -3.14045 10 0
0 0 41.0721 0 32.1189 a b -3.13486 10 0
0 0 41.0757 0 32.095 a b -3.13527 10 0
0 0 41.0674 0 32.0781 a b -3.13272 10 0
0 0 41.0672 0 32.0599 a b -3.1245 10 0
0 0 41.0748 0 32.034 a b -3.11723 10 0
0 0 41.0772 0 32.0078 a b -3.1145 10 0
0 0 41.0732 0 31.9788 a b -3.10817 10 0
0 0 41.0745 0 31.945 a b -3.10148 10 0
0 0 41.0711 0 31.9129 a b -3.09529 10 0
0 0 41.0684 0 31.8839 a b -3.08531 10 0
0 0 41.0674 0 31.848 a b -3.07512 10 0
0 0 41.0679 0 31.8134 a b -3.06962 10 0
0 0 41.0674 0 31.7824 a b -3.06415 10 0
0 0 41.0676 0 31.7576 a b -3.05542 10 0
0 0 41.0637 0 31.7244 a b -3.04349 10 0
0 0 41.065 0 31.6899 a b -3.03734 10 0
0 0 41.0646 0 31.663 a b -3.03802 10 0
0 0 41.0605 0 31.642 a b -3.03628 10 0
0 0 41.0637 0 31.6223 a b -3.02575 10 0
0 0 41.0697 0 31.5976 a b -3.01639 10 0
0 0 41.0701 0 31.5695 a b -3.01413 10 0
0 0 41.0697 0 31.5439 a b -3.02132 10 0
0 0 41.0662 0 31.5221 a b -3.02595 10 0
0 0 41.0547 0 31.4928 a b -3.0235 10 0
0 0 41.0515 0 31.4485 a b -3.0228 10 0
0 0 41.0477 0 31.4164 a b -3.02314 10 0
0 0 41.0421 0 31.3859 a b -3.02424 10 0
0 0 41.0421 0 31.355 a b -3.02409 10 0
0 0 41.0371 0 31.3243 a b -3.02493 10 0
0 0 41.036 0 31.2946 a b -3.02513 10 0
0 0 41.0282 0 31.2628 a b -3.0237 10 0
0 0 41.0253 0 31.2358 a b -3.02645 10 0
0 0 41.0238 0 31.2072 a b -3.02559 10 0
0 0 41.0249 0 31.1828 a b -3.02536 10 0
0 0 41.0259 0 31.1595 a b -3.02723 10 0
0 0 41.0263 0 31.1365 a b -3.02978 10 0
0 0 41.0278 0 31.1103 a b -3.03106 10 0
0 0 41.0257 0 31.0851 a b -3.02869 10 0
0 0 41.0202 0 31.0586 a b -3.0277 10 0
0 0 41.0137 0 31.0322 a b -3.02866 10 0
0 0 41.0083 0 31.0013 a b -3.03188 10 0
0 0 41.0043 0 30.9606 a b -3.03087 10 0
0 0 41.0045 0 30.9273 a b -3.03178 10 0
0 0 41.0052 0 30.8912 a b -3.03406 10 0
0 0 41.0004 0 30.8573 a b -3.03545 10 0
0 0 40.9974 0 30.8231 a b -3.03658 10 0
0 0 40.9986 0 30.7894 a b -3.0388 10 0
0 0 40.9947 0 30.7582 a b -3.03892 10 0
0 0 40.9944 0 30.7264 a b -3.04099 10 0
0 0 40.9965 0 30.7006 a b -3.04356 10 0
0 0 40.9918 0 30.6758 a b -3.0398 10 0
0 0 40.9908 0 30.6538 a b -3.03919 10 0
0 0 40.994 0 30.6311 a b -3.04604 10 0
0 0 40.9957 0 30.6087 a b -3.04987 10 0
0 0 40.9954 0 30.5842 a b -3.04985 10 0
0 0 40.9965 0 30.562 a b -3.04911 10 0
0 0 40.9932 0 30.5359 a b -3.04953 10 0
0 0 40.9904 0 30.5088 a b -3.05 10 0
0 0 40.9862 0 30.4815 a b -3.04704 10 0
0 0 40.9811 0 30.4494 a b -3.04748 10 0
0 0 40.9744 0 30.4172 a b -3.05017 10 0
0 0 40.9701 0 30.3841 a b -3.05217 10 0
0 0 40.9734 0 30.3498 a b -3.05209 10 0
0 0 40.9757 0 30.3233 a b -3.05122 10 0
0 0 40.9853 0 30.3 a b -3.0516 10 0
0 0 40.979 0 30.2722 a b -3.05365 10 0
0 0 40.9733 0 30.2465 a b -3.0545 10 0
0 0 40.9701 0 30.2253 a b -3.05502 10 0
0 0 40.9712 0 30.2014 a b -3.05521 10 0
0 0 40.9734 0 30.1744 a b -3.05346 10 0
0 0 40.9744 0 30.1525 a b -3.05231 10 0
0 0 40.9772 0 30.1259 a b -3.05464 10 0
0 0 40.978 0 30.1003 a b -3.06014 10 0
0 0 40.9717 0 30.0703 a b -3.06743 10 0
0 0 40.9659 0 30.0361 a b -3.07271 10 0
0 0 40.96 0 29.9994 a b -3.07179 10 0
0 0 40.9523 0 29.9649 a b -3.07135 10 0
0 0 40.9451 0 29.9267 a b -3.07375 10 0
0 0 40.9449 0 29.8932 a b -3.07769 10 0
0 0 40.9442 0 29.8593 a b -3.08214 10 0
0 0 40.9443 0 29.8271 a b -3.0851 10 0
0 0 40.947 0 29.7985 a b -3.08707 10 0
0 0 40.9447 0 29.7753 a b -3.08869 10 0
0 0 40.9406 0 29.752 a b -3.09231 10 0
0 0 40.942 0 29.7279 a b -3.09627 10 0
0 0 40.942 0 29.7065 a b -3.10049 10 0
0 0 40.9419 0 29.685 a b -3.10453 10 0
0 0 40.939 0 29.6636 a b -3.11052 10 0
0 0 40.9375 0 29.6408 a b -3.11642 10 0
0 0 40.9361 0 29.6169 a b -3.12095 10 0
0 0 40.9398 0 29.5904 a b -3.12418 10 0
0 0 40.9429 0 29.5621 a b -3.12522 10 0
0 0 40.9388 0 29.5354 a b -3.1268 10 0
0 0 40.9385 0 29.5027 a b -3.13072 10 0
0 0 40.941 0 29.4669 a b -3.13144 10 0
0 0 40.9385 0 29.4305 a b -3.12915 10 0
0 0 40.9375 0 29.3954 a b -3.13135 10 0
0 0 40.9363 0 29.3606 a b -3.13453 10 0
0 0 40.9388 0 29.3245 a b -3.13928 10 0
0 0 40.9432 0 29.2899 a b -3.14008 10 0
0 0 40.95 0 29.2601 a b -3.13839 10 0
0 0 40.952 0 29.2306 a b -3.13917 10 0
0 0 40.9529 0 29.203 a b -3.13831 10 0
0 0 40.9584 0 29.1767 a b -3.13455 10 0
0 0 40.9731 0 29.1456 a b -3.1346 10 0
0 0 40.974 0 29.1303 a b -3.13311 10 0
0 0 40.977 0 29.111 a b -3.13456 10 0
0 0 40.9736 0 29.0928 a b -3.1362 10 0
0 0 40.9743 0 29.0742 a b -3.13756 10 0
0 0 40.9744 0 29.0531 a b -3.13378 10 0
0 0 40.9731 0 29.0317 a b -3.12772 10 0
0 0 40.9797 0 29.0066 a b -3.1251 10 0
0 0 40.9834 0 28.974 a b -3.13089 10 0
0 0 40.9843 0 28.943 a b -3.13855 10 0
0 0 40.9769 0 28.9141 a b -3.13865 10 0
0 0 40.976 0 28.8828 a b -3.13254 10 0
0 0 40.9762 0 28.8497 a b -3.12791 10 0
0 0 40.9819 0 28.8101 a b -3.12804 10 0
0 0 40.9849 0 28.7601 a b -3.12772 10 0
0 0 40.981 0 28.7224 a b -3.12595 10 0
0 0 40.9803 0 28.6913 a b -3.12635 10 0
0 0 40.9819 0 28.6584 a b -3.12476 10 0
0 0 40.9738 0 28.6268 a b -3.1272 10 0
0 0 40.966 0 28.5997 a b -3.1281 10 0
0 0 40.967 0 28.5771 a b -3.12367 10 0
0 0 40.9707 0 28.5627 a b -3.11732 10 0
0 0 40.9716 0 28.5473 a b -3.11246 10 0
0 0 40.9737 0 28.5309 a b -3.11343 10 0
0 0 40.9698 0 28.5177 a b -3.1161 10 0
0 0 40.9714 0 28.4991 a b -3.11562 10 0
0 0 40.9761 0 28.4794 a b -3.1131 10 0
0 0 40.9825 0 28.4555 a b -3.11476 10 0
0 0 40.9871 0 28.4317 a b -3.11338 10 0
0 0 40.9933 0 28.4028 a b -3.10993 10 0
0 0 40.9905 0 28.3685 a b -3.1113 10 0
0 0 40.9836 0 28.3367 a b -3.12026 10 0
0 0 40.981 0 28.3021 a b -3.12012 10 0
0 0 40.9709 0 28.2452 a b -3.10799 10 0
0 0 40.9704 0 28.1963 a b -3.10432 10 0
0 0 40.9729 0 28.1511 a b -3.10882 10 0
0 0 40.9765 0 28.1125 a b -3.11085 10 0
0 0 40.9782 0 28.0739 a b -3.10698 10 0
0 0 40.9781 0 28.0426 a b -3.1047 10 0
0 0 40.9692 0 28.0097 a b -3.10327 10 0
0 0 40.9553 0 27.9813 a b -3.10175 10 0
0 0 40.9561 0 27.9598 a b -3.09899 10 0
0 0 40.9609 0 27.9371 a b -3.0966 10 0
0 0 40.9644 0 27.9132 a b -3.09681 10 0
0 0 40.9673 0 27.8948 a b -3.09479 10 0
0 0 40.9631 0 27.8754 a b -3.09516 10 0
0 0 40.9662 0 27.8616 a b -3.09428 10 0
0 0 40.9666 0 27.839 a b -3.09223 10 0
0 0 40.9632 0 27.8192 a b -3.09125 10 0
0 0 40.9584 0 27.8001 a b -3.09024 10 0
0 0 40.9601 0 27.7797 a b -3.09128 10 0
0 0 40.9618 0 27.7574 a b -3.09138 10 0
0 0 40.9683 0 27.7261 a b -3.0912 10 0
0 0 40.9638 0 27.6958 a b -3.08796 10 0
0 0 40.9568 0 27.6604 a b -3.08724 10 0
0 0 40.9613 0 27.6126 a b -3.08839 10 0
0 0 40.9665 0 27.5702 a b -3.08945 10 0
0 0 40.9694 0 27.5267 a b -3.08611 10 0
0 0 40.9647 0 27.4844 a b -3.0854 10 0
0 0 40.9556 0 27.4329 a b -3.08853 10 0
0 0 40.9589 0 27.3851 a b -3.0945 10 0
0 0 40.9594 0 27.3396 a b -3.09367 10 0
0 0 40.9568 0 27.2976 a b -3.08855 10 0
0 0 40.9635 0 27.2591 a b -3.09085 10 0
0 0 40.9633 0 27.2306 a b -3.09026 10 0
0 0 40.96 0 27.2086 a b -3.09194 10 0
0 0 40.961 0 27.1963 a b -3.08859 10 0
0 0 40.9621 0 27.1816 a b -3.09167 10 0
