0 0 46.4746 0 61.9532 a b -1.56697 11 0
0 0 46.4724 0 61.9427 a b -1.55974 11 0
0 0 46.4544 0 61.9474 a b -1.56022 11 0
0 0 46.4371 0 61.9444 a b -1.56276 11 0
0 0 46.4116 0 61.9438 a b -1.5636 11 0
0 0 46.3753 0 61.9437 a b -1.5636 11 0
0 0 46.3357 0 61.9381 a b -1.56144 11 0
0 0 46.2925 0 61.9348 a b -1.55788 11 0
0 0 46.249 0 61.9384 a b -1.55681 11 0
0 0 46.2009 0 61.9391 a b -1.55411 11 0
0 0 46.1587 0 61.943 a b -1.55254 11 0
0 0 46.1266 0 61.9377 a b -1.55749 11 0
0 0 46.0892 0 61.9344 a b -1.55516 11 0
0 0 46.0574 0 61.9394 a b -1.55735 11 0
0 0 46.0347 0 61.9408 a b -1.55851 11 0
0 0 46.0062 0 61.9376 a b -1.55959 11 0
0 0 45.9834 0 61.9315 a b -1.55814 11 0
0 0 45.9609 0 61.9282 a b -1.55731 11 0
0 0 45.9434 0 61.9269 a b -1.56043 11 0
0 0 45.9178 0 61.9278 a b -1.56323 11 0
0 0 45.8927 0 61.9311 a b -1.56409 11 0
0 0 45.8669 0 61.9331 a b -1.56562 11 0
0 0 45.8374 0 61.9287 a b -1.56589 11 0
0 0 45.8095 0 61.9279 a b -1.56683 11 0
0 0 45.7778 0 61.9259 a b -1.5686 11 0
0 0 45.7404 0 61.9261 a b -1.57062 11 0
0 0 45.7097 0 61.9263 a b -1.57417 11 0
0 0 45.6816 0 61.9266 a b -1.57438 11 0
0 0 45.6549 0 61.9263 a b -1.5731 11 0
0 0 45.6268 0 61.9253 a b -1.57537 11 0
0 0 45.6002 0 61.9212 a b -1.57703 11 0
0 0 45.5763 0 61.9206 a b -1.57818 11 0
0 0 45.5472 0 61.9185 a b -1.57695 11 0
0 0 45.5167 0 61.9186 a b -1.57644 11 0
0 0 45.4895 0 61.9171 a b -1.57831 11 0
0 0 45.4572 0 61.9181 a b -1.58068 11 0
0 0 45.4242 0 61.9192 a b -1.58181 11 0
0 0 45.3933 0 61.9123 a b -1.58113 11 0
0 0 45.36 0 61.9102 a b -1.5813 11 0
0 0 45.328 0 61.9087 a b -1.58291 11 0
0 0 45.2923 0 61.9042 a b -1.58514 11 0
0 0 45.2557 0 61.9014 a b -1.58671 11 0
0 0 45.2279 0 61.9033 a b -1.5889 11 0
0 0 45.1934 0 61.9025 a b -1.58973 11 0
0 0 45.1634 0 61.8967 a b -1.58687 11 0
0 0 45.1383 0 61.8983 a b -1.58407 11 0
0 0 45.1117 0 61.8982 a b -1.58211 11 0
0 0 45.0871 0 61.8942 a b -1.5859 11 0
0 0 45.0661 0 61.8938 a b -1.5883 11 0
0 0 45.0419 0 61.89 a b -1.58912 11 0
0 0 45.0144 0 61.8882 a b -1.59013 11 0
0 0 44.9893 0 61.889 a b -1.59251 11 0
0 0 44.962 0 61.886 a b -1.59478 11 0
0 0 44.9382 0 61.8871 a b -1.59415 11 0
0 0 44.9082 0 61.8832 a b -1.59036 11 0
0 0 44.8738 0 61.8829 a b -1.58992 11 0
0 0 44.8396 0 61.8807 a b -1.59215 11 0
0 0 44.8092 0 61.8808 a b -1.59529 11 0
0 0 44.7766 0 61.881 a b -1.59623 11 0
0 0 44.7463 0 61.8803 a b -1.59367 11 0
0 0 44.7151 0 61.8754 a b -1.59031 11 0
0 0 44.6829 0 61.8699 a b -1.59303 11 0
0 0 44.6599 0 61.8677 a b -1.59721 11 0
0 0 44.6368 0 61.8648 a b -1.59524 11 0
0 0 44.6122 0 61.8648 a b -1.59204 11 0
0 0 44.5844 0 61.8617 a b -1.59221 11 0
0 0 44.5598 0 61.8592 a b -1.5968 11 0
0 0 44.538 0 61.8601 a b -1.60011 11 0
0 0 44.5131 0 61.8589 a b -1.60135 11 0
0 0 44.4884 0 61.8575 a b -1.60053 11 0
0 0 44.4595 0 61.8543 a b -1.60207 11 0
0 0 44.4365 0 61.8536 a b -1.602 11 0
0 0 44.4097 0 61.855 a b -1.60112 11 0
0 0 44.3741 0 61.8531 a b -1.59831 11 0
0 0 44.3389 0 61.8492 a b -1.59735 11 0
0 0 44.3114 0 61.8486 a b -1.59464 11 0
0 0 44.2811 0 61.8522 a b -1.58667 11 0
0 0 44.2478 0 61.8527 a b -1.57419 11 0
0 0 44.2209 0 61.8563 a b -1.56243 11 0
0 0 44.1899 0 61.8562 a b -1.54908 11 0
0 0 44.1617 0 61.8493 a b -1.5345 11 0
0 0 44.1303 0 61.8413 a b -1.52281 11 0
0 0 44.1044 0 61.8404 a b -1.51265 11 0
0 0 44.0805 0 61.8378 a b -1.50318 11 0
0 0 44.0561 0 61.8376 a b -1.49909 11 0
0 0 44.0306 0 61.8384 a b -1.49994 11 0
0 0 44.0048 0 61.8395 a b -1.50176 11 0
0 0 43.9784 0 61.8426 a b -1.4999 11 0
0 0 43.9498 0 61.8434 a b -1.49507 11 0
0 0 43.9191 0 61.8417 a b -1.49378 11 0
0 0 43.8899 0 61.8376 a b -1.49221 11 0
0 0 43.8615 0 61.8362 a b -1.49054 11 0
0 0 43.8256 0 61.8383 a b -1.48823 11 0
0 0 43.7914 0 61.8414 a b -1.48668 11 0
0 0 43.7575 0 61.847 a b -1.48456 11 0
0 0 43.7242 0 61.8555 a b -1.48471 11 0
0 0 43.6797 0 61.8582 a b -1.48736 11 0
0 0 43.6477 0 61.8675 a b -1.48842 11 0
0 0 43.6119 0 61.8772 a b -1.4801 11 0
0 0 43.5871 0 61.878 a b -1.47692 11 0
0 0 43.5671 0 61.8747 a b -1.48239 11 0
0 0 43.5455 0 61.8692 a b -1.48471 11 0
0 0 43.5156 0 61.8632 a b -1.47744 11 0
0 0 43.4967 0 61.8624 a b -1.47262 11 0
0 0 43.4737 0 61.8705 a b -1.47587 11 0
0 0 43.4479 0 61.8784 a b -1.48112 11 0
0 0 43.4179 0 61.8793 a b -1.48311 11 0
0 0 43.3825 0 61.879 a b -1.48091 11 0
0 0 43.3494 0 61.878 a b -1.47697 11 0
0 0 43.3207 0 61.8791 a b -1.47543 11 0
0 0 43.2889 0 61.8824 a b -1.47886 11 0
0 0 43.2537 0 61.878 a b -1.48109 11 0
0 0 43.2215 0 61.8785 a b -1.47817 11 0
0 0 43.183 0 61.8904 a b -1.48256 11 0
0 0 43.1416 0 61.8954 a b -1.48453 11 0
0 0 43.1086 0 61.8984 a b -1.48286 11 0
0 0 43.0893 0 61.902 a b -1.48113 11 0
0 0 43.0741 0 61.9054 a b -1.48607 11 0
0 0 43.0521 0 61.9038 a b -1.49001 11 0
0 0 43.0239 0 61.8968 a b -1.49438 11 0
0 0 43.0028 0 61.8972 a b -1.49225 11 0
0 0 42.9853 0 61.8973 a b -1.48991 11 0
0 0 42.958 0 61.8999 a b -1.48996 11 0
0 0 42.928 0 61.9024 a b -1.49084 11 0
0 0 42.8993 0 61.9049 a b -1.49243 11 0
0 0 42.8724 0 61.9026 a b -1.4934 11 0
0 0 42.8387 0 61.8994 a b -1.4941 11 0
0 0 42.806 0 61.9039 a b -1.49407 11 0
0 0 42.7706 0 61.9058 a b -1.49885 11 0
0 0 42.7376 0 61.9062 a b -1.50193 11 0
0 0 42.7017 0 61.9084 a b -1.50219 11 0
0 0 42.674 0 61.9152 a b -1.4996 11 0
0 0 42.6488 0 61.9178 a b -1.49911 11 0
0 0 42.6328 0 61.9189 a b -1.50305 11 0
0 0 42.6072 0 61.912 a b -1.50852 11 0
0 0 42.5798 0 61.9071 a b -1.51242 11 0
0 0 42.5554 0 61.9076 a b -1.51112 11 0
0 0 42.5316 0 61.9113 a b -1.51281 11 0
0 0 42.5022 0 61.9157 a b -1.51799 11 0
0 0 42.4728 0 61.9114 a b -1.51964 11 0
0 0 42.4447 0 61.9107 a b -1.52126 11 0
0 0 42.4169 0 61.9085 a b -1.52522 11 0
0 0 42.382 0 61.9084 a b -1.52973 11 0
0 0 42.3457 0 61.9046 a b -1.53371 11 0
0 0 42.3135 0 61.9047 a b -1.53474 11 0
0 0 42.2823 0 61.9048 a b -1.53859 11 0
0 0 42.2466 0 61.9098 a b -1.54281 11 0
0 0 42.2067 0 61.9136 a b -1.54698 11 0
0 0 42.1782 0 61.9118 a b -1.55027 11 0
0 0 42.1574 0 61.9152 a b -1.55064 11 0
0 0 42.1344 0 61.9175 a b -1.55324 11 0
0 0 42.1138 0 61.9176 a b -1.55531 11 0
0 0 42.0904 0 61.9137 a b -1.5567 11 0
0 0 42.0681 0 61.9145 a b -1.55763 11 0
0 0 42.0376 0 61.9135 a b -1.55779 11 0
0 0 42.0096 0 61.9138 a b -1.56134 11 0
0 0 41.9796 0 61.9171 a b -1.56664 11 0
0 0 41.9481 0 61.9142 a b -1.56768 11 0
0 0 41.913 0 61.9132 a b -1.56732 11 0
0 0 41.8738 0 61.9111 a b -1.56952 11 0
0 0 41.8347 0 61.9151 a b -1.57369 11 0
0 0 41.801 0 61.9159 a b -1.57878 11 0
0 0 41.7646 0 61.9144 a b -1.58026 11 0
0 0 41.7293 0 61.9149 a b -1.58206 11 0
0 0 41.6981 0 61.9134 a b -1.58586 11 0
0 0 41.6831 0 61.9125 a b -1.58873 11 0
0 0 41.6691 0 61.9141 a b -1.58701 11 0
0 0 41.6529 0 61.9104 a b -1.58785 11 0
0 0 41.6331 0 61.9062 a b -1.59095 11 0
0 0 41.6157 0 61.9062 a b -1.59149 11 0
0 0 41.5905 0 61.9049 a b -1.59333 11 0
0 0 41.5639 0 61.9046 a b -1.5967 11 0
0 0 41.5371 0 61.9054 a b -1.59759 11 0
0 0 41.5047 0 61.9032 a b -1.5985 11 0
0 0 41.4689 0 61.8991 a b -1.59951 11 0
0 0 41.4304 0 61.8956 a b -1.60086 11 0
0 0 41.3916 0 61.894 a b -1.60073 11 0
0 0 41.3503 0 61.8877 a b -1.6013 11 0
0 0 41.3098 0 61.8864 a b -1.60237 11 0
0 0 41.2732 0 61.8838 a b -1.60315 11 0
0 0 41.2349 0 61.8783 a b -1.60556 11 0
0 0 41.1941 0 61.8752 a b -1.60912 11 0
0 0 41.1658 0 61.8748 a b -1.60912 11 0
0 0 41.1445 0 61.8732 a b -1.60764 11 0
0 0 41.1283 0 61.8704 a b -1.60679 11 0
0 0 41.1083 0 61.8678 a b -1.60879 11 0
0 0 41.0897 0 61.8652 a b -1.61303 11 0
0 0 41.0688 0 61.8685 a b -1.61602 11 0
0 0 41.0527 0 61.8687 a b -1.61679 11 0
0 0 41.0314 0 61.8693 a b -1.61843 11 0
0 0 41.0042 0 61.867 a b -1.61989 11 0
0 0 40.9715 0 61.8603 a b -1.62163 11 0
0 0 40.9284 0 61.8522 a b -1.62629 11 0
0 0 40.8975 0 61.8489 a b -1.63382 11 0
0 0 40.8763 0 61.8544 a b -1.63559 11 0
0 0 40.8653 0 61.8596 a b -1.63162 11 0
