0 0 53.9892 0 61.9208 a b 3.11252 12 0
0 0 53.9852 0 61.9015 a b 3.13261 12 0
0 0 53.99 0 61.8697 a b 3.13909 12 0
0 0 53.9952 0 61.8353 a b 3.13776 12 0
0 0 53.9996 0 61.7962 a b 3.13174 12 0
0 0 53.9984 0 61.765 a b 3.1251 12 0
0 0 53.9929 0 61.7333 a b 3.12808 12 0
0 0 53.9959 0 61.6953 a b 3.13662 12 0
0 0 54.0034 0 61.6559 a b 3.13721 12 0
0 0 54.0098 0 61.6252 a b 3.12917 12 0
0 0 54.0107 0 61.6014 a b 3.12323 12 0
0 0 54.0068 0 61.5789 a b 3.13015 12 0
0 0 54.0078 0 61.5499 a b 3.13839 12 0
0 0 54.0117 0 61.5228 a b 3.13914 12 0
0 0 54.0192 0 61.5028 a b 3.12805 12 0
0 0 54.016 0 61.4893 a b 3.12187 12 0
0 0 54.0162 0 61.4674 a b 3.12926 12 0
0 0 54.0162 0 61.4347 a b 3.13444 12 0
0 0 54.0141 0 61.4039 a b 3.13671 12 0
0 0 54.014 0 61.3689 a b 3.1354 12 0
0 0 54.0125 0 61.3343 a b 3.13319 12 0
0 0 54.0096 0 61.3026 a b 3.1354 12 0
0 0 54.0126 0 61.2724 a b 3.13805 12 0
0 0 54.0136 0 61.2337 a b 3.13708 12 0
0 0 54.0108 0 61.1994 a b 3.13659 12 0
0 0 54.0163 0 61.1662 a b 3.13751 12 0
0 0 54.0165 0 61.1342 a b 3.13606 12 0
0 0 54.0179 0 61.1027 a b 3.13731 12 0
0 0 54.0213 0 61.069 a b 3.13734 12 0
0 0 54.0258 0 61.0348 a b 3.13809 12 0
0 0 54.0267 0 61.0126 a b 3.13656 12 0
0 0 54.0219 0 60.9911 a b 3.1361 12 0
0 0 54.023 0 60.9723 a b 3.13354 12 0
0 0 54.0291 0 60.9502 a b 3.13465 12 0
0 0 54.0362 0 60.9245 a b 3.13775 12 0
0 0 54.0345 0 60.8997 a b 3.13785 12 0
0 0 54.0335 0 60.8765 a b 3.13258 12 0
0 0 54.0293 0 60.8561 a b 3.12566 12 0
0 0 54.0303 0 60.8361 a b 3.12457 12 0
0 0 54.0307 0 60.8076 a b 3.13308 12 0
0 0 54.0257 0 60.7763 a b 3.14139 12 0
0 0 54.0216 0 60.7464 a b 3.1414 12 0
0 0 54.0245 0 60.7192 a b 3.13427 12 0
0 0 54.031 0 60.6912 a b 3.13153 12 0
0 0 54.0314 0 60.6592 a b 3.13652 12 0
0 0 54.0301 0 60.6254 a b 3.13691 12 0
0 0 54.0297 0 60.5896 a b 3.13056 12 0
0 0 54.0395 0 60.5555 a b 3.1265 12 0
0 0 54.0409 0 60.5216 a b 3.1281 12 0
0 0 54.0413 0 60.4876 a b 3.12967 12 0
0 0 54.0388 0 60.4617 a b 3.12526 12 0
0 0 54.0407 0 60.4376 a b 3.11961 12 0
0 0 54.0433 0 60.4132 a b 3.11906 12 0
0 0 54.0442 0 60.3865 a b 3.1206 12 0
0 0 54.0396 0 60.3608 a b 3.12453 12 0
0 0 54.0373 0 60.3355 a b 3.12301 12 0
0 0 54.0417 0 60.3067 a b 3.12014 12 0
0 0 54.0477 0 60.2713 a b 3.1198 12 0
0 0 54.0496 0 60.2363 a b 3.11699 12 0
0 0 54.0568 0 60.2001 a b 3.11309 12 0
0 0 54.0581 0 60.1691 a b 3.11139 12 0
0 0 54.0586 0 60.1381 a b 3.10814 12 0
0 0 54.0639 0 60.1052 a b 3.10701 12 0
0 0 54.0675 0 60.0776 a b 3.1054 12 0
0 0 54.072 0 60.0476 a b 3.1009 12 0
0 0 54.0729 0 60.0135 a b 3.09054 12 0
0 0 54.077 0 59.976 a b 3.08598 12 0
0 0 54.08 0 59.9517 a b 3.08538 12 0
0 0 54.0829 0 59.9322 a b 3.07697 12 0
0 0 54.083 0 59.9076 a b 3.06947 12 0
0 0 54.0813 0 59.8794 a b 3.06559 12 0
0 0 54.0822 0 59.8576 a b 3.06573 12 0
0 0 54.087 0 59.8348 a b 3.06423 12 0
0 0 54.0923 0 59.8063 a b 3.0632 12 0
0 0 54.0918 0 59.7713 a b 3.05967 12 0
0 0 54.0926 0 59.7294 a b 3.06548 12 0
0 0 54.0981 0 59.704 a b 3.07563 12 0
0 0 54.1033 0 59.6853 a b 3.07261 12 0
0 0 54.1044 0 59.6506 a b 3.06393 12 0
0 0 54.1071 0 59.6068 a b 3.06904 12 0
0 0 54.1117 0 59.5836 a b 3.08296 12 0
0 0 54.1136 0 59.5691 a b 3.08752 12 0
0 0 54.1178 0 59.5466 a b 3.08051 12 0
0 0 54.1168 0 59.5062 a b 3.07612 12 0
0 0 54.1195 0 59.4773 a b 3.08754 12 0
0 0 54.1225 0 59.4597 a b 3.09716 12 0
0 0 54.1281 0 59.4425 a b 3.09457 12 0
0 0 54.1302 0 59.4205 a b 3.08338 12 0
0 0 54.1286 0 59.3858 a b 3.08672 12 0
0 0 54.1287 0 59.3582 a b 3.09811 12 0
0 0 54.1349 0 59.3325 a b 3.10401 12 0
0 0 54.1397 0 59.2992 a b 3.10037 12 0
0 0 54.1388 0 59.2619 a b 3.1032 12 0
0 0 54.1395 0 59.2272 a b 3.11155 12 0
0 0 54.144 0 59.1963 a b 3.11641 12 0
0 0 54.1473 0 59.1638 a b 3.1148 12 0
0 0 54.1481 0 59.1312 a b 3.11655 12 0
0 0 54.1476 0 59.0998 a b 3.1219 12 0
0 0 54.1495 0 59.0735 a b 3.1277 12 0
0 0 54.1489 0 59.0527 a b 3.12933 12 0
0 0 54.1484 0 59.0264 a b 3.13188 12 0
0 0 54.1497 0 59.0041 a b 3.13452 12 0
0 0 54.1475 0 58.9836 a b 3.13952 12 0
0 0 54.1478 0 58.9589 a b -3.13878 12 0
0 0 54.1486 0 58.9327 a b -3.13218 12 0
0 0 54.1515 0 58.9085 a b -3.12744 12 0
0 0 54.15 0 58.8828 a b -3.12092 12 0
0 0 54.1515 0 58.8522 a b -3.11568 12 0
0 0 54.1526 0 58.8183 a b -3.11487 12 0
0 0 54.1507 0 58.7823 a b -3.11257 12 0
0 0 54.1482 0 58.7508 a b -3.10523 12 0
0 0 54.1479 0 58.7169 a b -3.09643 12 0
0 0 54.1488 0 58.6848 a b -3.08977 12 0
0 0 54.1498 0 58.6513 a b -3.08099 12 0
0 0 54.151 0 58.6182 a b -3.07132 12 0
0 0 54.1532 0 58.5844 a b -3.0628 12 0
0 0 54.1511 0 58.5639 a b -3.05624 12 0
0 0 54.1487 0 58.539 a b -3.05139 12 0
0 0 54.1473 0 58.5146 a b -3.04527 12 0
0 0 54.15 0 58.4877 a b -3.04105 12 0
0 0 54.1506 0 58.4639 a b -3.04174 12 0
0 0 54.1457 0 58.4442 a b -3.0427 12 0
0 0 54.1403 0 58.4228 a b -3.04007 12 0
0 0 54.1376 0 58.3943 a b -3.03576 12 0
0 0 54.1347 0 58.3665 a b -3.03383 12 0
0 0 54.134 0 58.3346 a b -3.03398 12 0
0 0 54.1323 0 58.3072 a b -3.0329 12 0
0 0 54.1294 0 58.2788 a b -3.03137 12 0
0 0 54.1276 0 58.2479 a b -3.03031 12 0
0 0 54.1256 0 58.2163 a b -3.03284 12 0
0 0 54.1227 0 58.1844 a b -3.03173 12 0
0 0 54.117 0 58.1565 a b -3.02912 12 0
0 0 54.1127 0 58.1225 a b -3.03051 12 0
0 0 54.1118 0 58.0874 a b -3.033 12 0
0 0 54.1098 0 58.0537 a b -3.03513 12 0
0 0 54.1095 0 58.0202 a b -3.03841 12 0
0 0 54.1106 0 57.9903 a b -3.04053 12 0
0 0 54.1099 0 57.9646 a b -3.04238 12 0
0 0 54.1081 0 57.9321 a b -3.04442 12 0
0 0 54.1092 0 57.9008 a b -3.04966 12 0
0 0 54.1072 0 57.8681 a b -3.05241 12 0
0 0 54.1067 0 57.8397 a b -3.05415 12 0
0 0 54.1022 0 57.811 a b -3.05843 12 0
0 0 54.101 0 57.7851 a b -3.06224 12 0
0 0 54.0988 0 57.758 a b -3.06543 12 0
0 0 54.0972 0 57.7329 a b -3.06941 12 0
0 0 54.0942 0 57.7045 a b -3.07667 12 0
0 0 54.0917 0 57.6785 a b -3.08476 12 0
0 0 54.0908 0 57.6524 a b -3.09528 12 0
0 0 54.0913 0 57.63 a b -3.10682 12 0
0 0 54.0906 0 57.6006 a b -3.116 12 0
0 0 54.0881 0 57.5674 a b -3.126 12 0
0 0 54.0845 0 57.5362 a b -3.13706 12 0
0 0 54.0829 0 57.5086 a b 3.13503 12 0
0 0 54.0842 0 57.4785 a b 3.13009 12 0
0 0 54.0851 0 57.4443 a b 3.12777 12 0
0 0 54.0928 0 57.4132 a b 3.12467 12 0
0 0 54.1 0 57.3855 a b 3.12985 12 0
0 0 54.0965 0 57.3528 a b 3.13839 12 0
0 0 54.0928 0 57.3146 a b 3.13686 12 0
0 0 54.0886 0 57.2812 a b 3.12783 12 0
0 0 54.094 0 57.2513 a b 3.12418 12 0
0 0 54.1009 0 57.2269 a b 3.13415 12 0
0 0 54.1008 0 57.1998 a b -3.13682 12 0
0 0 54.1018 0 57.1699 a b -3.13905 12 0
0 0 54.1072 0 57.1496 a b 3.13717 12 0
0 0 54.1069 0 57.128 a b 3.13544 12 0
0 0 54.1041 0 57.1067 a b 3.13298 12 0
0 0 54.0964 0 57.0819 a b 3.13488 12 0
0 0 54.0959 0 57.0485 a b 3.13908 12 0
0 0 54.0994 0 57.0178 a b -3.13513 12 0
0 0 54.1033 0 56.9875 a b -3.12801 12 0
0 0 54.1049 0 56.9493 a b -3.12741 12 0
0 0 54.1082 0 56.9091 a b -3.13434 12 0
0 0 54.1096 0 56.8738 a b -3.13548 12 0
0 0 54.1098 0 56.8379 a b -3.12855 12 0
0 0 54.1054 0 56.8097 a b -3.12638 12 0
0 0 54.1053 0 56.772 a b -3.13126 12 0
0 0 54.1083 0 56.7399 a b -3.13116 12 0
0 0 54.1086 0 56.7177 a b -3.12559 12 0
0 0 54.11 0 56.697 a b -3.12429 12 0
0 0 54.1109 0 56.6709 a b -3.12258 12 0
0 0 54.1097 0 56.6543 a b -3.12013 12 0
0 0 54.1069 0 56.6385 a b -3.1221 12 0
0 0 54.1066 0 56.6197 a b -3.12769 12 0
0 0 54.1033 0 56.5878 a b -3.12466 12 0
0 0 54.1025 0 56.5679 a b -3.11506 12 0
0 0 54.1024 0 56.5525 a b -3.1121 12 0
0 0 54.1003 0 56.528 a b -3.1143 12 0
0 0 54.1016 0 56.5008 a b -3.11682 12 0
0 0 54.1017 0 56.4663 a b -3.11575 12 0
0 0 54.1041 0 56.4336 a b -3.11297 12 0
0 0 54.1039 0 56.4004 a b -3.11277 12 0
0 0 54.1038 0 56.3713 a b -3.11175 12 0
0 0 54.1037 0 56.3377 a b -3.10983 12 0
0 0 54.1031 0 56.304 a b -3.10756 12 0
0 0 54.1041 0 56.2735 a b -3.10718 12 0
0 0 54.1037 0 56.2426 a b -3.10908 12 0
0 0 54.1001 0 56.2048 a b -3.10703 12 0
0 0 54.1002 0 56.1707 a b -3.10118 12 0
0 0 54.0984 0 56.1425 a b -3.10115 12 0
0 0 54.0943 0 56.1062 a b -3.10366 12 0
0 0 54.0923 0 56.0759 a b -3.10277 12 0
0 0 54.0905 0 56.0448 a b -3.0957 12 0
0 0 54.0949 0 56.0156 a b -3.09151 12 0
0 0 54.1009 0 55.9913 a b -3.09281 12 0
0 0 54.1028 0 55.9689 a b -3.09778 12 0
0 0 54.0977 0 55.9467 a b -3.10325 12 0
0 0 54.0902 0 55.9194 a b -3.09922 12 0
0 0 54.0905 0 55.889 a b -3.09393 12 0
0 0 54.087 0 55.863 a b -3.09214 12 0
0 0 54.0847 0 55.829 a b -3.0859 12 0
0 0 54.0842 0 55.794 a b -3.07879 12 0
0 0 54.0886 0 55.7628 a b -3.07991 12 0
0 0 54.0902 0 55.7329 a b -3.08207 12 0
0 0 54.088 0 55.6991 a b -3.08237 12 0
0 0 54.0842 0 55.665 a b -3.08267 12 0
0 0 54.0829 0 55.632 a b -3.0806 12 0
0 0 54.0798 0 55.602 a b -3.07763 12 0
0 0 54.0812 0 55.5723 a b -3.07574 12 0
0 0 54.0823 0 55.5444 a b -3.07701 12 0
0 0 54.0817 0 55.5169 a b -3.07896 12 0
0 0 54.0821 0 55.4913 a b -3.07646 12 0
0 0 54.0817 0 55.4628 a b -3.07339 12 0
0 0 54.0817 0 55.4435 a b -3.0762 12 0
0 0 54.0772 0 55.4196 a b -3.07839 12 0
0 0 54.0759 0 55.3941 a b -3.07697 12 0
0 0 54.0773 0 55.3661 a b -3.07464 12 0
0 0 54.0797 0 55.34 a b -3.07888 12 0
0 0 54.0792 0 55.313 a b -3.08106 12 0
0 0 54.08 0 55.2807 a b -3.07872 12 0
0 0 54.0781 0 55.2498 a b -3.08145 12 0
0 0 54.077 0 55.2196 a b -3.08437 12 0
0 0 54.0746 0 55.1922 a b -3.08346 12 0
0 0 54.0734 0 55.1603 a b -3.08349 12 0
0 0 54.0736 0 55.1279 a b -3.08779 12 0
0 0 54.0731 0 55.1009 a b -3.09593 12 0
0 0 54.0676 0 55.0766 a b -3.09973 12 0
0 0 54.0667 0 55.0454 a b -3.09828 12 0
0 0 54.0677 0 55.0113 a b -3.09803 12 0
0 0 54.0673 0 54.9813 a b -3.10196 12 0
0 0 54.0647 0 54.9483 a b -3.1079 12 0
0 0 54.062 0 54.9122 a b -3.11304 12 0
0 0 54.0618 0 54.8796 a b -3.12184 12 0
0 0 54.0604 0 54.8537 a b -3.13359 12 0
0 0 54.0598 0 54.828 a b -3.1406 12 0
0 0 54.0582 0 54.7984 a b 3.13607 12 0
0 0 54.057 0 54.7713 a b 3.12335 12 0
0 0 54.0607 0 54.7484 a b 3.11663 12 0
0 0 54.0626 0 54.721 a b 3.114 12 0
0 0 54.0651 0 54.6895 a b 3.10371 12 0
0 0 54.0628 0 54.664 a b 3.08918 12 0
0 0 54.0644 0 54.6414 a b 3.08061 12 0
0 0 54.0669 0 54.6263 a b 3.08601 12 0
0 0 54.0646 0 54.5976 a b 3.09398 12 0
0 0 54.0678 0 54.5646 a b 3.09292 12 0
0 0 54.0693 0 54.5371 a b 3.0907 12 0
0 0 54.0715 0 54.5092 a b 3.09116 12 0
0 0 54.0701 0 54.4801 a b 3.09333 12 0
0 0 54.0714 0 54.4509 a b 3.09401 12 0
0 0 54.0741 0 54.4203 a b 3.09604 12 0
0 0 54.071 0 54.3865 a b 3.0991 12 0
0 0 54.07 0 54.3541 a b 3.09743 12 0
0 0 54.0791 0 54.3221 a b 3.09499 12 0
0 0 54.0846 0 54.2948 a b 3.09987 12 0
0 0 54.0852 0 54.2659 a b 3.10739 12 0
0 0 54.0791 0 54.2364 a b 3.1109 12 0
0 0 54.0799 0 54.2065 a b 3.1035 12 0
0 0 54.087 0 54.1795 a b 3.0991 12 0
0 0 54.0946 0 54.1516 a b 3.10374 12 0
0 0 54.0928 0 54.1273 a b 3.11012 12 0
0 0 54.0936 0 54.0977 a b 3.11091 12 0
0 0 54.0937 0 54.0698 a b 3.10719 12 0
0 0 54.0963 0 54.0415 a b 3.10174 12 0
0 0 54.0984 0 54.0138 a b 3.09991 12 0
0 0 54.0978 0 53.9845 a b 3.10645 12 0
0 0 54.0963 0 53.9533 a b 3.10815 12 0
0 0 54.1001 0 53.9221 a b 3.10681 12 0
0 0 54.1043 0 53.8928 a b 3.1083 12 0
0 0 54.1018 0 53.8667 a b 3.10993 12 0
0 0 54.1035 0 53.8391 a b 3.10999 12 0
0 0 54.1047 0 53.8093 a b 3.11228 12 0
0 0 54.1056 0 53.7793 a b 3.11392 12 0
0 0 54.1067 0 53.7511 a b 3.11507 12 0
0 0 54.1088 0 53.719 a b 3.11649 12 0
0 0 54.1118 0 53.689 a b 3.11818 12 0
0 0 54.1138 0 53.6579 a b 3.11889 12 0
0 0 54.1157 0 53.6285 a b 3.11915 12 0
0 0 54.1151 0 53.6009 a b 3.11995 12 0
0 0 54.1187 0 53.5753 a b 3.1177 12 0
0 0 54.1157 0 53.5467 a b 3.11754 12 0
0 0 54.1138 0 53.5199 a b 3.1221 12 0
0 0 54.1132 0 53.4928 a b 3.12342 12 0
0 0 54.1151 0 53.4644 a b 3.12606 12 0
0 0 54.1154 0 53.4366 a b 3.12821 12 0
0 0 54.1147 0 53.4072 a b 3.12828 12 0
0 0 54.1131 0 53.3745 a b 3.12994 12 0
0 0 54.1134 0 53.3463 a b 3.13123 12 0
0 0 54.1152 0 53.316 a b 3.13325 12 0
0 0 54.1177 0 53.2847 a b 3.13337 12 0
0 0 54.1205 0 53.2509 a b 3.13468 12 0
0 0 54.1207 0 53.2227 a b 3.13591 12 0
0 0 54.1209 0 53.1934 a b 3.13581 12 0
0 0 54.1245 0 53.1608 a b 3.13685 12 0
0 0 54.1275 0 53.1304 a b 3.13848 12 0
0 0 54.1298 0 53.1038 a b 3.13757 12 0
0 0 54.1285 0 53.0767 a b 3.13525 12 0
0 0 54.1263 0 53.0479 a b 3.13615 12 0
0 0 54.1271 0 53.0229 a b 3.13881 12 0
0 0 54.1284 0 52.9973 a b 3.13866 12 0
0 0 54.1251 0 52.9674 a b 3.13805 12 0
0 0 54.1279 0 52.9415 a b 3.14021 12 0
0 0 54.1298 0 52.9139 a b -3.14147 12 0
0 0 54.1322 0 52.885 a b 3.14129 12 0
0 0 54.1326 0 52.8572 a b 3.13963 12 0
0 0 54.132 0 52.8274 a b 3.14008 12 0
0 0 54.1315 0 52.7979 a b -3.14099 12 0
0 0 54.1343 0 52.7659 a b -3.13941 12 0
0 0 54.1351 0 52.7378 a b -3.14006 12 0
0 0 54.1333 0 52.7075 a b -3.13888 12 0
0 0 54.1335 0 52.6769 a b -3.13699 12 0
0 0 54.1373 0 52.6468 a b -3.13587 12 0
0 0 54.1407 0 52.6173 a b -3.13709 12 0
0 0 54.1407 0 52.5884 a b -3.13621 12 0
0 0 54.1419 0 52.5578 a b -3.13396 12 0
0 0 54.1449 0 52.5267 a b -3.13521 12 0
0 0 54.1473 0 52.4987 a b -3.13894 12 0
0 0 54.1438 0 52.4682 a b -3.13963 12 0
0 0 54.1436 0 52.4399 a b -3.13633 12 0
0 0 54.1445 0 52.4096 a b -3.13476 12 0
0 0 54.1454 0 52.3797 a b -3.13595 12 0
0 0 54.1439 0 52.3524 a b -3.13822 12 0
0 0 54.1452 0 52.3233 a b -3.13941 12 0
0 0 54.1468 0 52.2969 a b -3.14049 12 0
0 0 54.1511 0 52.2696 a b 3.14151 12 0
0 0 54.1526 0 52.2402 a b -3.14134 12 0
0 0 54.155 0 52.2132 a b 3.14003 12 0
0 0 54.1548 0 52.185 a b 3.13749 12 0
0 0 54.1585 0 52.1569 a b 3.13913 12 0
0 0 54.1625 0 52.1262 a b 3.13728 12 0
0 0 54.1632 0 52.0983 a b 3.13228 12 0
0 0 54.1646 0 52.0639 a b 3.12912 12 0
0 0 54.1643 0 52.0302 a b 3.12567 12 0
0 0 54.164 0 51.9986 a b 3.119 12 0
0 0 54.1647 0 51.9697 a b 3.11335 12 0
0 0 54.1631 0 51.9378 a b 3.10883 12 0
0 0 54.1635 0 51.9103 a b 3.10365 12 0
0 0 54.1636 0 51.88 a b 3.09847 12 0
0 0 54.1657 0 51.8524 a b 3.09361 12 0
0 0 54.1663 0 51.8232 a b 3.08712 12 0
0 0 54.1642 0 51.8053 a b 3.08257 12 0
0 0 54.1639 0 51.7831 a b 3.08401 12 0
0 0 54.1655 0 51.7534 a b 3.08193 12 0
0 0 54.1712 0 51.731 a b 3.07633 12 0
0 0 54.1745 0 51.7146 a b 3.07931 12 0
0 0 54.1769 0 51.6869 a b 3.08513 12 0
0 0 54.1791 0 51.6546 a b 3.08673 12 0
0 0 54.1824 0 51.6249 a b 3.08361 12 0
0 0 54.1839 0 51.5968 a b 3.08363 12 0
0 0 54.1857 0 51.5646 a b 3.08618 12 0
0 0 54.1877 0 51.5322 a b 3.08799 12 0
0 0 54.1894 0 51.5008 a b 3.08953 12 0
0 0 54.1916 0 51.4693 a b 3.08993 12 0
0 0 54.191 0 51.4375 a b 3.09112 12 0
0 0 54.1949 0 51.4081 a b 3.08986 12 0
0 0 54.1978 0 51.3825 a b 3.09246 12 0
0 0 54.2 0 51.3526 a b 3.09793 12 0
0 0 54.1971 0 51.3206 a b 3.09974 12 0
0 0 54.2002 0 51.29 a b 3.09589 12 0
0 0 54.2067 0 51.2602 a b 3.09679 12 0
0 0 54.2071 0 51.2329 a b 3.10221 12 0
0 0 54.2066 0 51.2054 a b 3.10459 12 0
0 0 54.2082 0 51.1781 a b 3.10341 12 0
0 0 54.2103 0 51.1527 a b 3.10381 12 0
0 0 54.2108 0 51.1264 a b 3.10462 12 0
0 0 54.2133 0 51.0983 a b 3.10555 12 0
0 0 54.2149 0 51.0705 a b 3.10509 12 0
0 0 54.2166 0 51.0405 a b 3.10671 12 0
0 0 54.2176 0 51.0102 a b 3.11017 12 0
0 0 54.2165 0 50.9826 a b 3.10978 12 0
0 0 54.2209 0 50.948 a b 3.10952 12 0
0 0 54.2217 0 50.9175 a b 3.11274 12 0
0 0 54.2238 0 50.8902 a b 3.11304 12 0
0 0 54.2252 0 50.8623 a b 3.11614 12 0
0 0 54.2221 0 50.8269 a b 3.11789 12 0
0 0 54.2221 0 50.7944 a b 3.11583 12 0
0 0 54.228 0 50.7662 a b 3.11834 12 0
0 0 54.2272 0 50.7367 a b 3.12249 12 0
0 0 54.2257 0 50.7073 a b 3.12191 12 0
0 0 54.2299 0 50.6822 a b 3.12051 12 0
0 0 54.2319 0 50.6586 a b 3.11948 12 0
0 0 54.2333 0 50.6313 a b 3.11764 12 0
0 0 54.2325 0 50.6039 a b 3.1164 12 0
0 0 54.236 0 50.5764 a b 3.11624 12 0
0 0 54.2376 0 50.551 a b 3.12004 12 0
0 0 54.237 0 50.5256 a b 3.12395 12 0
0 0 54.2349 0 50.4997 a b 3.1224 12 0
0 0 54.2369 0 50.4683 a b 3.11807 12 0
0 0 54.2391 0 50.4384 a b 3.11809 12 0
0 0 54.2382 0 50.4079 a b 3.1183 12 0
0 0 54.2409 0 50.3791 a b 3.1167 12 0
0 0 54.2466 0 50.3466 a b 3.11763 12 0
0 0 54.2455 0 50.3128 a b 3.11813 12 0
0 0 54.2452 0 50.2811 a b 3.11847 12 0
0 0 54.2447 0 50.2507 a b 3.11505 12 0
0 0 54.2452 0 50.2188 a b 3.11453 12 0
0 0 54.2457 0 50.1891 a b 3.11568 12 0
0 0 54.2486 0 50.1638 a b 3.116 12 0
0 0 54.2487 0 50.1378 a b 3.11272 12 0
0 0 54.2519 0 50.1059 a b 3.10847 12 0
0 0 54.2511 0 50.0718 a b 3.10766 12 0
0 0 54.2556 0 50.043 a b 3.11107 12 0
0 0 54.2573 0 50.0199 a b 3.10976 12 0
0 0 54.2557 0 49.9896 a b 3.10438 12 0
0 0 54.2536 0 49.961 a b 3.10015 12 0
0 0 54.2573 0 49.9356 a b 3.09289 12 0
0 0 54.2614 0 49.9074 a b 3.08245 12 0
0 0 54.2657 0 49.8787 a b 3.07398 12 0
0 0 54.2653 0 49.8548 a b 3.06572 12 0
0 0 54.264 0 49.824 a b 3.05817 12 0
0 0 54.2664 0 49.7985 a b 3.05365 12 0
0 0 54.2708 0 49.7718 a b 3.04719 12 0
0 0 54.2742 0 49.7436 a b 3.0423 12 0
0 0 54.2785 0 49.7133 a b 3.04639 12 0
0 0 54.2815 0 49.6863 a b 3.05157 12 0
0 0 54.2835 0 49.6609 a b 3.05149 12 0
0 0 54.2856 0 49.6306 a b 3.04827 12 0
0 0 54.2862 0 49.5957 a b 3.05369 12 0
0 0 54.2934 0 49.5656 a b 3.06293 12 0
0 0 54.2984 0 49.5391 a b 3.06639 12 0
0 0 54.3005 0 49.5059 a b 3.06371 12 0
0 0 54.2931 0 49.4745 a b 3.06415 12 0
0 0 54.2946 0 49.4448 a b 3.07473 12 0
0 0 54.3029 0 49.4186 a b 3.08103 12 0
0 0 54.3068 0 49.3962 a b 3.07888 12 0
0 0 54.3008 0 49.3712 a b 3.07881 12 0
0 0 54.3008 0 49.3432 a b 3.08957 12 0
0 0 54.3108 0 49.3176 a b 3.09544 12 0
0 0 54.3101 0 49.2906 a b 3.09883 12 0
0 0 54.3098 0 49.2601 a b 3.10895 12 0
0 0 54.3144 0 49.2316 a b 3.12111 12 0
0 0 54.3155 0 49.2057 a b 3.13292 12 0
0 0 54.313 0 49.1774 a b -3.13237 12 0
0 0 54.3185 0 49.1495 a b -3.11139 12 0
0 0 54.3292 0 49.1173 a b -3.10083 12 0
0 0 54.3339 0 49.0926 a b -3.1013 12 0
0 0 54.3331 0 49.0662 a b -3.107 12 0
0 0 54.3295 0 49.0393 a b -3.10815 12 0
0 0 54.3257 0 49.0121 a b -3.10655 12 0
0 0 54.323 0 48.9829 a b -3.10591 12 0
0 0 54.3203 0 48.9554 a b -3.10883 12 0
0 0 54.3158 0 48.9251 a b -3.10947 12 0
0 0 54.3201 0 48.8948 a b -3.10589 12 0
0 0 54.3259 0 48.8682 a b -3.10738 12 0
0 0 54.325 0 48.8394 a b -3.10796 12 0
0 0 54.3253 0 48.8044 a b -3.10801 12 0
0 0 54.3266 0 48.7711 a b -3.11816 12 0
0 0 54.3253 0 48.7369 a b -3.13277 12 0
0 0 54.3283 0 48.7011 a b 3.13601 12 0
0 0 54.3275 0 48.6722 a b 3.11802 12 0
0 0 54.3212 0 48.6501 a b 3.1008 12 0
0 0 54.3156 0 48.6257 a b 3.09053 12 0
0 0 54.3168 0 48.6016 a b 3.08496 12 0
0 0 54.3186 0 48.5763 a b 3.08182 12 0
0 0 54.317 0 48.5551 a b 3.0849 12 0
0 0 54.3167 0 48.5253 a b 3.09073 12 0
0 0 54.3228 0 48.4923 a b 3.08628 12 0
0 0 54.3257 0 48.4735 a b 3.08258 12 0
0 0 54.325 0 48.45 a b 3.09195 12 0
0 0 54.3288 0 48.4106 a b 3.10241 12 0
0 0 54.3341 0 48.3746 a b 3.10016 12 0
0 0 54.3374 0 48.349 a b 3.09452 12 0
0 0 54.3391 0 48.3247 a b 3.09426 12 0
0 0 54.3418 0 48.2942 a b 3.09855 12 0
0 0 54.3444 0 48.2598 a b 3.10189 12 0
0 0 54.3457 0 48.2251 a b 3.10501 12 0
0 0 54.3456 0 48.1943 a b 3.10748 12 0
0 0 54.3478 0 48.1639 a b 3.11189 12 0
0 0 54.3516 0 48.1317 a b 3.11817 12 0
0 0 54.3522 0 48.0998 a b 3.12078 12 0
0 0 54.353 0 48.0761 a b 3.12385 12 0
0 0 54.3526 0 48.0489 a b 3.12892 12 0
0 0 54.3535 0 48.0211 a b 3.13368 12 0
0 0 54.3551 0 47.9945 a b 3.13634 12 0
0 0 54.3554 0 47.965 a b 3.13985 12 0
0 0 54.3563 0 47.9379 a b -3.13817 12 0
0 0 54.3569 0 47.9107 a b -3.13302 12 0
0 0 54.361 0 47.8827 a b -3.1243 12 0
0 0 54.3604 0 47.8545 a b -3.11271 12 0
0 0 54.3589 0 47.8237 a b -3.10452 12 0
0 0 54.3653 0 47.7958 a b -3.09793 12 0
0 0 54.3684 0 47.769 a b -3.08488 12 0
0 0 54.3647 0 47.744 a b -3.0699 12 0
0 0 54.3559 0 47.7118 a b -3.06526 12 0
0 0 54.3512 0 47.6808 a b -3.06823 12 0
0 0 54.3558 0 47.6564 a b -3.07042 12 0
0 0 54.3561 0 47.6274 a b -3.0678 12 0
0 0 54.3532 0 47.5972 a b -3.067 12 0
0 0 54.3486 0 47.5693 a b -3.07057 12 0
0 0 54.3521 0 47.5379 a b -3.07202 12 0
0 0 54.3532 0 47.5121 a b -3.06655 12 0
0 0 54.3493 0 47.4829 a b -3.0652 12 0
0 0 54.3451 0 47.4552 a b -3.06917 12 0
0 0 54.3449 0 47.4254 a b -3.07176 12 0
0 0 54.3453 0 47.4028 a b -3.06677 12 0
0 0 54.3405 0 47.3776 a b -3.06432 12 0
0 0 54.3366 0 47.3525 a b -3.06774 12 0
0 0 54.3401 0 47.3218 a b -3.06875 12 0
0 0 54.3387 0 47.2936 a b -3.06205 12 0
0 0 54.332 0 47.2682 a b -3.06003 12 0
0 0 54.3284 0 47.2394 a b -3.06644 12 0
0 0 54.3319 0 47.2102 a b -3.06388 12 0
0 0 54.3319 0 47.1822 a b -3.05672 12 0
0 0 54.329 0 47.1505 a b -3.05933 12 0
0 0 54.3265 0 47.1168 a b -3.06502 12 0
0 0 54.3218 0 47.0846 a b -3.06361 12 0
0 0 54.3125 0 47.0492 a b -3.06074 12 0
0 0 54.311 0 47.0141 a b -3.05872 12 0
0 0 54.3122 0 46.9843 a b -3.0586 12 0
0 0 54.3154 0 46.9504 a b -3.06116 12 0
0 0 54.318 0 46.9218 a b -3.05887 12 0
0 0 54.3172 0 46.896 a b -3.05929 12 0
0 0 54.3133 0 46.8664 a b -3.06234 12 0
0 0 54.309 0 46.8384 a b -3.06357 12 0
0 0 54.3083 0 46.8136 a b -3.05796 12 0
0 0 54.3084 0 46.7969 a b -3.05486 12 0
0 0 54.3073 0 46.7801 a b -3.05946 12 0
0 0 54.3068 0 46.7545 a b -3.06549 12 0
0 0 54.308 0 46.725 a b -3.05973 12 0
0 0 54.3079 0 46.7062 a b -3.05402 12 0
0 0 54.3059 0 46.686 a b -3.05595 12 0
0 0 54.3029 0 46.6554 a b -3.06074 12 0
0 0 54.2999 0 46.6184 a b -3.06009 12 0
0 0 54.2951 0 46.5878 a b -3.05919 12 0
0 0 54.2887 0 46.5476 a b -3.0613 12 0
0 0 54.2875 0 46.5097 a b -3.05686 12 0
0 0 54.2871 0 46.4765 a b -3.05405 12 0
0 0 54.2851 0 46.4419 a b -3.05518 12 0
0 0 54.2844 0 46.4091 a b -3.05612 12 0
0 0 54.2833 0 46.3763 a b -3.05809 12 0
0 0 54.2815 0 46.3428 a b -3.05958 12 0
0 0 54.2811 0 46.3119 a b -3.05887 12 0
0 0 54.2786 0 46.2841 a b -3.06004 12 0
0 0 54.2765 0 46.2544 a b -3.06334 12 0
0 0 54.2765 0 46.2287 a b -3.06588 12 0
0 0 54.2754 0 46.2016 a b -3.0657 12 0
0 0 54.2763 0 46.1747 a b -3.06457 12 0
0 0 54.276 0 46.1508 a b -3.06692 12 0
0 0 54.2728 0 46.1264 a b -3.07032 12 0
0 0 54.2709 0 46.1027 a b -3.07157 12 0
0 0 54.2709 0 46.0736 a b -3.07079 12 0
0 0 54.2731 0 46.047 a b -3.06986 12 0
0 0 54.2752 0 46.0188 a b -3.0717 12 0
0 0 54.2762 0 45.9872 a b -3.07712 12 0
0 0 54.2744 0 45.9478 a b -3.08159 12 0
0 0 54.274 0 45.9103 a b -3.08589 12 0
0 0 54.2678 0 45.8717 a b -3.08774 12 0
0 0 54.2625 0 45.831 a b -3.08545 12 0
0 0 54.2662 0 45.7933 a b -3.088 12 0
0 0 54.2631 0 45.7568 a b -3.09374 12 0
0 0 54.2565 0 45.7211 a b -3.09296 12 0
0 0 54.259 0 45.6883 a b -3.08985 12 0
0 0 54.262 0 45.6632 a b -3.09159 12 0
0 0 54.2633 0 45.6412 a b -3.09797 12 0
0 0 54.2571 0 45.6187 a b -3.10057 12 0
0 0 54.2532 0 45.6019 a b -3.09974 12 0
0 0 54.2535 0 45.5868 a b -3.09987 12 0
0 0 54.2528 0 45.5713 a b -3.09847 12 0
0 0 54.2518 0 45.5548 a b -3.09488 12 0
0 0 54.2494 0 45.5352 a b -3.08966 12 0
0 0 54.2485 0 45.5128 a b -3.0828 12 0
0 0 54.2495 0 45.4845 a b -3.08238 12 0
0 0 54.2518 0 45.4524 a b -3.09224 12 0
0 0 54.25 0 45.4193 a b -3.0976 12 0
0 0 54.2488 0 45.3859 a b -3.0991 12 0
0 0 54.2504 0 45.3415 a b -3.09839 12 0
0 0 54.2568 0 45.2957 a b -3.10203 12 0
0 0 54.259 0 45.2508 a b -3.10703 12 0
0 0 54.2579 0 45.2037 a b -3.11119 12 0
0 0 54.2591 0 45.1656 a b -3.11696 12 0
0 0 54.2548 0 45.1336 a b -3.11677 12 0
0 0 54.2516 0 45.0954 a b -3.11303 12 0
0 0 54.2514 0 45.062 a b -3.1129 12 0
0 0 54.2513 0 45.0365 a b -3.11353 12 0
0 0 54.2498 0 45.0194 a b -3.11399 12 0
0 0 54.2497 0 45.0017 a b -3.10395 12 0
0 0 54.2487 0 44.9893 a b -3.10034 12 0
0 0 54.2493 0 44.9708 a b -3.09716 12 0
0 0 54.2506 0 44.9525 a b -3.10095 12 0
0 0 54.2516 0 44.9297 a b -3.10934 12 0
0 0 54.2533 0 44.9092 a b -3.11645 12 0
0 0 54.253 0 44.887 a b -3.11925 12 0
0 0 54.2521 0 44.8526 a b -3.11696 12 0
0 0 54.2502 0 44.8205 a b -3.11229 12 0
0 0 54.252 0 44.7872 a b -3.11272 12 0
0 0 54.2548 0 44.758 a b -3.11372 12 0
0 0 54.2539 0 44.7324 a b -3.11502 12 0
0 0 54.2546 0 44.7044 a b -3.11945 12 0
0 0 54.2551 0 44.6781 a b -3.11815 12 0
0 0 54.2476 0 44.6511 a b -3.11618 12 0
0 0 54.2469 0 44.6223 a b -3.11511 12 0
0 0 54.2467 0 44.591 a b -3.11216 12 0
0 0 54.2459 0 44.5631 a b -3.11073 12 0
0 0 54.25 0 44.5324 a b -3.11296 12 0
0 0 54.2502 0 44.5042 a b -3.1155 12 0
0 0 54.2529 0 44.4778 a b -3.11588 12 0
0 0 54.2517 0 44.4473 a b -3.1156 12 0
0 0 54.251 0 44.4161 a b -3.116 12 0
0 0 54.2514 0 44.3851 a b -3.11743 12 0
0 0 54.2519 0 44.3558 a b -3.11835 12 0
0 0 54.2535 0 44.3286 a b -3.11872 12 0
0 0 54.2554 0 44.2975 a b -3.11988 12 0
0 0 54.2559 0 44.2693 a b -3.12114 12 0
0 0 54.2531 0 44.2422 a b -3.1246 12 0
0 0 54.2511 0 44.2129 a b -3.12707 12 0
0 0 54.2509 0 44.1864 a b -3.13094 12 0
0 0 54.2489 0 44.155 a b -3.13341 12 0
0 0 54.2499 0 44.121 a b -3.13397 12 0
0 0 54.2486 0 44.0923 a b -3.13332 12 0
0 0 54.2483 0 44.0643 a b -3.13514 12 0
0 0 54.2495 0 44.0322 a b -3.1394 12 0
0 0 54.2485 0 44.0033 a b -3.14063 12 0
0 0 54.2471 0 43.976 a b 3.13819 12 0
0 0 54.2452 0 43.9471 a b 3.13163 12 0
0 0 54.2499 0 43.9156 a b 3.12677 12 0
0 0 54.2513 0 43.8938 a b 3.11945 12 0
0 0 54.2521 0 43.8658 a b 3.10831 12 0
0 0 54.2543 0 43.8316 a b 3.09924 12 0
0 0 54.2597 0 43.8002 a b 3.09703 12 0
0 0 54.2609 0 43.7746 a b 3.09386 12 0
0 0 54.2622 0 43.7475 a b 3.09071 12 0
0 0 54.2619 0 43.7244 a b 3.08899 12 0
0 0 54.2573 0 43.6988 a b 3.08582 12 0
0 0 54.258 0 43.6672 a b 3.0877 12 0
0 0 54.2587 0 43.6444 a b 3.09154 12 0
0 0 54.2616 0 43.6202 a b 3.09246 12 0
0 0 54.2617 0 43.5902 a b 3.09301 12 0
0 0 54.2646 0 43.565 a b 3.09627 12 0
0 0 54.264 0 43.542 a b 3.0965 12 0
0 0 54.2655 0 43.5148 a b 3.09815 12 0
0 0 54.268 0 43.493 a b 3.09955 12 0
0 0 54.2741 0 43.4696 a b 3.10067 12 0
0 0 54.2758 0 43.4436 a b 3.1005 12 0
0 0 54.2773 0 43.4177 a b 3.10062 12 0
0 0 54.2792 0 43.3888 a b 3.10009 12 0
0 0 54.282 0 43.3588 a b 3.10145 12 0
0 0 54.2858 0 43.3268 a b 3.10395 12 0
0 0 54.2863 0 43.2975 a b 3.10551 12 0
0 0 54.2868 0 43.2664 a b 3.10549 12 0
0 0 54.2856 0 43.2381 a b 3.10537 12 0
0 0 54.2859 0 43.2054 a b 3.10723 12 0
0 0 54.2871 0 43.1794 a b 3.10989 12 0
0 0 54.2881 0 43.1489 a b 3.11134 12 0
0 0 54.2885 0 43.1188 a b 3.1135 12 0
0 0 54.288 0 43.0897 a b 3.11515 12 0
0 0 54.2895 0 43.0597 a b 3.11447 12 0
0 0 54.2917 0 43.0293 a b 3.11465 12 0
0 0 54.2975 0 43.003 a b 3.11331 12 0
0 0 54.2987 0 42.9736 a b 3.11213 12 0
0 0 54.2955 0 42.9448 a b 3.11331 12 0
0 0 54.2961 0 42.9146 a b 3.11643 12 0
0 0 54.3005 0 42.8845 a b 3.11799 12 0
0 0 54.3018 0 42.8528 a b 3.11536 12 0
0 0 54.3011 0 42.8247 a b 3.11302 12 0
0 0 54.3018 0 42.7937 a b 3.11549 12 0
0 0 54.3062 0 42.7654 a b 3.11628 12 0
0 0 54.3049 0 42.7335 a b 3.11748 12 0
0 0 54.3063 0 42.7004 a b 3.11683 12 0
0 0 54.3077 0 42.6692 a b 3.11697 12 0
0 0 54.3099 0 42.636 a b 3.11764 12 0
0 0 54.3106 0 42.6044 a b 3.11893 12 0
0 0 54.3134 0 42.5704 a b 3.11872 12 0
0 0 54.3114 0 42.5367 a b 3.12 12 0
0 0 54.3127 0 42.5052 a b 3.12306 12 0
0 0 54.3173 0 42.4738 a b 3.12447 12 0
0 0 54.3173 0 42.4449 a b 3.12187 12 0
0 0 54.3154 0 42.4182 a b 3.12104 12 0
0 0 54.3159 0 42.3911 a b 3.12535 12 0
0 0 54.3209 0 42.3656 a b 3.12712 12 0
0 0 54.3229 0 42.34 a b 3.12429 12 0
0 0 54.3233 0 42.3124 a b 3.12171 12 0
0 0 54.3229 0 42.2893 a b 3.12106 12 0
0 0 54.3249 0 42.2674 a b 3.12165 12 0
0 0 54.3267 0 42.2406 a b 3.12255 12 0
0 0 54.3279 0 42.2167 a b 3.12244 12 0
0 0 54.3256 0 42.1862 a b 3.12579 12 0
0 0 54.3285 0 42.1505 a b 3.12603 12 0
0 0 54.3315 0 42.1186 a b 3.1257 12 0
0 0 54.3311 0 42.0855 a b 3.12974 12 0
0 0 54.3322 0 42.0469 a b 3.1292 12 0
0 0 54.3343 0 42.0139 a b 3.12832 12 0
0 0 54.3338 0 41.9866 a b 3.13243 12 0
0 0 54.3342 0 41.9467 a b 3.13515 12 0
0 0 54.3352 0 41.9148 a b 3.13433 12 0
0 0 54.337 0 41.8899 a b 3.13536 12 0
0 0 54.3407 0 41.8585 a b 3.139 12 0
0 0 54.3406 0 41.8248 a b 3.14051 12 0
0 0 54.339 0 41.8003 a b 3.13398 12 0
0 0 54.3378 0 41.7876 a b 3.13299 12 0
0 0 54.335 0 41.7607 a b 3.13888 12 0
0 0 54.3379 0 41.7355 a b 3.13957 12 0
0 0 54.339 0 41.7108 a b 3.14094 12 0
0 0 54.3379 0 41.6869 a b 3.14151 12 0
0 0 54.3386 0 41.6563 a b 3.14106 12 0
0 0 54.3382 0 41.6357 a b -3.1391 12 0
0 0 54.3402 0 41.6052 a b -3.13312 12 0
0 0 54.3416 0 41.5746 a b -3.13197 12 0
0 0 54.3435 0 41.541 a b -3.13669 12 0
0 0 54.3474 0 41.5139 a b -3.13795 12 0
0 0 54.347 0 41.4787 a b -3.13473 12 0
0 0 54.3453 0 41.4429 a b -3.13506 12 0
0 0 54.3508 0 41.4098 a b -3.13708 12 0
0 0 54.355 0 41.3771 a b -3.13482 12 0
0 0 54.3479 0 41.3393 a b -3.13405 12 0
0 0 54.3456 0 41.3101 a b -3.1392 12 0
0 0 54.3519 0 41.2874 a b -3.13911 12 0
0 0 54.3483 0 41.2615 a b -3.13307 12 0
0 0 54.3432 0 41.2335 a b -3.13292 12 0
0 0 54.3452 0 41.2046 a b -3.13461 12 0
0 0 54.352 0 41.1835 a b -3.13507 12 0
0 0 54.3464 0 41.1598 a b -3.13284 12 0
0 0 54.3443 0 41.1366 a b -3.13171 12 0
0 0 54.3417 0 41.1119 a b -3.13004 12 0
0 0 54.3449 0 41.0863 a b -3.1288 12 0
0 0 54.3464 0 41.0577 a b -3.12921 12 0
0 0 54.3522 0 41.0284 a b -3.13182 12 0
0 0 54.3534 0 41.0015 a b -3.13238 12 0
0 0 54.3558 0 40.9693 a b -3.13044 12 0
0 0 54.3547 0 40.9374 a b -3.12762 12 0
0 0 54.3513 0 40.9071 a b -3.12204 12 0
0 0 54.348 0 40.8737 a b -3.12017 12 0
0 0 54.347 0 40.8402 a b -3.12205 12 0
0 0 54.3533 0 40.8114 a b -3.12264 12 0
0 0 54.3522 0 40.7807 a b -3.12307 12 0
0 0 54.3509 0 40.7501 a b -3.12391 12 0
0 0 54.3503 0 40.7164 a b -3.11994 12 0
0 0 54.3446 0 40.6865 a b -3.11465 12 0
0 0 54.3457 0 40.6562 a b -3.11376 12 0
0 0 54.3473 0 40.6254 a b -3.11275 12 0
0 0 54.3494 0 40.5916 a b -3.11175 12 0
0 0 54.3502 0 40.5631 a b -3.11226 12 0
0 0 54.3513 0 40.5378 a b -3.11351 12 0
0 0 54.3511 0 40.5059 a b -3.11681 12 0
0 0 54.3524 0 40.4816 a b -3.11634 12 0
0 0 54.3535 0 40.4616 a b -3.11242 12 0
0 0 54.3521 0 40.4366 a b -3.11383 12 0
0 0 54.3487 0 40.4048 a b -3.11897 12 0
0 0 54.3526 0 40.368 a b -3.11833 12 0
0 0 54.3577 0 40.3417 a b -3.11324 12 0
0 0 54.3574 0 40.3197 a b -3.11641 12 0
0 0 54.3602 0 40.2922 a b -3.11934 12 0
0 0 54.3564 0 40.2546 a b -3.11967 12 0
0 0 54.3533 0 40.226 a b -3.11445 12 0
0 0 54.3494 0 40.1964 a b -3.11257 12 0
0 0 54.3492 0 40.1619 a b -3.11474 12 0
0 0 54.3554 0 40.1292 a b -3.11188 12 0
0 0 54.3564 0 40.092 a b -3.11332 12 0
0 0 54.3572 0 40.0577 a b -3.1157 12 0
0 0 54.3533 0 40.0217 a b -3.11685 12 0
0 0 54.351 0 39.9904 a b -3.11186 12 0
0 0 54.351 0 39.9676 a b -3.11035 12 0
0 0 54.3518 0 39.9398 a b -3.11089 12 0
0 0 54.3527 0 39.918 a b -3.10849 12 0
0 0 54.3514 0 39.8961 a b -3.10842 12 0
0 0 54.3525 0 39.8716 a b -3.10748 12 0
0 0 54.3534 0 39.8467 a b -3.10679 12 0
0 0 54.3579 0 39.8247 a b -3.10811 12 0
0 0 54.3513 0 39.7975 a b -3.11194 12 0
0 0 54.3497 0 39.766 a b -3.10844 12 0
0 0 54.3494 0 39.7319 a b -3.10512 12 0
0 0 54.3545 0 39.7013 a b -3.10603 12 0
0 0 54.3499 0 39.6681 a b -3.1068 12 0
0 0 54.3486 0 39.6373 a b -3.10365 12 0
0 0 54.3529 0 39.6015 a b -3.10377 12 0
0 0 54.3501 0 39.5673 a b -3.10739 12 0
0 0 54.3449 0 39.5348 a b -3.10637 12 0
0 0 54.3479 0 39.5025 a b -3.10286 12 0
0 0 54.3482 0 39.4718 a b -3.10375 12 0
0 0 54.3459 0 39.4421 a b -3.10685 12 0
0 0 54.3378 0 39.4125 a b -3.10539 12 0
0 0 54.342 0 39.3859 a b -3.10156 12 0
0 0 54.3478 0 39.3586 a b -3.10053 12 0
0 0 54.3519 0 39.3353 a b -3.10436 12 0
0 0 54.3487 0 39.3111 a b -3.10847 12 0
0 0 54.3415 0 39.2878 a b -3.10911 12 0
0 0 54.3403 0 39.2616 a b -3.10326 12 0
0 0 54.3426 0 39.235 a b -3.1016 12 0
0 0 54.344 0 39.2031 a b -3.10298 12 0
0 0 54.3431 0 39.1767 a b -3.10663 12 0
0 0 54.3432 0 39.1474 a b -3.10512 12 0
0 0 54.3457 0 39.112 a b -3.10019 12 0
0 0 54.3489 0 39.0759 a b -3.10328 12 0
0 0 54.3478 0 39.0487 a b -3.10777 12 0
0 0 54.3448 0 39.0203 a b -3.10668 12 0
0 0 54.3461 0 38.9854 a b -3.1029 12 0
0 0 54.3478 0 38.9535 a b -3.10455 12 0
0 0 54.3473 0 38.9322 a b -3.10597 12 0
0 0 54.3438 0 38.9032 a b -3.10389 12 0
0 0 54.3449 0 38.8798 a b -3.10351 12 0
0 0 54.345 0 38.8573 a b -3.10276 12 0
0 0 54.3454 0 38.8385 a b -3.10414 12 0
0 0 54.3442 0 38.8146 a b -3.10263 12 0
0 0 54.3438 0 38.7925 a b -3.10052 12 0
0 0 54.3429 0 38.763 a b -3.10065 12 0
0 0 54.3409 0 38.7377 a b -3.10337 12 0
0 0 54.3408 0 38.7137 a b -3.1055 12 0
0 0 54.3401 0 38.6937 a b -3.10384 12 0
0 0 54.3373 0 38.6651 a b -3.09551 12 0
0 0 54.3363 0 38.6339 a b -3.09474 12 0
0 0 54.3372 0 38.6036 a b -3.09873 12 0
0 0 54.3375 0 38.577 a b -3.09875 12 0
0 0 54.3397 0 38.5457 a b -3.09388 12 0
0 0 54.3408 0 38.5087 a b -3.09456 12 0
0 0 54.3432 0 38.4738 a b -3.099 12 0
0 0 54.3473 0 38.4418 a b -3.0978 12 0
0 0 54.3456 0 38.4096 a b -3.09722 12 0
0 0 54.3447 0 38.3785 a b -3.09878 12 0
0 0 54.3445 0 38.3539 a b -3.0998 12 0
0 0 54.3451 0 38.3279 a b -3.09483 12 0
0 0 54.3393 0 38.2914 a b -3.08961 12 0
0 0 54.3371 0 38.2585 a b -3.09287 12 0
0 0 54.3397 0 38.2303 a b -3.10027 12 0
0 0 54.3434 0 38.2132 a b -3.09837 12 0
0 0 54.3389 0 38.1823 a b -3.09163 12 0
0 0 54.3315 0 38.1495 a b -3.09222 12 0
0 0 54.3313 0 38.1164 a b -3.09755 12 0
0 0 54.3372 0 38.0883 a b -3.09347 12 0
0 0 54.3347 0 38.057 a b -3.08882 12 0
0 0 54.3345 0 38.0203 a b -3.09014 12 0
0 0 54.3372 0 37.9885 a b -3.09056 12 0
0 0 54.3341 0 37.9583 a b -3.08989 12 0
0 0 54.3292 0 37.9294 a b -3.0933 12 0
0 0 54.3271 0 37.8954 a b -3.09708 12 0
0 0 54.3282 0 37.8626 a b -3.09606 12 0
0 0 54.3274 0 37.8362 a b -3.08641 12 0
0 0 54.3213 0 37.8074 a b -3.08243 12 0
0 0 54.3187 0 37.7801 a b -3.0873 12 0
0 0 54.3226 0 37.7478 a b -3.09255 12 0
0 0 54.3257 0 37.7196 a b -3.09375 12 0
0 0 54.3263 0 37.6964 a b -3.09003 12 0
0 0 54.3207 0 37.6729 a b -3.09028 12 0
0 0 54.3177 0 37.6467 a b -3.09436 12 0
0 0 54.3175 0 37.6143 a b -3.09568 12 0
0 0 54.319 0 37.5868 a b -3.08833 12 0
0 0 54.3191 0 37.5574 a b -3.08447 12 0
0 0 54.3199 0 37.5294 a b -3.08846 12 0
0 0 54.3215 0 37.4952 a b -3.09431 12 0
0 0 54.32 0 37.4606 a b -3.09779 12 0
0 0 54.3163 0 37.4294 a b -3.09303 12 0
0 0 54.311 0 37.3986 a b -3.09364 12 0
0 0 54.3075 0 37.3604 a b -3.0976 12 0
0 0 54.3057 0 37.3249 a b -3.09423 12 0
0 0 54.3074 0 37.2956 a b -3.08751 12 0
0 0 54.3088 0 37.2698 a b -3.08485 12 0
0 0 54.3088 0 37.2446 a b -3.09064 12 0
0 0 54.3097 0 37.218 a b -3.0994 12 0
0 0 54.3062 0 37.1891 a b -3.09898 12 0
0 0 54.3053 0 37.1739 a b -3.09602 12 0
0 0 54.3007 0 37.1564 a b -3.10006 12 0
0 0 54.3009 0 37.1276 a b -3.09849 12 0
0 0 54.303 0 37.1003 a b -3.09192 12 0
0 0 54.3054 0 37.0755 a b -3.08863 12 0
0 0 54.3061 0 37.0509 a b -3.09554 12 0
0 0 54.3029 0 37.014 a b -3.10053 12 0
0 0 54.2979 0 36.9781 a b -3.10171 12 0
0 0 54.2936 0 36.9468 a b -3.10222 12 0
0 0 54.2905 0 36.9074 a b -3.10334 12 0
0 0 54.2888 0 36.8736 a b -3.10274 12 0
0 0 54.289 0 36.839 a b -3.1038 12 0
0 0 54.2883 0 36.8083 a b -3.10696 12 0
0 0 54.2897 0 36.7806 a b -3.10778 12 0
0 0 54.2895 0 36.7557 a b -3.1109 12 0
0 0 54.2881 0 36.7328 a b -3.11197 12 0
0 0 54.2892 0 36.7128 a b -3.11354 12 0
0 0 54.2903 0 36.693 a b -3.1146 12 0
0 0 54.2894 0 36.6719 a b -3.11647 12 0
0 0 54.2899 0 36.6539 a b -3.11825 12 0
0 0 54.2904 0 36.6331 a b -3.12049 12 0
0 0 54.2897 0 36.6089 a b -3.12384 12 0
0 0 54.2921 0 36.5806 a b -3.12578 12 0
0 0 54.293 0 36.5534 a b -3.12991 12 0
0 0 54.2925 0 36.5232 a b -3.13217 12 0
0 0 54.2892 0 36.4875 a b -3.13405 12 0
0 0 54.2883 0 36.4566 a b -3.13452 12 0
0 0 54.285 0 36.4269 a b -3.13412 12 0
0 0 54.2824 0 36.3961 a b -3.13055 12 0
0 0 54.2848 0 36.3635 a b -3.12709 12 0
0 0 54.2847 0 36.328 a b -3.12654 12 0
0 0 54.2857 0 36.2924 a b -3.12556 12 0
0 0 54.2854 0 36.2526 a b -3.12334 12 0
0 0 54.2901 0 36.2117 a b -3.12046 12 0
0 0 54.2891 0 36.1719 a b -3.11994 12 0
0 0 54.2889 0 36.1328 a b -3.11838 12 0
0 0 54.2864 0 36.0947 a b -3.11574 12 0
0 0 54.2897 0 36.0591 a b -3.11192 12 0
0 0 54.2919 0 36.0291 a b -3.11394 12 0
0 0 54.2892 0 36.001 a b -3.11524 12 0
0 0 54.2888 0 35.9732 a b -3.11046 12 0
0 0 54.2942 0 35.9527 a b -3.1099 12 0
0 0 54.2925 0 35.9371 a b -3.11431 12 0
0 0 54.2898 0 35.9197 a b -3.1151 12 0
0 0 54.293 0 35.8927 a b -3.11259 12 0
0 0 54.2955 0 35.8688 a b -3.10965 12 0
0 0 54.295 0 35.8411 a b -3.10678 12 0
0 0 54.2901 0 35.8147 a b -3.10826 12 0
0 0 54.288 0 35.7801 a b -3.10784 12 0
0 0 54.2877 0 35.7461 a b -3.10578 12 0
0 0 54.2898 0 35.7043 a b -3.09861 12 0
0 0 54.298 0 35.6606 a b -3.10033 12 0
0 0 54.2971 0 35.6266 a b -3.10594 12 0
0 0 54.2973 0 35.5916 a b -3.10692 12 0
0 0 54.2944 0 35.5572 a b -3.10439 12 0
0 0 54.2947 0 35.527 a b -3.10343 12 0
0 0 54.2965 0 35.4962 a b -3.10674 12 0
0 0 54.3 0 35.4781 a b -3.10883 12 0
0 0 54.3001 0 35.46 a b -3.10626 12 0
0 0 54.2956 0 35.4371 a b -3.10502 12 0
0 0 54.2959 0 35.416 a b -3.10879 12 0
0 0 54.2966 0 35.3978 a b -3.11118 12 0
0 0 54.2992 0 35.3715 a b -3.11407 12 0
0 0 54.3004 0 35.3518 a b -3.11903 12 0
0 0 54.299 0 35.336 a b -3.12539 12 0
0 0 54.295 0 35.3108 a b -3.12922 12 0
0 0 54.2909 0 35.2788 a b -3.13286 12 0
0 0 54.2912 0 35.2546 a b -3.13699 12 0
0 0 54.2926 0 35.2251 a b -3.1401 12 0
0 0 54.2938 0 35.1916 a b 3.13739 12 0
0 0 54.2968 0 35.1631 a b 3.12848 12 0
0 0 54.3003 0 35.1376 a b 3.11836 12 0
0 0 54.3005 0 35.1159 a b 3.11253 12 0
0 0 54.3009 0 35.0863 a b 3.10955 12 0
0 0 54.3026 0 35.0581 a b 3.10602 12 0
0 0 54.3036 0 35.0295 a b 3.10062 12 0
0 0 54.3065 0 35.0026 a b 3.09499 12 0
0 0 54.3041 0 34.9725 a b 3.0901 12 0
0 0 54.3061 0 34.9458 a b 3.08782 12 0
0 0 54.3054 0 34.9206 a b 3.08482 12 0
0 0 54.307 0 34.8893 a b 3.07712 12 0
0 0 54.3084 0 34.8593 a b 3.07065 12 0
0 0 54.3112 0 34.8306 a b 3.07639 12 0
0 0 54.3116 0 34.8024 a b 3.08723 12 0
0 0 54.311 0 34.7673 a b 3.08738 12 0
0 0 54.3146 0 34.7342 a b 3.08088 12 0
0 0 54.3215 0 34.7036 a b 3.08166 12 0
0 0 54.3268 0 34.6724 a b 3.08736 12 0
0 0 54.3243 0 34.647 a b 3.09089 12 0
0 0 54.3227 0 34.6176 a b 3.08878 12 0
0 0 54.3239 0 34.5904 a b 3.08681 12 0
0 0 54.3264 0 34.5643 a b 3.08869 12 0
0 0 54.3305 0 34.5391 a b 3.09322 12 0
0 0 54.3347 0 34.5108 a b 3.09454 12 0
0 0 54.3358 0 34.4842 a b 3.09813 12 0
0 0 54.3359 0 34.4558 a b 3.09779 12 0
0 0 54.3349 0 34.4259 a b 3.09347 12 0
0 0 54.3374 0 34.3981 a b 3.09118 12 0
0 0 54.3367 0 34.3639 a b 3.09084 12 0
0 0 54.3427 0 34.3291 a b 3.09682 12 0
0 0 54.344 0 34.2991 a b 3.10149 12 0
0 0 54.3472 0 34.261 a b 3.10068 12 0
0 0 54.3507 0 34.229 a b 3.09828 12 0
0 0 54.3554 0 34.1985 a b 3.09613 12 0
0 0 54.3577 0 34.1686 a b 3.09821 12 0
0 0 54.3598 0 34.1423 a b 3.10278 12 0
0 0 54.3625 0 34.1251 a b 3.10437 12 0
0 0 54.3634 0 34.1019 a b 3.1031 12 0
0 0 54.3646 0 34.0811 a b 3.09966 12 0
0 0 54.3654 0 34.053 a b 3.10021 12 0
0 0 54.3676 0 34.0227 a b 3.10569 12 0
0 0 54.3678 0 34.0005 a b 3.11183 12 0
0 0 54.3684 0 33.9774 a b 3.10871 12 0
0 0 54.3708 0 33.9449 a b 3.1041 12 0
0 0 54.3709 0 33.9117 a b 3.1057 12 0
0 0 54.3708 0 33.8826 a b 3.11045 12 0
0 0 54.3725 0 33.8534 a b 3.10845 12 0
0 0 54.3749 0 33.8205 a b 3.10934 12 0
0 0 54.3772 0 33.79 a b 3.1097 12 0
0 0 54.377 0 33.7591 a b 3.10796 12 0
0 0 54.3789 0 33.7217 a b 3.10735 12 0
0 0 54.3804 0 33.6905 a b 3.11202 12 0
0 0 54.3841 0 33.6623 a b 3.11463 12 0
0 0 54.3851 0 33.6372 a b 3.11281 12 0
0 0 54.3841 0 33.6061 a b 3.10939 12 0
0 0 54.3851 0 33.5756 a b 3.10905 12 0
0 0 54.3838 0 33.5473 a b 3.11166 12 0
0 0 54.3859 0 33.5179 a b 3.11596 12 0
0 0 54.3889 0 33.4935 a b 3.11822 12 0
0 0 54.3935 0 33.4692 a b 3.11501 12 0
0 0 54.3965 0 33.4412 a b 3.11311 12 0
0 0 54.4006 0 33.4147 a b 3.11287 12 0
0 0 54.3987 0 33.3911 a b 3.1127 12 0
0 0 54.4001 0 33.3635 a b 3.11536 12 0
0 0 54.4023 0 33.3405 a b 3.11594 12 0
0 0 54.4047 0 33.3131 a b 3.11509 12 0
0 0 54.405 0 33.2848 a b 3.11401 12 0
0 0 54.4055 0 33.2517 a b 3.11531 12 0
0 0 54.4103 0 33.2234 a b 3.11858 12 0
0 0 54.4146 0 33.1931 a b 3.11842 12 0
0 0 54.4137 0 33.154 a b 3.11641 12 0
0 0 54.414 0 33.1195 a b 3.11445 12 0
0 0 54.4125 0 33.0828 a b 3.11176 12 0
0 0 54.4098 0 33.0431 a b 3.11347 12 0
0 0 54.4138 0 33.0067 a b 3.12125 12 0
0 0 54.4201 0 32.9841 a b 3.12201 12 0
0 0 54.4225 0 32.9549 a b 3.11577 12 0
0 0 54.4162 0 32.9199 a b 3.11526 12 0
0 0 54.4179 0 32.8942 a b 3.12248 12 0
0 0 54.4286 0 32.8737 a b 3.12489 12 0
0 0 54.4321 0 32.8523 a b 3.12258 12 0
0 0 54.4322 0 32.8279 a b 3.12584 12 0
0 0 54.4392 0 32.8073 a b 3.12344 12 0
0 0 54.4374 0 32.7848 a b 3.11446 12 0
0 0 54.4304 0 32.7522 a b 3.11256 12 0
0 0 54.4271 0 32.7229 a b 3.12075 12 0
0 0 54.4282 0 32.6921 a b 3.12848 12 0
0 0 54.4281 0 32.6612 a b 3.12779 12 0
0 0 54.4231 0 32.6253 a b 3.11718 12 0
0 0 54.4131 0 32.5871 a b 3.11637 12 0
0 0 54.4148 0 32.5502 a b 3.12859 12 0
0 0 54.4236 0 32.5185 a b 3.13237 12 0
0 0 54.4239 0 32.49 a b 3.1287 12 0
0 0 54.4251 0 32.4601 a b 3.12387 12 0
0 0 54.4228 0 32.4329 a b 3.12616 12 0
0 0 54.4312 0 32.4105 a b 3.13097 12 0
0 0 54.4375 0 32.3852 a b 3.13224 12 0
0 0 54.4441 0 32.3651 a b 3.12806 12 0
0 0 54.4457 0 32.3438 a b 3.12949 12 0
0 0 54.4493 0 32.3202 a b 3.13186 12 0
0 0 54.4498 0 32.2912 a b 3.12808 12 0
0 0 54.4456 0 32.2601 a b 3.12315 12 0
0 0 54.4379 0 32.2327 a b 3.12183 12 0
0 0 54.4301 0 32.1983 a b 3.12295 12 0
0 0 54.427 0 32.1556 a b 3.12595 12 0
0 0 54.4292 0 32.1216 a b 3.12246 12 0
0 0 54.4326 0 32.0975 a b 3.12494 12 0
0 0 54.4339 0 32.0557 a b 3.13676 12 0
0 0 54.4382 0 32.0108 a b -3.14134 12 0
0 0 54.4417 0 31.9665 a b 3.13834 12 0
0 0 54.4531 0 31.9343 a b 3.12346 12 0
0 0 54.4511 0 31.9019 a b 3.13795 12 0
0 0 54.453 0 31.8648 a b -3.14116 12 0
0 0 54.4505 0 31.8288 a b 3.13677 12 0
0 0 54.452 0 31.8126 a b 3.12801 12 0
0 0 54.4512 0 31.7996 a b 3.13036 12 0
0 0 54.4508 0 31.7647 a b 3.1374 12 0
0 0 54.4527 0 31.732 a b 3.13962 12 0
0 0 54.4557 0 31.6997 a b 3.13869 12 0
0 0 54.4597 0 31.6694 a b 3.13827 12 0
0 0 54.457 0 31.6367 a b 3.13984 12 0
0 0 54.4541 0 31.602 a b 3.13668 12 0
0 0 54.4559 0 31.5764 a b 3.13432 12 0
0 0 54.4576 0 31.5527 a b 3.13918 12 0
0 0 54.4587 0 31.5231 a b -3.13646 12 0
0 0 54.4595 0 31.4878 a b -3.13142 12 0
0 0 54.4529 0 31.4515 a b -3.13419 12 0
0 0 54.4555 0 31.4232 a b 3.13876 12 0
0 0 54.4608 0 31.4104 a b 3.13408 12 0
0 0 54.4623 0 31.3879 a b 3.14049 12 0
0 0 54.4571 0 31.3557 a b 3.14084 12 0
0 0 54.4584 0 31.3329 a b 3.13563 12 0
0 0 54.4529 0 31.3098 a b 3.13252 12 0
0 0 54.4534 0 31.2799 a b 3.13361 12 0
0 0 54.4574 0 31.2476 a b 3.13546 12 0
0 0 54.4562 0 31.2171 a b 3.1307 12 0
0 0 54.4579 0 31.1914 a b 3.12294 12 0
0 0 54.4573 0 31.1623 a b 3.11513 12 0
0 0 54.4555 0 31.1329 a b 3.10946 12 0
0 0 54.4531 0 31.1003 a b 3.10265 12 0
0 0 54.4576 0 31.067 a b 3.09733 12 0
0 0 54.4572 0 31.0369 a b 3.09858 12 0
0 0 54.4627 0 31.0041 a b 3.1016 12 0
0 0 54.4639 0 30.9767 a b 3.10487 12 0
0 0 54.4653 0 30.9505 a b 3.1076 12 0
0 0 54.4643 0 30.926 a b 3.11196 12 0
0 0 54.4624 0 30.9055 a b 3.10978 12 0
0 0 54.466 0 30.8795 a b 3.1106 12 0
0 0 54.4686 0 30.8584 a b 3.12006 12 0
0 0 54.4606 0 30.8371 a b 3.12154 12 0
0 0 54.4679 0 30.8024 a b 3.12287 12 0
0 0 54.4711 0 30.7721 a b 3.13475 12 0
0 0 54.471 0 30.7359 a b -3.13969 12 0
0 0 54.4726 0 30.7047 a b -3.13529 12 0
0 0 54.4756 0 30.6677 a b -3.12803 12 0
0 0 54.4829 0 30.6373 a b -3.11083 12 0
0 0 54.4811 0 30.6056 a b -3.1014 12 0
0 0 54.4826 0 30.5735 a b -3.08899 12 0
0 0 54.4788 0 30.5462 a b -3.07701 12 0
0 0 54.475 0 30.5183 a b -3.06914 12 0
0 0 54.476 0 30.4932 a b -3.05939 12 0
0 0 54.4744 0 30.4734 a b -3.05109 12 0
0 0 54.4745 0 30.4503 a b -3.04398 12 0
0 0 54.4733 0 30.4298 a b -3.02988 12 0
0 0 54.4718 0 30.4137 a b -3.01754 12 0
0 0 54.4694 0 30.3993 a b -3.01442 12 0
0 0 54.4689 0 30.3768 a b -3.01727 12 0
0 0 54.4686 0 30.3484 a b -3.01429 12 0
0 0 54.4664 0 30.3167 a b -3.00755 12 0
0 0 54.4653 0 30.2848 a b -3.00298 12 0
0 0 54.4575 0 30.2541 a b -3.00236 12 0
0 0 54.4494 0 30.2159 a b -2.99522 12 0
0 0 54.4502 0 30.1835 a b -2.98048 12 0
0 0 54.4498 0 30.1521 a b -2.97873 12 0
0 0 54.4497 0 30.1203 a b -2.97709 12 0
0 0 54.4443 0 30.0914 a b -2.97106 12 0
0 0 54.4394 0 30.0668 a b -2.96721 12 0
0 0 54.4373 0 30.0371 a b -2.96722 12 0
0 0 54.4365 0 30.0161 a b -2.96372 12 0
0 0 54.4339 0 29.9954 a b -2.96634 12 0
0 0 54.4283 0 29.9661 a b -2.96864 12 0
0 0 54.4216 0 29.9418 a b -2.96451 12 0
0 0 54.4199 0 29.9189 a b -2.96098 12 0
0 0 54.4165 0 29.8987 a b -2.96338 12 0
0 0 54.4145 0 29.8654 a b -2.96816 12 0
0 0 54.4144 0 29.8347 a b -2.96614 12 0
0 0 54.4099 0 29.8114 a b -2.96559 12 0
0 0 54.4002 0 29.7795 a b -2.97445 12 0
0 0 54.391 0 29.7355 a b -2.97477 12 0
0 0 54.3915 0 29.7024 a b -2.96505 12 0
0 0 54.3935 0 29.6733 a b -2.97359 12 0
0 0 54.3838 0 29.6345 a b -2.98136 12 0
0 0 54.3859 0 29.5997 a b -2.97774 12 0
0 0 54.3874 0 29.5707 a b -2.97785 12 0
0 0 54.3843 0 29.5479 a b -2.9864 12 0
0 0 54.3728 0 29.5161 a b -2.98964 12 0
0 0 54.3717 0 29.4852 a b -2.98136 12 0
0 0 54.3813 0 29.4597 a b -2.97628 12 0
0 0 54.3873 0 29.4267 a b -2.98749 12 0
0 0 54.3742 0 29.4019 a b -2.99684 12 0
0 0 54.3659 0 29.368 a b -2.99616 12 0
0 0 54.3733 0 29.3445 a b -2.99113 12 0
0 0 54.3736 0 29.326 a b -2.99225 12 0
0 0 54.3761 0 29.3125 a b -2.99632 12 0
0 0 54.3711 0 29.2946 a b -3.00575 12 0
0 0 54.3546 0 29.2629 a b -3.00547 12 0
0 0 54.3601 0 29.2378 a b -2.99479 12 0
0 0 54.3668 0 29.216 a b -2.99432 12 0
0 0 54.3662 0 29.1905 a b -3.00786 12 0
0 0 54.3586 0 29.1632 a b -3.01532 12 0
0 0 54.3718 0 29.1365 a b -3.01539 12 0
0 0 54.3746 0 29.1077 a b -3.02143 12 0
0 0 54.3584 0 29.0703 a b -3.03207 12 0
0 0 54.3512 0 29.0278 a b -3.03905 12 0
0 0 54.3503 0 28.9889 a b -3.03373 12 0
0 0 54.3495 0 28.9609 a b -3.04422 12 0
0 0 54.3519 0 28.922 a b -3.05776 12 0
0 0 54.3497 0 28.8882 a b -3.05964 12 0
0 0 54.3545 0 28.8659 a b -3.05647 12 0
0 0 54.3587 0 28.8394 a b -3.06415 12 0
0 0 54.3438 0 28.826 a b -3.07235 12 0
0 0 54.3334 0 28.803 a b -3.08053 12 0
0 0 54.3293 0 28.7817 a b -3.06677 12 0
0 0 54.3332 0 28.7619 a b -3.04908 12 0
0 0 54.3452 0 28.7413 a b -3.05159 12 0
0 0 54.3324 0 28.722 a b -3.06817 12 0
0 0 54.3328 0 28.7059 a b -3.07731 12 0
0 0 54.3318 0 28.6863 a b -3.06938 12 0
0 0 54.3381 0 28.6593 a b -3.05505 12 0
0 0 54.3396 0 28.6189 a b -3.05265 12 0
0 0 54.343 0 28.5845 a b -3.06525 12 0
0 0 54.3371 0 28.5536 a b -3.07841 12 0
0 0 54.3416 0 28.5142 a b -3.07474 12 0
0 0 54.3445 0 28.4622 a b -3.07231 12 0
0 0 54.3418 0 28.4227 a b -3.07391 12 0
0 0 54.3401 0 28.3861 a b -3.07537 12 0
0 0 54.3341 0 28.3439 a b -3.0774 12 0
0 0 54.3303 0 28.3075 a b -3.07892 12 0
0 0 54.3245 0 28.268 a b -3.0786 12 0
0 0 54.3202 0 28.2274 a b -3.07612 12 0
0 0 54.3195 0 28.1921 a b -3.07979 12 0
0 0 54.3187 0 28.1617 a b -3.08503 12 0
0 0 54.3155 0 28.1408 a b -3.08499 12 0
0 0 54.3089 0 28.1114 a b -3.08272 12 0
0 0 54.3077 0 28.0873 a b -3.08288 12 0
0 0 54.3091 0 28.0663 a b -3.08389 12 0
0 0 54.3117 0 28.0514 a b -3.08586 12 0
0 0 54.3093 0 28.0358 a b -3.08634 12 0
0 0 54.3064 0 28.0175 a b -3.0896 12 0
0 0 54.304 0 27.9996 a b -3.09416 12 0
0 0 54.3066 0 27.9849 a b -3.09768 12 0
0 0 54.3027 0 27.9636 a b -3.10047 12 0
0 0 54.3008 0 27.9381 a b -3.10418 12 0
0 0 54.2971 0 27.9197 a b -3.11007 12 0
0 0 54.2974 0 27.8938 a b -3.11547 12 0
0 0 54.3008 0 27.8634 a b -3.11559 12 0
0 0 54.3025 0 27.8281 a b -3.11509 12 0
0 0 54.3017 0 27.7896 a b -3.11596 12 0
0 0 54.3034 0 27.7497 a b -3.11647 12 0
0 0 54.3042 0 27.709 a b -3.11527 12 0
0 0 54.3101 0 27.6674 a b -3.11402 12 0
0 0 54.3085 0 27.6215 a b -3.11241 12 0
0 0 54.3022 0 27.5806 a b -3.11523 12 0
0 0 54.306 0 27.5381 a b -3.1175 12 0
0 0 54.306 0 27.4915 a b -3.11823 12 0
0 0 54.3056 0 27.4523 a b -3.1172 12 0
0 0 54.3076 0 27.4247 a b -3.11398 12 0
0 0 54.3098 0 27.4009 a b -3.11277 12 0
0 0 54.3078 0 27.3835 a b -3.11174 12 0
0 0 54.3066 0 27.3706 a b -3.11096 12 0
0 0 54.3037 0 27.3603 a b -3.11144 12 0
0 0 54.3127 0 27.366 a b -3.12398 12 0
0 0 54.3075 0 27.3622 a b 3.1412 12 0
0 0 54.2943 0 27.361 a b -3.13277 12 0
0 0 54.2804 0 27.3578 a b -3.0896 12 0
