0 0 61.1742 0 61.8779 a b -1.69677 13 0
0 0 61.1697 0 61.8868 a b -1.69746 13 0
0 0 61.1598 0 61.8863 a b -1.6944 13 0
0 0 61.1468 0 61.8861 a b -1.69136 13 0
0 0 61.128 0 61.8841 a b -1.68347 13 0
0 0 61.0973 0 61.8831 a b -1.67557 13 0
0 0 61.0599 0 61.879 a b -1.66523 13 0
0 0 61.0116 0 61.8733 a b -1.64626 13 0
0 0 60.9711 0 61.8632 a b -1.63834 13 0
0 0 60.9198 0 61.8666 a b -1.6284 13 0
0 0 60.8852 0 61.8671 a b -1.60799 13 0
0 0 60.8587 0 61.8651 a b -1.59972 13 0
0 0 60.8238 0 61.8653 a b -1.59126 13 0
0 0 60.7927 0 61.8684 a b -1.57677 13 0
0 0 60.7665 0 61.8697 a b -1.56695 13 0
0 0 60.7393 0 61.8665 a b -1.55663 13 0
0 0 60.7139 0 61.8639 a b -1.54691 13 0
0 0 60.6857 0 61.8667 a b -1.53949 13 0
0 0 60.6603 0 61.8684 a b -1.53064 13 0
0 0 60.6395 0 61.8671 a b -1.52188 13 0
0 0 60.6178 0 61.8651 a b -1.51473 13 0
0 0 60.5979 0 61.8646 a b -1.51501 13 0
0 0 60.572 0 61.8675 a b -1.51343 13 0
0 0 60.545 0 61.8771 a b -1.51059 13 0
0 0 60.5158 0 61.8765 a b -1.50818 13 0
0 0 60.4816 0 61.8759 a b -1.50628 13 0
0 0 60.4544 0 61.8807 a b -1.50297 13 0
0 0 60.423 0 61.8836 a b -1.49993 13 0
0 0 60.3945 0 61.8813 a b -1.49694 13 0
0 0 60.3687 0 61.8842 a b -1.4992 13 0
0 0 60.3436 0 61.8832 a b -1.49777 13 0
0 0 60.3143 0 61.8822 a b -1.49532 13 0
0 0 60.283 0 61.8804 a b -1.49317 13 0
0 0 60.2543 0 61.8831 a b -1.49162 13 0
0 0 60.2266 0 61.8838 a b -1.49251 13 0
0 0 60.1999 0 61.8837 a b -1.49047 13 0
0 0 60.1666 0 61.884 a b -1.48776 13 0
0 0 60.1345 0 61.896 a b -1.48783 13 0
0 0 60.1007 0 61.8976 a b -1.48884 13 0
0 0 60.0642 0 61.8971 a b -1.48821 13 0
0 0 60.0296 0 61.9003 a b -1.48619 13 0
0 0 59.994 0 61.9085 a b -1.48686 13 0
0 0 59.9622 0 61.9157 a b -1.49108 13 0
0 0 59.9311 0 61.9145 a b -1.48982 13 0
0 0 59.9028 0 61.9188 a b -1.48173 13 0
0 0 59.8725 0 61.9217 a b -1.48229 13 0
0 0 59.8481 0 61.9183 a b -1.48667 13 0
0 0 59.8286 0 61.9166 a b -1.49149 13 0
0 0 59.8034 0 61.9145 a b -1.49677 13 0
0 0 59.7846 0 61.9115 a b -1.49731 13 0
0 0 59.759 0 61.9132 a b -1.4961 13 0
0 0 59.7382 0 61.9164 a b -1.49593 13 0
0 0 59.7157 0 61.92 a b -1.49879 13 0
0 0 59.6869 0 61.923 a b -1.4992 13 0
0 0 59.6566 0 61.9257 a b -1.49977 13 0
0 0 59.6246 0 61.9264 a b -1.50073 13 0
0 0 59.5862 0 61.9328 a b -1.50148 13 0
0 0 59.5519 0 61.9347 a b -1.50388 13 0
0 0 59.513 0 61.9364 a b -1.50448 13 0
0 0 59.4734 0 61.943 a b -1.50694 13 0
0 0 59.4354 0 61.9468 a b -1.50717 13 0
0 0 59.4025 0 61.9491 a b -1.50898 13 0
0 0 59.3711 0 61.9571 a b -1.5105 13 0
0 0 59.3433 0 61.9593 a b -1.51337 13 0
0 0 59.3222 0 61.9604 a b -1.51506 13 0
0 0 59.294 0 61.9567 a b -1.51574 13 0
0 0 59.2738 0 61.9592 a b -1.51766 13 0
0 0 59.2561 0 61.9563 a b -1.51931 13 0
0 0 59.2352 0 61.9537 a b -1.52161 13 0
0 0 59.2104 0 61.9538 a b -1.52206 13 0
0 0 59.1807 0 61.9557 a b -1.52251 13 0
0 0 59.151 0 61.9586 a b -1.52392 13 0
0 0 59.1203 0 61.9582 a b -1.52608 13 0
0 0 59.0889 0 61.96 a b -1.5268 13 0
0 0 59.0505 0 61.9629 a b -1.52803 13 0
0 0 59.0117 0 61.9621 a b -1.53068 13 0
0 0 58.9874 0 61.958 a b -1.5303 13 0
0 0 58.9611 0 61.9527 a b -1.52342 13 0
0 0 58.9295 0 61.9552 a b -1.5247 13 0
0 0 58.9007 0 61.9612 a b -1.53057 13 0
0 0 58.8849 0 61.9578 a b -1.53728 13 0
0 0 58.8717 0 61.9516 a b -1.53661 13 0
0 0 58.8468 0 61.9544 a b -1.53209 13 0
0 0 58.8171 0 61.9611 a b -1.53254 13 0
0 0 58.7866 0 61.9618 a b -1.53605 13 0
0 0 58.7582 0 61.9594 a b -1.53706 13 0
0 0 58.7299 0 61.9631 a b -1.5382 13 0
0 0 58.6979 0 61.964 a b -1.53793 13 0
0 0 58.659 0 61.9613 a b -1.54043 13 0
0 0 58.6228 0 61.9625 a b -1.54184 13 0
0 0 58.5813 0 61.9671 a b -1.54291 13 0
0 0 58.5378 0 61.9703 a b -1.54086 13 0
0 0 58.4896 0 61.9783 a b -1.54512 13 0
0 0 58.4579 0 61.9815 a b -1.54036 13 0
0 0 58.4385 0 61.9739 a b -1.53434 13 0
0 0 58.4175 0 61.9737 a b -1.5369 13 0
0 0 58.3949 0 61.9749 a b -1.54715 13 0
0 0 58.3776 0 61.9698 a b -1.55389 13 0
0 0 58.3579 0 61.966 a b -1.55092 13 0
0 0 58.3395 0 61.9665 a b -1.54727 13 0
0 0 58.3156 0 61.9682 a b -1.54862 13 0
0 0 58.2871 0 61.9717 a b -1.55191 13 0
0 0 58.2534 0 61.9705 a b -1.55274 13 0
0 0 58.221 0 61.9721 a b -1.55313 13 0
0 0 58.1882 0 61.967 a b -1.5538 13 0
0 0 58.1538 0 61.9702 a b -1.55715 13 0
0 0 58.1185 0 61.9685 a b -1.55792 13 0
0 0 58.0813 0 61.968 a b -1.55886 13 0
0 0 58.0466 0 61.973 a b -1.56172 13 0
0 0 58.0079 0 61.9783 a b -1.56638 13 0
0 0 57.9702 0 61.9765 a b -1.56657 13 0
0 0 57.9438 0 61.9771 a b -1.56354 13 0
0 0 57.9217 0 61.9834 a b -1.5645 13 0
0 0 57.9035 0 61.984 a b -1.56572 13 0
0 0 57.882 0 61.9818 a b -1.57005 13 0
0 0 57.862 0 61.9774 a b -1.57488 13 0
0 0 57.833 0 61.9792 a b -1.57494 13 0
0 0 57.8077 0 61.9821 a b -1.57304 13 0
0 0 57.7847 0 61.9815 a b -1.57297 13 0
0 0 57.7613 0 61.9775 a b -1.57453 13 0
0 0 57.7309 0 61.9784 a b -1.57713 13 0
0 0 57.6948 0 61.9796 a b -1.57885 13 0
0 0 57.6658 0 61.9792 a b -1.58046 13 0
0 0 57.6312 0 61.9778 a b -1.58136 13 0
0 0 57.5935 0 61.9728 a b -1.58159 13 0
0 0 57.557 0 61.9707 a b -1.58158 13 0
0 0 57.5211 0 61.9726 a b -1.58098 13 0
0 0 57.4879 0 61.9709 a b -1.58351 13 0
0 0 57.4495 0 61.9688 a b -1.58771 13 0
0 0 57.4173 0 61.9688 a b -1.58705 13 0
0 0 57.3934 0 61.9674 a b -1.58385 13 0
0 0 57.3747 0 61.9672 a b -1.58201 13 0
0 0 57.3515 0 61.9685 a b -1.58412 13 0
0 0 57.3315 0 61.967 a b -1.58772 13 0
0 0 57.3104 0 61.9643 a b -1.59048 13 0
0 0 57.288 0 61.9631 a b -1.59283 13 0
0 0 57.2614 0 61.9631 a b -1.59515 13 0
0 0 57.2368 0 61.9589 a b -1.59667 13 0
0 0 57.2073 0 61.9553 a b -1.5969 13 0
0 0 57.1843 0 61.9554 a b -1.59814 13 0
0 0 57.1546 0 61.9562 a b -1.60049 13 0
0 0 57.1203 0 61.9539 a b -1.59952 13 0
0 0 57.0832 0 61.95 a b -1.60147 13 0
0 0 57.0455 0 61.9439 a b -1.60154 13 0
0 0 57.0127 0 61.9452 a b -1.60399 13 0
0 0 56.9761 0 61.9452 a b -1.60807 13 0
0 0 56.9315 0 61.9508 a b -1.60753 13 0
0 0 56.9002 0 61.9483 a b -1.60073 13 0
0 0 56.8813 0 61.9442 a b -1.60051 13 0
0 0 56.86 0 61.9429 a b -1.60584 13 0
0 0 56.8326 0 61.9372 a b -1.61082 13 0
0 0 56.807 0 61.9391 a b -1.61219 13 0
0 0 56.7841 0 61.9399 a b -1.61028 13 0
0 0 56.7628 0 61.9391 a b -1.60929 13 0
0 0 56.7363 0 61.9396 a b -1.61079 13 0
0 0 56.7097 0 61.9372 a b -1.61254 13 0
0 0 56.6782 0 61.9372 a b -1.61333 13 0
0 0 56.6497 0 61.9338 a b -1.61583 13 0
0 0 56.6167 0 61.9311 a b -1.61777 13 0
0 0 56.5859 0 61.9274 a b -1.61567 13 0
0 0 56.5549 0 61.9271 a b -1.61255 13 0
0 0 56.5231 0 61.925 a b -1.61256 13 0
0 0 56.4901 0 61.926 a b -1.61656 13 0
0 0 56.4589 0 61.924 a b -1.61911 13 0
0 0 56.4316 0 61.9217 a b -1.61863 13 0
0 0 56.4 0 61.9203 a b -1.61756 13 0
0 0 56.3744 0 61.9204 a b -1.61746 13 0
0 0 56.3481 0 61.9175 a b -1.61938 13 0
0 0 56.323 0 61.9144 a b -1.6201 13 0
0 0 56.2993 0 61.9115 a b -1.61957 13 0
0 0 56.272 0 61.9111 a b -1.61704 13 0
0 0 56.2456 0 61.9107 a b -1.61375 13 0
0 0 56.2185 0 61.9085 a b -1.61173 13 0
0 0 56.1881 0 61.9076 a b -1.60898 13 0
0 0 56.1602 0 61.9059 a b -1.60493 13 0
0 0 56.1319 0 61.9041 a b -1.59959 13 0
0 0 56.0987 0 61.9027 a b -1.59631 13 0
0 0 56.0679 0 61.9019 a b -1.5918 13 0
0 0 56.0349 0 61.9021 a b -1.5868 13 0
0 0 55.9953 0 61.903 a b -1.58286 13 0
0 0 55.9632 0 61.9019 a b -1.58153 13 0
0 0 55.9377 0 61.9036 a b -1.57786 13 0
0 0 55.9156 0 61.9026 a b -1.5742 13 0
0 0 55.8928 0 61.8991 a b -1.57388 13 0
0 0 55.8669 0 61.8953 a b -1.57584 13 0
0 0 55.8416 0 61.8941 a b -1.57637 13 0
0 0 55.8172 0 61.8968 a b -1.57322 13 0
0 0 55.7877 0 61.8938 a b -1.57189 13 0
0 0 55.758 0 61.8908 a b -1.57179 13 0
0 0 55.7329 0 61.891 a b -1.57161 13 0
0 0 55.7069 0 61.8897 a b -1.56887 13 0
0 0 55.6778 0 61.8897 a b -1.56475 13 0
0 0 55.6469 0 61.8892 a b -1.56224 13 0
0 0 55.615 0 61.8891 a b -1.56158 13 0
0 0 55.5873 0 61.8874 a b -1.56049 13 0
0 0 55.5555 0 61.8892 a b -1.55951 13 0
0 0 55.5202 0 61.887 a b -1.55808 13 0
0 0 55.4812 0 61.8912 a b -1.56249 13 0
0 0 55.4498 0 61.898 a b -1.56371 13 0
0 0 55.4229 0 61.903 a b -1.55971 13 0
0 0 55.3979 0 61.9023 a b -1.55622 13 0
0 0 55.3702 0 61.8969 a b -1.55703 13 0
0 0 55.3489 0 61.8944 a b -1.55835 13 0
0 0 55.3291 0 61.8903 a b -1.55973 13 0
0 0 55.3074 0 61.8892 a b -1.55871 13 0
0 0 55.2812 0 61.8901 a b -1.55685 13 0
0 0 55.2503 0 61.8912 a b -1.5575 13 0
0 0 55.219 0 61.8932 a b -1.55805 13 0
0 0 55.1911 0 61.8918 a b -1.55755 13 0
0 0 55.1601 0 61.8858 a b -1.5557 13 0
0 0 55.126 0 61.885 a b -1.55604 13 0
0 0 55.0928 0 61.8851 a b -1.556 13 0
0 0 55.0597 0 61.8841 a b -1.55592 13 0
0 0 55.0221 0 61.8799 a b -1.55692 13 0
0 0 54.9861 0 61.8761 a b -1.56076 13 0
0 0 54.9478 0 61.883 a b -1.56351 13 0
0 0 54.9206 0 61.8892 a b -1.56347 13 0
0 0 54.8925 0 61.8893 a b -1.56391 13 0
0 0 54.8668 0 61.8873 a b -1.56545 13 0
0 0 54.8446 0 61.8864 a b -1.56364 13 0
0 0 54.8217 0 61.8839 a b -1.56236 13 0
0 0 54.7992 0 61.8824 a b -1.56256 13 0
0 0 54.7753 0 61.8809 a b -1.56263 13 0
0 0 54.7518 0 61.8826 a b -1.56128 13 0
0 0 54.7213 0 61.8778 a b -1.56137 13 0
0 0 54.6918 0 61.8745 a b -1.56237 13 0
0 0 54.659 0 61.8725 a b -1.56256 13 0
0 0 54.6223 0 61.8728 a b -1.56339 13 0
0 0 54.5847 0 61.871 a b -1.56545 13 0
0 0 54.5452 0 61.8734 a b -1.5654 13 0
0 0 54.5064 0 61.8725 a b -1.56535 13 0
0 0 54.4622 0 61.8726 a b -1.56668 13 0
0 0 54.4215 0 61.8743 a b -1.56764 13 0
0 0 54.3939 0 61.8769 a b -1.56206 13 0
0 0 54.3656 0 61.8775 a b -1.55764 13 0
0 0 54.3458 0 61.8717 a b -1.55764 13 0
0 0 54.3246 0 61.8707 a b -1.56165 13 0
0 0 54.3038 0 61.8697 a b -1.56559 13 0
0 0 54.2821 0 61.8699 a b -1.56707 13 0
0 0 54.2612 0 61.8676 a b -1.56449 13 0
0 0 54.2407 0 61.8677 a b -1.5606 13 0
0 0 54.2169 0 61.8677 a b -1.55889 13 0
0 0 54.1911 0 61.8638 a b -1.55842 13 0
0 0 54.1586 0 61.861 a b -1.55746 13 0
0 0 54.1265 0 61.8581 a b -1.55685 13 0
0 0 54.093 0 61.8572 a b -1.5574 13 0
0 0 54.0572 0 61.8618 a b -1.55811 13 0
0 0 54.0208 0 61.8642 a b -1.55761 13 0
0 0 53.9805 0 61.8663 a b -1.5554 13 0
0 0 53.9441 0 61.8677 a b -1.55549 13 0
0 0 53.9019 0 61.8707 a b -1.55615 13 0
0 0 53.8669 0 61.8709 a b -1.55253 13 0
0 0 53.8474 0 61.8735 a b -1.5553 13 0
