0 0 61.0841 0 61.8245 a b 3.05688 13 0
0 0 61.0876 0 61.8151 a b 3.05239 13 0
0 0 61.0863 0 61.7961 a b 3.04983 13 0
0 0 61.0811 0 61.7713 a b 3.05423 13 0
0 0 61.0834 0 61.7422 a b 3.05948 13 0
0 0 61.0871 0 61.7086 a b 3.06178 13 0
0 0 61.0918 0 61.6819 a b 3.06232 13 0
0 0 61.0952 0 61.6557 a b 3.0638 13 0
0 0 61.0975 0 61.6317 a b 3.06472 13 0
0 0 61.0958 0 61.6091 a b 3.06785 13 0
0 0 61.104 0 61.5799 a b 3.07414 13 0
0 0 61.1081 0 61.5567 a b 3.07358 13 0
0 0 61.1053 0 61.5347 a b 3.07287 13 0
0 0 61.1044 0 61.5067 a b 3.07421 13 0
0 0 61.1095 0 61.4742 a b 3.07756 13 0
0 0 61.1124 0 61.4429 a b 3.07777 13 0
0 0 61.1126 0 61.4142 a b 3.07897 13 0
0 0 61.1177 0 61.3815 a b 3.08237 13 0
0 0 61.1253 0 61.3402 a b 3.08272 13 0
0 0 61.1214 0 61.3089 a b 3.08289 13 0
0 0 61.1254 0 61.2745 a b 3.08518 13 0
0 0 61.1333 0 61.239 a b 3.08794 13 0
0 0 61.1335 0 61.2111 a b 3.0901 13 0
0 0 61.1281 0 61.1945 a b 3.09107 13 0
0 0 61.1325 0 61.1743 a b 3.0947 13 0
0 0 61.1347 0 61.1537 a b 3.09779 13 0
0 0 61.1377 0 61.1274 a b 3.10011 13 0
0 0 61.1374 0 61.1158 a b 3.10211 13 0
0 0 61.1364 0 61.0982 a b 3.10504 13 0
0 0 61.1389 0 61.0813 a b 3.10951 13 0
0 0 61.139 0 61.0634 a b 3.11212 13 0
0 0 61.145 0 61.0358 a b 3.11487 13 0
0 0 61.138 0 61.0241 a b 3.11708 13 0
0 0 61.143 0 60.99 a b 3.12178 13 0
0 0 61.1414 0 60.9672 a b 3.1214 13 0
0 0 61.1402 0 60.9398 a b 3.12851 13 0
0 0 61.1477 0 60.9041 a b 3.13105 13 0
0 0 61.1479 0 60.8743 a b 3.13472 13 0
0 0 61.1469 0 60.8415 a b 3.1407 13 0
0 0 61.1477 0 60.8065 a b 3.14013 13 0
0 0 61.1451 0 60.7789 a b -3.1393 13 0
0 0 61.1481 0 60.7404 a b -3.13366 13 0
0 0 61.1491 0 60.7072 a b -3.13137 13 0
0 0 61.1539 0 60.6735 a b -3.12945 13 0
0 0 61.1494 0 60.6432 a b -3.12675 13 0
0 0 61.1546 0 60.6111 a b -3.12442 13 0
0 0 61.1527 0 60.5822 a b -3.12235 13 0
0 0 61.1507 0 60.5495 a b -3.1158 13 0
0 0 61.1509 0 60.5106 a b -3.11225 13 0
0 0 61.1464 0 60.4771 a b -3.10892 13 0
0 0 61.1444 0 60.4412 a b -3.10649 13 0
0 0 61.1459 0 60.408 a b -3.10414 13 0
0 0 61.147 0 60.3825 a b -3.09964 13 0
0 0 61.1456 0 60.354 a b -3.09355 13 0
0 0 61.1436 0 60.3346 a b -3.09272 13 0
0 0 61.1424 0 60.3013 a b -3.0895 13 0
0 0 61.1377 0 60.2711 a b -3.08492 13 0
0 0 61.1391 0 60.2444 a b -3.08072 13 0
0 0 61.1404 0 60.212 a b -3.07415 13 0
0 0 61.1361 0 60.1787 a b -3.06755 13 0
0 0 61.129 0 60.1453 a b -3.06598 13 0
0 0 61.1249 0 60.1087 a b -3.06961 13 0
0 0 61.1261 0 60.0718 a b -3.06827 13 0
0 0 61.1214 0 60.0407 a b -3.06118 13 0
0 0 61.1156 0 60.0134 a b -3.05944 13 0
0 0 61.1132 0 59.9751 a b -3.05847 13 0
0 0 61.12 0 59.9443 a b -3.05226 13 0
0 0 61.1163 0 59.9152 a b -3.04058 13 0
0 0 61.1138 0 59.8817 a b -3.0354 13 0
0 0 61.116 0 59.8431 a b -3.03642 13 0
0 0 61.1153 0 59.8202 a b -3.03605 13 0
0 0 61.1152 0 59.796 a b -3.03287 13 0
0 0 61.1082 0 59.7747 a b -3.02636 13 0
0 0 61.1036 0 59.7468 a b -3.02486 13 0
0 0 61.0983 0 59.7102 a b -3.02744 13 0
0 0 61.0967 0 59.6854 a b -3.02355 13 0
0 0 61.0985 0 59.6699 a b -3.0186 13 0
0 0 61.0974 0 59.6556 a b -3.01838 13 0
0 0 61.0983 0 59.6327 a b -3.02088 13 0
0 0 61.097 0 59.607 a b -3.02296 13 0
0 0 61.097 0 59.5793 a b -3.01854 13 0
0 0 61.094 0 59.5633 a b -3.01904 13 0
0 0 61.0897 0 59.5374 a b -3.02344 13 0
0 0 61.0896 0 59.5044 a b -3.02303 13 0
0 0 61.0853 0 59.4769 a b -3.01718 13 0
0 0 61.076 0 59.448 a b -3.01831 13 0
0 0 61.0709 0 59.4087 a b -3.02396 13 0
0 0 61.0666 0 59.368 a b -3.02203 13 0
0 0 61.059 0 59.341 a b -3.0167 13 0
0 0 61.0538 0 59.3108 a b -3.02046 13 0
0 0 61.0586 0 59.2753 a b -3.02573 13 0
0 0 61.0606 0 59.2419 a b -3.02203 13 0
0 0 61.0594 0 59.2182 a b -3.01991 13 0
0 0 61.0566 0 59.1973 a b -3.0252 13 0
0 0 61.0541 0 59.1675 a b -3.02872 13 0
0 0 61.0521 0 59.145 a b -3.03318 13 0
0 0 61.0496 0 59.1152 a b -3.03 13 0
0 0 61.048 0 59.0891 a b -3.02967 13 0
0 0 61.0483 0 59.066 a b -3.03207 13 0
0 0 61.0479 0 59.039 a b -3.03635 13 0
0 0 61.048 0 59.0113 a b -3.03836 13 0
0 0 61.0454 0 58.9876 a b -3.03377 13 0
0 0 61.0412 0 58.9588 a b -3.04111 13 0
0 0 61.0411 0 58.929 a b -3.04727 13 0
0 0 61.0456 0 58.8957 a b -3.04424 13 0
0 0 61.0397 0 58.8679 a b -3.038 13 0
0 0 61.033 0 58.8373 a b -3.0411 13 0
0 0 61.0299 0 58.8111 a b -3.04988 13 0
0 0 61.0326 0 58.7777 a b -3.05309 13 0
0 0 61.033 0 58.7503 a b -3.04682 13 0
0 0 61.0319 0 58.7205 a b -3.05288 13 0
0 0 61.0323 0 58.6935 a b -3.06089 13 0
0 0 61.03 0 58.669 a b -3.0685 13 0
0 0 61.0251 0 58.6366 a b -3.07247 13 0
0 0 61.0217 0 58.6024 a b -3.08271 13 0
0 0 61.0235 0 58.5666 a b -3.09839 13 0
0 0 61.0263 0 58.5283 a b -3.11162 13 0
0 0 61.0259 0 58.4918 a b -3.12671 13 0
0 0 61.0262 0 58.4702 a b 3.13766 13 0
0 0 61.0251 0 58.4409 a b 3.12826 13 0
0 0 61.0273 0 58.4055 a b 3.13134 13 0
0 0 61.0313 0 58.3745 a b 3.12598 13 0
0 0 61.0293 0 58.3465 a b 3.11547 13 0
0 0 61.0294 0 58.3171 a b 3.11896 13 0
0 0 61.0304 0 58.2902 a b 3.12224 13 0
0 0 61.0358 0 58.2678 a b 3.11784 13 0
0 0 61.0321 0 58.245 a b 3.10848 13 0
0 0 61.0282 0 58.223 a b 3.10949 13 0
0 0 61.031 0 58.1955 a b 3.1155 13 0
0 0 61.0377 0 58.1724 a b 3.11493 13 0
0 0 61.0455 0 58.1476 a b 3.10708 13 0
0 0 61.0407 0 58.1232 a b 3.10341 13 0
0 0 61.0442 0 58.0899 a b 3.1074 13 0
0 0 61.0482 0 58.0558 a b 3.10611 13 0
0 0 61.0489 0 58.0256 a b 3.10469 13 0
0 0 61.049 0 57.9945 a b 3.10817 13 0
0 0 61.0559 0 57.9524 a b 3.11224 13 0
0 0 61.0639 0 57.9143 a b 3.10969 13 0
0 0 61.0652 0 57.8837 a b 3.10538 13 0
0 0 61.0635 0 57.8547 a b 3.10901 13 0
0 0 61.0636 0 57.82 a b 3.11479 13 0
0 0 61.0692 0 57.7867 a b 3.11697 13 0
0 0 61.0703 0 57.7674 a b 3.11068 13 0
0 0 61.0718 0 57.7469 a b 3.10817 13 0
0 0 61.0727 0 57.7221 a b 3.11704 13 0
0 0 61.0793 0 57.705 a b 3.12346 13 0
0 0 61.0848 0 57.6768 a b 3.1261 13 0
0 0 61.0912 0 57.6438 a b 3.12745 13 0
0 0 61.088 0 57.6181 a b 3.12656 13 0
0 0 61.0854 0 57.5879 a b 3.12536 13 0
0 0 61.0821 0 57.5606 a b 3.12294 13 0
0 0 61.0817 0 57.5363 a b 3.12952 13 0
0 0 61.0885 0 57.4977 a b 3.13738 13 0
0 0 61.0972 0 57.4542 a b 3.1358 13 0
0 0 61.1008 0 57.4196 a b 3.1293 13 0
0 0 61.1021 0 57.3953 a b 3.12854 13 0
0 0 61.1031 0 57.3631 a b 3.13078 13 0
0 0 61.1012 0 57.3311 a b 3.13553 13 0
0 0 61.1004 0 57.3047 a b 3.13529 13 0
0 0 61.0988 0 57.2822 a b 3.13173 13 0
0 0 61.0932 0 57.267 a b 3.13378 13 0
0 0 61.0933 0 57.2423 a b -3.13743 13 0
0 0 61.1019 0 57.2144 a b -3.13682 13 0
0 0 61.11 0 57.1968 a b 3.13692 13 0
0 0 61.1122 0 57.1856 a b 3.14021 13 0
0 0 61.1111 0 57.1605 a b -3.13149 13 0
0 0 61.1049 0 57.1273 a b -3.1281 13 0
0 0 61.1025 0 57.0942 a b -3.13526 13 0
0 0 61.1064 0 57.068 a b -3.13929 13 0
0 0 61.1117 0 57.0406 a b -3.13716 13 0
0 0 61.1156 0 57.0101 a b -3.12917 13 0
0 0 61.1212 0 56.9749 a b -3.12381 13 0
0 0 61.119 0 56.9495 a b -3.12716 13 0
0 0 61.1161 0 56.9214 a b -3.12853 13 0
0 0 61.114 0 56.8916 a b -3.13122 13 0
0 0 61.1126 0 56.8571 a b -3.12773 13 0
0 0 61.1098 0 56.8223 a b -3.122 13 0
0 0 61.109 0 56.7944 a b -3.11391 13 0
0 0 61.1096 0 56.7696 a b -3.1076 13 0
0 0 61.1114 0 56.7446 a b -3.10688 13 0
0 0 61.1157 0 56.708 a b -3.10518 13 0
0 0 61.1158 0 56.6806 a b -3.10329 13 0
0 0 61.1127 0 56.6545 a b -3.10406 13 0
0 0 61.1163 0 56.6279 a b -3.10406 13 0
0 0 61.1167 0 56.5946 a b -3.10264 13 0
0 0 61.1145 0 56.5623 a b -3.10348 13 0
0 0 61.113 0 56.5257 a b -3.10074 13 0
0 0 61.1127 0 56.4897 a b -3.10085 13 0
0 0 61.113 0 56.4567 a b -3.10366 13 0
0 0 61.1165 0 56.4268 a b -3.1014 13 0
0 0 61.116 0 56.4063 a b -3.09658 13 0
0 0 61.1142 0 56.3726 a b -3.09906 13 0
0 0 61.1176 0 56.3383 a b -3.09932 13 0
0 0 61.1163 0 56.3094 a b -3.09697 13 0
0 0 61.1176 0 56.28 a b -3.09562 13 0
0 0 61.1171 0 56.2501 a b -3.10123 13 0
0 0 61.1205 0 56.2173 a b -3.09842 13 0
0 0 61.1163 0 56.1881 a b -3.0946 13 0
0 0 61.1128 0 56.165 a b -3.09808 13 0
0 0 61.1134 0 56.1373 a b -3.10437 13 0
0 0 61.1113 0 56.1085 a b -3.09456 13 0
0 0 61.1061 0 56.0856 a b -3.08619 13 0
0 0 61.1019 0 56.0583 a b -3.08714 13 0
0 0 61.1016 0 56.0305 a b -3.09092 13 0
0 0 61.1018 0 56.0011 a b -3.0893 13 0
0 0 61.1051 0 55.9716 a b -3.08159 13 0
0 0 61.1032 0 55.9477 a b -3.07642 13 0
0 0 61.1053 0 55.9234 a b -3.07573 13 0
0 0 61.1043 0 55.8929 a b -3.07488 13 0
0 0 61.1038 0 55.8607 a b -3.07144 13 0
0 0 61.0986 0 55.8328 a b -3.07481 13 0
0 0 61.1005 0 55.7957 a b -3.07633 13 0
0 0 61.1015 0 55.7631 a b -3.07199 13 0
0 0 61.097 0 55.7397 a b -3.06884 13 0
0 0 61.0955 0 55.7097 a b -3.06911 13 0
0 0 61.0923 0 55.6809 a b -3.07025 13 0
0 0 61.0901 0 55.651 a b -3.06875 13 0
0 0 61.09 0 55.6229 a b -3.06318 13 0
0 0 61.0875 0 55.6009 a b -3.06097 13 0
0 0 61.0836 0 55.5754 a b -3.06373 13 0
0 0 61.0845 0 55.5434 a b -3.06502 13 0
0 0 61.0903 0 55.5143 a b -3.0588 13 0
0 0 61.088 0 55.4943 a b -3.05605 13 0
0 0 61.0775 0 55.4688 a b -3.06386 13 0
0 0 61.0749 0 55.4321 a b -3.06811 13 0
0 0 61.0726 0 55.4002 a b -3.06259 13 0
0 0 61.0697 0 55.3746 a b -3.06099 13 0
0 0 61.0648 0 55.339 a b -3.06271 13 0
0 0 61.061 0 55.2988 a b -3.06516 13 0
0 0 61.0595 0 55.2631 a b -3.06377 13 0
0 0 61.0584 0 55.2315 a b -3.06277 13 0
0 0 61.0544 0 55.1939 a b -3.06627 13 0
0 0 61.0506 0 55.1642 a b -3.06789 13 0
0 0 61.0489 0 55.1356 a b -3.06555 13 0
0 0 61.052 0 55.1035 a b -3.0659 13 0
0 0 61.0514 0 55.0718 a b -3.07434 13 0
0 0 61.0507 0 55.0477 a b -3.08298 13 0
0 0 61.0537 0 55.0216 a b -3.09141 13 0
0 0 61.0532 0 54.9951 a b -3.10016 13 0
0 0 61.0521 0 54.972 a b -3.11106 13 0
0 0 61.0455 0 54.945 a b -3.11513 13 0
0 0 61.0452 0 54.9193 a b -3.11387 13 0
0 0 61.0443 0 54.8933 a b -3.11565 13 0
0 0 61.0421 0 54.864 a b -3.11658 13 0
0 0 61.0424 0 54.835 a b -3.11744 13 0
0 0 61.0451 0 54.8058 a b -3.11967 13 0
0 0 61.0415 0 54.7792 a b -3.12396 13 0
0 0 61.039 0 54.7488 a b -3.12095 13 0
0 0 61.0361 0 54.7164 a b -3.11722 13 0
0 0 61.0394 0 54.6878 a b -3.11586 13 0
0 0 61.0332 0 54.6609 a b -3.113 13 0
0 0 61.0349 0 54.6314 a b -3.10438 13 0
0 0 61.0435 0 54.5993 a b -3.10352 13 0
0 0 61.0414 0 54.5737 a b -3.10317 13 0
0 0 61.0413 0 54.5453 a b -3.0995 13 0
0 0 61.0417 0 54.5145 a b -3.09711 13 0
0 0 61.0422 0 54.486 a b -3.09477 13 0
0 0 61.0413 0 54.4564 a b -3.0894 13 0
0 0 61.0374 0 54.4221 a b -3.08437 13 0
0 0 61.0363 0 54.3914 a b -3.0839 13 0
0 0 61.0346 0 54.3627 a b -3.08085 13 0
0 0 61.0357 0 54.3339 a b -3.07357 13 0
0 0 61.0356 0 54.2998 a b -3.06731 13 0
0 0 61.0348 0 54.2767 a b -3.06565 13 0
0 0 61.0336 0 54.2545 a b -3.05866 13 0
0 0 61.0267 0 54.2285 a b -3.04832 13 0
0 0 61.0238 0 54.198 a b -3.04542 13 0
0 0 61.0181 0 54.1704 a b -3.05118 13 0
0 0 61.0186 0 54.1461 a b -3.05416 13 0
0 0 61.0174 0 54.1116 a b -3.0468 13 0
0 0 61.0139 0 54.0808 a b -3.04527 13 0
0 0 61.0077 0 54.0604 a b -3.04822 13 0
0 0 61.0043 0 54.0405 a b -3.0546 13 0
0 0 61.0074 0 54.011 a b -3.05198 13 0
0 0 61.0054 0 53.9851 a b -3.03759 13 0
0 0 61.0049 0 53.9649 a b -3.03409 13 0
0 0 61.0006 0 53.9382 a b -3.042 13 0
0 0 60.9924 0 53.9116 a b -3.04838 13 0
0 0 60.9933 0 53.8755 a b -3.05126 13 0
0 0 60.9962 0 53.8433 a b -3.04066 13 0
0 0 60.9932 0 53.8093 a b -3.04148 13 0
0 0 60.998 0 53.7755 a b -3.05613 13 0
0 0 60.9979 0 53.7421 a b -3.06096 13 0
0 0 60.9945 0 53.709 a b -3.06492 13 0
0 0 60.9897 0 53.6752 a b -3.06448 13 0
0 0 60.9823 0 53.6464 a b -3.06494 13 0
0 0 60.981 0 53.6136 a b -3.06866 13 0
0 0 60.9811 0 53.5799 a b -3.06988 13 0
0 0 60.981 0 53.5505 a b -3.0685 13 0
0 0 60.9767 0 53.5252 a b -3.07122 13 0
0 0 60.9735 0 53.5021 a b -3.07117 13 0
0 0 60.9715 0 53.4784 a b -3.06613 13 0
0 0 60.9713 0 53.4585 a b -3.06456 13 0
0 0 60.9719 0 53.4399 a b -3.06642 13 0
0 0 60.9715 0 53.4189 a b -3.06701 13 0
0 0 60.9712 0 53.4003 a b -3.06635 13 0
0 0 60.968 0 53.375 a b -3.06865 13 0
0 0 60.9685 0 53.3458 a b -3.06971 13 0
0 0 60.9664 0 53.3146 a b -3.07091 13 0
0 0 60.9682 0 53.2838 a b -3.07793 13 0
0 0 60.9708 0 53.255 a b -3.08446 13 0
0 0 60.9741 0 53.2245 a b -3.09201 13 0
0 0 60.9744 0 53.1907 a b -3.09711 13 0
0 0 60.9676 0 53.156 a b -3.09755 13 0
0 0 60.9633 0 53.1182 a b -3.09875 13 0
0 0 60.9619 0 53.0853 a b -3.09701 13 0
0 0 60.9628 0 53.0486 a b -3.09861 13 0
0 0 60.9636 0 53.0131 a b -3.09915 13 0
0 0 60.9632 0 52.9792 a b -3.10035 13 0
0 0 60.9631 0 52.9482 a b -3.10354 13 0
0 0 60.9657 0 52.9195 a b -3.10551 13 0
0 0 60.9679 0 52.8908 a b -3.1056 13 0
0 0 60.9689 0 52.8611 a b -3.10363 13 0
0 0 60.9654 0 52.8302 a b -3.10279 13 0
0 0 60.9645 0 52.8035 a b -3.10577 13 0
0 0 60.966 0 52.7742 a b -3.10724 13 0
0 0 60.9648 0 52.7432 a b -3.11027 13 0
0 0 60.967 0 52.7177 a b -3.11553 13 0
0 0 60.9695 0 52.6908 a b -3.11544 13 0
0 0 60.9719 0 52.6661 a b -3.1159 13 0
0 0 60.9709 0 52.6402 a b -3.12244 13 0
0 0 60.9716 0 52.6122 a b -3.12777 13 0
0 0 60.9707 0 52.581 a b -3.12552 13 0
0 0 60.9685 0 52.5514 a b -3.12654 13 0
0 0 60.9665 0 52.5202 a b -3.1265 13 0
0 0 60.9679 0 52.4919 a b -3.12856 13 0
0 0 60.9691 0 52.4591 a b -3.13095 13 0
0 0 60.9701 0 52.4279 a b -3.13397 13 0
0 0 60.9692 0 52.3983 a b -3.13716 13 0
0 0 60.9689 0 52.3708 a b 3.1411 13 0
0 0 60.97 0 52.3393 a b 3.13566 13 0
0 0 60.972 0 52.3087 a b 3.13275 13 0
0 0 60.9737 0 52.2827 a b 3.13489 13 0
0 0 60.974 0 52.2527 a b 3.13574 13 0
0 0 60.9761 0 52.2264 a b 3.13322 13 0
0 0 60.9797 0 52.2013 a b 3.13029 13 0
0 0 60.9814 0 52.1758 a b 3.12798 13 0
0 0 60.9836 0 52.1524 a b 3.13217 13 0
0 0 60.9807 0 52.1289 a b 3.13643 13 0
0 0 60.9845 0 52.1 a b 3.13642 13 0
0 0 60.9833 0 52.0722 a b 3.13984 13 0
0 0 60.9873 0 52.046 a b 3.14154 13 0
0 0 60.9921 0 52.0168 a b 3.13708 13 0
0 0 60.9866 0 51.9853 a b 3.13776 13 0
0 0 60.9891 0 51.9543 a b 3.14026 13 0
0 0 60.9911 0 51.9239 a b 3.13706 13 0
0 0 60.9891 0 51.8905 a b 3.13732 13 0
0 0 60.9912 0 51.861 a b 3.13962 13 0
0 0 60.9917 0 51.8275 a b 3.14009 13 0
0 0 60.9945 0 51.8016 a b 3.14051 13 0
0 0 60.995 0 51.7728 a b 3.1408 13 0
0 0 61.0023 0 51.7454 a b 3.14042 13 0
0 0 61.0027 0 51.719 a b 3.13966 13 0
0 0 61.0005 0 51.6919 a b 3.14002 13 0
0 0 60.9973 0 51.6618 a b 3.14149 13 0
0 0 60.993 0 51.6319 a b -3.14073 13 0
0 0 60.992 0 51.606 a b -3.13794 13 0
0 0 60.9991 0 51.5795 a b -3.13324 13 0
0 0 61.008 0 51.5469 a b -3.13493 13 0
0 0 61.0118 0 51.5152 a b -3.13917 13 0
0 0 61.0129 0 51.4828 a b -3.14026 13 0
0 0 61.0166 0 51.4462 a b -3.13909 13 0
0 0 61.0215 0 51.4144 a b 3.14125 13 0
0 0 61.015 0 51.3862 a b 3.14032 13 0
0 0 61.0163 0 51.3557 a b -3.13935 13 0
0 0 61.0224 0 51.3255 a b -3.13959 13 0
0 0 61.0235 0 51.2951 a b 3.14052 13 0
0 0 61.0235 0 51.2708 a b 3.13994 13 0
0 0 61.0241 0 51.2416 a b 3.14072 13 0
0 0 61.0266 0 51.2135 a b 3.14153 13 0
0 0 61.0254 0 51.1854 a b 3.14083 13 0
0 0 61.024 0 51.1554 a b 3.13946 13 0
0 0 61.0216 0 51.1281 a b 3.13914 13 0
0 0 61.0234 0 51.097 a b -3.14054 13 0
0 0 61.0275 0 51.0671 a b 3.14109 13 0
0 0 61.0248 0 51.0431 a b 3.13651 13 0
0 0 61.0227 0 51.0123 a b 3.13861 13 0
0 0 61.0312 0 50.9798 a b 3.13849 13 0
0 0 61.0368 0 50.9472 a b 3.1362 13 0
0 0 61.0381 0 50.9191 a b 3.13215 13 0
0 0 61.035 0 50.8921 a b 3.13045 13 0
0 0 61.0333 0 50.8666 a b 3.13283 13 0
0 0 61.0338 0 50.8356 a b 3.13519 13 0
0 0 61.0312 0 50.8076 a b 3.13513 13 0
0 0 61.0344 0 50.7819 a b 3.13506 13 0
0 0 61.0386 0 50.7556 a b 3.13342 13 0
0 0 61.0414 0 50.7259 a b 3.13053 13 0
0 0 61.0459 0 50.6937 a b 3.12702 13 0
0 0 61.049 0 50.6612 a b 3.12861 13 0
0 0 61.0487 0 50.628 a b 3.12973 13 0
0 0 61.0492 0 50.5972 a b 3.12805 13 0
0 0 61.0501 0 50.5668 a b 3.12768 13 0
0 0 61.0501 0 50.5329 a b 3.12992 13 0
0 0 61.0512 0 50.5078 a b 3.1318 13 0
0 0 61.0505 0 50.4831 a b 3.12981 13 0
0 0 61.0539 0 50.4549 a b 3.12794 13 0
0 0 61.0547 0 50.4268 a b 3.12865 13 0
0 0 61.0572 0 50.4019 a b 3.12821 13 0
0 0 61.0608 0 50.3771 a b 3.12298 13 0
0 0 61.0693 0 50.3467 a b 3.12494 13 0
0 0 61.0677 0 50.3193 a b 3.13166 13 0
0 0 61.0635 0 50.2898 a b 3.13055 13 0
0 0 61.0652 0 50.2602 a b 3.12337 13 0
0 0 61.0684 0 50.2283 a b 3.12387 13 0
0 0 61.0729 0 50.2033 a b 3.127 13 0
0 0 61.0771 0 50.1798 a b 3.12727 13 0
0 0 61.0811 0 50.144 a b 3.12337 13 0
0 0 61.0809 0 50.1086 a b 3.12073 13 0
0 0 61.0818 0 50.079 a b 3.12055 13 0
0 0 61.0831 0 50.0458 a b 3.12182 13 0
0 0 61.0813 0 50.013 a b 3.12446 13 0
0 0 61.08 0 49.9806 a b 3.12189 13 0
0 0 61.0831 0 49.952 a b 3.12589 13 0
0 0 61.0835 0 49.9257 a b 3.12905 13 0
0 0 61.084 0 49.8989 a b 3.12588 13 0
0 0 61.0885 0 49.8688 a b 3.11954 13 0
0 0 61.0962 0 49.8435 a b 3.12385 13 0
0 0 61.0919 0 49.8155 a b 3.13037 13 0
0 0 61.0846 0 49.7834 a b 3.12891 13 0
0 0 61.0857 0 49.7533 a b 3.12141 13 0
0 0 61.0915 0 49.7234 a b 3.11806 13 0
0 0 61.0983 0 49.6933 a b 3.12701 13 0
0 0 61.0946 0 49.6693 a b 3.13529 13 0
0 0 61.0917 0 49.6342 a b 3.12845 13 0
0 0 61.096 0 49.6058 a b 3.12435 13 0
0 0 61.0962 0 49.577 a b 3.12305 13 0
0 0 61.0961 0 49.5449 a b 3.12441 13 0
0 0 61.0955 0 49.5154 a b 3.12564 13 0
0 0 61.0957 0 49.4875 a b 3.11986 13 0
0 0 61.1003 0 49.4615 a b 3.12042 13 0
0 0 61.098 0 49.4373 a b 3.12694 13 0
0 0 61.0994 0 49.4079 a b 3.12729 13 0
0 0 61.1029 0 49.3777 a b 3.12507 13 0
0 0 61.101 0 49.3499 a b 3.12695 13 0
0 0 61.1069 0 49.3227 a b 3.13053 13 0
0 0 61.1109 0 49.289 a b 3.13511 13 0
0 0 61.1124 0 49.263 a b 3.13754 13 0
0 0 61.1135 0 49.2416 a b 3.13384 13 0
0 0 61.1135 0 49.2155 a b 3.12756 13 0
0 0 61.1156 0 49.1882 a b 3.12232 13 0
0 0 61.1178 0 49.1634 a b 3.12609 13 0
0 0 61.1212 0 49.134 a b 3.13063 13 0
0 0 61.1223 0 49.1115 a b 3.13658 13 0
0 0 61.1226 0 49.0821 a b 3.13783 13 0
0 0 61.1259 0 49.0522 a b 3.13463 13 0
0 0 61.1259 0 49.0221 a b 3.12954 13 0
0 0 61.1254 0 48.9903 a b 3.12619 13 0
0 0 61.1251 0 48.9582 a b 3.13214 13 0
0 0 61.1266 0 48.9267 a b -3.1414 13 0
0 0 61.1231 0 48.8931 a b -3.1369 13 0
0 0 61.1221 0 48.8642 a b -3.14065 13 0
0 0 61.1233 0 48.8284 a b 3.13558 13 0
0 0 61.1239 0 48.7938 a b 3.13611 13 0
0 0 61.1248 0 48.7708 a b -3.13715 13 0
0 0 61.1271 0 48.749 a b -3.13324 13 0
0 0 61.1309 0 48.7278 a b -3.13766 13 0
0 0 61.133 0 48.7061 a b -3.13952 13 0
0 0 61.1339 0 48.6834 a b -3.13797 13 0
0 0 61.1334 0 48.6605 a b -3.13688 13 0
0 0 61.1367 0 48.6388 a b -3.13835 13 0
0 0 61.1372 0 48.6147 a b -3.13811 13 0
0 0 61.1401 0 48.5816 a b -3.13473 13 0
0 0 61.1439 0 48.5563 a b -3.13461 13 0
0 0 61.153 0 48.5292 a b -3.14068 13 0
0 0 61.1508 0 48.4924 a b 3.13886 13 0
0 0 61.1496 0 48.4595 a b 3.1376 13 0
0 0 61.1452 0 48.422 a b 3.13849 13 0
0 0 61.1429 0 48.3855 a b 3.1414 13 0
0 0 61.1408 0 48.3512 a b -3.14012 13 0
0 0 61.1391 0 48.3188 a b -3.13669 13 0
0 0 61.1435 0 48.2864 a b -3.13066 13 0
0 0 61.1448 0 48.2537 a b -3.13401 13 0
0 0 61.1417 0 48.2304 a b -3.13799 13 0
0 0 61.1367 0 48.203 a b -3.13679 13 0
0 0 61.1367 0 48.1753 a b -3.13423 13 0
0 0 61.1406 0 48.1411 a b -3.13066 13 0
0 0 61.1424 0 48.1095 a b -3.12785 13 0
0 0 61.1437 0 48.0815 a b -3.12496 13 0
0 0 61.147 0 48.0498 a b -3.12239 13 0
0 0 61.1507 0 48.0193 a b -3.1228 13 0
0 0 61.1478 0 47.9888 a b -3.13009 13 0
0 0 61.1341 0 47.96 a b -3.13279 13 0
0 0 61.1331 0 47.9312 a b -3.12562 13 0
0 0 61.1355 0 47.9017 a b -3.12379 13 0
0 0 61.1383 0 47.8734 a b -3.12379 13 0
0 0 61.1372 0 47.841 a b -3.12605 13 0
0 0 61.1346 0 47.8101 a b -3.12444 13 0
0 0 61.133 0 47.7821 a b -3.12243 13 0
0 0 61.1354 0 47.749 a b -3.11817 13 0
0 0 61.1341 0 47.7235 a b -3.1175 13 0
0 0 61.1356 0 47.6911 a b -3.11743 13 0
0 0 61.1375 0 47.6619 a b -3.11708 13 0
0 0 61.1386 0 47.6344 a b -3.11851 13 0
0 0 61.1375 0 47.6041 a b -3.11749 13 0
0 0 61.1379 0 47.5714 a b -3.1141 13 0
0 0 61.1394 0 47.538 a b -3.11267 13 0
0 0 61.1412 0 47.5091 a b -3.11569 13 0
0 0 61.1377 0 47.4871 a b -3.11958 13 0
0 0 61.1331 0 47.4608 a b -3.11763 13 0
0 0 61.1302 0 47.4302 a b -3.11371 13 0
0 0 61.1315 0 47.3993 a b -3.11305 13 0
0 0 61.1323 0 47.3713 a b -3.11288 13 0
0 0 61.1317 0 47.343 a b -3.11183 13 0
0 0 61.1272 0 47.3146 a b -3.11144 13 0
0 0 61.1273 0 47.283 a b -3.11472 13 0
0 0 61.1295 0 47.2522 a b -3.11592 13 0
0 0 61.1295 0 47.2195 a b -3.11267 13 0
0 0 61.1263 0 47.1911 a b -3.11225 13 0
0 0 61.1248 0 47.1619 a b -3.11334 13 0
0 0 61.1271 0 47.1325 a b -3.11497 13 0
0 0 61.1271 0 47.1008 a b -3.11434 13 0
0 0 61.1254 0 47.0718 a b -3.11229 13 0
0 0 61.1233 0 47.0422 a b -3.11158 13 0
0 0 61.1238 0 47.0164 a b -3.11137 13 0
0 0 61.1247 0 46.9905 a b -3.11051 13 0
0 0 61.1223 0 46.9686 a b -3.109 13 0
0 0 61.123 0 46.9411 a b -3.10708 13 0
0 0 61.1244 0 46.9137 a b -3.1096 13 0
0 0 61.1272 0 46.8869 a b -3.1114 13 0
0 0 61.129 0 46.8604 a b -3.11091 13 0
0 0 61.1297 0 46.8321 a b -3.10699 13 0
0 0 61.1285 0 46.8008 a b -3.1054 13 0
0 0 61.1281 0 46.767 a b -3.10678 13 0
0 0 61.1269 0 46.7358 a b -3.1092 13 0
0 0 61.126 0 46.6989 a b -3.10812 13 0
0 0 61.125 0 46.6664 a b -3.10355 13 0
0 0 61.1191 0 46.6366 a b -3.0981 13 0
0 0 61.1137 0 46.6024 a b -3.10058 13 0
0 0 61.1137 0 46.5711 a b -3.10769 13 0
0 0 61.1188 0 46.5424 a b -3.10382 13 0
0 0 61.1186 0 46.5206 a b -3.09257 13 0
0 0 61.116 0 46.4898 a b -3.09003 13 0
0 0 61.1158 0 46.4608 a b -3.09433 13 0
0 0 61.1154 0 46.437 a b -3.10301 13 0
0 0 61.114 0 46.4097 a b -3.10393 13 0
0 0 61.1105 0 46.3835 a b -3.10091 13 0
0 0 61.113 0 46.3562 a b -3.09966 13 0
0 0 61.1161 0 46.3289 a b -3.0954 13 0
0 0 61.1156 0 46.303 a b -3.08936 13 0
0 0 61.116 0 46.2762 a b -3.09033 13 0
0 0 61.1154 0 46.2498 a b -3.09546 13 0
0 0 61.1119 0 46.2231 a b -3.10642 13 0
0 0 61.1126 0 46.196 a b -3.10923 13 0
0 0 61.1034 0 46.1684 a b -3.10184 13 0
0 0 61.1008 0 46.1399 a b -3.09805 13 0
0 0 61.0991 0 46.1063 a b -3.09935 13 0
0 0 61.0973 0 46.0754 a b -3.10158 13 0
0 0 61.099 0 46.0466 a b -3.09948 13 0
0 0 61.0977 0 46.0155 a b -3.0984 13 0
0 0 61.0993 0 45.9827 a b -3.10262 13 0
0 0 61.099 0 45.9513 a b -3.1035 13 0
0 0 61.0929 0 45.9229 a b -3.10156 13 0
0 0 61.0899 0 45.8938 a b -3.10237 13 0
0 0 61.0885 0 45.8665 a b -3.10751 13 0
0 0 61.0928 0 45.8394 a b -3.10864 13 0
0 0 61.0951 0 45.8084 a b -3.10913 13 0
0 0 61.0978 0 45.788 a b -3.11368 13 0
0 0 61.0995 0 45.7622 a b -3.12082 13 0
0 0 61.0931 0 45.7324 a b -3.12756 13 0
0 0 61.0902 0 45.7024 a b -3.13292 13 0
0 0 61.0894 0 45.6758 a b -3.13312 13 0
0 0 61.0897 0 45.6438 a b -3.13168 13 0
0 0 61.0914 0 45.6134 a b -3.13041 13 0
0 0 61.0904 0 45.5832 a b -3.12828 13 0
0 0 61.0923 0 45.5525 a b -3.12908 13 0
0 0 61.0941 0 45.523 a b -3.12787 13 0
0 0 61.0927 0 45.4945 a b -3.12917 13 0
0 0 61.0898 0 45.473 a b -3.13198 13 0
0 0 61.0869 0 45.4467 a b -3.13633 13 0
0 0 61.0876 0 45.4207 a b -3.12685 13 0
0 0 61.0907 0 45.4 a b -3.11428 13 0
0 0 61.0936 0 45.3799 a b -3.11052 13 0
0 0 61.0978 0 45.3553 a b -3.11913 13 0
0 0 61.0965 0 45.3224 a b -3.12685 13 0
0 0 61.0936 0 45.2892 a b -3.12451 13 0
0 0 61.0953 0 45.2595 a b -3.11976 13 0
0 0 61.0942 0 45.2314 a b -3.11748 13 0
0 0 61.093 0 45.2024 a b -3.11859 13 0
0 0 61.0945 0 45.1737 a b -3.11909 13 0
0 0 61.0925 0 45.1433 a b -3.11748 13 0
0 0 61.0897 0 45.11 a b -3.1119 13 0
0 0 61.088 0 45.0794 a b -3.10654 13 0
0 0 61.0909 0 45.0556 a b -3.10724 13 0
0 0 61.0915 0 45.0336 a b -3.11396 13 0
0 0 61.084 0 45.0055 a b -3.11472 13 0
0 0 61.0803 0 44.9773 a b -3.1089 13 0
0 0 61.0805 0 44.9489 a b -3.09996 13 0
0 0 61.0845 0 44.9239 a b -3.09657 13 0
0 0 61.0918 0 44.8944 a b -3.09882 13 0
0 0 61.0901 0 44.8628 a b -3.10182 13 0
0 0 61.0914 0 44.831 a b -3.10298 13 0
0 0 61.0901 0 44.7973 a b -3.10198 13 0
0 0 61.0917 0 44.7591 a b -3.10011 13 0
0 0 61.0967 0 44.7302 a b -3.10178 13 0
0 0 61.0951 0 44.7046 a b -3.10655 13 0
0 0 61.0854 0 44.6812 a b -3.10695 13 0
0 0 61.0844 0 44.6538 a b -3.09918 13 0
0 0 61.0927 0 44.6255 a b -3.09514 13 0
0 0 61.0977 0 44.5955 a b -3.09869 13 0
0 0 61.0919 0 44.5647 a b -3.10214 13 0
0 0 61.0902 0 44.5355 a b -3.10092 13 0
0 0 61.0891 0 44.5022 a b -3.09938 13 0
0 0 61.087 0 44.4653 a b -3.10063 13 0
0 0 61.083 0 44.4368 a b -3.10509 13 0
0 0 61.0805 0 44.4011 a b -3.10341 13 0
0 0 61.08 0 44.3639 a b -3.10097 13 0
0 0 61.0801 0 44.3301 a b -3.10133 13 0
0 0 61.0805 0 44.2945 a b -3.10264 13 0
0 0 61.0811 0 44.257 a b -3.10419 13 0
0 0 61.0794 0 44.2229 a b -3.10622 13 0
0 0 61.0775 0 44.194 a b -3.10891 13 0
0 0 61.074 0 44.1683 a b -3.10898 13 0
0 0 61.0725 0 44.1478 a b -3.108 13 0
0 0 61.0721 0 44.1239 a b -3.10723 13 0
0 0 61.0693 0 44.1 a b -3.10899 13 0
0 0 61.0745 0 44.0815 a b -3.11593 13 0
0 0 61.0785 0 44.057 a b -3.1139 13 0
0 0 61.0776 0 44.0349 a b -3.10732 13 0
0 0 61.074 0 44.0097 a b -3.10711 13 0
0 0 61.0732 0 43.9813 a b -3.11444 13 0
0 0 61.0711 0 43.9491 a b -3.12141 13 0
0 0 61.0739 0 43.9193 a b -3.12526 13 0
0 0 61.0785 0 43.8823 a b -3.12359 13 0
0 0 61.0777 0 43.8442 a b -3.1188 13 0
0 0 61.0793 0 43.8091 a b -3.11822 13 0
0 0 61.0782 0 43.776 a b -3.12448 13 0
0 0 61.077 0 43.7444 a b -3.13091 13 0
0 0 61.0755 0 43.7094 a b -3.13204 13 0
0 0 61.0714 0 43.6761 a b -3.13178 13 0
0 0 61.0728 0 43.6466 a b -3.13302 13 0
0 0 61.0745 0 43.6157 a b -3.13132 13 0
0 0 61.0775 0 43.5888 a b -3.13018 13 0
0 0 61.0808 0 43.564 a b -3.13084 13 0
0 0 61.0801 0 43.5392 a b -3.13381 13 0
0 0 61.0783 0 43.5164 a b -3.13931 13 0
0 0 61.0775 0 43.4975 a b 3.13919 13 0
0 0 61.081 0 43.4717 a b -3.13974 13 0
0 0 61.0778 0 43.4419 a b -3.13763 13 0
0 0 61.0797 0 43.4072 a b 3.13868 13 0
0 0 61.0818 0 43.371 a b 3.13659 13 0
0 0 61.0825 0 43.338 a b 3.1354 13 0
0 0 61.0833 0 43.3034 a b 3.13148 13 0
0 0 61.0828 0 43.2704 a b 3.12461 13 0
0 0 61.0834 0 43.241 a b 3.11547 13 0
0 0 61.0879 0 43.2078 a b 3.10967 13 0
0 0 61.0881 0 43.1768 a b 3.10828 13 0
0 0 61.0904 0 43.1505 a b 3.10273 13 0
0 0 61.0951 0 43.1241 a b 3.10368 13 0
0 0 61.0951 0 43.1005 a b 3.10689 13 0
0 0 61.0972 0 43.0793 a b 3.10782 13 0
0 0 61.0969 0 43.0582 a b 3.10799 13 0
0 0 61.0953 0 43.0383 a b 3.1045 13 0
0 0 61.0979 0 43.0166 a b 3.10076 13 0
0 0 61.102 0 42.9957 a b 3.09928 13 0
0 0 61.1065 0 42.9709 a b 3.10265 13 0
0 0 61.1052 0 42.9396 a b 3.10373 13 0
0 0 61.1083 0 42.9008 a b 3.1014 13 0
0 0 61.1079 0 42.8609 a b 3.10162 13 0
0 0 61.1114 0 42.8241 a b 3.11076 13 0
0 0 61.1107 0 42.7869 a b 3.11522 13 0
0 0 61.1129 0 42.756 a b 3.11142 13 0
0 0 61.1165 0 42.7253 a b 3.10813 13 0
0 0 61.1176 0 42.6937 a b 3.10913 13 0
0 0 61.1202 0 42.6643 a b 3.11124 13 0
0 0 61.1205 0 42.6331 a b 3.11177 13 0
0 0 61.1223 0 42.6037 a b 3.11147 13 0
0 0 61.1251 0 42.5772 a b 3.11542 13 0
0 0 61.1281 0 42.5545 a b 3.12094 13 0
0 0 61.1281 0 42.5308 a b 3.12357 13 0
0 0 61.1284 0 42.5072 a b 3.11871 13 0
0 0 61.1277 0 42.4785 a b 3.11637 13 0
0 0 61.1296 0 42.4474 a b 3.11771 13 0
0 0 61.1319 0 42.4192 a b 3.11958 13 0
0 0 61.1326 0 42.3886 a b 3.1169 13 0
0 0 61.1339 0 42.3527 a b 3.11644 13 0
0 0 61.1354 0 42.3184 a b 3.12151 13 0
0 0 61.1368 0 42.2907 a b 3.12508 13 0
0 0 61.1402 0 42.2633 a b 3.12312 13 0
0 0 61.1428 0 42.2392 a b 3.11773 13 0
0 0 61.1447 0 42.2115 a b 3.1147 13 0
0 0 61.1506 0 42.1859 a b 3.11957 13 0
0 0 61.1508 0 42.1674 a b 3.12901 13 0
0 0 61.1508 0 42.1442 a b 3.13008 13 0
0 0 61.1558 0 42.121 a b 3.12558 13 0
0 0 61.1582 0 42.0927 a b 3.11952 13 0
0 0 61.1581 0 42.0604 a b 3.11755 13 0
0 0 61.1534 0 42.0276 a b 3.12239 13 0
0 0 61.1575 0 42.001 a b 3.12836 13 0
0 0 61.1629 0 41.9761 a b 3.12768 13 0
0 0 61.1627 0 41.9521 a b 3.12003 13 0
0 0 61.158 0 41.9121 a b 3.11766 13 0
0 0 61.1582 0 41.8771 a b 3.12085 13 0
0 0 61.1611 0 41.8394 a b 3.12688 13 0
0 0 61.1669 0 41.806 a b 3.1324 13 0
0 0 61.1743 0 41.7752 a b 3.13156 13 0
0 0 61.1748 0 41.7464 a b 3.12569 13 0
0 0 61.1652 0 41.7186 a b 3.12083 13 0
0 0 61.1613 0 41.6924 a b 3.125 13 0
0 0 61.1632 0 41.6679 a b 3.13143 13 0
0 0 61.1655 0 41.6448 a b 3.13709 13 0
0 0 61.1696 0 41.6234 a b 3.14006 13 0
0 0 61.1744 0 41.5976 a b 3.13447 13 0
0 0 61.1724 0 41.5749 a b 3.12642 13 0
0 0 61.162 0 41.5533 a b 3.1284 13 0
0 0 61.1608 0 41.5287 a b -3.13931 13 0
0 0 61.1745 0 41.4976 a b -3.13111 13 0
0 0 61.184 0 41.4738 a b -3.13849 13 0
0 0 61.1785 0 41.4481 a b 3.13632 13 0
0 0 61.177 0 41.4162 a b 3.13997 13 0
0 0 61.1805 0 41.3845 a b -3.1374 13 0
0 0 61.1825 0 41.3514 a b -3.13264 13 0
0 0 61.1884 0 41.3162 a b -3.13308 13 0
0 0 61.1861 0 41.2799 a b -3.13656 13 0
0 0 61.182 0 41.2467 a b -3.13919 13 0
0 0 61.1746 0 41.2173 a b -3.13729 13 0
0 0 61.1761 0 41.1913 a b -3.13427 13 0
0 0 61.1746 0 41.1644 a b -3.13154 13 0
0 0 61.1768 0 41.1368 a b -3.12923 13 0
0 0 61.1796 0 41.1124 a b -3.13286 13 0
0 0 61.1717 0 41.0945 a b -3.13548 13 0
0 0 61.1676 0 41.0728 a b -3.12628 13 0
0 0 61.1668 0 41.0517 a b -3.11646 13 0
0 0 61.1691 0 41.021 a b -3.11123 13 0
0 0 61.178 0 40.9849 a b -3.11693 13 0
0 0 61.1784 0 40.9588 a b -3.1269 13 0
0 0 61.1747 0 40.9367 a b -3.12784 13 0
0 0 61.1775 0 40.9019 a b -3.11329 13 0
0 0 61.1743 0 40.8647 a b -3.10983 13 0
0 0 61.1779 0 40.8303 a b -3.11606 13 0
0 0 61.181 0 40.7929 a b -3.11943 13 0
0 0 61.1792 0 40.7564 a b -3.11862 13 0
0 0 61.1769 0 40.7207 a b -3.12141 13 0
0 0 61.1761 0 40.6883 a b -3.12537 13 0
0 0 61.1769 0 40.6592 a b -3.11999 13 0
0 0 61.1726 0 40.6266 a b -3.11405 13 0
0 0 61.1704 0 40.5969 a b -3.11279 13 0
0 0 61.1712 0 40.569 a b -3.11749 13 0
0 0 61.1746 0 40.5422 a b -3.12031 13 0
0 0 61.1751 0 40.5145 a b -3.11701 13 0
0 0 61.1745 0 40.4864 a b -3.11249 13 0
0 0 61.1685 0 40.463 a b -3.11092 13 0
0 0 61.1668 0 40.435 a b -3.11622 13 0
0 0 61.1688 0 40.4083 a b -3.11699 13 0
0 0 61.1635 0 40.3796 a b -3.10985 13 0
0 0 61.1643 0 40.349 a b -3.10526 13 0
0 0 61.1637 0 40.3222 a b -3.10779 13 0
0 0 61.1635 0 40.2909 a b -3.10866 13 0
0 0 61.1599 0 40.252 a b -3.10879 13 0
0 0 61.1583 0 40.2178 a b -3.11275 13 0
0 0 61.1553 0 40.1849 a b -3.1124 13 0
0 0 61.1556 0 40.1527 a b -3.10843 13 0
0 0 61.1563 0 40.1194 a b -3.10381 13 0
0 0 61.1535 0 40.0881 a b -3.10244 13 0
0 0 61.155 0 40.0584 a b -3.10525 13 0
0 0 61.1527 0 40.0315 a b -3.10562 13 0
0 0 61.1508 0 40.0023 a b -3.10646 13 0
0 0 61.1509 0 39.9756 a b -3.1036 13 0
0 0 61.1471 0 39.9487 a b -3.10052 13 0
0 0 61.1464 0 39.9203 a b -3.10426 13 0
0 0 61.1508 0 39.8942 a b -3.10348 13 0
0 0 61.1535 0 39.8705 a b -3.09475 13 0
0 0 61.1505 0 39.8494 a b -3.08852 13 0
0 0 61.1492 0 39.8215 a b -3.09057 13 0
0 0 61.1511 0 39.7964 a b -3.09475 13 0
0 0 61.1476 0 39.766 a b -3.09452 13 0
0 0 61.1435 0 39.738 a b -3.09606 13 0
0 0 61.1427 0 39.7094 a b -3.09778 13 0
0 0 61.1423 0 39.6756 a b -3.09506 13 0
0 0 61.143 0 39.6454 a b -3.08898 13 0
0 0 61.1386 0 39.62 a b -3.0833 13 0
0 0 61.1365 0 39.5902 a b -3.08816 13 0
0 0 61.1365 0 39.5616 a b -3.09187 13 0
0 0 61.1329 0 39.5299 a b -3.09286 13 0
0 0 61.1325 0 39.4998 a b -3.09309 13 0
0 0 61.1341 0 39.4672 a b -3.09519 13 0
0 0 61.1334 0 39.4402 a b -3.09199 13 0
0 0 61.1327 0 39.4153 a b -3.08931 13 0
0 0 61.128 0 39.3889 a b -3.08973 13 0
0 0 61.126 0 39.3648 a b -3.09206 13 0
0 0 61.128 0 39.3431 a b -3.09344 13 0
0 0 61.1273 0 39.3187 a b -3.09215 13 0
0 0 61.1293 0 39.2917 a b -3.09255 13 0
0 0 61.1303 0 39.2638 a b -3.09304 13 0
0 0 61.1336 0 39.2363 a b -3.08877 13 0
0 0 61.1328 0 39.2107 a b -3.08977 13 0
0 0 61.1325 0 39.1842 a b -3.09296 13 0
0 0 61.1321 0 39.1499 a b -3.09399 13 0
0 0 61.1308 0 39.1188 a b -3.08923 13 0
0 0 61.1262 0 39.089 a b -3.08951 13 0
0 0 61.1225 0 39.0519 a b -3.09594 13 0
0 0 61.1214 0 39.0123 a b -3.0979 13 0
0 0 61.1201 0 38.9796 a b -3.094 13 0
0 0 61.123 0 38.9488 a b -3.09171 13 0
0 0 61.1213 0 38.9226 a b -3.09548 13 0
0 0 61.1215 0 38.8893 a b -3.10088 13 0
0 0 61.1187 0 38.8619 a b -3.09883 13 0
0 0 61.1175 0 38.8328 a b -3.09818 13 0
0 0 61.1136 0 38.8049 a b -3.0985 13 0
0 0 61.1152 0 38.774 a b -3.10123 13 0
0 0 61.1139 0 38.7478 a b -3.10225 13 0
0 0 61.1144 0 38.7237 a b -3.10498 13 0
0 0 61.1137 0 38.6991 a b -3.11054 13 0
0 0 61.1118 0 38.6748 a b -3.11902 13 0
0 0 61.1135 0 38.6458 a b -3.12692 13 0
0 0 61.114 0 38.6189 a b -3.1343 13 0
0 0 61.1138 0 38.5899 a b -3.13512 13 0
0 0 61.1121 0 38.5634 a b -3.13848 13 0
0 0 61.1146 0 38.5326 a b 3.13766 13 0
0 0 61.1175 0 38.5034 a b 3.13693 13 0
0 0 61.1196 0 38.4776 a b 3.13852 13 0
0 0 61.121 0 38.4528 a b 3.13787 13 0
0 0 61.1184 0 38.4265 a b 3.13791 13 0
0 0 61.1173 0 38.3989 a b 3.13604 13 0
0 0 61.1161 0 38.3708 a b 3.13169 13 0
0 0 61.1112 0 38.3367 a b 3.13173 13 0
0 0 61.1149 0 38.3067 a b 3.13917 13 0
0 0 61.123 0 38.2784 a b -3.14093 13 0
0 0 61.1259 0 38.2466 a b 3.13641 13 0
0 0 61.1178 0 38.2146 a b 3.12962 13 0
0 0 61.1126 0 38.1871 a b 3.13265 13 0
0 0 61.12 0 38.1561 a b 3.13876 13 0
0 0 61.1275 0 38.1215 a b 3.13612 13 0
0 0 61.1212 0 38.0923 a b 3.13131 13 0
0 0 61.1197 0 38.0628 a b 3.13483 13 0
0 0 61.1217 0 38.0359 a b 3.13636 13 0
0 0 61.1269 0 38.0109 a b 3.13495 13 0
0 0 61.1291 0 37.9825 a b 3.13175 13 0
0 0 61.1233 0 37.9531 a b 3.13189 13 0
0 0 61.1216 0 37.9299 a b 3.13547 13 0
0 0 61.1263 0 37.9046 a b 3.13415 13 0
0 0 61.1247 0 37.8752 a b 3.12992 13 0
0 0 61.1206 0 37.8482 a b 3.13141 13 0
0 0 61.1227 0 37.8207 a b 3.13812 13 0
0 0 61.1283 0 37.7915 a b 3.1398 13 0
0 0 61.1308 0 37.7577 a b 3.13425 13 0
0 0 61.127 0 37.7267 a b 3.12941 13 0
0 0 61.1241 0 37.698 a b 3.13102 13 0
0 0 61.1248 0 37.6669 a b 3.13462 13 0
0 0 61.1282 0 37.6335 a b 3.13435 13 0
0 0 61.1286 0 37.6054 a b 3.13304 13 0
0 0 61.1301 0 37.5789 a b 3.13314 13 0
0 0 61.1311 0 37.5525 a b 3.13362 13 0
0 0 61.1295 0 37.5258 a b 3.13551 13 0
0 0 61.1342 0 37.4914 a b 3.13827 13 0
0 0 61.137 0 37.4637 a b 3.13408 13 0
0 0 61.1331 0 37.4288 a b 3.13684 13 0
0 0 61.1306 0 37.3964 a b 3.13708 13 0
0 0 61.1318 0 37.3654 a b 3.13509 13 0
0 0 61.139 0 37.3383 a b 3.13593 13 0
0 0 61.1393 0 37.3085 a b 3.13681 13 0
0 0 61.1412 0 37.2801 a b 3.13553 13 0
0 0 61.1384 0 37.2519 a b 3.13995 13 0
0 0 61.1389 0 37.2225 a b 3.13925 13 0
0 0 61.1413 0 37.1914 a b 3.1352 13 0
0 0 61.1396 0 37.1602 a b 3.13134 13 0
0 0 61.1421 0 37.1337 a b 3.13022 13 0
0 0 61.1432 0 37.1064 a b 3.13165 13 0
0 0 61.1472 0 37.0791 a b 3.13461 13 0
0 0 61.1453 0 37.0528 a b 3.14081 13 0
0 0 61.1455 0 37.0238 a b -3.14065 13 0
0 0 61.1459 0 36.9868 a b 3.13826 13 0
0 0 61.147 0 36.9585 a b 3.1291 13 0
0 0 61.1473 0 36.9304 a b 3.12854 13 0
0 0 61.1475 0 36.8971 a b 3.1361 13 0
0 0 61.1481 0 36.8637 a b 3.13995 13 0
0 0 61.148 0 36.8355 a b 3.13357 13 0
0 0 61.153 0 36.805 a b 3.13189 13 0
0 0 61.156 0 36.7769 a b 3.1348 13 0
0 0 61.1545 0 36.7447 a b 3.14003 13 0
0 0 61.151 0 36.7108 a b 3.13865 13 0
0 0 61.1526 0 36.6811 a b 3.13233 13 0
0 0 61.1539 0 36.6481 a b 3.13103 13 0
0 0 61.1571 0 36.6204 a b 3.13317 13 0
0 0 61.1625 0 36.5948 a b 3.13683 13 0
0 0 61.1612 0 36.5661 a b -3.13947 13 0
0 0 61.155 0 36.5387 a b -3.13867 13 0
0 0 61.1569 0 36.5088 a b 3.13805 13 0
0 0 61.1612 0 36.4808 a b 3.13815 13 0
0 0 61.1607 0 36.4504 a b 3.13998 13 0
0 0 61.1579 0 36.4204 a b 3.13712 13 0
0 0 61.1626 0 36.3852 a b 3.13555 13 0
0 0 61.1651 0 36.3581 a b 3.13768 13 0
0 0 61.1611 0 36.3255 a b -3.14134 13 0
0 0 61.1628 0 36.298 a b 3.1393 13 0
0 0 61.161 0 36.2649 a b 3.13709 13 0
0 0 61.1582 0 36.2273 a b 3.13944 13 0
0 0 61.1573 0 36.1934 a b 3.13999 13 0
0 0 61.1552 0 36.1632 a b 3.13899 13 0
0 0 61.159 0 36.1344 a b 3.14007 13 0
0 0 61.156 0 36.1107 a b 3.13989 13 0
0 0 61.1556 0 36.0885 a b 3.13715 13 0
0 0 61.1589 0 36.0641 a b 3.1402 13 0
0 0 61.1598 0 36.042 a b -3.13978 13 0
0 0 61.1665 0 36.0192 a b -3.13988 13 0
0 0 61.1647 0 35.9954 a b 3.13941 13 0
0 0 61.1669 0 35.971 a b 3.13817 13 0
0 0 61.1627 0 35.9482 a b 3.13969 13 0
0 0 61.1604 0 35.9199 a b 3.13712 13 0
0 0 61.1606 0 35.8907 a b 3.13703 13 0
0 0 61.1644 0 35.8642 a b -3.14085 13 0
0 0 61.1713 0 35.8406 a b -3.13951 13 0
0 0 61.1705 0 35.8134 a b 3.14019 13 0
0 0 61.1707 0 35.7846 a b 3.13273 13 0
0 0 61.1722 0 35.7503 a b 3.12985 13 0
0 0 61.1672 0 35.7208 a b 3.12699 13 0
0 0 61.1681 0 35.69 a b 3.12241 13 0
0 0 61.1654 0 35.6528 a b 3.12088 13 0
0 0 61.1691 0 35.6198 a b 3.12914 13 0
0 0 61.169 0 35.5926 a b 3.13375 13 0
0 0 61.1692 0 35.5694 a b 3.12872 13 0
0 0 61.1692 0 35.5442 a b 3.12029 13 0
0 0 61.1688 0 35.515 a b 3.11129 13 0
0 0 61.1669 0 35.4856 a b 3.10948 13 0
0 0 61.1639 0 35.4635 a b 3.10893 13 0
0 0 61.1628 0 35.4338 a b 3.10574 13 0
0 0 61.1684 0 35.4059 a b 3.10389 13 0
0 0 61.1692 0 35.3792 a b 3.10295 13 0
0 0 61.1681 0 35.3574 a b 3.10378 13 0
0 0 61.1707 0 35.3359 a b 3.10455 13 0
0 0 61.1715 0 35.316 a b 3.10001 13 0
0 0 61.174 0 35.2891 a b 3.09058 13 0
0 0 61.177 0 35.2582 a b 3.08348 13 0
0 0 61.1798 0 35.2288 a b 3.08347 13 0
0 0 61.1792 0 35.2021 a b 3.08677 13 0
0 0 61.1825 0 35.1739 a b 3.08784 13 0
0 0 61.1844 0 35.1402 a b 3.08742 13 0
0 0 61.1867 0 35.11 a b 3.08487 13 0
0 0 61.1911 0 35.0756 a b 3.08495 13 0
0 0 61.1934 0 35.0403 a b 3.086 13 0
0 0 61.1973 0 35.0039 a b 3.08872 13 0
0 0 61.2001 0 34.9705 a b 3.08791 13 0
0 0 61.1973 0 34.9341 a b 3.08706 13 0
0 0 61.1944 0 34.8947 a b 3.09024 13 0
0 0 61.2 0 34.865 a b 3.09177 13 0
0 0 61.1987 0 34.8389 a b 3.09158 13 0
0 0 61.2007 0 34.8149 a b 3.09478 13 0
0 0 61.2074 0 34.7933 a b 3.09737 13 0
0 0 61.2085 0 34.7697 a b 3.09155 13 0
0 0 61.2082 0 34.7416 a b 3.09331 13 0
0 0 61.2093 0 34.716 a b 3.09712 13 0
0 0 61.2108 0 34.6846 a b 3.09948 13 0
0 0 61.2092 0 34.6554 a b 3.09704 13 0
0 0 61.21 0 34.6227 a b 3.09593 13 0
0 0 61.2067 0 34.5892 a b 3.09595 13 0
0 0 61.2094 0 34.5439 a b 3.09625 13 0
0 0 61.2085 0 34.5034 a b 3.09904 13 0
0 0 61.211 0 34.4643 a b 3.10611 13 0
0 0 61.2242 0 34.4329 a b 3.10267 13 0
0 0 61.2179 0 34.403 a b 3.10315 13 0
0 0 61.2219 0 34.3707 a b 3.10914 13 0
0 0 61.2249 0 34.3412 a b 3.11297 13 0
0 0 61.2278 0 34.3237 a b 3.1089 13 0
0 0 61.2269 0 34.3014 a b 3.11017 13 0
0 0 61.2299 0 34.2813 a b 3.11623 13 0
0 0 61.2371 0 34.2615 a b 3.1184 13 0
0 0 61.2374 0 34.2403 a b 3.12034 13 0
0 0 61.2384 0 34.2189 a b 3.1221 13 0
0 0 61.2371 0 34.1937 a b 3.12685 13 0
0 0 61.2389 0 34.1646 a b 3.12816 13 0
0 0 61.2395 0 34.135 a b 3.13161 13 0
0 0 61.2403 0 34.1049 a b 3.13903 13 0
0 0 61.2436 0 34.0691 a b -3.13976 13 0
0 0 61.2456 0 34.0384 a b -3.13265 13 0
0 0 61.2468 0 34.0099 a b -3.12214 13 0
0 0 61.2475 0 33.9812 a b -3.10397 13 0
0 0 61.245 0 33.9438 a b -3.09256 13 0
0 0 61.2497 0 33.9136 a b -3.08665 13 0
0 0 61.2503 0 33.8922 a b -3.07948 13 0
0 0 61.2494 0 33.8643 a b -3.07072 13 0
0 0 61.2406 0 33.8357 a b -3.06447 13 0
0 0 61.2422 0 33.8152 a b -3.0653 13 0
0 0 61.2462 0 33.8044 a b -3.06139 13 0
0 0 61.2355 0 33.7782 a b -3.05332 13 0
0 0 61.2261 0 33.7469 a b -3.05581 13 0
0 0 61.2287 0 33.7224 a b -3.06682 13 0
0 0 61.2248 0 33.6951 a b -3.06836 13 0
0 0 61.2222 0 33.6678 a b -3.05986 13 0
0 0 61.2169 0 33.6351 a b -3.05387 13 0
0 0 61.2139 0 33.6009 a b -3.05834 13 0
0 0 61.2116 0 33.569 a b -3.06947 13 0
0 0 61.215 0 33.5367 a b -3.07149 13 0
0 0 61.219 0 33.5063 a b -3.06268 13 0
0 0 61.2095 0 33.4713 a b -3.05613 13 0
0 0 61.2033 0 33.4322 a b -3.06279 13 0
0 0 61.2025 0 33.4014 a b -3.07319 13 0
0 0 61.2077 0 33.3755 a b -3.075 13 0
0 0 61.2093 0 33.3484 a b -3.0667 13 0
0 0 61.2063 0 33.3188 a b -3.06546 13 0
0 0 61.2025 0 33.2838 a b -3.07023 13 0
0 0 61.2061 0 33.2569 a b -3.07338 13 0
0 0 61.2036 0 33.233 a b -3.0726 13 0
0 0 61.1987 0 33.2006 a b -3.07245 13 0
0 0 61.2005 0 33.1703 a b -3.07412 13 0
0 0 61.2017 0 33.1432 a b -3.07131 13 0
0 0 61.1989 0 33.1135 a b -3.06537 13 0
0 0 61.1915 0 33.0791 a b -3.06636 13 0
0 0 61.1915 0 33.0496 a b -3.07547 13 0
0 0 61.1951 0 33.0251 a b -3.08141 13 0
0 0 61.196 0 33.0039 a b -3.0736 13 0
0 0 61.191 0 32.9675 a b -3.06995 13 0
0 0 61.1881 0 32.9361 a b -3.07358 13 0
0 0 61.19 0 32.9116 a b -3.07981 13 0
0 0 61.1892 0 32.8843 a b -3.08323 13 0
0 0 61.1915 0 32.8524 a b -3.0822 13 0
0 0 61.1894 0 32.8218 a b -3.08199 13 0
0 0 61.1904 0 32.7922 a b -3.08517 13 0
0 0 61.183 0 32.759 a b -3.08239 13 0
0 0 61.1757 0 32.7225 a b -3.0814 13 0
0 0 61.1771 0 32.688 a b -3.08036 13 0
0 0 61.181 0 32.6625 a b -3.08174 13 0
0 0 61.186 0 32.6348 a b -3.08292 13 0
0 0 61.1839 0 32.6054 a b -3.08473 13 0
0 0 61.18 0 32.576 a b -3.08917 13 0
0 0 61.172 0 32.549 a b -3.08945 13 0
0 0 61.1609 0 32.5222 a b -3.08258 13 0
0 0 61.1553 0 32.4978 a b -3.07841 13 0
0 0 61.1541 0 32.4694 a b -3.07856 13 0
0 0 61.1531 0 32.437 a b -3.08133 13 0
0 0 61.1599 0 32.4074 a b -3.08326 13 0
0 0 61.1648 0 32.3777 a b -3.08504 13 0
0 0 61.1678 0 32.349 a b -3.08596 13 0
0 0 61.1681 0 32.3183 a b -3.08664 13 0
0 0 61.1648 0 32.2852 a b -3.08669 13 0
0 0 61.1589 0 32.2536 a b -3.08801 13 0
0 0 61.1635 0 32.2217 a b -3.09286 13 0
0 0 61.1677 0 32.1877 a b -3.09367 13 0
0 0 61.1752 0 32.1657 a b -3.09233 13 0
0 0 61.1828 0 32.1415 a b -3.09697 13 0
0 0 61.1762 0 32.1121 a b -3.10335 13 0
0 0 61.1617 0 32.0813 a b -3.10652 13 0
0 0 61.1521 0 32.0495 a b -3.10393 13 0
0 0 61.1506 0 32.0235 a b -3.1 13 0
0 0 61.1477 0 31.9975 a b -3.10121 13 0
0 0 61.1451 0 31.9731 a b -3.10747 13 0
0 0 61.1437 0 31.9491 a b -3.11295 13 0
0 0 61.1456 0 31.923 a b -3.11397 13 0
0 0 61.1532 0 31.8953 a b -3.11118 13 0
0 0 61.1632 0 31.8729 a b -3.11364 13 0
0 0 61.1734 0 31.8498 a b -3.12257 13 0
0 0 61.1739 0 31.8198 a b -3.13514 13 0
0 0 61.176 0 31.7898 a b 3.14078 13 0
0 0 61.1791 0 31.7615 a b 3.12985 13 0
0 0 61.176 0 31.7337 a b 3.11606 13 0
0 0 61.1621 0 31.698 a b 3.10518 13 0
0 0 61.1554 0 31.664 a b 3.10452 13 0
0 0 61.1572 0 31.64 a b 3.10422 13 0
0 0 61.1587 0 31.6135 a b 3.09844 13 0
0 0 61.1562 0 31.5851 a b 3.09346 13 0
0 0 61.154 0 31.5586 a b 3.09584 13 0
0 0 61.1618 0 31.5345 a b 3.09843 13 0
0 0 61.1642 0 31.5111 a b 3.09987 13 0
0 0 61.1616 0 31.4835 a b 3.09854 13 0
0 0 61.1584 0 31.4555 a b 3.09918 13 0
0 0 61.1744 0 31.4337 a b 3.10358 13 0
0 0 61.1872 0 31.4053 a b 3.10671 13 0
0 0 61.1885 0 31.3748 a b 3.10312 13 0
0 0 61.1863 0 31.3422 a b 3.10514 13 0
0 0 61.1906 0 31.3105 a b 3.10962 13 0
0 0 61.1933 0 31.2796 a b 3.11066 13 0
0 0 61.1904 0 31.2439 a b 3.10993 13 0
0 0 61.1933 0 31.2182 a b 3.11358 13 0
0 0 61.1993 0 31.19 a b 3.11785 13 0
0 0 61.2058 0 31.1615 a b 3.1189 13 0
0 0 61.2036 0 31.1339 a b 3.11892 13 0
0 0 61.2048 0 31.1085 a b 3.12161 13 0
0 0 61.2053 0 31.0808 a b 3.12597 13 0
0 0 61.2101 0 31.0607 a b 3.12517 13 0
0 0 61.2083 0 31.0381 a b 3.12196 13 0
0 0 61.2063 0 31.0058 a b 3.12579 13 0
0 0 61.2068 0 30.9788 a b 3.1313 13 0
0 0 61.2106 0 30.9488 a b 3.13502 13 0
0 0 61.2136 0 30.917 a b 3.13958 13 0
0 0 61.2185 0 30.8863 a b -3.14073 13 0
0 0 61.2163 0 30.8453 a b -3.13909 13 0
0 0 61.2155 0 30.8104 a b 3.14005 13 0
0 0 61.2215 0 30.7735 a b 3.1392 13 0
0 0 61.2249 0 30.7388 a b -3.1361 13 0
0 0 61.2272 0 30.7009 a b -3.12982 13 0
0 0 61.2259 0 30.6645 a b -3.13156 13 0
0 0 61.2306 0 30.6383 a b -3.13401 13 0
0 0 61.2329 0 30.6112 a b -3.12747 13 0
0 0 61.2323 0 30.5861 a b -3.12471 13 0
0 0 61.2331 0 30.5637 a b -3.12222 13 0
0 0 61.231 0 30.5379 a b -3.12061 13 0
0 0 61.2276 0 30.5072 a b -3.11918 13 0
0 0 61.2296 0 30.4819 a b -3.11744 13 0
0 0 61.2321 0 30.4577 a b -3.11437 13 0
0 0 61.2361 0 30.4311 a b -3.11126 13 0
0 0 61.2399 0 30.4032 a b -3.11062 13 0
0 0 61.2388 0 30.3729 a b -3.10858 13 0
0 0 61.2297 0 30.3403 a b -3.10905 13 0
0 0 61.2292 0 30.3135 a b -3.10807 13 0
0 0 61.2242 0 30.2805 a b -3.10177 13 0
0 0 61.2241 0 30.2478 a b -3.09923 13 0
0 0 61.2223 0 30.217 a b -3.09737 13 0
0 0 61.2167 0 30.1867 a b -3.09684 13 0
0 0 61.2222 0 30.1578 a b -3.09582 13 0
0 0 61.2289 0 30.1353 a b -3.08695 13 0
0 0 61.2224 0 30.1082 a b -3.08056 13 0
0 0 61.2226 0 30.085 a b -3.07958 13 0
0 0 61.221 0 30.0521 a b -3.07993 13 0
0 0 61.2221 0 30.0254 a b -3.08143 13 0
0 0 61.226 0 30.0034 a b -3.08106 13 0
0 0 61.2262 0 29.9822 a b -3.07542 13 0
0 0 61.2206 0 29.952 a b -3.06926 13 0
0 0 61.2184 0 29.9211 a b -3.06857 13 0
0 0 61.2224 0 29.9004 a b -3.07227 13 0
0 0 61.2223 0 29.8734 a b -3.07018 13 0
0 0 61.2177 0 29.8509 a b -3.06477 13 0
0 0 61.2136 0 29.8227 a b -3.05988 13 0
0 0 61.217 0 29.7967 a b -3.06263 13 0
0 0 61.2122 0 29.7651 a b -3.06684 13 0
0 0 61.2116 0 29.7344 a b -3.06286 13 0
0 0 61.2159 0 29.7035 a b -3.05683 13 0
0 0 61.2134 0 29.6722 a b -3.0563 13 0
0 0 61.2119 0 29.6412 a b -3.0555 13 0
0 0 61.2092 0 29.611 a b -3.05747 13 0
0 0 61.2025 0 29.5809 a b -3.06213 13 0
0 0 61.2061 0 29.5513 a b -3.06714 13 0
0 0 61.2166 0 29.5143 a b -3.06684 13 0
0 0 61.2203 0 29.4834 a b -3.06448 13 0
0 0 61.2117 0 29.4529 a b -3.06371 13 0
0 0 61.21 0 29.4237 a b -3.06729 13 0
0 0 61.2079 0 29.4035 a b -3.07448 13 0
0 0 61.2109 0 29.3818 a b -3.07341 13 0
0 0 61.1999 0 29.3531 a b -3.06792 13 0
0 0 61.1952 0 29.3207 a b -3.0718 13 0
0 0 61.1978 0 29.3005 a b -3.07547 13 0
0 0 61.2003 0 29.2806 a b -3.07168 13 0
0 0 61.1982 0 29.2494 a b -3.06294 13 0
0 0 61.1878 0 29.2177 a b -3.06103 13 0
0 0 61.1838 0 29.1858 a b -3.06784 13 0
0 0 61.1814 0 29.1555 a b -3.0748 13 0
0 0 61.1913 0 29.1306 a b -3.07429 13 0
0 0 61.1936 0 29.1049 a b -3.06688 13 0
0 0 61.1895 0 29.0742 a b -3.05976 13 0
0 0 61.189 0 29.0355 a b -3.06625 13 0
0 0 61.1897 0 29.0017 a b -3.08328 13 0
0 0 61.1881 0 28.9708 a b -3.08965 13 0
0 0 61.1886 0 28.9425 a b -3.0854 13 0
0 0 61.1939 0 28.9177 a b -3.08594 13 0
0 0 61.1899 0 28.8934 a b -3.0891 13 0
0 0 61.19 0 28.8579 a b -3.08892 13 0
0 0 61.1826 0 28.8379 a b -3.09097 13 0
0 0 61.1765 0 28.8117 a b -3.09084 13 0
0 0 61.1834 0 28.7827 a b -3.09145 13 0
0 0 61.1892 0 28.7608 a b -3.09041 13 0
0 0 61.1878 0 28.7335 a b -3.0946 13 0
0 0 61.1806 0 28.6986 a b -3.09794 13 0
0 0 61.1729 0 28.6701 a b -3.1025 13 0
0 0 61.1625 0 28.637 a b -3.10532 13 0
0 0 61.1698 0 28.6097 a b -3.10503 13 0
0 0 61.176 0 28.5891 a b -3.1006 13 0
0 0 61.1867 0 28.5616 a b -3.10472 13 0
0 0 61.1914 0 28.5241 a b -3.11803 13 0
0 0 61.191 0 28.4879 a b -3.12647 13 0
0 0 61.1845 0 28.4554 a b -3.12446 13 0
0 0 61.1809 0 28.4338 a b -3.12429 13 0
0 0 61.1836 0 28.4012 a b -3.12795 13 0
0 0 61.1858 0 28.3708 a b -3.12739 13 0
0 0 61.1915 0 28.3517 a b -3.13088 13 0
0 0 61.1896 0 28.3254 a b -3.1325 13 0
0 0 61.1927 0 28.3025 a b -3.13459 13 0
0 0 61.1946 0 28.276 a b -3.13479 13 0
0 0 61.1914 0 28.2598 a b -3.13337 13 0
0 0 61.1914 0 28.2398 a b -3.13258 13 0
0 0 61.1973 0 28.2154 a b -3.13251 13 0
0 0 61.1969 0 28.1955 a b -3.13266 13 0
0 0 61.194 0 28.1706 a b -3.13295 13 0
0 0 61.1989 0 28.1394 a b -3.13252 13 0
0 0 61.2041 0 28.1025 a b -3.13204 13 0
0 0 61.203 0 28.074 a b -3.13223 13 0
0 0 61.2032 0 28.0406 a b -3.13385 13 0
0 0 61.2039 0 28.0001 a b -3.13392 13 0
0 0 61.2141 0 27.9467 a b -3.1334 13 0
0 0 61.2106 0 27.8915 a b -3.13694 13 0
0 0 61.2023 0 27.8509 a b 3.14004 13 0
0 0 61.2028 0 27.8079 a b 3.1405 13 0
0 0 61.2077 0 27.7625 a b 3.13815 13 0
0 0 61.2092 0 27.7239 a b 3.13832 13 0
0 0 61.212 0 27.7017 a b 3.14045 13 0
0 0 61.2115 0 27.6809 a b -3.14091 13 0
0 0 61.2105 0 27.6569 a b -3.13725 13 0
0 0 61.1988 0 27.6589 a b -3.13637 13 0
0 0 61.1973 0 27.6483 a b -3.14147 13 0
0 0 61.192 0 27.6401 a b 3.12446 13 0
0 0 61.1589 0 27.6407 a b -3.11979 13 0
0 0 61.1661 0 27.6368 a b -3.08564 13 0
