0 0 94.4084 0 62.2758 a b -3.13956 14 0
0 0 94.4142 0 62.2661 a b -3.13082 14 0
0 0 94.4111 0 62.253 a b -3.12494 14 0
0 0 94.4141 0 62.2259 a b -3.12638 14 0
0 0 94.4124 0 62.1917 a b -3.12647 14 0
0 0 94.4125 0 62.1499 a b -3.12996 14 0
0 0 94.4164 0 62.1159 a b -3.12923 14 0
0 0 94.4127 0 62.083 a b -3.13237 14 0
0 0 94.4057 0 62.0542 a b -3.13585 14 0
0 0 94.4121 0 62.0232 a b -3.13775 14 0
0 0 94.4219 0 61.9899 a b -3.13949 14 0
0 0 94.4229 0 61.9604 a b 3.13997 14 0
0 0 94.423 0 61.927 a b 3.13798 14 0
0 0 94.4254 0 61.9037 a b 3.13698 14 0
0 0 94.4287 0 61.8784 a b 3.13419 14 0
0 0 94.431 0 61.8552 a b 3.12881 14 0
0 0 94.4289 0 61.8281 a b 3.12916 14 0
0 0 94.4322 0 61.7958 a b 3.12792 14 0
0 0 94.4355 0 61.7717 a b 3.12405 14 0
0 0 94.4266 0 61.7476 a b 3.125 14 0
0 0 94.4332 0 61.7245 a b 3.11933 14 0
0 0 94.4322 0 61.6953 a b 3.11746 14 0
0 0 94.4328 0 61.6719 a b 3.11528 14 0
0 0 94.4297 0 61.6381 a b 3.11355 14 0
0 0 94.4244 0 61.6113 a b 3.11139 14 0
0 0 94.4194 0 61.5881 a b 3.10455 14 0
0 0 94.4242 0 61.563 a b 3.10051 14 0
0 0 94.4299 0 61.528 a b 3.09415 14 0
0 0 94.4353 0 61.4851 a b 3.0872 14 0
0 0 94.4331 0 61.4543 a b 3.08707 14 0
0 0 94.4313 0 61.443 a b 3.08687 14 0
0 0 94.4282 0 61.4099 a b 3.09203 14 0
0 0 94.4302 0 61.3845 a b 3.09948 14 0
0 0 94.434 0 61.3723 a b 3.09968 14 0
0 0 94.433 0 61.347 a b 3.09619 14 0
0 0 94.4376 0 61.3201 a b 3.09717 14 0
0 0 94.4352 0 61.2936 a b 3.09964 14 0
0 0 94.4307 0 61.2593 a b 3.10596 14 0
0 0 94.4348 0 61.2371 a b 3.109 14 0
0 0 94.4405 0 61.2074 a b 3.1122 14 0
0 0 94.4373 0 61.1858 a b 3.11314 14 0
0 0 94.4418 0 61.1643 a b 3.11382 14 0
0 0 94.4483 0 61.1416 a b 3.11611 14 0
0 0 94.4538 0 61.1095 a b 3.11915 14 0
0 0 94.4556 0 61.0844 a b 3.12011 14 0
0 0 94.4568 0 61.0474 a b 3.12429 14 0
0 0 94.4666 0 60.9941 a b 3.12475 14 0
0 0 94.4717 0 60.9548 a b 3.12875 14 0
0 0 94.4743 0 60.925 a b 3.13156 14 0
0 0 94.4716 0 60.8915 a b 3.1342 14 0
0 0 94.4711 0 60.8596 a b 3.13945 14 0
0 0 94.4797 0 60.8273 a b -3.13949 14 0
0 0 94.4806 0 60.7993 a b -3.13705 14 0
0 0 94.4797 0 60.7681 a b -3.13621 14 0
0 0 94.4831 0 60.7408 a b -3.13141 14 0
0 0 94.482 0 60.7118 a b -3.12581 14 0
0 0 94.4864 0 60.6842 a b -3.12226 14 0
0 0 94.4906 0 60.656 a b -3.11895 14 0
0 0 94.4836 0 60.6369 a b -3.11765 14 0
0 0 94.4801 0 60.6193 a b -3.11158 14 0
0 0 94.4859 0 60.5939 a b -3.10229 14 0
0 0 94.4902 0 60.5658 a b -3.094 14 0
0 0 94.4927 0 60.5319 a b -3.09046 14 0
0 0 94.4957 0 60.5009 a b -3.08936 14 0
0 0 94.4865 0 60.467 a b -3.08646 14 0
0 0 94.4859 0 60.4269 a b -3.0866 14 0
0 0 94.4905 0 60.3868 a b -3.087 14 0
0 0 94.4918 0 60.3554 a b -3.08752 14 0
0 0 94.4923 0 60.3247 a b -3.08784 14 0
0 0 94.4908 0 60.2917 a b -3.08871 14 0
0 0 94.4908 0 60.261 a b -3.0887 14 0
0 0 94.4877 0 60.2375 a b -3.0902 14 0
0 0 94.4894 0 60.2076 a b -3.0915 14 0
0 0 94.4861 0 60.1823 a b -3.09331 14 0
0 0 94.4875 0 60.1638 a b -3.09472 14 0
0 0 94.4859 0 60.1465 a b -3.09628 14 0
0 0 94.4831 0 60.1206 a b -3.09535 14 0
0 0 94.4894 0 60.0939 a b -3.09417 14 0
0 0 94.4915 0 60.0669 a b -3.09227 14 0
0 0 94.4856 0 60.0374 a b -3.09172 14 0
0 0 94.4774 0 60.0087 a b -3.09346 14 0
0 0 94.4771 0 59.9709 a b -3.0928 14 0
0 0 94.4744 0 59.9342 a b -3.09349 14 0
0 0 94.4745 0 59.9004 a b -3.09531 14 0
0 0 94.4793 0 59.8725 a b -3.0982 14 0
0 0 94.4788 0 59.842 a b -3.09518 14 0
0 0 94.4749 0 59.8136 a b -3.09338 14 0
0 0 94.4734 0 59.7839 a b -3.09678 14 0
0 0 94.4755 0 59.7611 a b -3.10283 14 0
0 0 94.4762 0 59.7391 a b -3.10564 14 0
0 0 94.4799 0 59.7237 a b -3.10641 14 0
0 0 94.4848 0 59.6953 a b -3.10493 14 0
0 0 94.4813 0 59.6698 a b -3.10083 14 0
0 0 94.4774 0 59.6469 a b -3.09867 14 0
0 0 94.4694 0 59.6186 a b -3.09589 14 0
0 0 94.4698 0 59.5939 a b -3.1026 14 0
0 0 94.4721 0 59.5681 a b -3.10994 14 0
0 0 94.4829 0 59.5215 a b -3.10966 14 0
0 0 94.4814 0 59.4808 a b -3.10351 14 0
0 0 94.4727 0 59.4543 a b -3.10076 14 0
0 0 94.4679 0 59.4248 a b -3.1051 14 0
0 0 94.4741 0 59.3862 a b -3.10668 14 0
0 0 94.4759 0 59.3441 a b -3.10642 14 0
0 0 94.4806 0 59.3126 a b -3.10385 14 0
0 0 94.4741 0 59.2864 a b -3.1012 14 0
0 0 94.4727 0 59.2559 a b -3.10099 14 0
0 0 94.4681 0 59.2266 a b -3.10593 14 0
0 0 94.4703 0 59.1973 a b -3.11198 14 0
0 0 94.4761 0 59.1678 a b -3.11132 14 0
0 0 94.4804 0 59.1431 a b -3.10481 14 0
0 0 94.4788 0 59.1209 a b -3.09943 14 0
0 0 94.478 0 59.1005 a b -3.09996 14 0
0 0 94.4758 0 59.0702 a b -3.10507 14 0
0 0 94.4758 0 59.0478 a b -3.11262 14 0
0 0 94.4713 0 59.0186 a b -3.11541 14 0
0 0 94.4682 0 58.9951 a b -3.11005 14 0
0 0 94.4646 0 58.9631 a b -3.10478 14 0
0 0 94.4659 0 58.9282 a b -3.10572 14 0
0 0 94.4711 0 58.8972 a b -3.10728 14 0
0 0 94.4722 0 58.8649 a b -3.11216 14 0
0 0 94.4766 0 58.833 a b -3.11198 14 0
0 0 94.4742 0 58.7997 a b -3.11184 14 0
0 0 94.4709 0 58.7688 a b -3.11114 14 0
0 0 94.4725 0 58.7386 a b -3.11444 14 0
0 0 94.4731 0 58.7109 a b -3.11941 14 0
0 0 94.4774 0 58.6754 a b -3.11895 14 0
0 0 94.4776 0 58.6511 a b -3.1175 14 0
0 0 94.4773 0 58.6249 a b -3.11662 14 0
0 0 94.4766 0 58.6022 a b -3.11702 14 0
0 0 94.4787 0 58.5763 a b -3.12207 14 0
0 0 94.4792 0 58.5498 a b -3.12576 14 0
0 0 94.4756 0 58.5172 a b -3.12711 14 0
0 0 94.4828 0 58.4895 a b -3.12452 14 0
0 0 94.48 0 58.4627 a b -3.1242 14 0
0 0 94.4775 0 58.4307 a b -3.12813 14 0
0 0 94.4776 0 58.3972 a b -3.13121 14 0
0 0 94.4783 0 58.3647 a b -3.13274 14 0
0 0 94.4731 0 58.3351 a b -3.13427 14 0
0 0 94.4716 0 58.3016 a b -3.13801 14 0
0 0 94.4767 0 58.2694 a b -3.13856 14 0
0 0 94.4788 0 58.244 a b -3.13977 14 0
0 0 94.4741 0 58.2159 a b -3.14116 14 0
0 0 94.4755 0 58.1875 a b 3.13903 14 0
0 0 94.4754 0 58.1581 a b 3.1378 14 0
0 0 94.4753 0 58.1317 a b 3.13726 14 0
0 0 94.4802 0 58.109 a b 3.13749 14 0
0 0 94.485 0 58.0871 a b 3.13515 14 0
0 0 94.4855 0 58.0599 a b 3.13025 14 0
0 0 94.4818 0 58.0346 a b 3.12638 14 0
0 0 94.4859 0 58.0022 a b 3.12217 14 0
0 0 94.4872 0 57.9694 a b 3.1181 14 0
0 0 94.4893 0 57.9397 a b 3.11328 14 0
0 0 94.4883 0 57.9095 a b 3.10808 14 0
0 0 94.485 0 57.8679 a b 3.10578 14 0
0 0 94.4906 0 57.8455 a b 3.10245 14 0
0 0 94.493 0 57.8212 a b 3.09897 14 0
0 0 94.4928 0 57.7927 a b 3.09636 14 0
0 0 94.5008 0 57.7566 a b 3.09469 14 0
0 0 94.503 0 57.73 a b 3.09425 14 0
0 0 94.4989 0 57.7064 a b 3.09668 14 0
0 0 94.4998 0 57.6823 a b 3.09649 14 0
0 0 94.5032 0 57.6604 a b 3.09416 14 0
0 0 94.5069 0 57.6394 a b 3.09197 14 0
0 0 94.5115 0 57.6173 a b 3.08929 14 0
0 0 94.5112 0 57.5927 a b 3.09113 14 0
0 0 94.5137 0 57.5678 a b 3.09433 14 0
0 0 94.5181 0 57.5355 a b 3.09996 14 0
0 0 94.5188 0 57.4974 a b 3.09908 14 0
0 0 94.5151 0 57.4684 a b 3.09853 14 0
0 0 94.5185 0 57.4368 a b 3.1022 14 0
0 0 94.5189 0 57.4057 a b 3.10525 14 0
0 0 94.5212 0 57.3704 a b 3.11182 14 0
0 0 94.5217 0 57.3381 a b 3.11701 14 0
0 0 94.5289 0 57.3081 a b 3.12053 14 0
0 0 94.5319 0 57.28 a b 3.12084 14 0
0 0 94.5297 0 57.2501 a b 3.12193 14 0
0 0 94.5215 0 57.2257 a b 3.12827 14 0
0 0 94.5272 0 57.2005 a b 3.1375 14 0
0 0 94.5283 0 57.1802 a b -3.13725 14 0
0 0 94.5352 0 57.1554 a b -3.12614 14 0
0 0 94.5413 0 57.1306 a b -3.11597 14 0
0 0 94.5393 0 57.1114 a b -3.10548 14 0
0 0 94.546 0 57.0925 a b -3.09493 14 0
0 0 94.5442 0 57.0628 a b -3.08029 14 0
0 0 94.5489 0 57.0237 a b -3.06608 14 0
0 0 94.542 0 56.9798 a b -3.05652 14 0
0 0 94.5393 0 56.9469 a b -3.05734 14 0
0 0 94.5355 0 56.9143 a b -3.05783 14 0
0 0 94.5358 0 56.8811 a b -3.06006 14 0
0 0 94.5376 0 56.8507 a b -3.05973 14 0
0 0 94.5354 0 56.8191 a b -3.05957 14 0
0 0 94.5358 0 56.7816 a b -3.05835 14 0
0 0 94.5316 0 56.749 a b -3.06089 14 0
0 0 94.5345 0 56.7241 a b -3.06383 14 0
0 0 94.5361 0 56.7083 a b -3.06104 14 0
0 0 94.5316 0 56.6872 a b -3.05784 14 0
0 0 94.5214 0 56.6652 a b -3.06311 14 0
0 0 94.5223 0 56.6384 a b -3.06955 14 0
0 0 94.5331 0 56.615 a b -3.06956 14 0
0 0 94.5347 0 56.591 a b -3.06381 14 0
0 0 94.5239 0 56.5581 a b -3.06248 14 0
0 0 94.5137 0 56.5384 a b -3.0716 14 0
0 0 94.5128 0 56.5211 a b -3.07831 14 0
0 0 94.5102 0 56.4791 a b -3.07358 14 0
0 0 94.5101 0 56.4314 a b -3.06379 14 0
0 0 94.5136 0 56.3925 a b -3.06227 14 0
0 0 94.515 0 56.3558 a b -3.06279 14 0
0 0 94.5113 0 56.3131 a b -3.06232 14 0
0 0 94.5076 0 56.2793 a b -3.06334 14 0
0 0 94.5087 0 56.2509 a b -3.06657 14 0
0 0 94.5154 0 56.2266 a b -3.07028 14 0
0 0 94.5094 0 56.1972 a b -3.06972 14 0
0 0 94.5091 0 56.1718 a b -3.06835 14 0
0 0 94.4992 0 56.1422 a b -3.0663 14 0
0 0 94.4981 0 56.1201 a b -3.06848 14 0
0 0 94.5062 0 56.0965 a b -3.06798 14 0
0 0 94.5131 0 56.0698 a b -3.06306 14 0
0 0 94.506 0 56.0478 a b -3.05548 14 0
0 0 94.4878 0 56.0177 a b -3.05855 14 0
0 0 94.4964 0 55.997 a b -3.07707 14 0
0 0 94.507 0 55.972 a b -3.07953 14 0
0 0 94.4974 0 55.9362 a b -3.0682 14 0
0 0 94.4887 0 55.8983 a b -3.06588 14 0
0 0 94.4872 0 55.8627 a b -3.06603 14 0
0 0 94.4834 0 55.8224 a b -3.06756 14 0
0 0 94.4824 0 55.792 a b -3.06629 14 0
0 0 94.4811 0 55.7601 a b -3.06442 14 0
0 0 94.4748 0 55.7299 a b -3.06639 14 0
0 0 94.4703 0 55.6957 a b -3.07034 14 0
0 0 94.4663 0 55.6707 a b -3.07544 14 0
0 0 94.4714 0 55.6445 a b -3.07525 14 0
0 0 94.4703 0 55.6205 a b -3.07229 14 0
0 0 94.4744 0 55.5992 a b -3.06935 14 0
0 0 94.483 0 55.5777 a b -3.06822 14 0
0 0 94.4773 0 55.5552 a b -3.06537 14 0
0 0 94.4677 0 55.5178 a b -3.0675 14 0
0 0 94.4661 0 55.4859 a b -3.08193 14 0
0 0 94.4816 0 55.4584 a b -3.08921 14 0
0 0 94.4789 0 55.4228 a b -3.08549 14 0
0 0 94.471 0 55.3815 a b -3.08556 14 0
0 0 94.4728 0 55.3438 a b -3.08516 14 0
0 0 94.4686 0 55.3133 a b -3.0875 14 0
0 0 94.4686 0 55.2815 a b -3.08859 14 0
0 0 94.4668 0 55.2499 a b -3.0891 14 0
0 0 94.4616 0 55.2223 a b -3.09255 14 0
0 0 94.4593 0 55.1959 a b -3.09475 14 0
0 0 94.4571 0 55.1642 a b -3.0954 14 0
0 0 94.4658 0 55.1408 a b -3.09768 14 0
0 0 94.4697 0 55.1186 a b -3.09991 14 0
0 0 94.4627 0 55.0952 a b -3.10371 14 0
0 0 94.4638 0 55.0717 a b -3.10562 14 0
0 0 94.4668 0 55.0484 a b -3.10887 14 0
0 0 94.4659 0 55.0181 a b -3.1133 14 0
0 0 94.4634 0 54.9906 a b -3.12024 14 0
0 0 94.468 0 54.9558 a b -3.12592 14 0
0 0 94.466 0 54.9224 a b -3.12997 14 0
0 0 94.4561 0 54.8864 a b -3.13713 14 0
0 0 94.454 0 54.8471 a b 3.13916 14 0
0 0 94.458 0 54.8138 a b 3.13536 14 0
0 0 94.4594 0 54.7801 a b 3.12993 14 0
0 0 94.458 0 54.7505 a b 3.12273 14 0
0 0 94.4589 0 54.7185 a b 3.11767 14 0
0 0 94.4639 0 54.6884 a b 3.11231 14 0
0 0 94.4638 0 54.6625 a b 3.10722 14 0
0 0 94.4596 0 54.641 a b 3.10448 14 0
0 0 94.4578 0 54.6225 a b 3.105 14 0
0 0 94.4675 0 54.6018 a b 3.10192 14 0
0 0 94.4717 0 54.5824 a b 3.09915 14 0
0 0 94.474 0 54.5648 a b 3.09312 14 0
0 0 94.4725 0 54.5425 a b 3.08741 14 0
0 0 94.4728 0 54.5136 a b 3.08777 14 0
0 0 94.4792 0 54.4842 a b 3.08565 14 0
0 0 94.4758 0 54.4547 a b 3.08282 14 0
0 0 94.478 0 54.4181 a b 3.08317 14 0
0 0 94.4773 0 54.3838 a b 3.08806 14 0
0 0 94.487 0 54.3515 a b 3.0921 14 0
0 0 94.4933 0 54.3174 a b 3.0921 14 0
0 0 94.4938 0 54.2755 a b 3.09384 14 0
0 0 94.4987 0 54.2483 a b 3.09378 14 0
0 0 94.4943 0 54.2169 a b 3.09608 14 0
0 0 94.5018 0 54.1873 a b 3.09741 14 0
0 0 94.5025 0 54.1568 a b 3.10163 14 0
0 0 94.51 0 54.1403 a b 3.10248 14 0
0 0 94.5119 0 54.1115 a b 3.10581 14 0
0 0 94.5113 0 54.0937 a b 3.10443 14 0
0 0 94.5133 0 54.0661 a b 3.10497 14 0
0 0 94.5126 0 54.044 a b 3.10725 14 0
0 0 94.5113 0 54.0212 a b 3.10754 14 0
0 0 94.5162 0 53.9979 a b 3.10869 14 0
0 0 94.5251 0 53.9502 a b 3.10972 14 0
0 0 94.5243 0 53.9249 a b 3.11377 14 0
0 0 94.526 0 53.8929 a b 3.11582 14 0
0 0 94.527 0 53.8576 a b 3.11697 14 0
0 0 94.5277 0 53.8273 a b 3.1194 14 0
0 0 94.5315 0 53.8011 a b 3.12113 14 0
0 0 94.5335 0 53.7685 a b 3.12501 14 0
0 0 94.5317 0 53.7333 a b 3.12726 14 0
0 0 94.5355 0 53.7082 a b 3.12885 14 0
0 0 94.5389 0 53.6829 a b 3.13032 14 0
0 0 94.5368 0 53.6559 a b 3.13323 14 0
0 0 94.5364 0 53.6267 a b 3.13397 14 0
0 0 94.5399 0 53.6055 a b 3.1388 14 0
0 0 94.5377 0 53.5775 a b -3.14107 14 0
0 0 94.5383 0 53.5528 a b -3.14095 14 0
0 0 94.5413 0 53.5291 a b -3.13766 14 0
0 0 94.5409 0 53.5006 a b -3.13436 14 0
0 0 94.5413 0 53.4738 a b -3.13655 14 0
0 0 94.5374 0 53.4496 a b -3.13506 14 0
0 0 94.5374 0 53.4148 a b -3.12906 14 0
0 0 94.5363 0 53.377 a b -3.12715 14 0
0 0 94.5374 0 53.3421 a b -3.12565 14 0
0 0 94.541 0 53.3144 a b -3.12334 14 0
0 0 94.5416 0 53.2817 a b -3.11793 14 0
0 0 94.538 0 53.2497 a b -3.11411 14 0
0 0 94.5324 0 53.2127 a b -3.11456 14 0
0 0 94.5364 0 53.1818 a b -3.11338 14 0
0 0 94.5373 0 53.1581 a b -3.11099 14 0
0 0 94.5361 0 53.1352 a b -3.10616 14 0
0 0 94.5287 0 53.1072 a b -3.10253 14 0
0 0 94.5316 0 53.0821 a b -3.1021 14 0
0 0 94.5409 0 53.0626 a b -3.10244 14 0
0 0 94.5438 0 53.0439 a b -3.09393 14 0
0 0 94.5374 0 53.0158 a b -3.0857 14 0
0 0 94.5382 0 52.988 a b -3.08351 14 0
0 0 94.5327 0 52.9593 a b -3.08755 14 0
0 0 94.5364 0 52.9391 a b -3.0813 14 0
0 0 94.5319 0 52.9083 a b -3.0758 14 0
0 0 94.5285 0 52.8751 a b -3.0718 14 0
0 0 94.5289 0 52.8398 a b -3.06746 14 0
0 0 94.5294 0 52.81 a b -3.06522 14 0
0 0 94.531 0 52.7837 a b -3.06013 14 0
0 0 94.5334 0 52.7594 a b -3.04898 14 0
0 0 94.5249 0 52.7261 a b -3.04182 14 0
0 0 94.5145 0 52.695 a b -3.04043 14 0
0 0 94.512 0 52.6726 a b -3.0458 14 0
0 0 94.5112 0 52.6478 a b -3.04935 14 0
0 0 94.5166 0 52.6269 a b -3.04725 14 0
0 0 94.5171 0 52.6012 a b -3.04682 14 0
0 0 94.5162 0 52.5751 a b -3.04753 14 0
0 0 94.5113 0 52.5435 a b -3.05136 14 0
0 0 94.5102 0 52.5104 a b -3.05336 14 0
0 0 94.5106 0 52.4716 a b -3.05102 14 0
0 0 94.5027 0 52.4315 a b -3.0494 14 0
0 0 94.5022 0 52.3942 a b -3.04999 14 0
0 0 94.4992 0 52.3612 a b -3.05215 14 0
0 0 94.4988 0 52.3286 a b -3.05167 14 0
0 0 94.4993 0 52.2986 a b -3.05121 14 0
0 0 94.4946 0 52.2649 a b -3.05343 14 0
0 0 94.4914 0 52.236 a b -3.0546 14 0
0 0 94.4903 0 52.2055 a b -3.05443 14 0
0 0 94.4888 0 52.1752 a b -3.05326 14 0
0 0 94.4884 0 52.1555 a b -3.05262 14 0
0 0 94.4841 0 52.1329 a b -3.05594 14 0
0 0 94.4841 0 52.103 a b -3.05774 14 0
0 0 94.485 0 52.076 a b -3.05457 14 0
0 0 94.4945 0 52.0561 a b -3.05143 14 0
0 0 94.4953 0 52.0319 a b -3.0559 14 0
0 0 94.4913 0 52.001 a b -3.06244 14 0
0 0 94.4847 0 51.9583 a b -3.06183 14 0
0 0 94.4798 0 51.9199 a b -3.06102 14 0
0 0 94.4793 0 51.8862 a b -3.06194 14 0
0 0 94.4786 0 51.846 a b -3.06112 14 0
0 0 94.4816 0 51.8135 a b -3.0583 14 0
0 0 94.4796 0 51.7833 a b -3.06004 14 0
0 0 94.4772 0 51.7515 a b -3.06525 14 0
0 0 94.4754 0 51.7156 a b -3.06725 14 0
0 0 94.472 0 51.6897 a b -3.06338 14 0
0 0 94.4692 0 51.6623 a b -3.06308 14 0
0 0 94.474 0 51.6441 a b -3.06506 14 0
0 0 94.4722 0 51.6202 a b -3.07086 14 0
0 0 94.4677 0 51.5924 a b -3.07388 14 0
0 0 94.4628 0 51.5669 a b -3.07023 14 0
0 0 94.4642 0 51.5468 a b -3.06457 14 0
0 0 94.467 0 51.528 a b -3.06232 14 0
0 0 94.4718 0 51.5088 a b -3.06798 14 0
0 0 94.4661 0 51.4756 a b -3.07531 14 0
0 0 94.4579 0 51.4377 a b -3.07416 14 0
0 0 94.4605 0 51.411 a b -3.07443 14 0
0 0 94.4597 0 51.3757 a b -3.07975 14 0
0 0 94.4566 0 51.3432 a b -3.08117 14 0
0 0 94.4604 0 51.313 a b -3.08441 14 0
0 0 94.4623 0 51.2846 a b -3.08762 14 0
0 0 94.4559 0 51.2562 a b -3.09164 14 0
0 0 94.4555 0 51.2285 a b -3.09452 14 0
0 0 94.4567 0 51.2073 a b -3.09726 14 0
0 0 94.4573 0 51.1794 a b -3.09871 14 0
0 0 94.4587 0 51.1574 a b -3.09885 14 0
0 0 94.4577 0 51.1329 a b -3.10287 14 0
0 0 94.4551 0 51.1083 a b -3.10754 14 0
0 0 94.4544 0 51.0817 a b -3.10915 14 0
0 0 94.4598 0 51.0555 a b -3.11168 14 0
0 0 94.4639 0 51.0241 a b -3.11844 14 0
0 0 94.4578 0 50.9923 a b -3.12784 14 0
0 0 94.4563 0 50.9494 a b -3.13284 14 0
0 0 94.4532 0 50.9121 a b -3.13756 14 0
0 0 94.4554 0 50.8773 a b 3.13842 14 0
0 0 94.4561 0 50.8412 a b 3.12963 14 0
0 0 94.4625 0 50.8049 a b 3.12105 14 0
0 0 94.4618 0 50.7734 a b 3.1132 14 0
0 0 94.4614 0 50.7461 a b 3.10635 14 0
0 0 94.4612 0 50.7198 a b 3.10094 14 0
0 0 94.4638 0 50.694 a b 3.09676 14 0
0 0 94.4641 0 50.6704 a b 3.08841 14 0
0 0 94.4643 0 50.6493 a b 3.08421 14 0
0 0 94.4643 0 50.6308 a b 3.08474 14 0
0 0 94.4688 0 50.6104 a b 3.08481 14 0
0 0 94.4748 0 50.5897 a b 3.07857 14 0
0 0 94.4794 0 50.5684 a b 3.06816 14 0
0 0 94.4802 0 50.5464 a b 3.05367 14 0
0 0 94.4751 0 50.5177 a b 3.04401 14 0
0 0 94.4735 0 50.4842 a b 3.04604 14 0
0 0 94.4783 0 50.4472 a b 3.05108 14 0
0 0 94.4788 0 50.4085 a b 3.05294 14 0
0 0 94.4831 0 50.3694 a b 3.05303 14 0
0 0 94.4883 0 50.3317 a b 3.05634 14 0
0 0 94.492 0 50.2964 a b 3.05763 14 0
0 0 94.4942 0 50.2672 a b 3.05757 14 0
0 0 94.4994 0 50.2403 a b 3.0578 14 0
0 0 94.5057 0 50.2117 a b 3.05874 14 0
0 0 94.5079 0 50.1905 a b 3.0615 14 0
0 0 94.5093 0 50.1699 a b 3.06341 14 0
0 0 94.5104 0 50.1482 a b 3.06685 14 0
0 0 94.5091 0 50.1254 a b 3.06741 14 0
0 0 94.5105 0 50.1059 a b 3.06717 14 0
0 0 94.5152 0 50.0868 a b 3.06699 14 0
0 0 94.5185 0 50.0643 a b 3.07027 14 0
0 0 94.5221 0 50.0374 a b 3.07418 14 0
0 0 94.5233 0 50.0033 a b 3.07414 14 0
0 0 94.5271 0 49.9666 a b 3.07124 14 0
0 0 94.5286 0 49.9322 a b 3.07393 14 0
0 0 94.5328 0 49.8957 a b 3.07535 14 0
0 0 94.5379 0 49.8604 a b 3.07714 14 0
0 0 94.5415 0 49.8262 a b 3.08225 14 0
0 0 94.5413 0 49.7888 a b 3.08594 14 0
0 0 94.543 0 49.7563 a b 3.08741 14 0
0 0 94.546 0 49.7266 a b 3.08542 14 0
0 0 94.5498 0 49.7032 a b 3.08488 14 0
0 0 94.5571 0 49.684 a b 3.09018 14 0
0 0 94.5554 0 49.6554 a b 3.09633 14 0
0 0 94.5527 0 49.626 a b 3.09708 14 0
0 0 94.5561 0 49.603 a b 3.09436 14 0
0 0 94.5604 0 49.5857 a b 3.0976 14 0
0 0 94.5588 0 49.5602 a b 3.1015 14 0
0 0 94.5599 0 49.5396 a b 3.10484 14 0
0 0 94.5604 0 49.5125 a b 3.10681 14 0
0 0 94.5604 0 49.4804 a b 3.10403 14 0
0 0 94.5659 0 49.449 a b 3.10405 14 0
0 0 94.5647 0 49.4141 a b 3.10665 14 0
0 0 94.5671 0 49.3765 a b 3.10934 14 0
0 0 94.5712 0 49.3377 a b 3.11189 14 0
0 0 94.5752 0 49.3071 a b 3.1164 14 0
0 0 94.5772 0 49.2718 a b 3.117 14 0
0 0 94.5802 0 49.2329 a b 3.11841 14 0
0 0 94.5812 0 49.1961 a b 3.11992 14 0
0 0 94.5818 0 49.1656 a b 3.12188 14 0
0 0 94.5809 0 49.1319 a b 3.12105 14 0
0 0 94.5813 0 49.1054 a b 3.12306 14 0
0 0 94.5833 0 49.0807 a b 3.12587 14 0
0 0 94.5818 0 49.0598 a b 3.12515 14 0
0 0 94.5853 0 49.0396 a b 3.12831 14 0
0 0 94.5879 0 49.0161 a b 3.13204 14 0
0 0 94.587 0 48.9964 a b 3.13297 14 0
0 0 94.5843 0 48.9691 a b 3.13034 14 0
0 0 94.5861 0 48.9406 a b 3.13239 14 0
0 0 94.5855 0 48.9126 a b 3.13632 14 0
0 0 94.585 0 48.8803 a b 3.14029 14 0
0 0 94.5844 0 48.8506 a b 3.14082 14 0
0 0 94.5865 0 48.8168 a b -3.13933 14 0
0 0 94.5879 0 48.7812 a b -3.13652 14 0
0 0 94.5895 0 48.7467 a b -3.13253 14 0
0 0 94.5883 0 48.7127 a b -3.13021 14 0
0 0 94.5886 0 48.6858 a b -3.12852 14 0
0 0 94.5927 0 48.6599 a b -3.12741 14 0
0 0 94.595 0 48.6333 a b -3.12798 14 0
0 0 94.5938 0 48.6099 a b -3.12728 14 0
0 0 94.5945 0 48.5882 a b -3.1208 14 0
0 0 94.5933 0 48.5642 a b -3.11364 14 0
0 0 94.5911 0 48.5439 a b -3.1144 14 0
0 0 94.5902 0 48.517 a b -3.12068 14 0
0 0 94.5884 0 48.4823 a b -3.12249 14 0
0 0 94.5887 0 48.4481 a b -3.11595 14 0
0 0 94.5914 0 48.4164 a b -3.10848 14 0
0 0 94.5908 0 48.3848 a b -3.10734 14 0
0 0 94.5897 0 48.3467 a b -3.10599 14 0
0 0 94.5904 0 48.3113 a b -3.10464 14 0
0 0 94.5892 0 48.2808 a b -3.10315 14 0
0 0 94.5875 0 48.2479 a b -3.09994 14 0
0 0 94.5881 0 48.2156 a b -3.09379 14 0
0 0 94.5874 0 48.1869 a b -3.09269 14 0
0 0 94.5875 0 48.1633 a b -3.09005 14 0
0 0 94.5879 0 48.1403 a b -3.09084 14 0
0 0 94.5875 0 48.1143 a b -3.0913 14 0
0 0 94.5869 0 48.0908 a b -3.08508 14 0
0 0 94.5893 0 48.0663 a b -3.07983 14 0
0 0 94.5907 0 48.0426 a b -3.07703 14 0
0 0 94.5911 0 48.0162 a b -3.07661 14 0
0 0 94.5832 0 47.9855 a b -3.08031 14 0
0 0 94.5774 0 47.9522 a b -3.07803 14 0
0 0 94.5739 0 47.9224 a b -3.07077 14 0
0 0 94.5734 0 47.8922 a b -3.06643 14 0
0 0 94.573 0 47.8595 a b -3.06352 14 0
0 0 94.5695 0 47.8251 a b -3.05901 14 0
0 0 94.5684 0 47.7921 a b -3.05506 14 0
0 0 94.5702 0 47.7599 a b -3.05081 14 0
0 0 94.5704 0 47.7312 a b -3.04617 14 0
0 0 94.5695 0 47.7075 a b -3.04221 14 0
0 0 94.567 0 47.6829 a b -3.04351 14 0
0 0 94.5651 0 47.6614 a b -3.04589 14 0
0 0 94.5638 0 47.6403 a b -3.04834 14 0
0 0 94.5635 0 47.6189 a b -3.04825 14 0
0 0 94.5638 0 47.5989 a b -3.04584 14 0
0 0 94.5606 0 47.571 a b -3.04666 14 0
0 0 94.5576 0 47.5393 a b -3.04819 14 0
0 0 94.5535 0 47.5083 a b -3.05204 14 0
0 0 94.5518 0 47.4765 a b -3.05562 14 0
0 0 94.5502 0 47.4458 a b -3.05507 14 0
0 0 94.5493 0 47.4111 a b -3.05439 14 0
0 0 94.553 0 47.3811 a b -3.05523 14 0
0 0 94.5512 0 47.3451 a b -3.0569 14 0
0 0 94.5508 0 47.3123 a b -3.05707 14 0
0 0 94.5462 0 47.2838 a b -3.05772 14 0
0 0 94.5448 0 47.2561 a b -3.05676 14 0
0 0 94.5459 0 47.227 a b -3.05772 14 0
0 0 94.545 0 47.2018 a b -3.05925 14 0
0 0 94.5453 0 47.1738 a b -3.06185 14 0
0 0 94.5445 0 47.1499 a b -3.06104 14 0
0 0 94.5416 0 47.1258 a b -3.06095 14 0
0 0 94.5416 0 47.1015 a b -3.06323 14 0
0 0 94.5398 0 47.0789 a b -3.06446 14 0
0 0 94.5409 0 47.0522 a b -3.06171 14 0
0 0 94.5416 0 47.0216 a b -3.06311 14 0
0 0 94.539 0 46.9912 a b -3.06826 14 0
0 0 94.5349 0 46.9591 a b -3.07094 14 0
0 0 94.53 0 46.9219 a b -3.07063 14 0
0 0 94.527 0 46.8848 a b -3.07155 14 0
0 0 94.5262 0 46.8493 a b -3.07163 14 0
0 0 94.526 0 46.8151 a b -3.07363 14 0
0 0 94.5237 0 46.7823 a b -3.07559 14 0
0 0 94.521 0 46.7547 a b -3.07376 14 0
0 0 94.5185 0 46.7239 a b -3.07426 14 0
0 0 94.5185 0 46.6972 a b -3.07656 14 0
0 0 94.5175 0 46.6732 a b -3.07757 14 0
0 0 94.5175 0 46.6459 a b -3.07578 14 0
0 0 94.5163 0 46.6197 a b -3.07608 14 0
0 0 94.5143 0 46.5974 a b -3.08036 14 0
0 0 94.5155 0 46.5756 a b -3.08358 14 0
0 0 94.517 0 46.5493 a b -3.07552 14 0
0 0 94.5162 0 46.5187 a b -3.06932 14 0
0 0 94.5121 0 46.4907 a b -3.0717 14 0
0 0 94.51 0 46.4602 a b -3.08096 14 0
0 0 94.5089 0 46.4268 a b -3.0879 14 0
0 0 94.5085 0 46.3922 a b -3.09001 14 0
0 0 94.5042 0 46.3578 a b -3.08952 14 0
0 0 94.5032 0 46.3235 a b -3.09189 14 0
0 0 94.5042 0 46.2896 a b -3.09654 14 0
0 0 94.5044 0 46.2581 a b -3.0976 14 0
0 0 94.5025 0 46.2253 a b -3.10095 14 0
0 0 94.5004 0 46.1945 a b -3.10187 14 0
0 0 94.5026 0 46.1681 a b -3.10282 14 0
0 0 94.5012 0 46.14 a b -3.10591 14 0
0 0 94.5024 0 46.1148 a b -3.10913 14 0
0 0 94.5017 0 46.0903 a b -3.11158 14 0
0 0 94.4992 0 46.0691 a b -3.11291 14 0
0 0 94.501 0 46.0488 a b -3.11258 14 0
0 0 94.4991 0 46.0263 a b -3.11186 14 0
0 0 94.4996 0 45.9992 a b -3.11665 14 0
0 0 94.4981 0 45.9718 a b -3.12331 14 0
0 0 94.5008 0 45.9348 a b -3.12914 14 0
0 0 94.4986 0 45.9008 a b -3.13364 14 0
0 0 94.5019 0 45.8663 a b 3.14112 14 0
0 0 94.5019 0 45.8345 a b 3.13635 14 0
0 0 94.5035 0 45.7996 a b 3.13005 14 0
0 0 94.5031 0 45.7655 a b 3.12208 14 0
0 0 94.508 0 45.7307 a b 3.11649 14 0
0 0 94.5121 0 45.7013 a b 3.11278 14 0
0 0 94.5137 0 45.674 a b 3.10816 14 0
0 0 94.5158 0 45.6471 a b 3.10463 14 0
0 0 94.5173 0 45.6187 a b 3.10221 14 0
0 0 94.5189 0 45.5925 a b 3.09892 14 0
0 0 94.5202 0 45.565 a b 3.09582 14 0
0 0 94.5226 0 45.54 a b 3.09599 14 0
0 0 94.5232 0 45.5175 a b 3.09699 14 0
0 0 94.5234 0 45.4959 a b 3.09329 14 0
0 0 94.5271 0 45.4731 a b 3.09241 14 0
0 0 94.5312 0 45.4511 a b 3.09339 14 0
0 0 94.5321 0 45.4239 a b 3.08646 14 0
0 0 94.5342 0 45.3915 a b 3.08388 14 0
0 0 94.538 0 45.3575 a b 3.08298 14 0
0 0 94.5409 0 45.3261 a b 3.07846 14 0
0 0 94.5422 0 45.2926 a b 3.07483 14 0
0 0 94.5429 0 45.2593 a b 3.07477 14 0
0 0 94.5445 0 45.2282 a b 3.07812 14 0
0 0 94.5498 0 45.1988 a b 3.0764 14 0
0 0 94.5536 0 45.1728 a b 3.07391 14 0
0 0 94.5556 0 45.1463 a b 3.07409 14 0
0 0 94.5569 0 45.1201 a b 3.07966 14 0
0 0 94.5564 0 45.0953 a b 3.08311 14 0
0 0 94.5557 0 45.074 a b 3.08373 14 0
0 0 94.5567 0 45.0505 a b 3.08369 14 0
0 0 94.5596 0 45.029 a b 3.08632 14 0
0 0 94.5641 0 45.0054 a b 3.09236 14 0
0 0 94.5721 0 44.9849 a b 3.09495 14 0
0 0 94.5768 0 44.9571 a b 3.09196 14 0
0 0 94.5777 0 44.9239 a b 3.08975 14 0
0 0 94.5758 0 44.8928 a b 3.09389 14 0
0 0 94.5755 0 44.8577 a b 3.098 14 0
0 0 94.5776 0 44.8224 a b 3.09945 14 0
0 0 94.5774 0 44.7859 a b 3.1011 14 0
0 0 94.579 0 44.7537 a b 3.10382 14 0
0 0 94.5809 0 44.7199 a b 3.10579 14 0
0 0 94.5829 0 44.6873 a b 3.10718 14 0
0 0 94.5856 0 44.6574 a b 3.10765 14 0
0 0 94.5868 0 44.6305 a b 3.11146 14 0
0 0 94.5902 0 44.6041 a b 3.11416 14 0
0 0 94.5941 0 44.5822 a b 3.11178 14 0
0 0 94.595 0 44.5612 a b 3.11065 14 0
0 0 94.5933 0 44.5362 a b 3.11668 14 0
0 0 94.5971 0 44.5136 a b 3.12428 14 0
0 0 94.6013 0 44.4908 a b 3.12822 14 0
0 0 94.6056 0 44.4651 a b 3.12721 14 0
0 0 94.6055 0 44.4346 a b 3.12505 14 0
0 0 94.6052 0 44.4071 a b 3.12538 14 0
0 0 94.6041 0 44.3757 a b 3.12947 14 0
0 0 94.6062 0 44.3452 a b 3.1332 14 0
0 0 94.6091 0 44.3143 a b 3.13534 14 0
0 0 94.6088 0 44.2843 a b 3.13684 14 0
0 0 94.6092 0 44.2541 a b 3.13918 14 0
0 0 94.6089 0 44.2217 a b -3.1408 14 0
0 0 94.6109 0 44.1929 a b -3.13866 14 0
0 0 94.6138 0 44.1666 a b -3.13499 14 0
0 0 94.616 0 44.1391 a b -3.13263 14 0
0 0 94.6151 0 44.1106 a b -3.12953 14 0
0 0 94.616 0 44.0825 a b -3.12687 14 0
0 0 94.6145 0 44.0538 a b -3.12448 14 0
0 0 94.6159 0 44.0247 a b -3.11965 14 0
0 0 94.6178 0 43.994 a b -3.1166 14 0
0 0 94.613 0 43.9641 a b -3.11378 14 0
0 0 94.6124 0 43.9272 a b -3.11057 14 0
0 0 94.6155 0 43.894 a b -3.10685 14 0
0 0 94.6153 0 43.8626 a b -3.10317 14 0
0 0 94.6146 0 43.8318 a b -3.09835 14 0
0 0 94.617 0 43.7979 a b -3.09416 14 0
0 0 94.6183 0 43.7708 a b -3.09398 14 0
0 0 94.6174 0 43.7454 a b -3.09068 14 0
0 0 94.6144 0 43.7196 a b -3.08337 14 0
0 0 94.613 0 43.6927 a b -3.07871 14 0
0 0 94.6138 0 43.6658 a b -3.08051 14 0
0 0 94.6145 0 43.6421 a b -3.08143 14 0
0 0 94.6137 0 43.6188 a b -3.07966 14 0
0 0 94.6156 0 43.593 a b -3.07611 14 0
0 0 94.6161 0 43.5664 a b -3.0735 14 0
0 0 94.6134 0 43.5392 a b -3.07326 14 0
0 0 94.6104 0 43.511 a b -3.07511 14 0
0 0 94.6082 0 43.4817 a b -3.07795 14 0
0 0 94.6066 0 43.4515 a b -3.07744 14 0
0 0 94.6048 0 43.417 a b -3.0743 14 0
0 0 94.6014 0 43.3808 a b -3.07322 14 0
0 0 94.601 0 43.3443 a b -3.07487 14 0
0 0 94.5993 0 43.3124 a b -3.07621 14 0
0 0 94.597 0 43.2832 a b -3.07299 14 0
0 0 94.595 0 43.2555 a b -3.06983 14 0
0 0 94.592 0 43.2286 a b -3.06998 14 0
0 0 94.5907 0 43.2035 a b -3.07126 14 0
0 0 94.5945 0 43.1784 a b -3.07355 14 0
0 0 94.5954 0 43.1563 a b -3.07191 14 0
0 0 94.5951 0 43.1336 a b -3.06775 14 0
0 0 94.592 0 43.1098 a b -3.06333 14 0
0 0 94.5873 0 43.0832 a b -3.06175 14 0
0 0 94.584 0 43.0576 a b -3.06458 14 0
0 0 94.5809 0 43.0268 a b -3.06974 14 0
0 0 94.5836 0 42.9947 a b -3.07156 14 0
0 0 94.582 0 42.9587 a b -3.06864 14 0
0 0 94.5815 0 42.9187 a b -3.06916 14 0
0 0 94.5789 0 42.8802 a b -3.07085 14 0
0 0 94.5746 0 42.8422 a b -3.07453 14 0
0 0 94.574 0 42.8038 a b -3.07955 14 0
0 0 94.5766 0 42.7686 a b -3.08241 14 0
0 0 94.5763 0 42.7356 a b -3.08361 14 0
0 0 94.5768 0 42.7048 a b -3.08529 14 0
0 0 94.5733 0 42.6793 a b -3.08646 14 0
0 0 94.5716 0 42.6548 a b -3.09044 14 0
0 0 94.5709 0 42.6328 a b -3.09627 14 0
0 0 94.5715 0 42.6141 a b -3.10256 14 0
0 0 94.5691 0 42.5961 a b -3.10652 14 0
0 0 94.5684 0 42.5765 a b -3.11244 14 0
0 0 94.5671 0 42.5574 a b -3.11966 14 0
0 0 94.5683 0 42.5367 a b -3.12524 14 0
0 0 94.5696 0 42.512 a b -3.13165 14 0
0 0 94.5686 0 42.4845 a b -3.13438 14 0
0 0 94.5704 0 42.4499 a b -3.13545 14 0
0 0 94.5689 0 42.4177 a b -3.13239 14 0
0 0 94.5686 0 42.381 a b -3.13048 14 0
0 0 94.573 0 42.3456 a b -3.12749 14 0
0 0 94.5752 0 42.3103 a b -3.12497 14 0
0 0 94.5744 0 42.2766 a b -3.12224 14 0
0 0 94.5771 0 42.2426 a b -3.12011 14 0
0 0 94.5761 0 42.207 a b -3.1187 14 0
0 0 94.5742 0 42.1728 a b -3.11538 14 0
0 0 94.5745 0 42.1459 a b -3.1119 14 0
0 0 94.576 0 42.1211 a b -3.11127 14 0
0 0 94.5774 0 42.0958 a b -3.10969 14 0
0 0 94.575 0 42.073 a b -3.1071 14 0
0 0 94.5742 0 42.0489 a b -3.10354 14 0
0 0 94.5775 0 42.028 a b -3.10053 14 0
0 0 94.5773 0 42.0046 a b -3.10026 14 0
0 0 94.5738 0 41.978 a b -3.09859 14 0
0 0 94.5726 0 41.9499 a b -3.09646 14 0
0 0 94.5716 0 41.9212 a b -3.0953 14 0
0 0 94.5701 0 41.8871 a b -3.09461 14 0
0 0 94.5677 0 41.8532 a b -3.08983 14 0
0 0 94.569 0 41.8222 a b -3.08524 14 0
0 0 94.5698 0 41.7901 a b -3.08266 14 0
0 0 94.5685 0 41.7575 a b -3.08186 14 0
0 0 94.565 0 41.7237 a b -3.07976 14 0
0 0 94.5617 0 41.6892 a b -3.07654 14 0
0 0 94.5587 0 41.6564 a b -3.06955 14 0
0 0 94.5625 0 41.6272 a b -3.06435 14 0
0 0 94.5649 0 41.5993 a b -3.06342 14 0
0 0 94.5648 0 41.5747 a b -3.06367 14 0
0 0 94.5617 0 41.5477 a b -3.06067 14 0
0 0 94.5652 0 41.524 a b -3.05489 14 0
0 0 94.5685 0 41.5039 a b -3.05242 14 0
0 0 94.5687 0 41.4805 a b -3.05413 14 0
0 0 94.565 0 41.4554 a b -3.05652 14 0
0 0 94.5637 0 41.4272 a b -3.05786 14 0
0 0 94.563 0 41.3969 a b -3.05835 14 0
0 0 94.5599 0 41.3675 a b -3.05899 14 0
0 0 94.5576 0 41.3393 a b -3.05983 14 0
0 0 94.5555 0 41.3111 a b -3.06085 14 0
0 0 94.5539 0 41.2853 a b -3.06059 14 0
0 0 94.5531 0 41.2601 a b -3.06187 14 0
0 0 94.5504 0 41.2365 a b -3.06268 14 0
0 0 94.5485 0 41.2096 a b -3.06317 14 0
0 0 94.546 0 41.1856 a b -3.06264 14 0
0 0 94.5473 0 41.1597 a b -3.06339 14 0
0 0 94.5453 0 41.1315 a b -3.06511 14 0
0 0 94.5463 0 41.1012 a b -3.06562 14 0
0 0 94.5473 0 41.0716 a b -3.06671 14 0
0 0 94.543 0 41.0399 a b -3.07074 14 0
0 0 94.5355 0 41.006 a b -3.0732 14 0
0 0 94.5337 0 40.9692 a b -3.07116 14 0
0 0 94.5332 0 40.9355 a b -3.07351 14 0
0 0 94.5313 0 40.9009 a b -3.07399 14 0
0 0 94.5319 0 40.8698 a b -3.07347 14 0
0 0 94.5334 0 40.8379 a b -3.07563 14 0
0 0 94.5336 0 40.8085 a b -3.07846 14 0
0 0 94.5331 0 40.7805 a b -3.07917 14 0
0 0 94.5341 0 40.7517 a b -3.07954 14 0
0 0 94.5311 0 40.7254 a b -3.08082 14 0
0 0 94.5274 0 40.7005 a b -3.08088 14 0
0 0 94.5295 0 40.6748 a b -3.07977 14 0
0 0 94.5323 0 40.6482 a b -3.08141 14 0
0 0 94.5301 0 40.6228 a b -3.08336 14 0
0 0 94.5289 0 40.5939 a b -3.08384 14 0
0 0 94.5277 0 40.5649 a b -3.08521 14 0
0 0 94.5267 0 40.534 a b -3.08635 14 0
0 0 94.5244 0 40.5035 a b -3.08677 14 0
0 0 94.5242 0 40.4676 a b -3.08803 14 0
0 0 94.5238 0 40.4352 a b -3.08985 14 0
0 0 94.5225 0 40.4028 a b -3.0907 14 0
0 0 94.5226 0 40.3716 a b -3.09051 14 0
0 0 94.5229 0 40.3417 a b -3.09219 14 0
0 0 94.5226 0 40.3138 a b -3.09387 14 0
0 0 94.5217 0 40.2858 a b -3.09387 14 0
0 0 94.5209 0 40.2589 a b -3.09532 14 0
0 0 94.5195 0 40.2315 a b -3.09609 14 0
0 0 94.521 0 40.2038 a b -3.09735 14 0
0 0 94.5227 0 40.1757 a b -3.0993 14 0
0 0 94.5236 0 40.1486 a b -3.10037 14 0
0 0 94.522 0 40.1196 a b -3.10029 14 0
0 0 94.5217 0 40.0895 a b -3.10193 14 0
0 0 94.5218 0 40.0603 a b -3.10378 14 0
0 0 94.5219 0 40.0283 a b -3.10451 14 0
0 0 94.5221 0 39.9956 a b -3.10541 14 0
0 0 94.522 0 39.963 a b -3.10748 14 0
0 0 94.5213 0 39.9284 a b -3.1112 14 0
0 0 94.5215 0 39.8957 a b -3.11385 14 0
0 0 94.5223 0 39.8642 a b -3.11728 14 0
0 0 94.5211 0 39.8322 a b -3.12165 14 0
0 0 94.5174 0 39.8038 a b -3.12676 14 0
0 0 94.5166 0 39.7776 a b -3.13022 14 0
0 0 94.5202 0 39.7524 a b -3.13275 14 0
0 0 94.5232 0 39.727 a b -3.13285 14 0
0 0 94.5229 0 39.7037 a b -3.13384 14 0
0 0 94.525 0 39.6823 a b -3.1358 14 0
0 0 94.5263 0 39.6594 a b -3.13926 14 0
0 0 94.5267 0 39.6381 a b -3.14045 14 0
0 0 94.5274 0 39.613 a b -3.14049 14 0
0 0 94.526 0 39.5867 a b -3.14017 14 0
0 0 94.527 0 39.5599 a b -3.14158 14 0
0 0 94.529 0 39.5311 a b -3.14133 14 0
0 0 94.5285 0 39.499 a b 3.13903 14 0
0 0 94.5308 0 39.4581 a b 3.13471 14 0
0 0 94.5321 0 39.4209 a b 3.12981 14 0
0 0 94.5327 0 39.3836 a b 3.12445 14 0
0 0 94.5338 0 39.3494 a b 3.12027 14 0
0 0 94.5364 0 39.313 a b 3.11864 14 0
0 0 94.5343 0 39.2806 a b 3.11657 14 0
0 0 94.5328 0 39.2521 a b 3.11137 14 0
0 0 94.5314 0 39.2247 a b 3.09999 14 0
0 0 94.5381 0 39.1983 a b 3.09208 14 0
0 0 94.5408 0 39.1739 a b 3.08814 14 0
0 0 94.5415 0 39.1529 a b 3.08328 14 0
0 0 94.5414 0 39.1312 a b 3.07384 14 0
0 0 94.5422 0 39.1116 a b 3.06468 14 0
0 0 94.5454 0 39.0892 a b 3.05864 14 0
0 0 94.5485 0 39.0682 a b 3.05703 14 0
0 0 94.5519 0 39.0429 a b 3.05697 14 0
0 0 94.5565 0 39.0146 a b 3.05786 14 0
0 0 94.5626 0 38.9852 a b 3.06096 14 0
0 0 94.5672 0 38.9534 a b 3.06261 14 0
0 0 94.5709 0 38.9205 a b 3.06568 14 0
0 0 94.5718 0 38.8853 a b 3.06666 14 0
0 0 94.5725 0 38.8501 a b 3.06676 14 0
0 0 94.5744 0 38.8165 a b 3.07101 14 0
0 0 94.5783 0 38.7834 a b 3.07276 14 0
0 0 94.5831 0 38.7486 a b 3.07423 14 0
0 0 94.5857 0 38.7133 a b 3.07837 14 0
0 0 94.5888 0 38.6849 a b 3.08188 14 0
0 0 94.5923 0 38.6578 a b 3.08051 14 0
0 0 94.5949 0 38.6313 a b 3.08169 14 0
0 0 94.5967 0 38.6099 a b 3.08526 14 0
0 0 94.6001 0 38.586 a b 3.08874 14 0
0 0 94.6016 0 38.564 a b 3.09336 14 0
0 0 94.6045 0 38.5422 a b 3.0989 14 0
0 0 94.6042 0 38.5194 a b 3.0988 14 0
0 0 94.6049 0 38.4928 a b 3.09797 14 0
0 0 94.6047 0 38.465 a b 3.10008 14 0
0 0 94.6074 0 38.4333 a b 3.10642 14 0
0 0 94.6088 0 38.3984 a b 3.10906 14 0
0 0 94.6127 0 38.3612 a b 3.11144 14 0
0 0 94.6132 0 38.3239 a b 3.11369 14 0
0 0 94.6151 0 38.2895 a b 3.11744 14 0
0 0 94.6167 0 38.2553 a b 3.12083 14 0
0 0 94.6184 0 38.2222 a b 3.12365 14 0
0 0 94.6191 0 38.19 a b 3.12594 14 0
0 0 94.6218 0 38.1593 a b 3.13083 14 0
0 0 94.6228 0 38.1329 a b 3.13713 14 0
0 0 94.6238 0 38.1097 a b 3.13976 14 0
0 0 94.6245 0 38.0884 a b 3.13725 14 0
0 0 94.6235 0 38.0667 a b 3.13523 14 0
0 0 94.6239 0 38.045 a b -3.13984 14 0
0 0 94.6261 0 38.0281 a b -3.13148 14 0
0 0 94.63 0 38.0086 a b -3.12929 14 0
0 0 94.6305 0 37.9874 a b -3.13059 14 0
0 0 94.627 0 37.9619 a b -3.12993 14 0
0 0 94.6262 0 37.9296 a b -3.12411 14 0
0 0 94.6274 0 37.8974 a b -3.11901 14 0
0 0 94.628 0 37.8615 a b -3.11388 14 0
0 0 94.6272 0 37.8254 a b -3.10375 14 0
0 0 94.6275 0 37.7896 a b -3.09244 14 0
0 0 94.6304 0 37.7582 a b -3.08425 14 0
0 0 94.6325 0 37.7237 a b -3.08314 14 0
0 0 94.6316 0 37.6919 a b -3.0845 14 0
0 0 94.631 0 37.6633 a b -3.07981 14 0
0 0 94.6327 0 37.6333 a b -3.07322 14 0
0 0 94.6361 0 37.6052 a b -3.06859 14 0
0 0 94.6365 0 37.5785 a b -3.06972 14 0
0 0 94.6346 0 37.5557 a b -3.07151 14 0
0 0 94.633 0 37.535 a b -3.06777 14 0
0 0 94.6371 0 37.5121 a b -3.06068 14 0
0 0 94.6392 0 37.4882 a b -3.06073 14 0
0 0 94.6353 0 37.4605 a b -3.06507 14 0
0 0 94.6343 0 37.4348 a b -3.06493 14 0
0 0 94.6324 0 37.4024 a b -3.0652 14 0
0 0 94.6299 0 37.3711 a b -3.06466 14 0
0 0 94.6287 0 37.336 a b -3.06671 14 0
0 0 94.6272 0 37.3036 a b -3.0707 14 0
0 0 94.6233 0 37.2711 a b -3.07073 14 0
0 0 94.6231 0 37.2384 a b -3.07086 14 0
0 0 94.6239 0 37.2029 a b -3.0736 14 0
0 0 94.6222 0 37.1712 a b -3.0746 14 0
0 0 94.6198 0 37.1371 a b -3.07714 14 0
0 0 94.619 0 37.1063 a b -3.08024 14 0
0 0 94.62 0 37.0805 a b -3.08178 14 0
0 0 94.6228 0 37.0573 a b -3.08076 14 0
0 0 94.6233 0 37.0349 a b -3.07822 14 0
0 0 94.6241 0 37.0095 a b -3.07454 14 0
0 0 94.6232 0 36.9863 a b -3.08141 14 0
0 0 94.6192 0 36.9612 a b -3.09199 14 0
0 0 94.6158 0 36.9374 a b -3.09444 14 0
0 0 94.6128 0 36.9034 a b -3.09155 14 0
0 0 94.6122 0 36.8734 a b -3.09034 14 0
0 0 94.613 0 36.8405 a b -3.09021 14 0
0 0 94.6137 0 36.8068 a b -3.0945 14 0
0 0 94.6145 0 36.7706 a b -3.10083 14 0
0 0 94.6136 0 36.7366 a b -3.10427 14 0
0 0 94.6133 0 36.7018 a b -3.10666 14 0
0 0 94.6116 0 36.6686 a b -3.1093 14 0
0 0 94.6122 0 36.6355 a b -3.11341 14 0
0 0 94.6106 0 36.6065 a b -3.11276 14 0
0 0 94.6112 0 36.577 a b -3.11302 14 0
0 0 94.6113 0 36.5499 a b -3.11635 14 0
0 0 94.6131 0 36.5235 a b -3.12084 14 0
0 0 94.6136 0 36.5002 a b -3.11953 14 0
0 0 94.6133 0 36.4782 a b -3.11912 14 0
0 0 94.6109 0 36.4583 a b -3.12203 14 0
0 0 94.6103 0 36.4326 a b -3.12376 14 0
0 0 94.6097 0 36.4033 a b -3.12563 14 0
0 0 94.6106 0 36.3725 a b -3.1279 14 0
0 0 94.6105 0 36.3404 a b -3.13074 14 0
0 0 94.6129 0 36.3099 a b -3.1324 14 0
0 0 94.6133 0 36.2791 a b -3.13366 14 0
0 0 94.6143 0 36.2488 a b -3.13658 14 0
0 0 94.6131 0 36.217 a b -3.13995 14 0
0 0 94.6141 0 36.1866 a b 3.1414 14 0
0 0 94.6182 0 36.1558 a b 3.14032 14 0
0 0 94.6175 0 36.1272 a b 3.13765 14 0
0 0 94.6198 0 36.0986 a b 3.13569 14 0
0 0 94.6198 0 36.0693 a b 3.13317 14 0
0 0 94.6203 0 36.0442 a b 3.13166 14 0
0 0 94.6229 0 36.0206 a b 3.12999 14 0
0 0 94.6257 0 35.9944 a b 3.12863 14 0
0 0 94.6239 0 35.9661 a b 3.1258 14 0
0 0 94.6228 0 35.9422 a b 3.12493 14 0
0 0 94.6223 0 35.9112 a b 3.1233 14 0
0 0 94.6228 0 35.8816 a b 3.11953 14 0
0 0 94.6238 0 35.8536 a b 3.1189 14 0
0 0 94.6239 0 35.8242 a b 3.11972 14 0
0 0 94.6253 0 35.7961 a b 3.11917 14 0
0 0 94.6262 0 35.7672 a b 3.11698 14 0
0 0 94.6278 0 35.7412 a b 3.11469 14 0
0 0 94.6318 0 35.7145 a b 3.115 14 0
0 0 94.6332 0 35.6894 a b 3.11894 14 0
0 0 94.635 0 35.6621 a b 3.12109 14 0
0 0 94.6369 0 35.6335 a b 3.1229 14 0
0 0 94.6398 0 35.6082 a b 3.12418 14 0
0 0 94.6436 0 35.5848 a b 3.12435 14 0
0 0 94.6436 0 35.5607 a b 3.12459 14 0
0 0 94.6452 0 35.535 a b 3.1266 14 0
0 0 94.6481 0 35.5077 a b 3.13088 14 0
0 0 94.6511 0 35.4756 a b 3.13393 14 0
0 0 94.6514 0 35.4434 a b 3.13638 14 0
0 0 94.6512 0 35.4114 a b 3.13873 14 0
0 0 94.6515 0 35.3788 a b 3.13959 14 0
0 0 94.6512 0 35.347 a b 3.14083 14 0
0 0 94.6509 0 35.3138 a b -3.13945 14 0
0 0 94.6515 0 35.2859 a b -3.13609 14 0
0 0 94.6508 0 35.2583 a b -3.13293 14 0
0 0 94.6529 0 35.2308 a b -3.13177 14 0
0 0 94.6557 0 35.2022 a b -3.13022 14 0
0 0 94.6564 0 35.1724 a b -3.12805 14 0
0 0 94.6563 0 35.1493 a b -3.12459 14 0
0 0 94.6565 0 35.1231 a b -3.12301 14 0
0 0 94.6589 0 35.0954 a b -3.12113 14 0
0 0 94.6612 0 35.0704 a b -3.11768 14 0
0 0 94.6625 0 35.0438 a b -3.11515 14 0
0 0 94.6645 0 35.018 a b -3.11372 14 0
0 0 94.6606 0 34.9873 a b -3.11266 14 0
0 0 94.6568 0 34.9581 a b -3.10849 14 0
0 0 94.6552 0 34.9264 a b -3.10534 14 0
0 0 94.653 0 34.8945 a b -3.10217 14 0
0 0 94.6534 0 34.8625 a b -3.0986 14 0
0 0 94.654 0 34.8302 a b -3.09569 14 0
0 0 94.6537 0 34.7998 a b -3.09225 14 0
0 0 94.6537 0 34.77 a b -3.08941 14 0
0 0 94.6552 0 34.744 a b -3.08464 14 0
0 0 94.653 0 34.7156 a b -3.08078 14 0
0 0 94.6517 0 34.6872 a b -3.07638 14 0
0 0 94.6513 0 34.6595 a b -3.07487 14 0
0 0 94.6503 0 34.6339 a b -3.07505 14 0
0 0 94.6487 0 34.6106 a b -3.07176 14 0
0 0 94.65 0 34.5869 a b -3.0644 14 0
0 0 94.6534 0 34.5616 a b -3.05616 14 0
0 0 94.6601 0 34.5362 a b -3.05652 14 0
0 0 94.6574 0 34.5143 a b -3.06272 14 0
0 0 94.6471 0 34.4863 a b -3.06646 14 0
0 0 94.6393 0 34.4557 a b -3.05842 14 0
0 0 94.6384 0 34.4251 a b -3.05008 14 0
0 0 94.6391 0 34.3922 a b -3.04539 14 0
0 0 94.6384 0 34.3587 a b -3.04573 14 0
0 0 94.6369 0 34.3271 a b -3.04871 14 0
0 0 94.6339 0 34.2956 a b -3.0495 14 0
0 0 94.6315 0 34.2655 a b -3.04533 14 0
0 0 94.6363 0 34.2338 a b -3.04252 14 0
0 0 94.6377 0 34.2055 a b -3.04558 14 0
0 0 94.6321 0 34.1801 a b -3.05088 14 0
0 0 94.6239 0 34.1578 a b -3.04786 14 0
0 0 94.6263 0 34.1315 a b -3.03978 14 0
0 0 94.6316 0 34.1049 a b -3.03696 14 0
0 0 94.6375 0 34.0749 a b -3.04076 14 0
0 0 94.6365 0 34.0491 a b -3.04802 14 0
0 0 94.6302 0 34.0274 a b -3.05325 14 0
0 0 94.623 0 33.9989 a b -3.05054 14 0
0 0 94.6192 0 33.9644 a b -3.04519 14 0
0 0 94.6169 0 33.9275 a b -3.04648 14 0
0 0 94.6131 0 33.8951 a b -3.04853 14 0
0 0 94.6098 0 33.8614 a b -3.04741 14 0
0 0 94.6104 0 33.826 a b -3.04667 14 0
0 0 94.6082 0 33.7931 a b -3.04559 14 0
0 0 94.6066 0 33.7633 a b -3.04576 14 0
0 0 94.606 0 33.733 a b -3.04622 14 0
0 0 94.6031 0 33.7015 a b -3.04846 14 0
0 0 94.6023 0 33.68 a b -3.05036 14 0
0 0 94.6014 0 33.656 a b -3.04826 14 0
0 0 94.6009 0 33.6304 a b -3.04382 14 0
0 0 94.6003 0 33.6054 a b -3.0426 14 0
0 0 94.602 0 33.5868 a b -3.04365 14 0
0 0 94.6004 0 33.5581 a b -3.04709 14 0
0 0 94.5964 0 33.5313 a b -3.05073 14 0
0 0 94.5941 0 33.5089 a b -3.05095 14 0
0 0 94.5891 0 33.4726 a b -3.04786 14 0
0 0 94.5817 0 33.4325 a b -3.04847 14 0
0 0 94.5823 0 33.4002 a b -3.04988 14 0
0 0 94.5812 0 33.3674 a b -3.04729 14 0
0 0 94.5773 0 33.3326 a b -3.04421 14 0
0 0 94.576 0 33.3001 a b -3.04342 14 0
0 0 94.5746 0 33.2683 a b -3.04518 14 0
0 0 94.5743 0 33.2401 a b -3.04524 14 0
0 0 94.5715 0 33.2123 a b -3.04505 14 0
0 0 94.5696 0 33.1871 a b -3.04564 14 0
0 0 94.5678 0 33.1638 a b -3.04474 14 0
0 0 94.5641 0 33.138 a b -3.0424 14 0
0 0 94.564 0 33.1134 a b -3.04048 14 0
0 0 94.5655 0 33.0874 a b -3.03908 14 0
0 0 94.5643 0 33.0595 a b -3.04123 14 0
0 0 94.5636 0 33.03 a b -3.04775 14 0
0 0 94.5653 0 32.9929 a b -3.05118 14 0
0 0 94.5569 0 32.9616 a b -3.04484 14 0
0 0 94.5487 0 32.9294 a b -3.04269 14 0
0 0 94.5485 0 32.896 a b -3.04697 14 0
0 0 94.5458 0 32.8645 a b -3.04919 14 0
0 0 94.545 0 32.8345 a b -3.04791 14 0
0 0 94.5409 0 32.8046 a b -3.04492 14 0
0 0 94.5413 0 32.7741 a b -3.04479 14 0
0 0 94.5371 0 32.7492 a b -3.04499 14 0
0 0 94.5342 0 32.7219 a b -3.04682 14 0
0 0 94.5322 0 32.6991 a b -3.04845 14 0
0 0 94.5295 0 32.6756 a b -3.04888 14 0
0 0 94.5313 0 32.6526 a b -3.05048 14 0
0 0 94.5331 0 32.6264 a b -3.05079 14 0
0 0 94.5302 0 32.6033 a b -3.04643 14 0
0 0 94.5249 0 32.5798 a b -3.04436 14 0
0 0 94.5217 0 32.5511 a b -3.05123 14 0
0 0 94.5249 0 32.5185 a b -3.06047 14 0
0 0 94.5222 0 32.4812 a b -3.06131 14 0
0 0 94.5142 0 32.4476 a b -3.06091 14 0
0 0 94.5142 0 32.4104 a b -3.0621 14 0
0 0 94.5115 0 32.3777 a b -3.06206 14 0
0 0 94.5101 0 32.349 a b -3.06406 14 0
0 0 94.5105 0 32.3161 a b -3.0677 14 0
0 0 94.5062 0 32.2845 a b -3.06836 14 0
0 0 94.5061 0 32.2575 a b -3.0698 14 0
0 0 94.5047 0 32.2288 a b -3.07223 14 0
0 0 94.5015 0 32.2047 a b -3.07222 14 0
0 0 94.501 0 32.1801 a b -3.07482 14 0
0 0 94.4983 0 32.1555 a b -3.07921 14 0
0 0 94.499 0 32.1313 a b -3.08226 14 0
0 0 94.4986 0 32.1073 a b -3.08825 14 0
0 0 94.4985 0 32.0809 a b -3.09523 14 0
0 0 94.5003 0 32.0525 a b -3.10208 14 0
0 0 94.498 0 32.0229 a b -3.1087 14 0
0 0 94.4977 0 31.9905 a b -3.11635 14 0
0 0 94.4976 0 31.959 a b -3.12434 14 0
0 0 94.4985 0 31.9282 a b -3.13071 14 0
0 0 94.4982 0 31.8972 a b -3.13704 14 0
0 0 94.4991 0 31.8713 a b 3.13923 14 0
0 0 94.4983 0 31.8461 a b 3.13359 14 0
0 0 94.4996 0 31.8213 a b 3.12706 14 0
0 0 94.4999 0 31.7924 a b 3.12373 14 0
0 0 94.5001 0 31.7713 a b 3.12319 14 0
0 0 94.5019 0 31.7452 a b 3.12239 14 0
0 0 94.5027 0 31.7188 a b 3.12439 14 0
0 0 94.5016 0 31.6921 a b 3.12847 14 0
0 0 94.4994 0 31.67 a b 3.13167 14 0
0 0 94.5012 0 31.6446 a b 3.13048 14 0
0 0 94.5064 0 31.6139 a b 3.12709 14 0
0 0 94.5105 0 31.5849 a b 3.13061 14 0
0 0 94.5155 0 31.5547 a b 3.13546 14 0
0 0 94.514 0 31.5225 a b 3.1359 14 0
0 0 94.5131 0 31.4832 a b 3.13232 14 0
0 0 94.5122 0 31.4447 a b 3.1327 14 0
0 0 94.511 0 31.408 a b 3.13685 14 0
0 0 94.5123 0 31.3737 a b 3.13924 14 0
0 0 94.5142 0 31.3417 a b 3.14007 14 0
0 0 94.5182 0 31.3097 a b 3.14036 14 0
0 0 94.5209 0 31.2808 a b 3.14085 14 0
0 0 94.5267 0 31.2523 a b -3.14114 14 0
0 0 94.5305 0 31.2227 a b -3.14051 14 0
0 0 94.5298 0 31.1971 a b -3.14143 14 0
0 0 94.5262 0 31.1722 a b -3.14131 14 0
0 0 94.5235 0 31.1471 a b -3.13811 14 0
0 0 94.5259 0 31.123 a b -3.13512 14 0
0 0 94.5281 0 31.1009 a b -3.13426 14 0
0 0 94.5337 0 31.0773 a b -3.13321 14 0
0 0 94.5375 0 31.0505 a b -3.13284 14 0
0 0 94.5361 0 31.0195 a b -3.13299 14 0
0 0 94.5307 0 30.9852 a b -3.13197 14 0
0 0 94.5289 0 30.9499 a b -3.12884 14 0
0 0 94.5223 0 30.9156 a b -3.12624 14 0
0 0 94.5206 0 30.8826 a b -3.12474 14 0
0 0 94.52 0 30.8493 a b -3.12343 14 0
0 0 94.5226 0 30.8189 a b -3.12252 14 0
0 0 94.5234 0 30.7881 a b -3.11993 14 0
0 0 94.529 0 30.7571 a b -3.11945 14 0
0 0 94.532 0 30.73 a b -3.11907 14 0
0 0 94.5295 0 30.702 a b -3.11765 14 0
0 0 94.5308 0 30.6742 a b -3.11885 14 0
0 0 94.5337 0 30.6584 a b -3.12128 14 0
0 0 94.5315 0 30.6429 a b -3.1191 14 0
0 0 94.5351 0 30.6185 a b -3.11092 14 0
0 0 94.5408 0 30.595 a b -3.10481 14 0
0 0 94.5454 0 30.5705 a b -3.10512 14 0
0 0 94.5447 0 30.5462 a b -3.11069 14 0
0 0 94.5418 0 30.5152 a b -3.11633 14 0
0 0 94.5432 0 30.4772 a b -3.11099 14 0
0 0 94.539 0 30.4419 a b -3.10912 14 0
0 0 94.5384 0 30.4092 a b -3.10784 14 0
0 0 94.539 0 30.3748 a b -3.10572 14 0
0 0 94.5421 0 30.3378 a b -3.1034 14 0
0 0 94.5468 0 30.2989 a b -3.10308 14 0
0 0 94.5443 0 30.2643 a b -3.10319 14 0
0 0 94.5484 0 30.2301 a b -3.10076 14 0
0 0 94.5466 0 30.2 a b -3.09634 14 0
0 0 94.5475 0 30.1705 a b -3.09295 14 0
0 0 94.5487 0 30.1448 a b -3.096 14 0
0 0 94.5457 0 30.1289 a b -3.09875 14 0
0 0 94.5458 0 30.11 a b -3.09141 14 0
0 0 94.5467 0 30.0895 a b -3.08372 14 0
0 0 94.5473 0 30.0677 a b -3.08002 14 0
0 0 94.5483 0 30.0456 a b -3.08434 14 0
0 0 94.5479 0 30.0181 a b -3.09152 14 0
0 0 94.5423 0 29.9948 a b -3.09121 14 0
0 0 94.5383 0 29.9637 a b -3.08684 14 0
0 0 94.5415 0 29.9311 a b -3.08418 14 0
0 0 94.5396 0 29.8954 a b -3.08249 14 0
0 0 94.5388 0 29.861 a b -3.08315 14 0
0 0 94.5359 0 29.8234 a b -3.08473 14 0
0 0 94.5367 0 29.7876 a b -3.0839 14 0
0 0 94.5391 0 29.756 a b -3.07968 14 0
0 0 94.538 0 29.7204 a b -3.07603 14 0
0 0 94.5313 0 29.6861 a b -3.07587 14 0
0 0 94.5288 0 29.6501 a b -3.07954 14 0
0 0 94.5373 0 29.611 a b -3.08135 14 0
0 0 94.545 0 29.5799 a b -3.07229 14 0
0 0 94.5387 0 29.551 a b -3.06627 14 0
0 0 94.5323 0 29.5222 a b -3.0693 14 0
0 0 94.5401 0 29.4945 a b -3.07845 14 0
0 0 94.5409 0 29.4651 a b -3.07874 14 0
0 0 94.5267 0 29.4372 a b -3.07134 14 0
0 0 94.5194 0 29.4118 a b -3.06592 14 0
0 0 94.5227 0 29.392 a b -3.0653 14 0
0 0 94.5294 0 29.3743 a b -3.06899 14 0
0 0 94.5419 0 29.3569 a b -3.073 14 0
0 0 94.5457 0 29.3397 a b -3.06812 14 0
0 0 94.5394 0 29.3174 a b -3.06158 14 0
0 0 94.5191 0 29.2895 a b -3.06719 14 0
0 0 94.5159 0 29.2506 a b -3.07728 14 0
0 0 94.5249 0 29.2032 a b -3.06379 14 0
0 0 94.5166 0 29.1617 a b -3.05638 14 0
0 0 94.5132 0 29.1253 a b -3.06198 14 0
0 0 94.5166 0 29.0844 a b -3.06456 14 0
0 0 94.5197 0 29.0395 a b -3.06152 14 0
0 0 94.5143 0 29.0011 a b -3.06007 14 0
0 0 94.5106 0 28.9658 a b -3.06128 14 0
0 0 94.5106 0 28.9306 a b -3.06104 14 0
0 0 94.5088 0 28.9037 a b -3.05756 14 0
0 0 94.5057 0 28.8821 a b -3.05766 14 0
0 0 94.5058 0 28.868 a b -3.05483 14 0
0 0 94.5111 0 28.8521 a b -3.05914 14 0
0 0 94.5183 0 28.8364 a b -3.05705 14 0
0 0 94.5168 0 28.8247 a b -3.04511 14 0
0 0 94.5046 0 28.8174 a b -3.04396 14 0
0 0 94.5009 0 28.7938 a b -3.05694 14 0
0 0 94.5004 0 28.7526 a b -3.05116 14 0
0 0 94.4913 0 28.7182 a b -3.04434 14 0
0 0 94.4977 0 28.6806 a b -3.04509 14 0
0 0 94.4954 0 28.6481 a b -3.043 14 0
0 0 94.4919 0 28.6166 a b -3.04557 14 0
0 0 94.4919 0 28.5851 a b -3.04412 14 0
0 0 94.4856 0 28.5569 a b -3.04223 14 0
0 0 94.4835 0 28.5255 a b -3.04237 14 0
0 0 94.4798 0 28.5041 a b -3.04199 14 0
0 0 94.4842 0 28.4845 a b -3.0403 14 0
0 0 94.4829 0 28.4615 a b -3.04127 14 0
0 0 94.4849 0 28.44 a b -3.0418 14 0
0 0 94.4895 0 28.4204 a b -3.03887 14 0
0 0 94.4929 0 28.4048 a b -3.03925 14 0
0 0 94.484 0 28.3791 a b -3.04086 14 0
0 0 94.4766 0 28.3559 a b -3.04117 14 0
0 0 94.4807 0 28.3305 a b -3.04062 14 0
0 0 94.4869 0 28.3042 a b -3.03913 14 0
0 0 94.4834 0 28.2727 a b -3.04036 14 0
0 0 94.4803 0 28.2385 a b -3.04122 14 0
0 0 94.4785 0 28.2117 a b -3.03881 14 0
0 0 94.4731 0 28.1792 a b -3.04003 14 0
0 0 94.4722 0 28.1447 a b -3.04115 14 0
0 0 94.4639 0 28.1068 a b -3.04079 14 0
0 0 94.4524 0 28.0674 a b -3.0424 14 0
0 0 94.4499 0 28.0263 a b -3.04401 14 0
0 0 94.4506 0 27.9808 a b -3.04105 14 0
0 0 94.4513 0 27.9412 a b -3.04562 14 0
0 0 94.4388 0 27.9014 a b -3.04932 14 0
0 0 94.431 0 27.8574 a b -3.05006 14 0
0 0 94.4285 0 27.8152 a b -3.05103 14 0
0 0 94.4256 0 27.7783 a b -3.05286 14 0
0 0 94.4271 0 27.7426 a b -3.05304 14 0
0 0 94.4289 0 27.7122 a b -3.05147 14 0
0 0 94.4281 0 27.6973 a b -3.04821 14 0
0 0 94.4311 0 27.6782 a b -3.03313 14 0
0 0 94.4339 0 27.6786 a b -3.0518 14 0
0 0 94.431 0 27.6803 a b -3.07433 14 0
0 0 94.4372 0 27.6764 a b -3.1069 14 0
0 0 94.4572 0 27.6743 a b -3.08504 14 0
0 0 94.4628 0 27.6643 a b -3.02978 14 0
