0 0 100.964 0 26.893 a b 0.0487086 15 0
0 0 100.967 0 26.9054 a b -0.00504456 15 0
0 0 100.974 0 26.913 a b -0.0409014 15 0
0 0 100.979 0 26.924 a b -0.0528582 15 0
0 0 100.977 0 26.9213 a b -0.0346884 15 0
0 0 100.976 0 26.9271 a b -0.0131604 15 0
0 0 100.968 0 26.9202 a b 0.0125333 15 0
0 0 100.969 0 26.9192 a b 0.0322103 15 0
0 0 100.969 0 26.9198 a b 0.0522055 15 0
0 0 100.966 0 26.931 a b 0.0582756 15 0
0 0 100.966 0 26.9443 a b 0.0561095 15 0
0 0 100.969 0 26.9561 a b 0.0558054 15 0
0 0 100.971 0 26.9801 a b 0.0533279 15 0
0 0 100.969 0 27.0097 a b 0.0515929 15 0
0 0 100.969 0 27.0451 a b 0.0512402 15 0
0 0 100.968 0 27.0783 a b 0.0523218 15 0
0 0 100.966 0 27.1181 a b 0.0570234 15 0
0 0 100.964 0 27.16 a b 0.0607396 15 0
0 0 100.964 0 27.2072 a b 0.0639688 15 0
0 0 100.969 0 27.2514 a b 0.0675105 15 0
0 0 100.972 0 27.2978 a b 0.0669327 15 0
0 0 100.972 0 27.3439 a b 0.0676524 15 0
0 0 100.974 0 27.3773 a b 0.0683881 15 0
0 0 100.973 0 27.4102 a b 0.067845 15 0
0 0 100.975 0 27.441 a b 0.0683559 15 0
0 0 100.975 0 27.4756 a b 0.0691152 15 0
0 0 100.974 0 27.5035 a b 0.0686024 15 0
0 0 100.979 0 27.5311 a b 0.0690034 15 0
0 0 100.981 0 27.5557 a b 0.0686057 15 0
0 0 100.983 0 27.5786 a b 0.068205 15 0
0 0 100.987 0 27.5987 a b 0.0695641 15 0
0 0 100.989 0 27.6235 a b 0.068133 15 0
0 0 100.983 0 27.642 a b 0.0682265 15 0
0 0 100.984 0 27.6604 a b 0.0695038 15 0
0 0 100.986 0 27.6757 a b 0.068658 15 0
0 0 100.986 0 27.6944 a b 0.0661022 15 0
0 0 100.987 0 27.7154 a b 0.0646376 15 0
0 0 100.982 0 27.743 a b 0.0611119 15 0
0 0 100.983 0 27.7705 a b 0.059259 15 0
0 0 100.989 0 27.8056 a b 0.0608788 15 0
0 0 100.994 0 27.8343 a b 0.0604434 15 0
0 0 100.989 0 27.8668 a b 0.0605362 15 0
0 0 100.99 0 27.9062 a b 0.0621106 15 0
0 0 100.988 0 27.9451 a b 0.0633654 15 0
0 0 100.993 0 27.9836 a b 0.058882 15 0
0 0 100.995 0 28.0244 a b 0.0514988 15 0
0 0 100.984 0 28.0723 a b 0.0513762 15 0
0 0 100.988 0 28.1127 a b 0.0590279 15 0
0 0 100.991 0 28.1481 a b 0.0559577 15 0
0 0 100.992 0 28.183 a b 0.057071 15 0
0 0 100.997 0 28.2125 a b 0.0599659 15 0
0 0 101.001 0 28.2383 a b 0.0611593 15 0
0 0 101.001 0 28.2577 a b 0.0597924 15 0
0 0 100.999 0 28.2758 a b 0.0537138 15 0
0 0 100.992 0 28.301 a b 0.0527702 15 0
0 0 100.993 0 28.3232 a b 0.0557155 15 0
0 0 100.998 0 28.3393 a b 0.0501833 15 0
0 0 101.001 0 28.3614 a b 0.0454957 15 0
0 0 101.001 0 28.3855 a b 0.044352 15 0
0 0 101 0 28.4078 a b 0.0465252 15 0
0 0 100.995 0 28.4296 a b 0.0525791 15 0
0 0 101.002 0 28.4474 a b 0.0524326 15 0
0 0 101.003 0 28.4842 a b 0.0426159 15 0
0 0 100.996 0 28.515 a b 0.0401885 15 0
0 0 100.997 0 28.5523 a b 0.0423156 15 0
0 0 101.007 0 28.5803 a b 0.0445635 15 0
0 0 101.018 0 28.6029 a b 0.0397705 15 0
0 0 101.017 0 28.6349 a b 0.0325409 15 0
0 0 101.012 0 28.666 a b 0.0339094 15 0
0 0 101.005 0 28.6897 a b 0.0402112 15 0
0 0 101 0 28.7124 a b 0.0477842 15 0
0 0 101.007 0 28.7363 a b 0.0488124 15 0
0 0 101.014 0 28.7559 a b 0.0437733 15 0
0 0 101.011 0 28.7834 a b 0.0401713 15 0
0 0 101.01 0 28.8208 a b 0.038099 15 0
0 0 101.01 0 28.8588 a b 0.041779 15 0
0 0 101.014 0 28.8878 a b 0.0455974 15 0
0 0 101.013 0 28.9156 a b 0.0463441 15 0
0 0 101.012 0 28.9403 a b 0.0436388 15 0
0 0 101.008 0 28.9657 a b 0.0397553 15 0
0 0 101.005 0 28.9941 a b 0.0408094 15 0
0 0 101.013 0 29.0231 a b 0.0415638 15 0
0 0 101.018 0 29.043 a b 0.0405925 15 0
0 0 101.02 0 29.066 a b 0.0388933 15 0
0 0 101.02 0 29.0968 a b 0.0384317 15 0
0 0 101.02 0 29.1324 a b 0.0369423 15 0
0 0 101.015 0 29.166 a b 0.0396379 15 0
0 0 101.018 0 29.1929 a b 0.0385482 15 0
0 0 101.021 0 29.2193 a b 0.0322717 15 0
0 0 101.023 0 29.2495 a b 0.030632 15 0
0 0 101.023 0 29.2788 a b 0.02865 15 0
0 0 101.026 0 29.3063 a b 0.0250355 15 0
0 0 101.027 0 29.3403 a b 0.0260097 15 0
0 0 101.027 0 29.3716 a b 0.0286334 15 0
0 0 101.026 0 29.4016 a b 0.0306446 15 0
0 0 101.024 0 29.4328 a b 0.0272876 15 0
0 0 101.024 0 29.4559 a b 0.0227091 15 0
0 0 101.026 0 29.4765 a b 0.0235147 15 0
0 0 101.027 0 29.5038 a b 0.0235136 15 0
0 0 101.029 0 29.5322 a b 0.0231165 15 0
0 0 101.031 0 29.5591 a b 0.0222628 15 0
0 0 101.032 0 29.5897 a b 0.0223636 15 0
0 0 101.029 0 29.6162 a b 0.0258856 15 0
0 0 101.028 0 29.6522 a b 0.0266517 15 0
0 0 101.026 0 29.6875 a b 0.0231126 15 0
0 0 101.027 0 29.7172 a b 0.0204121 15 0
0 0 101.025 0 29.7507 a b 0.0168676 15 0
0 0 101.027 0 29.7855 a b 0.0134744 15 0
0 0 101.03 0 29.815 a b 0.013614 15 0
0 0 101.031 0 29.8418 a b 0.0171838 15 0
0 0 101.027 0 29.8752 a b 0.0243717 15 0
0 0 101.026 0 29.918 a b 0.024255 15 0
0 0 101.019 0 29.955 a b 0.0146143 15 0
0 0 101.017 0 29.9812 a b 0.00605807 15 0
0 0 101.028 0 30.0052 a b 0.00463957 15 0
0 0 101.035 0 30.0323 a b 0.0130066 15 0
0 0 101.034 0 30.0654 a b 0.0212463 15 0
0 0 101.033 0 30.1046 a b 0.019192 15 0
0 0 101.026 0 30.1332 a b 0.0167201 15 0
0 0 101.017 0 30.1566 a b 0.0129653 15 0
0 0 101.011 0 30.1858 a b 0.0109467 15 0
0 0 101.014 0 30.2149 a b 0.0111967 15 0
0 0 101.012 0 30.2455 a b 0.0111055 15 0
0 0 101.017 0 30.2781 a b 0.0093706 15 0
0 0 101.022 0 30.3099 a b 0.00851102 15 0
0 0 101.023 0 30.3394 a b 0.00819894 15 0
0 0 101.02 0 30.3664 a b 0.0105435 15 0
0 0 101.014 0 30.3947 a b 0.0100357 15 0
0 0 101.01 0 30.423 a b 0.0084539 15 0
0 0 101.014 0 30.4513 a b 0.00745206 15 0
0 0 101.012 0 30.4801 a b 0.00664312 15 0
0 0 101.017 0 30.511 a b 0.00469176 15 0
0 0 101.021 0 30.538 a b 0.00440662 15 0
0 0 101.021 0 30.5652 a b 0.00404429 15 0
0 0 101.017 0 30.5916 a b 0.00796081 15 0
0 0 101.012 0 30.6157 a b 0.00908986 15 0
0 0 101.007 0 30.6373 a b 0.00812805 15 0
0 0 101.007 0 30.6591 a b 0.0067688 15 0
0 0 101.004 0 30.6853 a b 0.0059034 15 0
0 0 101.003 0 30.7186 a b 0.00714213 15 0
0 0 101 0 30.7447 a b 0.00573167 15 0
0 0 100.998 0 30.7721 a b 0.0044113 15 0
0 0 101.004 0 30.8 a b 0.00151784 15 0
0 0 101.006 0 30.8317 a b 0.0014245 15 0
0 0 101.005 0 30.8602 a b 0.00189225 15 0
0 0 101.004 0 30.8849 a b -9.27854e-05 15 0
0 0 101.004 0 30.9152 a b -0.00453711 15 0
0 0 101.006 0 30.9496 a b -0.00363551 15 0
0 0 101.004 0 30.9808 a b -0.00114454 15 0
0 0 101.004 0 31.0121 a b -0.00172481 15 0
0 0 101.003 0 31.0382 a b -0.00303749 15 0
0 0 101.001 0 31.0664 a b -0.00295945 15 0
0 0 101 0 31.0967 a b -0.00334198 15 0
0 0 100.998 0 31.1266 a b -0.00414886 15 0
0 0 100.996 0 31.1567 a b -0.00315769 15 0
0 0 100.995 0 31.1838 a b 0.0034351 15 0
0 0 100.993 0 31.2049 a b -0.000816015 15 0
0 0 100.984 0 31.2313 a b -0.0070696 15 0
0 0 100.984 0 31.2634 a b -0.0096615 15 0
0 0 100.99 0 31.2964 a b -0.00642627 15 0
0 0 100.997 0 31.3206 a b -0.0035925 15 0
0 0 100.997 0 31.3472 a b -0.00554607 15 0
0 0 100.992 0 31.3758 a b -0.0056397 15 0
0 0 100.989 0 31.4051 a b -0.00131574 15 0
0 0 100.989 0 31.4345 a b -0.00212693 15 0
0 0 100.99 0 31.4644 a b -0.00226256 15 0
0 0 100.988 0 31.4931 a b -0.00132148 15 0
0 0 100.986 0 31.5225 a b -0.00282615 15 0
0 0 100.985 0 31.5557 a b -0.00308789 15 0
0 0 100.986 0 31.585 a b -0.00317668 15 0
0 0 100.986 0 31.613 a b -0.00336327 15 0
0 0 100.984 0 31.6418 a b -0.00408074 15 0
0 0 100.982 0 31.6686 a b -0.00582335 15 0
0 0 100.98 0 31.6976 a b -0.00654181 15 0
0 0 100.981 0 31.7263 a b -0.00726838 15 0
0 0 100.985 0 31.7558 a b -0.00820354 15 0
0 0 100.983 0 31.7863 a b -0.0110379 15 0
0 0 100.983 0 31.8166 a b -0.0103037 15 0
0 0 100.982 0 31.8476 a b -0.0103602 15 0
0 0 100.981 0 31.8828 a b -0.00789818 15 0
0 0 100.979 0 31.9117 a b -0.00793706 15 0
0 0 100.976 0 31.9397 a b -0.00979282 15 0
0 0 100.976 0 31.9728 a b -0.010883 15 0
0 0 100.975 0 31.998 a b -0.0103886 15 0
0 0 100.974 0 32.0218 a b -0.0122663 15 0
0 0 100.972 0 32.0487 a b -0.012012 15 0
0 0 100.967 0 32.0765 a b -0.009065 15 0
0 0 100.967 0 32.1007 a b -0.00804588 15 0
0 0 100.967 0 32.1288 a b -0.0121856 15 0
0 0 100.965 0 32.1593 a b -0.0126386 15 0
0 0 100.965 0 32.1915 a b -0.00739908 15 0
0 0 100.969 0 32.2185 a b -0.00144206 15 0
0 0 100.969 0 32.2441 a b 0.00021736 15 0
0 0 100.966 0 32.2719 a b 0.00564823 15 0
0 0 100.968 0 32.3 a b 0.0103817 15 0
0 0 100.969 0 32.3277 a b 0.00819156 15 0
0 0 100.968 0 32.3588 a b 0.00521249 15 0
0 0 100.962 0 32.3886 a b 0.0125929 15 0
0 0 100.964 0 32.418 a b 0.0202418 15 0
0 0 100.967 0 32.4449 a b 0.0249023 15 0
0 0 100.968 0 32.4705 a b 0.0254915 15 0
0 0 100.966 0 32.4936 a b 0.0262585 15 0
0 0 100.962 0 32.5203 a b 0.029674 15 0
0 0 100.963 0 32.5452 a b 0.0353907 15 0
0 0 100.962 0 32.5796 a b 0.0401191 15 0
0 0 100.964 0 32.6099 a b 0.0418053 15 0
0 0 100.966 0 32.6355 a b 0.041483 15 0
0 0 100.969 0 32.6596 a b 0.0469588 15 0
0 0 100.969 0 32.685 a b 0.0547581 15 0
0 0 100.971 0 32.7114 a b 0.0602819 15 0
0 0 100.971 0 32.7412 a b 0.0631755 15 0
0 0 100.97 0 32.7661 a b 0.0646486 15 0
0 0 100.971 0 32.7953 a b 0.0670195 15 0
0 0 100.974 0 32.8195 a b 0.0699663 15 0
0 0 100.975 0 32.8464 a b 0.0782366 15 0
0 0 100.976 0 32.8879 a b 0.0817305 15 0
0 0 100.979 0 32.9241 a b 0.0781728 15 0
0 0 100.982 0 32.945 a b 0.0806478 15 0
0 0 100.979 0 32.9706 a b 0.0895017 15 0
0 0 100.979 0 33.0021 a b 0.0953456 15 0
0 0 100.979 0 33.0382 a b 0.0965886 15 0
0 0 100.986 0 33.0661 a b 0.0961148 15 0
0 0 100.989 0 33.0957 a b 0.097746 15 0
0 0 100.987 0 33.1303 a b 0.0970548 15 0
0 0 100.988 0 33.1615 a b 0.0930688 15 0
0 0 100.987 0 33.1851 a b 0.0939516 15 0
0 0 100.989 0 33.2175 a b 0.0977846 15 0
0 0 100.993 0 33.2489 a b 0.099621 15 0
0 0 100.995 0 33.2775 a b 0.100686 15 0
0 0 100.998 0 33.3052 a b 0.104586 15 0
0 0 100.997 0 33.3354 a b 0.106166 15 0
0 0 100.997 0 33.3662 a b 0.106128 15 0
0 0 100.999 0 33.3987 a b 0.102122 15 0
0 0 101.001 0 33.4308 a b 0.101691 15 0
0 0 101.003 0 33.4617 a b 0.107007 15 0
0 0 101.006 0 33.5029 a b 0.107165 15 0
0 0 101.01 0 33.5375 a b 0.10459 15 0
0 0 101.014 0 33.5641 a b 0.109251 15 0
0 0 101.019 0 33.5949 a b 0.114531 15 0
0 0 101.019 0 33.6271 a b 0.116259 15 0
0 0 101.018 0 33.6629 a b 0.112848 15 0
0 0 101.018 0 33.6907 a b 0.109917 15 0
0 0 101.02 0 33.7197 a b 0.11034 15 0
0 0 101.022 0 33.7458 a b 0.110083 15 0
0 0 101.031 0 33.777 a b 0.110717 15 0
0 0 101.037 0 33.8049 a b 0.116576 15 0
0 0 101.034 0 33.8286 a b 0.118459 15 0
0 0 101.032 0 33.8533 a b 0.113142 15 0
0 0 101.029 0 33.8759 a b 0.109605 15 0
0 0 101.029 0 33.8989 a b 0.110363 15 0
0 0 101.03 0 33.9235 a b 0.116456 15 0
0 0 101.029 0 33.9534 a b 0.117014 15 0
0 0 101.033 0 33.9893 a b 0.108537 15 0
0 0 101.041 0 34.025 a b 0.0987862 15 0
0 0 101.048 0 34.0564 a b 0.0921075 15 0
0 0 101.052 0 34.0862 a b 0.087666 15 0
0 0 101.055 0 34.1195 a b 0.0849823 15 0
0 0 101.053 0 34.1476 a b 0.0819573 15 0
0 0 101.052 0 34.1778 a b 0.0774479 15 0
0 0 101.051 0 34.2044 a b 0.0696003 15 0
0 0 101.058 0 34.2353 a b 0.0613275 15 0
0 0 101.065 0 34.2633 a b 0.0645195 15 0
0 0 101.065 0 34.2851 a b 0.0687782 15 0
0 0 101.063 0 34.3094 a b 0.0616465 15 0
0 0 101.062 0 34.3339 a b 0.0533807 15 0
0 0 101.062 0 34.3567 a b 0.0510426 15 0
0 0 101.059 0 34.3803 a b 0.0517337 15 0
0 0 101.058 0 34.4023 a b 0.0494961 15 0
0 0 101.059 0 34.4306 a b 0.0460621 15 0
0 0 101.058 0 34.4613 a b 0.0416019 15 0
0 0 101.061 0 34.492 a b 0.0355368 15 0
0 0 101.063 0 34.5241 a b 0.0343234 15 0
0 0 101.063 0 34.5584 a b 0.0359313 15 0
0 0 101.06 0 34.5865 a b 0.0323552 15 0
0 0 101.058 0 34.6177 a b 0.0238464 15 0
0 0 101.061 0 34.651 a b 0.0181081 15 0
0 0 101.059 0 34.6805 a b 0.0189768 15 0
0 0 101.058 0 34.7028 a b 0.015948 15 0
0 0 101.058 0 34.7279 a b 0.0065328 15 0
0 0 101.058 0 34.757 a b -0.00153392 15 0
0 0 101.059 0 34.7824 a b -0.00422573 15 0
0 0 101.062 0 34.807 a b -0.00586904 15 0
0 0 101.064 0 34.8323 a b -0.00721921 15 0
0 0 101.064 0 34.8568 a b -0.00859165 15 0
0 0 101.062 0 34.8842 a b -0.00857044 15 0
0 0 101.057 0 34.9039 a b -0.00781993 15 0
0 0 101.057 0 34.9178 a b -0.0134014 15 0
0 0 101.054 0 34.9425 a b -0.0197514 15 0
0 0 101.053 0 34.9696 a b -0.0243717 15 0
0 0 101.051 0 34.9982 a b -0.0250473 15 0
0 0 101.051 0 35.0233 a b -0.0210806 15 0
0 0 101.048 0 35.0418 a b -0.0240108 15 0
0 0 101.044 0 35.0698 a b -0.0341453 15 0
0 0 101.039 0 35.1113 a b -0.0349666 15 0
0 0 101.035 0 35.1472 a b -0.0289678 15 0
0 0 101.031 0 35.1745 a b -0.0326208 15 0
0 0 101.028 0 35.2079 a b -0.0383348 15 0
0 0 101.026 0 35.2494 a b -0.0400775 15 0
0 0 101.028 0 35.2872 a b -0.0440016 15 0
0 0 101.028 0 35.3171 a b -0.0472227 15 0
0 0 101.025 0 35.348 a b -0.0503881 15 0
0 0 101.021 0 35.385 a b -0.0477021 15 0
0 0 101.016 0 35.4068 a b -0.0465093 15 0
0 0 101.01 0 35.4298 a b -0.0480253 15 0
0 0 101.008 0 35.4507 a b -0.0499114 15 0
0 0 101.009 0 35.4734 a b -0.0534104 15 0
0 0 101.007 0 35.5003 a b -0.056933 15 0
0 0 101.004 0 35.5256 a b -0.058668 15 0
0 0 101 0 35.5501 a b -0.053342 15 0
0 0 101 0 35.5823 a b -0.0449864 15 0
0 0 100.999 0 35.6128 a b -0.0387199 15 0
0 0 100.997 0 35.6445 a b -0.0327817 15 0
0 0 100.996 0 35.683 a b -0.0272226 15 0
0 0 100.994 0 35.7179 a b -0.0209448 15 0
0 0 100.992 0 35.7553 a b -0.0146281 15 0
0 0 100.99 0 35.7934 a b -0.00720153 15 0
0 0 100.99 0 35.8306 a b 0.00313661 15 0
0 0 100.988 0 35.8624 a b 0.00962008 15 0
0 0 100.989 0 35.8899 a b 0.0103614 15 0
0 0 100.988 0 35.9203 a b 0.00931627 15 0
0 0 100.985 0 35.9494 a b 0.0109078 15 0
0 0 100.986 0 35.9796 a b 0.0168281 15 0
0 0 100.985 0 36.0082 a b 0.0223386 15 0
0 0 100.987 0 36.0378 a b 0.0226316 15 0
0 0 100.99 0 36.0679 a b 0.0178291 15 0
0 0 100.989 0 36.0944 a b 0.0139953 15 0
0 0 100.991 0 36.1243 a b 0.0147899 15 0
0 0 100.993 0 36.1562 a b 0.0208004 15 0
0 0 100.995 0 36.1954 a b 0.0204698 15 0
0 0 100.998 0 36.2135 a b 0.0211332 15 0
0 0 100.995 0 36.2291 a b 0.024523 15 0
0 0 100.993 0 36.2474 a b 0.026451 15 0
0 0 100.989 0 36.2671 a b 0.0280476 15 0
0 0 100.988 0 36.2893 a b 0.0260085 15 0
0 0 100.985 0 36.3115 a b 0.0238211 15 0
0 0 100.982 0 36.332 a b 0.0243276 15 0
0 0 100.982 0 36.3548 a b 0.0277514 15 0
0 0 100.982 0 36.3847 a b 0.0287727 15 0
0 0 100.983 0 36.4128 a b 0.0284141 15 0
0 0 100.983 0 36.4449 a b 0.0284864 15 0
0 0 100.982 0 36.4792 a b 0.0308616 15 0
0 0 100.982 0 36.5178 a b 0.0332469 15 0
0 0 100.985 0 36.5562 a b 0.0316858 15 0
0 0 100.986 0 36.5904 a b 0.0334348 15 0
0 0 100.988 0 36.6215 a b 0.0340533 15 0
0 0 100.99 0 36.661 a b 0.0288365 15 0
0 0 100.991 0 36.6881 a b 0.0283318 15 0
0 0 100.991 0 36.7161 a b 0.0330499 15 0
0 0 100.989 0 36.7427 a b 0.0359664 15 0
0 0 100.986 0 36.7698 a b 0.0341976 15 0
0 0 100.985 0 36.7867 a b 0.0390152 15 0
0 0 100.979 0 36.8075 a b 0.0422031 15 0
0 0 100.974 0 36.8326 a b 0.0354209 15 0
0 0 100.978 0 36.8489 a b 0.0339803 15 0
0 0 100.982 0 36.8702 a b 0.0393977 15 0
0 0 100.98 0 36.9003 a b 0.0393443 15 0
0 0 100.983 0 36.9354 a b 0.0345482 15 0
0 0 100.986 0 36.9667 a b 0.034182 15 0
0 0 100.986 0 37.0002 a b 0.0385699 15 0
0 0 100.981 0 37.0356 a b 0.0392198 15 0
0 0 100.98 0 37.0729 a b 0.0334745 15 0
0 0 100.984 0 37.1064 a b 0.0320918 15 0
0 0 100.989 0 37.1399 a b 0.0359769 15 0
0 0 100.988 0 37.1749 a b 0.0364206 15 0
0 0 100.988 0 37.2125 a b 0.0319597 15 0
0 0 100.991 0 37.245 a b 0.0286175 15 0
0 0 100.993 0 37.2727 a b 0.0320216 15 0
0 0 100.993 0 37.2984 a b 0.0408076 15 0
0 0 100.986 0 37.3264 a b 0.0431874 15 0
0 0 100.982 0 37.3508 a b 0.0367375 15 0
0 0 100.98 0 37.3759 a b 0.0282474 15 0
0 0 100.983 0 37.4029 a b 0.0241372 15 0
0 0 100.988 0 37.4288 a b 0.028305 15 0
0 0 100.989 0 37.4542 a b 0.0322287 15 0
0 0 100.991 0 37.4814 a b 0.0315871 15 0
0 0 100.988 0 37.5106 a b 0.0299127 15 0
0 0 100.985 0 37.5406 a b 0.0275475 15 0
0 0 100.985 0 37.5712 a b 0.0235049 15 0
0 0 100.987 0 37.6009 a b 0.0232825 15 0
0 0 100.992 0 37.6316 a b 0.0264072 15 0
0 0 100.992 0 37.6632 a b 0.0301549 15 0
0 0 100.988 0 37.6902 a b 0.0278645 15 0
0 0 100.988 0 37.7196 a b 0.0215128 15 0
0 0 100.99 0 37.7499 a b 0.0173938 15 0
0 0 100.99 0 37.7788 a b 0.0211235 15 0
0 0 100.992 0 37.8023 a b 0.0277951 15 0
0 0 100.992 0 37.8265 a b 0.0304636 15 0
0 0 100.989 0 37.8547 a b 0.0250435 15 0
0 0 100.988 0 37.889 a b 0.0198349 15 0
0 0 100.989 0 37.9252 a b 0.0212861 15 0
0 0 100.989 0 37.9593 a b 0.0239483 15 0
0 0 100.989 0 37.9925 a b 0.0273253 15 0
0 0 100.99 0 38.0226 a b 0.0301476 15 0
0 0 100.988 0 38.0515 a b 0.0273336 15 0
0 0 100.987 0 38.0833 a b 0.0219831 15 0
0 0 100.984 0 38.1209 a b 0.0193145 15 0
0 0 100.984 0 38.1527 a b 0.0258784 15 0
0 0 100.985 0 38.1783 a b 0.0306433 15 0
0 0 100.986 0 38.2056 a b 0.0317558 15 0
0 0 100.987 0 38.2284 a b 0.025611 15 0
0 0 100.986 0 38.2524 a b 0.0175382 15 0
0 0 100.985 0 38.2825 a b 0.0176477 15 0
0 0 100.983 0 38.3064 a b 0.0212802 15 0
0 0 100.984 0 38.3306 a b 0.023234 15 0
0 0 100.984 0 38.356 a b 0.0235113 15 0
0 0 100.984 0 38.3813 a b 0.021195 15 0
0 0 100.985 0 38.4122 a b 0.0178898 15 0
0 0 100.985 0 38.445 a b 0.0176018 15 0
0 0 100.984 0 38.4768 a b 0.0210553 15 0
0 0 100.984 0 38.5044 a b 0.0202232 15 0
0 0 100.983 0 38.5305 a b 0.0142991 15 0
0 0 100.984 0 38.5657 a b 0.0117987 15 0
0 0 100.984 0 38.5985 a b 0.0142532 15 0
0 0 100.986 0 38.6279 a b 0.0119457 15 0
0 0 100.986 0 38.654 a b 0.00464189 15 0
0 0 100.983 0 38.6873 a b 0.00134392 15 0
0 0 100.984 0 38.7168 a b 0.00584355 15 0
0 0 100.985 0 38.7428 a b 0.00623782 15 0
0 0 100.984 0 38.77 a b 0.00218831 15 0
0 0 100.985 0 38.8003 a b -0.000599001 15 0
0 0 100.985 0 38.8319 a b -0.00114285 15 0
0 0 100.986 0 38.863 a b 0.000476279 15 0
0 0 100.988 0 38.8932 a b 8.51491e-07 15 0
0 0 100.988 0 38.9251 a b -0.000569156 15 0
0 0 100.986 0 38.9549 a b -0.00129151 15 0
0 0 100.985 0 38.9796 a b -0.00521196 15 0
0 0 100.979 0 39.0087 a b -0.00729164 15 0
0 0 100.976 0 39.0396 a b -0.00560132 15 0
0 0 100.979 0 39.0679 a b -0.00496653 15 0
0 0 100.978 0 39.0971 a b -0.00920463 15 0
0 0 100.975 0 39.1255 a b -0.011135 15 0
0 0 100.977 0 39.1505 a b -0.0134893 15 0
0 0 100.975 0 39.1785 a b -0.0158537 15 0
0 0 100.972 0 39.2071 a b -0.0141728 15 0
0 0 100.973 0 39.236 a b -0.0121815 15 0
0 0 100.976 0 39.2656 a b -0.0122873 15 0
0 0 100.976 0 39.295 a b -0.0155143 15 0
0 0 100.975 0 39.3256 a b -0.0182115 15 0
0 0 100.976 0 39.358 a b -0.0227034 15 0
0 0 100.969 0 39.3896 a b -0.0258751 15 0
0 0 100.958 0 39.4266 a b -0.0207551 15 0
0 0 100.963 0 39.4591 a b -0.0196382 15 0
0 0 100.965 0 39.4857 a b -0.0253293 15 0
0 0 100.961 0 39.5079 a b -0.0307858 15 0
0 0 100.953 0 39.5367 a b -0.027093 15 0
0 0 100.955 0 39.5642 a b -0.0203453 15 0
0 0 100.957 0 39.5928 a b -0.0211074 15 0
0 0 100.957 0 39.6128 a b -0.0230873 15 0
0 0 100.953 0 39.6317 a b -0.024616 15 0
0 0 100.949 0 39.6543 a b -0.0228366 15 0
0 0 100.947 0 39.6801 a b -0.019795 15 0
0 0 100.945 0 39.705 a b -0.0178873 15 0
0 0 100.943 0 39.73 a b -0.0174821 15 0
0 0 100.94 0 39.7622 a b -0.0189391 15 0
0 0 100.939 0 39.7952 a b -0.0223186 15 0
0 0 100.937 0 39.8246 a b -0.0215585 15 0
0 0 100.932 0 39.8515 a b -0.012893 15 0
0 0 100.932 0 39.8832 a b 0.00478757 15 0
0 0 100.931 0 39.9226 a b 0.015755 15 0
0 0 100.931 0 39.9608 a b 0.0196469 15 0
0 0 100.931 0 39.9942 a b 0.0245726 15 0
0 0 100.934 0 40.0154 a b 0.0349798 15 0
0 0 100.935 0 40.0404 a b 0.0474128 15 0
0 0 100.936 0 40.0733 a b 0.0552391 15 0
0 0 100.939 0 40.0966 a b 0.0585948 15 0
0 0 100.939 0 40.1205 a b 0.0609547 15 0
0 0 100.941 0 40.1392 a b 0.0605116 15 0
0 0 100.941 0 40.1576 a b 0.0629266 15 0
0 0 100.942 0 40.1825 a b 0.0674512 15 0
0 0 100.942 0 40.213 a b 0.0715254 15 0
0 0 100.943 0 40.2449 a b 0.0722564 15 0
0 0 100.941 0 40.2762 a b 0.0731762 15 0
0 0 100.941 0 40.3058 a b 0.0766017 15 0
0 0 100.943 0 40.3415 a b 0.0799046 15 0
0 0 100.947 0 40.3753 a b 0.0820709 15 0
0 0 100.949 0 40.409 a b 0.0882281 15 0
0 0 100.95 0 40.451 a b 0.0924627 15 0
0 0 100.949 0 40.4882 a b 0.0906439 15 0
0 0 100.95 0 40.5173 a b 0.0915392 15 0
0 0 100.947 0 40.5488 a b 0.094107 15 0
0 0 100.95 0 40.5808 a b 0.092971 15 0
0 0 100.952 0 40.6064 a b 0.093867 15 0
0 0 100.953 0 40.632 a b 0.0957824 15 0
0 0 100.955 0 40.6586 a b 0.0944626 15 0
0 0 100.954 0 40.6842 a b 0.0884588 15 0
0 0 100.961 0 40.7054 a b 0.0846221 15 0
0 0 100.962 0 40.7271 a b 0.0901121 15 0
0 0 100.958 0 40.7566 a b 0.0915322 15 0
0 0 100.96 0 40.7851 a b 0.0888004 15 0
0 0 100.961 0 40.8128 a b 0.0859917 15 0
0 0 100.961 0 40.8387 a b 0.0859759 15 0
0 0 100.965 0 40.8709 a b 0.086536 15 0
0 0 100.965 0 40.9014 a b 0.0851997 15 0
0 0 100.968 0 40.9327 a b 0.0826312 15 0
0 0 100.972 0 40.9618 a b 0.0837347 15 0
0 0 100.971 0 40.9929 a b 0.0834458 15 0
0 0 100.969 0 41.0232 a b 0.0807439 15 0
0 0 100.973 0 41.0531 a b 0.078781 15 0
0 0 100.977 0 41.0816 a b 0.0794564 15 0
0 0 100.978 0 41.1111 a b 0.0792736 15 0
0 0 100.981 0 41.1406 a b 0.0776459 15 0
0 0 100.984 0 41.1746 a b 0.0760724 15 0
0 0 100.988 0 41.2071 a b 0.0763529 15 0
0 0 100.988 0 41.2394 a b 0.076249 15 0
0 0 100.987 0 41.2671 a b 0.076554 15 0
0 0 100.988 0 41.2981 a b 0.0761003 15 0
0 0 100.99 0 41.3248 a b 0.0792873 15 0
0 0 100.99 0 41.3528 a b 0.0808854 15 0
0 0 100.989 0 41.3806 a b 0.0811324 15 0
0 0 100.989 0 41.4104 a b 0.0792168 15 0
0 0 100.989 0 41.4385 a b 0.0787302 15 0
0 0 100.99 0 41.4639 a b 0.0798069 15 0
0 0 100.99 0 41.4897 a b 0.0806658 15 0
0 0 100.989 0 41.5131 a b 0.0789884 15 0
0 0 100.993 0 41.5414 a b 0.0762637 15 0
0 0 100.996 0 41.5698 a b 0.0798649 15 0
0 0 100.995 0 41.5974 a b 0.0824842 15 0
0 0 100.993 0 41.6231 a b 0.0823035 15 0
0 0 100.993 0 41.6528 a b 0.0756171 15 0
0 0 100.997 0 41.6872 a b 0.0717279 15 0
0 0 101.002 0 41.722 a b 0.075396 15 0
0 0 101.002 0 41.7464 a b 0.0793131 15 0
0 0 101.001 0 41.7706 a b 0.075524 15 0
0 0 101.004 0 41.8004 a b 0.0665028 15 0
0 0 101.002 0 41.8326 a b 0.0585894 15 0
0 0 101 0 41.8646 a b 0.0532408 15 0
0 0 101.002 0 41.8933 a b 0.0493883 15 0
0 0 101.002 0 41.9201 a b 0.0459263 15 0
0 0 101.001 0 41.9463 a b 0.0440072 15 0
0 0 100.999 0 41.9714 a b 0.0403979 15 0
0 0 100.998 0 41.9948 a b 0.03588 15 0
0 0 100.997 0 42.0195 a b 0.0302562 15 0
0 0 100.997 0 42.0432 a b 0.0239119 15 0
0 0 100.997 0 42.0733 a b 0.0210997 15 0
0 0 100.996 0 42.1006 a b 0.0247615 15 0
0 0 100.995 0 42.1176 a b 0.0230376 15 0
0 0 100.994 0 42.1422 a b 0.0162684 15 0
0 0 100.994 0 42.177 a b 0.0118034 15 0
0 0 100.994 0 42.2119 a b 0.0128137 15 0
0 0 100.996 0 42.2403 a b 0.0127084 15 0
0 0 100.997 0 42.2717 a b 0.00727261 15 0
0 0 100.995 0 42.3093 a b 0.00311974 15 0
0 0 100.995 0 42.3434 a b 0.0010496 15 0
0 0 100.991 0 42.3737 a b -0.00303859 15 0
0 0 100.991 0 42.4106 a b -0.00756508 15 0
0 0 100.987 0 42.4411 a b -0.00911935 15 0
0 0 100.989 0 42.4727 a b -0.00835423 15 0
0 0 100.991 0 42.5003 a b -0.0138545 15 0
0 0 100.989 0 42.5291 a b -0.0182002 15 0
0 0 100.985 0 42.559 a b -0.0210865 15 0
0 0 100.982 0 42.5915 a b -0.0169059 15 0
0 0 100.985 0 42.621 a b -0.0199057 15 0
0 0 100.985 0 42.6468 a b -0.0264078 15 0
0 0 100.978 0 42.6732 a b -0.0281984 15 0
0 0 100.976 0 42.7023 a b -0.0247134 15 0
0 0 100.979 0 42.7286 a b -0.0274633 15 0
0 0 100.976 0 42.7569 a b -0.0311894 15 0
0 0 100.968 0 42.7836 a b -0.0291899 15 0
0 0 100.972 0 42.8136 a b -0.0258863 15 0
0 0 100.976 0 42.8407 a b -0.0326404 15 0
0 0 100.969 0 42.8651 a b -0.0394397 15 0
0 0 100.963 0 42.8953 a b -0.0387352 15 0
0 0 100.961 0 42.9294 a b -0.0353276 15 0
0 0 100.964 0 42.9672 a b -0.0353865 15 0
0 0 100.962 0 43.0003 a b -0.0419877 15 0
0 0 100.954 0 43.0312 a b -0.046986 15 0
0 0 100.944 0 43.0589 a b -0.0389303 15 0
0 0 100.943 0 43.0917 a b -0.0257882 15 0
0 0 100.948 0 43.1258 a b -0.0181204 15 0
0 0 100.952 0 43.155 a b -0.0178359 15 0
0 0 100.953 0 43.1777 a b -0.0158941 15 0
0 0 100.951 0 43.2016 a b -0.00552128 15 0
0 0 100.949 0 43.2258 a b 0.00648779 15 0
0 0 100.947 0 43.2473 a b 0.0173772 15 0
0 0 100.949 0 43.2733 a b 0.0259936 15 0
0 0 100.95 0 43.2983 a b 0.0297556 15 0
0 0 100.949 0 43.3142 a b 0.0305301 15 0
0 0 100.947 0 43.3304 a b 0.0364159 15 0
0 0 100.946 0 43.3557 a b 0.0440933 15 0
0 0 100.946 0 43.3855 a b 0.0475791 15 0
0 0 100.945 0 43.4249 a b 0.0439273 15 0
0 0 100.943 0 43.4573 a b 0.0429331 15 0
0 0 100.941 0 43.4889 a b 0.0490633 15 0
0 0 100.946 0 43.5254 a b 0.0520257 15 0
0 0 100.95 0 43.5553 a b 0.055051 15 0
0 0 100.949 0 43.5855 a b 0.0614123 15 0
0 0 100.949 0 43.6272 a b 0.0649143 15 0
0 0 100.947 0 43.6622 a b 0.0636804 15 0
0 0 100.944 0 43.6885 a b 0.0671968 15 0
0 0 100.947 0 43.7143 a b 0.0689118 15 0
0 0 100.952 0 43.7378 a b 0.067526 15 0
0 0 100.957 0 43.7572 a b 0.0683632 15 0
0 0 100.959 0 43.7771 a b 0.0679524 15 0
0 0 100.958 0 43.7975 a b 0.067094 15 0
0 0 100.952 0 43.8196 a b 0.0709391 15 0
0 0 100.946 0 43.8453 a b 0.0795886 15 0
0 0 100.939 0 43.8809 a b 0.0797546 15 0
0 0 100.941 0 43.9176 a b 0.0754158 15 0
0 0 100.946 0 43.953 a b 0.0750976 15 0
0 0 100.948 0 43.987 a b 0.0723394 15 0
0 0 100.957 0 44.022 a b 0.0712773 15 0
0 0 100.962 0 44.0558 a b 0.0720611 15 0
0 0 100.967 0 44.0837 a b 0.0756646 15 0
0 0 100.96 0 44.1146 a b 0.0802697 15 0
0 0 100.952 0 44.15 a b 0.0768241 15 0
0 0 100.949 0 44.1771 a b 0.0709192 15 0
0 0 100.955 0 44.202 a b 0.0675657 15 0
0 0 100.965 0 44.2243 a b 0.0716901 15 0
0 0 100.97 0 44.2422 a b 0.0733809 15 0
0 0 100.971 0 44.2667 a b 0.0679626 15 0
0 0 100.972 0 44.2934 a b 0.0645811 15 0
0 0 100.969 0 44.3189 a b 0.0681542 15 0
0 0 100.961 0 44.3501 a b 0.0739285 15 0
0 0 100.953 0 44.3872 a b 0.072362 15 0
0 0 100.957 0 44.4254 a b 0.0670785 15 0
0 0 100.963 0 44.4624 a b 0.0639467 15 0
0 0 100.969 0 44.493 a b 0.0645418 15 0
0 0 100.969 0 44.5244 a b 0.0617827 15 0
0 0 100.969 0 44.5577 a b 0.0545879 15 0
0 0 100.97 0 44.5902 a b 0.049128 15 0
0 0 100.974 0 44.6165 a b 0.0507464 15 0
0 0 100.972 0 44.6442 a b 0.0537266 15 0
0 0 100.973 0 44.6709 a b 0.0526834 15 0
0 0 100.975 0 44.6981 a b 0.0502605 15 0
0 0 100.976 0 44.7228 a b 0.0481306 15 0
0 0 100.977 0 44.7508 a b 0.0446455 15 0
0 0 100.977 0 44.7786 a b 0.0436011 15 0
0 0 100.976 0 44.8081 a b 0.0440525 15 0
0 0 100.975 0 44.8384 a b 0.0438897 15 0
0 0 100.975 0 44.8723 a b 0.0449673 15 0
0 0 100.975 0 44.9008 a b 0.0445528 15 0
0 0 100.974 0 44.9306 a b 0.0410997 15 0
0 0 100.974 0 44.9557 a b 0.0395765 15 0
0 0 100.975 0 44.9783 a b 0.0377618 15 0
0 0 100.976 0 44.9976 a b 0.0348369 15 0
0 0 100.979 0 45.0184 a b 0.0368748 15 0
0 0 100.977 0 45.0311 a b 0.0407064 15 0
0 0 100.977 0 45.063 a b 0.0314066 15 0
0 0 100.978 0 45.095 a b 0.031979 15 0
0 0 100.979 0 45.1219 a b 0.032197 15 0
0 0 100.98 0 45.1542 a b 0.0291022 15 0
0 0 100.982 0 45.1947 a b 0.0265991 15 0
0 0 100.98 0 45.2383 a b 0.0274429 15 0
0 0 100.981 0 45.2746 a b 0.029909 15 0
0 0 100.98 0 45.3071 a b 0.0244477 15 0
0 0 100.977 0 45.3462 a b 0.0156613 15 0
0 0 100.977 0 45.3853 a b 0.0126774 15 0
0 0 100.973 0 45.4195 a b 0.0130208 15 0
0 0 100.969 0 45.4468 a b 0.0123605 15 0
0 0 100.967 0 45.4692 a b 0.0107701 15 0
0 0 100.965 0 45.4908 a b 0.00552709 15 0
0 0 100.964 0 45.5133 a b 0.00201547 15 0
0 0 100.965 0 45.5305 a b -0.000674765 15 0
0 0 100.967 0 45.5463 a b 0.000152992 15 0
0 0 100.969 0 45.5676 a b 0.00165741 15 0
0 0 100.968 0 45.5917 a b -4.6604e-05 15 0
0 0 100.967 0 45.619 a b -0.00646919 15 0
0 0 100.964 0 45.6585 a b -0.0103013 15 0
0 0 100.964 0 45.6949 a b -0.0123935 15 0
0 0 100.964 0 45.7288 a b -0.0169247 15 0
0 0 100.964 0 45.7713 a b -0.022131 15 0
0 0 100.963 0 45.8146 a b -0.0273437 15 0
0 0 100.961 0 45.8529 a b -0.029009 15 0
0 0 100.96 0 45.891 a b -0.0276601 15 0
0 0 100.957 0 45.9281 a b -0.0251589 15 0
0 0 100.955 0 45.9618 a b -0.0295377 15 0
0 0 100.954 0 45.9934 a b -0.0365026 15 0
0 0 100.951 0 46.023 a b -0.0405776 15 0
0 0 100.946 0 46.0547 a b -0.0380659 15 0
0 0 100.941 0 46.0884 a b -0.0319032 15 0
0 0 100.94 0 46.1274 a b -0.0374757 15 0
0 0 100.937 0 46.1581 a b -0.0487455 15 0
0 0 100.926 0 46.1862 a b -0.0410907 15 0
0 0 100.925 0 46.2157 a b -0.0418335 15 0
0 0 100.928 0 46.2302 a b -0.0523552 15 0
0 0 100.922 0 46.2431 a b -0.0509094 15 0
0 0 100.92 0 46.2605 a b -0.0429189 15 0
0 0 100.923 0 46.2778 a b -0.0373769 15 0
0 0 100.924 0 46.2994 a b -0.0331794 15 0
0 0 100.923 0 46.3201 a b -0.0304584 15 0
0 0 100.922 0 46.3438 a b -0.0298312 15 0
0 0 100.922 0 46.3633 a b -0.0262706 15 0
0 0 100.92 0 46.3874 a b -0.0167439 15 0
0 0 100.92 0 46.4142 a b -0.0052518 15 0
0 0 100.921 0 46.443 a b -0.000385372 15 0
0 0 100.921 0 46.4746 a b 0.00428632 15 0
0 0 100.919 0 46.5052 a b 0.013287 15 0
0 0 100.917 0 46.5366 a b 0.0269316 15 0
0 0 100.916 0 46.575 a b 0.0336507 15 0
0 0 100.918 0 46.6107 a b 0.0390869 15 0
0 0 100.922 0 46.6494 a b 0.0453536 15 0
0 0 100.928 0 46.6827 a b 0.053794 15 0
0 0 100.93 0 46.7122 a b 0.0633621 15 0
0 0 100.929 0 46.7409 a b 0.0649849 15 0
0 0 100.927 0 46.7618 a b 0.0665148 15 0
0 0 100.923 0 46.7818 a b 0.0717206 15 0
0 0 100.923 0 46.8002 a b 0.0748226 15 0
0 0 100.925 0 46.8212 a b 0.0754107 15 0
0 0 100.927 0 46.8417 a b 0.0763912 15 0
0 0 100.929 0 46.8633 a b 0.0750477 15 0
0 0 100.93 0 46.8817 a b 0.0784415 15 0
0 0 100.928 0 46.9036 a b 0.0886014 15 0
0 0 100.93 0 46.9346 a b 0.0941838 15 0
0 0 100.93 0 46.9682 a b 0.0925643 15 0
0 0 100.932 0 47 a b 0.0888545 15 0
0 0 100.934 0 47.0271 a b 0.0945026 15 0
0 0 100.936 0 47.0619 a b 0.103438 15 0
0 0 100.94 0 47.1039 a b 0.109366 15 0
0 0 100.944 0 47.1477 a b 0.106556 15 0
0 0 100.947 0 47.1814 a b 0.109497 15 0
0 0 100.948 0 47.2163 a b 0.111833 15 0
0 0 100.951 0 47.2531 a b 0.10857 15 0
0 0 100.954 0 47.2819 a b 0.107805 15 0
0 0 100.957 0 47.3085 a b 0.120489 15 0
0 0 100.957 0 47.3406 a b 0.123664 15 0
0 0 100.956 0 47.3703 a b 0.112132 15 0
0 0 100.956 0 47.3936 a b 0.100412 15 0
0 0 100.953 0 47.4134 a b 0.0910367 15 0
0 0 100.95 0 47.4364 a b 0.085319 15 0
0 0 100.948 0 47.4636 a b 0.0854485 15 0
0 0 100.953 0 47.4925 a b 0.079513 15 0
0 0 100.957 0 47.5254 a b 0.0756679 15 0
0 0 100.962 0 47.5559 a b 0.0748811 15 0
0 0 100.962 0 47.5862 a b 0.0724012 15 0
0 0 100.964 0 47.6159 a b 0.0657106 15 0
0 0 100.966 0 47.6468 a b 0.0615974 15 0
0 0 100.966 0 47.6791 a b 0.0653719 15 0
0 0 100.967 0 47.7097 a b 0.0711584 15 0
0 0 100.966 0 47.7378 a b 0.0706379 15 0
0 0 100.966 0 47.764 a b 0.0638923 15 0
0 0 100.969 0 47.7913 a b 0.0593931 15 0
0 0 100.97 0 47.8171 a b 0.0590553 15 0
0 0 100.969 0 47.8445 a b 0.0613821 15 0
0 0 100.967 0 47.8709 a b 0.0633033 15 0
0 0 100.969 0 47.8973 a b 0.064709 15 0
0 0 100.97 0 47.9258 a b 0.0632556 15 0
0 0 100.97 0 47.9494 a b 0.0636269 15 0
0 0 100.971 0 47.9777 a b 0.0574974 15 0
0 0 100.972 0 48.0073 a b 0.0551328 15 0
0 0 100.976 0 48.0422 a b 0.0589233 15 0
0 0 100.974 0 48.0696 a b 0.0593627 15 0
0 0 100.977 0 48.0972 a b 0.0571572 15 0
0 0 100.978 0 48.1345 a b 0.0552604 15 0
0 0 100.979 0 48.1647 a b 0.0577152 15 0
0 0 100.98 0 48.195 a b 0.0582283 15 0
0 0 100.981 0 48.2275 a b 0.0579029 15 0
0 0 100.98 0 48.2583 a b 0.057205 15 0
0 0 100.978 0 48.2882 a b 0.0584019 15 0
0 0 100.98 0 48.3157 a b 0.0620854 15 0
0 0 100.978 0 48.3403 a b 0.0622534 15 0
0 0 100.979 0 48.3666 a b 0.0608217 15 0
0 0 100.979 0 48.3964 a b 0.0581007 15 0
0 0 100.98 0 48.4339 a b 0.0548056 15 0
0 0 100.978 0 48.4642 a b 0.0562589 15 0
0 0 100.978 0 48.49 a b 0.0569347 15 0
0 0 100.979 0 48.516 a b 0.056701 15 0
0 0 100.98 0 48.549 a b 0.0555099 15 0
0 0 100.979 0 48.5748 a b 0.0565347 15 0
0 0 100.98 0 48.6035 a b 0.0587233 15 0
0 0 100.98 0 48.6275 a b 0.0563173 15 0
0 0 100.981 0 48.6522 a b 0.0507711 15 0
0 0 100.982 0 48.6829 a b 0.0496319 15 0
0 0 100.981 0 48.716 a b 0.0514157 15 0
0 0 100.979 0 48.7432 a b 0.05494 15 0
0 0 100.978 0 48.7685 a b 0.0558329 15 0
0 0 100.98 0 48.798 a b 0.0527167 15 0
0 0 100.981 0 48.8235 a b 0.0490571 15 0
0 0 100.982 0 48.8571 a b 0.0493238 15 0
0 0 100.981 0 48.8922 a b 0.0521022 15 0
0 0 100.982 0 48.9192 a b 0.0523854 15 0
0 0 100.978 0 48.9497 a b 0.0497232 15 0
0 0 100.977 0 48.9803 a b 0.0463 15 0
0 0 100.976 0 49.0136 a b 0.0461198 15 0
0 0 100.975 0 49.0456 a b 0.0507982 15 0
0 0 100.973 0 49.0737 a b 0.0495942 15 0
0 0 100.976 0 49.1005 a b 0.0474801 15 0
0 0 100.976 0 49.1208 a b 0.0482053 15 0
0 0 100.977 0 49.1449 a b 0.0481783 15 0
0 0 100.978 0 49.1694 a b 0.0475184 15 0
0 0 100.975 0 49.1965 a b 0.0435965 15 0
0 0 100.975 0 49.2249 a b 0.0367246 15 0
0 0 100.974 0 49.2519 a b 0.0356585 15 0
0 0 100.975 0 49.2792 a b 0.0395851 15 0
0 0 100.975 0 49.31 a b 0.0442813 15 0
0 0 100.971 0 49.3518 a b 0.0411028 15 0
0 0 100.972 0 49.3859 a b 0.0358591 15 0
0 0 100.97 0 49.415 a b 0.0339517 15 0
0 0 100.97 0 49.4469 a b 0.0360582 15 0
0 0 100.967 0 49.4845 a b 0.0388721 15 0
0 0 100.968 0 49.5153 a b 0.0394109 15 0
0 0 100.968 0 49.5459 a b 0.0362663 15 0
0 0 100.969 0 49.5791 a b 0.0273393 15 0
0 0 100.97 0 49.6026 a b 0.0253387 15 0
0 0 100.97 0 49.6252 a b 0.0295978 15 0
0 0 100.967 0 49.647 a b 0.0343917 15 0
0 0 100.968 0 49.6768 a b 0.0361718 15 0
0 0 100.967 0 49.707 a b 0.0264134 15 0
0 0 100.966 0 49.7294 a b 0.0185828 15 0
0 0 100.967 0 49.7465 a b 0.0216997 15 0
0 0 100.967 0 49.7704 a b 0.0302694 15 0
0 0 100.964 0 49.8025 a b 0.0375736 15 0
0 0 100.962 0 49.8371 a b 0.0334592 15 0
0 0 100.963 0 49.8642 a b 0.0228644 15 0
0 0 100.963 0 49.8874 a b 0.0163087 15 0
0 0 100.961 0 49.9138 a b 0.0183821 15 0
0 0 100.96 0 49.9435 a b 0.0270984 15 0
0 0 100.959 0 49.9819 a b 0.0308229 15 0
0 0 100.957 0 50.0162 a b 0.0250439 15 0
0 0 100.958 0 50.0503 a b 0.0123332 15 0
0 0 100.96 0 50.0779 a b 0.0105907 15 0
0 0 100.958 0 50.1017 a b 0.0196966 15 0
0 0 100.955 0 50.1335 a b 0.0270755 15 0
0 0 100.95 0 50.1698 a b 0.0219955 15 0
0 0 100.954 0 50.1937 a b 0.0134782 15 0
0 0 100.958 0 50.2137 a b 0.0128406 15 0
0 0 100.958 0 50.239 a b 0.0183364 15 0
0 0 100.958 0 50.2693 a b 0.0242961 15 0
0 0 100.958 0 50.3038 a b 0.0241506 15 0
0 0 100.957 0 50.3329 a b 0.0203195 15 0
0 0 100.955 0 50.3596 a b 0.0153765 15 0
0 0 100.956 0 50.3887 a b 0.014221 15 0
0 0 100.954 0 50.4194 a b 0.0113517 15 0
0 0 100.953 0 50.4464 a b 0.015604 15 0
0 0 100.952 0 50.4748 a b 0.0192931 15 0
0 0 100.951 0 50.5102 a b 0.0181284 15 0
0 0 100.951 0 50.5375 a b 0.0138251 15 0
0 0 100.951 0 50.5662 a b 0.0123834 15 0
0 0 100.951 0 50.5934 a b 0.015702 15 0
0 0 100.949 0 50.6292 a b 0.0148272 15 0
0 0 100.951 0 50.6583 a b 0.0107308 15 0
0 0 100.948 0 50.6818 a b 0.0110646 15 0
0 0 100.948 0 50.7166 a b 0.0157905 15 0
0 0 100.946 0 50.7494 a b 0.0174928 15 0
0 0 100.942 0 50.7842 a b 0.0176969 15 0
0 0 100.937 0 50.8148 a b 0.0151088 15 0
0 0 100.936 0 50.8441 a b 0.0142353 15 0
0 0 100.938 0 50.8686 a b 0.0120613 15 0
0 0 100.94 0 50.8949 a b 0.0140735 15 0
0 0 100.943 0 50.9271 a b 0.0159168 15 0
0 0 100.943 0 50.9516 a b 0.0131178 15 0
0 0 100.936 0 50.9733 a b 0.0151729 15 0
0 0 100.931 0 50.9932 a b 0.0177208 15 0
0 0 100.927 0 51.0216 a b 0.0172903 15 0
0 0 100.93 0 51.0473 a b 0.0146508 15 0
0 0 100.931 0 51.0754 a b 0.0119505 15 0
0 0 100.933 0 51.1039 a b 0.0100459 15 0
0 0 100.933 0 51.1342 a b 0.0119854 15 0
0 0 100.931 0 51.169 a b 0.0125119 15 0
0 0 100.928 0 51.2034 a b 0.012832 15 0
0 0 100.929 0 51.237 a b 0.0163041 15 0
0 0 100.927 0 51.2665 a b 0.0171108 15 0
0 0 100.924 0 51.3 a b 0.0167804 15 0
0 0 100.925 0 51.3319 a b 0.0162297 15 0
0 0 100.923 0 51.3639 a b 0.0153553 15 0
0 0 100.918 0 51.3948 a b 0.0170585 15 0
0 0 100.913 0 51.4166 a b 0.017321 15 0
0 0 100.915 0 51.4445 a b 0.0155049 15 0
0 0 100.92 0 51.477 a b 0.0164468 15 0
0 0 100.919 0 51.4997 a b 0.0179713 15 0
0 0 100.914 0 51.5191 a b 0.0150996 15 0
0 0 100.907 0 51.5514 a b 0.0146492 15 0
0 0 100.909 0 51.5845 a b 0.0178616 15 0
0 0 100.912 0 51.6091 a b 0.0204395 15 0
0 0 100.916 0 51.6315 a b 0.0190953 15 0
0 0 100.92 0 51.6643 a b 0.0158627 15 0
0 0 100.918 0 51.6968 a b 0.0141934 15 0
0 0 100.915 0 51.726 a b 0.0152912 15 0
0 0 100.911 0 51.7612 a b 0.0179084 15 0
0 0 100.908 0 51.7903 a b 0.0219264 15 0
0 0 100.906 0 51.8165 a b 0.0250164 15 0
0 0 100.907 0 51.8428 a b 0.0243473 15 0
0 0 100.903 0 51.8747 a b 0.0227622 15 0
0 0 100.902 0 51.9026 a b 0.0220394 15 0
0 0 100.903 0 51.9292 a b 0.0208785 15 0
0 0 100.906 0 51.9557 a b 0.0201174 15 0
0 0 100.907 0 51.9854 a b 0.0194501 15 0
0 0 100.899 0 52.0154 a b 0.0203771 15 0
0 0 100.898 0 52.0432 a b 0.0231293 15 0
0 0 100.902 0 52.0713 a b 0.0245649 15 0
0 0 100.899 0 52.1014 a b 0.023351 15 0
0 0 100.896 0 52.1327 a b 0.0219298 15 0
0 0 100.899 0 52.1672 a b 0.0231193 15 0
0 0 100.898 0 52.1935 a b 0.0223424 15 0
0 0 100.888 0 52.2222 a b 0.0264891 15 0
0 0 100.881 0 52.2509 a b 0.043058 15 0
0 0 100.879 0 52.2837 a b 0.0537653 15 0
0 0 100.88 0 52.3115 a b 0.0556094 15 0
0 0 100.877 0 52.3386 a b 0.0576756 15 0
0 0 100.877 0 52.3634 a b 0.0648341 15 0
0 0 100.878 0 52.3919 a b 0.0721417 15 0
0 0 100.884 0 52.4201 a b 0.0802412 15 0
0 0 100.887 0 52.4459 a b 0.0847101 15 0
0 0 100.888 0 52.4699 a b 0.0869692 15 0
0 0 100.889 0 52.4978 a b 0.0880043 15 0
0 0 100.884 0 52.5239 a b 0.0903298 15 0
0 0 100.888 0 52.5503 a b 0.0934372 15 0
0 0 100.899 0 52.578 a b 0.0933349 15 0
0 0 100.903 0 52.6075 a b 0.0922437 15 0
0 0 100.903 0 52.6369 a b 0.0978645 15 0
0 0 100.899 0 52.6714 a b 0.107658 15 0
0 0 100.895 0 52.7104 a b 0.117163 15 0
0 0 100.903 0 52.7453 a b 0.118674 15 0
0 0 100.911 0 52.7813 a b 0.112213 15 0
0 0 100.903 0 52.8154 a b 0.103774 15 0
0 0 100.904 0 52.8441 a b 0.0963975 15 0
0 0 100.905 0 52.8693 a b 0.0929581 15 0
0 0 100.91 0 52.8951 a b 0.0932977 15 0
0 0 100.916 0 52.9262 a b 0.0912699 15 0
0 0 100.915 0 52.9482 a b 0.0848231 15 0
0 0 100.914 0 52.9771 a b 0.0776177 15 0
0 0 100.919 0 52.9992 a b 0.0741171 15 0
0 0 100.915 0 53.0218 a b 0.0745089 15 0
0 0 100.914 0 53.0476 a b 0.0742163 15 0
0 0 100.92 0 53.0802 a b 0.0673291 15 0
0 0 100.92 0 53.1037 a b 0.0590362 15 0
0 0 100.919 0 53.1315 a b 0.0578553 15 0
0 0 100.923 0 53.1572 a b 0.0578708 15 0
0 0 100.922 0 53.1877 a b 0.0562028 15 0
0 0 100.919 0 53.2201 a b 0.0509167 15 0
0 0 100.922 0 53.255 a b 0.0456605 15 0
0 0 100.924 0 53.2845 a b 0.0431836 15 0
0 0 100.923 0 53.3143 a b 0.0408048 15 0
0 0 100.928 0 53.3454 a b 0.039074 15 0
0 0 100.924 0 53.3737 a b 0.0342499 15 0
0 0 100.923 0 53.401 a b 0.0324803 15 0
0 0 100.922 0 53.4242 a b 0.0333189 15 0
0 0 100.92 0 53.456 a b 0.0295581 15 0
0 0 100.918 0 53.4835 a b 0.0202404 15 0
0 0 100.919 0 53.5019 a b 0.014882 15 0
0 0 100.921 0 53.5209 a b 0.0194341 15 0
0 0 100.924 0 53.5469 a b 0.0213782 15 0
0 0 100.927 0 53.5793 a b 0.0196122 15 0
0 0 100.928 0 53.6038 a b 0.0115967 15 0
0 0 100.928 0 53.6285 a b 0.00713351 15 0
0 0 100.923 0 53.6635 a b 0.00593727 15 0
0 0 100.925 0 53.6912 a b 0.00607285 15 0
0 0 100.931 0 53.7254 a b 0.00788194 15 0
0 0 100.932 0 53.7631 a b 0.0012075 15 0
0 0 100.931 0 53.7953 a b -0.00833228 15 0
0 0 100.928 0 53.8205 a b -0.00490523 15 0
0 0 100.929 0 53.8531 a b 0.000746613 15 0
0 0 100.928 0 53.8864 a b 0.0023253 15 0
0 0 100.926 0 53.9221 a b -0.00123594 15 0
0 0 100.919 0 53.9495 a b -0.00470136 15 0
0 0 100.922 0 53.974 a b -0.00169641 15 0
0 0 100.913 0 53.9994 a b -0.000650121 15 0
0 0 100.913 0 54.0246 a b -0.00256305 15 0
0 0 100.908 0 54.0502 a b -0.0065045 15 0
0 0 100.91 0 54.0716 a b -0.0133675 15 0
0 0 100.915 0 54.0993 a b -0.0153211 15 0
0 0 100.912 0 54.1207 a b -0.00943969 15 0
0 0 100.898 0 54.1514 a b -0.0124338 15 0
0 0 100.898 0 54.186 a b -0.0220707 15 0
0 0 100.903 0 54.2123 a b -0.0234188 15 0
0 0 100.906 0 54.2387 a b -0.0206118 15 0
0 0 100.902 0 54.2732 a b -0.0240489 15 0
0 0 100.901 0 54.3053 a b -0.0288373 15 0
0 0 100.908 0 54.3352 a b -0.0290531 15 0
0 0 100.905 0 54.3648 a b -0.0291646 15 0
0 0 100.895 0 54.3965 a b -0.0304467 15 0
0 0 100.896 0 54.4278 a b -0.0310468 15 0
0 0 100.897 0 54.4528 a b -0.0319022 15 0
0 0 100.89 0 54.4801 a b -0.0328183 15 0
0 0 100.892 0 54.5122 a b -0.0335213 15 0
0 0 100.893 0 54.5417 a b -0.0337619 15 0
0 0 100.886 0 54.5725 a b -0.0352845 15 0
0 0 100.884 0 54.6087 a b -0.0321886 15 0
0 0 100.878 0 54.6441 a b -0.0316987 15 0
0 0 100.877 0 54.6718 a b -0.0335664 15 0
0 0 100.873 0 54.6991 a b -0.0347426 15 0
0 0 100.876 0 54.7343 a b -0.0284693 15 0
0 0 100.874 0 54.769 a b -0.0168894 15 0
0 0 100.876 0 54.7894 a b -0.00587354 15 0
0 0 100.878 0 54.8008 a b 0.000748236 15 0
0 0 100.876 0 54.8174 a b -0.0029957 15 0
0 0 100.873 0 54.8651 a b -0.00217001 15 0
0 0 100.875 0 54.9076 a b 0.0121037 15 0
0 0 100.872 0 54.9272 a b 0.0236773 15 0
0 0 100.875 0 54.9398 a b 0.026261 15 0
0 0 100.875 0 54.9628 a b 0.022744 15 0
0 0 100.876 0 55.0048 a b 0.0223689 15 0
0 0 100.878 0 55.0407 a b 0.0287926 15 0
0 0 100.88 0 55.0619 a b 0.0356379 15 0
0 0 100.871 0 55.0844 a b 0.0370718 15 0
0 0 100.874 0 55.1156 a b 0.0381996 15 0
0 0 100.879 0 55.15 a b 0.0423421 15 0
0 0 100.883 0 55.177 a b 0.0461431 15 0
0 0 100.883 0 55.2072 a b 0.0470272 15 0
0 0 100.882 0 55.2371 a b 0.0482046 15 0
0 0 100.875 0 55.2717 a b 0.0537042 15 0
0 0 100.881 0 55.3041 a b 0.0594173 15 0
0 0 100.881 0 55.3337 a b 0.0579277 15 0
0 0 100.876 0 55.3634 a b 0.0592796 15 0
0 0 100.869 0 55.3917 a b 0.0669431 15 0
0 0 100.881 0 55.4222 a b 0.0708699 15 0
0 0 100.889 0 55.4517 a b 0.0682862 15 0
0 0 100.889 0 55.4839 a b 0.0698594 15 0
0 0 100.888 0 55.5119 a b 0.0740375 15 0
0 0 100.891 0 55.5402 a b 0.0758533 15 0
0 0 100.884 0 55.5693 a b 0.0780217 15 0
0 0 100.885 0 55.5885 a b 0.0808189 15 0
0 0 100.892 0 55.62 a b 0.0823639 15 0
0 0 100.9 0 55.6518 a b 0.0818216 15 0
0 0 100.899 0 55.682 a b 0.0817389 15 0
0 0 100.902 0 55.7115 a b 0.0842241 15 0
0 0 100.895 0 55.7372 a b 0.0872933 15 0
0 0 100.904 0 55.7684 a b 0.0904727 15 0
0 0 100.903 0 55.7947 a b 0.089468 15 0
0 0 100.905 0 55.8239 a b 0.0869338 15 0
0 0 100.897 0 55.8434 a b 0.0872821 15 0
0 0 100.896 0 55.8714 a b 0.0874985 15 0
0 0 100.899 0 55.9073 a b 0.0863102 15 0
0 0 100.906 0 55.9362 a b 0.0882678 15 0
0 0 100.903 0 55.9675 a b 0.0907546 15 0
0 0 100.913 0 55.9984 a b 0.0927029 15 0
0 0 100.917 0 56.0341 a b 0.0882611 15 0
0 0 100.923 0 56.0709 a b 0.0892806 15 0
0 0 100.921 0 56.0985 a b 0.0858272 15 0
0 0 100.921 0 56.1197 a b 0.0847719 15 0
0 0 100.922 0 56.1421 a b 0.0807856 15 0
0 0 100.919 0 56.1626 a b 0.0778093 15 0
0 0 100.918 0 56.1975 a b 0.0772595 15 0
0 0 100.926 0 56.2321 a b 0.076512 15 0
0 0 100.928 0 56.2555 a b 0.0725739 15 0
0 0 100.925 0 56.2842 a b 0.0717641 15 0
0 0 100.921 0 56.31 a b 0.0721576 15 0
0 0 100.93 0 56.3424 a b 0.0707172 15 0
0 0 100.94 0 56.3768 a b 0.0618122 15 0
0 0 100.937 0 56.4059 a b 0.0580847 15 0
0 0 100.937 0 56.4307 a b 0.0593298 15 0
0 0 100.934 0 56.4496 a b 0.0648725 15 0
0 0 100.94 0 56.487 a b 0.0635912 15 0
0 0 100.939 0 56.5226 a b 0.0519485 15 0
0 0 100.944 0 56.5606 a b 0.04944 15 0
0 0 100.943 0 56.5934 a b 0.0502145 15 0
0 0 100.951 0 56.6251 a b 0.044814 15 0
0 0 100.947 0 56.6523 a b 0.0440592 15 0
0 0 100.95 0 56.691 a b 0.0449096 15 0
0 0 100.941 0 56.715 a b 0.0461199 15 0
0 0 100.932 0 56.7479 a b 0.0421394 15 0
0 0 100.943 0 56.7749 a b 0.0384046 15 0
0 0 100.954 0 56.7979 a b 0.0389101 15 0
0 0 100.955 0 56.8335 a b 0.034962 15 0
0 0 100.95 0 56.8603 a b 0.0258978 15 0
0 0 100.959 0 56.8787 a b 0.023005 15 0
0 0 100.962 0 56.9218 a b 0.0300708 15 0
0 0 100.952 0 56.9565 a b 0.0336043 15 0
0 0 100.941 0 56.9856 a b 0.0281245 15 0
0 0 100.944 0 57.0173 a b 0.021538 15 0
0 0 100.953 0 57.0422 a b 0.0190942 15 0
0 0 100.957 0 57.0647 a b 0.0229259 15 0
0 0 100.94 0 57.0914 a b 0.0231109 15 0
0 0 100.94 0 57.121 a b 0.0183976 15 0
0 0 100.952 0 57.1564 a b 0.0182374 15 0
0 0 100.958 0 57.1865 a b 0.0216856 15 0
0 0 100.939 0 57.2017 a b 0.0244586 15 0
0 0 100.922 0 57.2255 a b 0.0148847 15 0
0 0 100.927 0 57.2481 a b 0.00768119 15 0
0 0 100.939 0 57.2771 a b 0.00863667 15 0
0 0 100.948 0 57.3058 a b 0.0133754 15 0
0 0 100.941 0 57.3252 a b 0.01183 15 0
0 0 100.936 0 57.3498 a b 0.00791032 15 0
0 0 100.944 0 57.3789 a b 0.0062763 15 0
0 0 100.939 0 57.4042 a b 0.00561978 15 0
0 0 100.937 0 57.4394 a b 0.00401926 15 0
0 0 100.942 0 57.4681 a b 0.0043447 15 0
0 0 100.941 0 57.4994 a b 0.004412 15 0
0 0 100.925 0 57.5175 a b 0.00111048 15 0
0 0 100.929 0 57.5527 a b -0.00550306 15 0
0 0 100.938 0 57.5936 a b -0.00596631 15 0
0 0 100.938 0 57.6247 a b 0.00264916 15 0
0 0 100.942 0 57.6557 a b 0.00755895 15 0
0 0 100.946 0 57.6843 a b 0.00778373 15 0
0 0 100.938 0 57.7116 a b 0.00950328 15 0
0 0 100.93 0 57.737 a b 0.0111244 15 0
0 0 100.923 0 57.7451 a b 0.00901734 15 0
0 0 100.919 0 57.7723 a b 0.00633025 15 0
0 0 100.919 0 57.8044 a b 0.0041539 15 0
0 0 100.925 0 57.8267 a b 0.00659263 15 0
0 0 100.921 0 57.8527 a b 0.0087963 15 0
0 0 100.919 0 57.8825 a b 0.010067 15 0
0 0 100.918 0 57.9252 a b 0.00867156 15 0
0 0 100.923 0 57.9642 a b 0.00789197 15 0
0 0 100.931 0 57.9985 a b 0.00960287 15 0
0 0 100.922 0 58.0228 a b 0.0125647 15 0
0 0 100.923 0 58.0629 a b 0.0112345 15 0
0 0 100.924 0 58.1028 a b 0.0112154 15 0
0 0 100.926 0 58.1402 a b 0.00945783 15 0
0 0 100.937 0 58.1618 a b 0.00908754 15 0
0 0 100.931 0 58.1783 a b 0.00918559 15 0
0 0 100.927 0 58.1989 a b 0.0112663 15 0
0 0 100.923 0 58.2294 a b 0.0119024 15 0
0 0 100.922 0 58.2773 a b 0.0125195 15 0
0 0 100.921 0 58.3157 a b 0.0156938 15 0
0 0 100.924 0 58.3416 a b 0.014173 15 0
0 0 100.922 0 58.362 a b 0.0136759 15 0
0 0 100.915 0 58.3993 a b 0.0124804 15 0
0 0 100.915 0 58.4256 a b 0.0151737 15 0
0 0 100.912 0 58.4512 a b 0.0153114 15 0
0 0 100.911 0 58.4775 a b 0.0140453 15 0
0 0 100.909 0 58.5041 a b 0.0133749 15 0
0 0 100.91 0 58.5306 a b 0.016088 15 0
0 0 100.913 0 58.5568 a b 0.0145971 15 0
0 0 100.903 0 58.5794 a b 0.0103674 15 0
0 0 100.909 0 58.6234 a b 0.0102913 15 0
0 0 100.905 0 58.6616 a b 0.0139004 15 0
0 0 100.901 0 58.6879 a b 0.0175856 15 0
0 0 100.908 0 58.7067 a b 0.0197539 15 0
0 0 100.913 0 58.7336 a b 0.0156149 15 0
0 0 100.906 0 58.7697 a b 0.0127225 15 0
0 0 100.902 0 58.8085 a b 0.015526 15 0
0 0 100.904 0 58.8347 a b 0.0202265 15 0
0 0 100.909 0 58.871 a b 0.0162437 15 0
0 0 100.914 0 58.8936 a b 0.0105254 15 0
0 0 100.911 0 58.9223 a b 0.0088866 15 0
0 0 100.912 0 58.9535 a b 0.0098402 15 0
0 0 100.918 0 58.9893 a b 0.00979728 15 0
0 0 100.913 0 59.017 a b 0.0110907 15 0
0 0 100.909 0 59.0384 a b 0.0116898 15 0
0 0 100.913 0 59.0616 a b 0.00858396 15 0
0 0 100.913 0 59.0876 a b 0.000742634 15 0
0 0 100.916 0 59.143 a b 0.00123773 15 0
0 0 100.916 0 59.1814 a b 0.0107569 15 0
0 0 100.925 0 59.2337 a b 0.0139314 15 0
0 0 100.926 0 59.2522 a b 0.0149066 15 0
0 0 100.926 0 59.2734 a b 0.0117919 15 0
0 0 100.921 0 59.3004 a b 0.00986355 15 0
0 0 100.913 0 59.3147 a b 0.010536 15 0
0 0 100.912 0 59.341 a b 0.0111295 15 0
0 0 100.911 0 59.3682 a b 0.0149872 15 0
0 0 100.913 0 59.4025 a b 0.0139119 15 0
0 0 100.915 0 59.4227 a b 0.0119491 15 0
0 0 100.914 0 59.4416 a b 0.00804726 15 0
0 0 100.909 0 59.4672 a b 0.00865329 15 0
0 0 100.91 0 59.4997 a b 0.0115399 15 0
0 0 100.911 0 59.5368 a b 0.0103624 15 0
0 0 100.911 0 59.5667 a b 0.00570593 15 0
0 0 100.915 0 59.5946 a b 0.0076414 15 0
0 0 100.924 0 59.6248 a b 0.00803617 15 0
0 0 100.917 0 59.6527 a b 0.00494444 15 0
0 0 100.914 0 59.6781 a b 0.00370259 15 0
0 0 100.913 0 59.7049 a b 0.00581582 15 0
0 0 100.911 0 59.738 a b 0.00343238 15 0
0 0 100.905 0 59.7646 a b 0.00212034 15 0
0 0 100.901 0 59.8026 a b 0.00283162 15 0
0 0 100.903 0 59.8381 a b -1.03346e-06 15 0
0 0 100.905 0 59.8701 a b -0.00402205 15 0
0 0 100.905 0 59.8943 a b -0.00793588 15 0
0 0 100.906 0 59.9176 a b -0.00748609 15 0
0 0 100.907 0 59.949 a b -0.00609164 15 0
0 0 100.906 0 59.9769 a b -0.00864499 15 0
0 0 100.9 0 59.995 a b -0.00827676 15 0
0 0 100.894 0 60.0133 a b -0.00683353 15 0
0 0 100.885 0 60.034 a b -0.00961405 15 0
0 0 100.883 0 60.062 a b -0.0101793 15 0
0 0 100.881 0 60.0919 a b -0.0108999 15 0
0 0 100.88 0 60.122 a b -0.012527 15 0
0 0 100.888 0 60.1505 a b -0.0112823 15 0
0 0 100.884 0 60.1768 a b -0.012571 15 0
0 0 100.883 0 60.2003 a b -0.0106709 15 0
0 0 100.874 0 60.2307 a b -0.00610621 15 0
0 0 100.865 0 60.2729 a b -0.00536843 15 0
0 0 100.865 0 60.2984 a b -0.00401627 15 0
0 0 100.862 0 60.3292 a b -0.00110424 15 0
0 0 100.864 0 60.3653 a b 0.00329474 15 0
0 0 100.86 0 60.398 a b 0.00194527 15 0
0 0 100.856 0 60.4216 a b 0.000217639 15 0
0 0 100.856 0 60.4542 a b -0.000301579 15 0
0 0 100.856 0 60.4849 a b 0.00183879 15 0
0 0 100.856 0 60.5085 a b 0.0121521 15 0
0 0 100.849 0 60.5236 a b 0.0158987 15 0
0 0 100.842 0 60.5471 a b 0.0104174 15 0
0 0 100.851 0 60.5795 a b 0.010177 15 0
0 0 100.859 0 60.6061 a b 0.0188299 15 0
0 0 100.859 0 60.6418 a b 0.021256 15 0
0 0 100.863 0 60.6781 a b 0.0224472 15 0
0 0 100.864 0 60.7116 a b 0.028945 15 0
0 0 100.868 0 60.7364 a b 0.0438417 15 0
0 0 100.861 0 60.7746 a b 0.0593058 15 0
0 0 100.862 0 60.8096 a b 0.0655788 15 0
0 0 100.862 0 60.8474 a b 0.067774 15 0
0 0 100.858 0 60.8845 a b 0.0791005 15 0
0 0 100.862 0 60.9163 a b 0.0940646 15 0
0 0 100.87 0 60.9402 a b 0.0982966 15 0
0 0 100.867 0 60.965 a b 0.0979355 15 0
0 0 100.866 0 60.9967 a b 0.0995377 15 0
0 0 100.867 0 61.0288 a b 0.110722 15 0
0 0 100.874 0 61.0549 a b 0.115701 15 0
0 0 100.882 0 61.0898 a b 0.10985 15 0
0 0 100.881 0 61.1104 a b 0.105451 15 0
0 0 100.883 0 61.143 a b 0.111155 15 0
0 0 100.891 0 61.1751 a b 0.118358 15 0
0 0 100.897 0 61.2007 a b 0.119321 15 0
0 0 100.904 0 61.2233 a b 0.110548 15 0
0 0 100.899 0 61.2387 a b 0.112421 15 0
0 0 100.897 0 61.2671 a b 0.11924 15 0
0 0 100.903 0 61.2972 a b 0.122344 15 0
0 0 100.912 0 61.3304 a b 0.117951 15 0
0 0 100.923 0 61.3554 a b 0.110069 15 0
0 0 100.923 0 61.395 a b 0.11277 15 0
0 0 100.93 0 61.4294 a b 0.117208 15 0
0 0 100.938 0 61.4641 a b 0.11556 15 0
0 0 100.942 0 61.4989 a b 0.112464 15 0
0 0 100.941 0 61.5333 a b 0.114245 15 0
0 0 100.949 0 61.5628 a b 0.118818 15 0
0 0 100.95 0 61.5897 a b 0.118773 15 0
0 0 100.948 0 61.6174 a b 0.117485 15 0
0 0 100.941 0 61.644 a b 0.115104 15 0
0 0 100.935 0 61.6661 a b 0.111987 15 0
0 0 100.926 0 61.6953 a b 0.115918 15 0
0 0 100.936 0 61.7197 a b 0.119189 15 0
0 0 100.95 0 61.7345 a b 0.116252 15 0
0 0 100.954 0 61.746 a b 0.10073 15 0
0 0 100.95 0 61.7687 a b 0.0878784 15 0
0 0 100.94 0 61.7907 a b 0.0823039 15 0
0 0 100.94 0 61.8068 a b 0.0833234 15 0
0 0 100.939 0 61.8309 a b 0.0830807 15 0
0 0 100.934 0 61.8483 a b 0.0790544 15 0
0 0 100.942 0 61.8912 a b 0.0652761 15 0
0 0 100.955 0 61.9395 a b 0.0575191 15 0
0 0 100.964 0 61.9913 a b 0.0597232 15 0
0 0 100.968 0 62.0269 a b 0.0610079 15 0
0 0 100.966 0 62.0568 a b 0.0570118 15 0
0 0 100.967 0 62.0773 a b 0.0489475 15 0
0 0 100.961 0 62.0994 a b 0.0459976 15 0
0 0 100.957 0 62.1168 a b 0.0455807 15 0
0 0 100.95 0 62.1466 a b 0.0452871 15 0
0 0 100.949 0 62.177 a b 0.0439789 15 0
0 0 100.952 0 62.2013 a b 0.0406073 15 0
0 0 100.952 0 62.2257 a b 0.0372082 15 0
0 0 100.954 0 62.2532 a b 0.0350107 15 0
0 0 100.953 0 62.2765 a b 0.0329056 15 0
0 0 100.951 0 62.3041 a b 0.0319181 15 0
0 0 100.955 0 62.3316 a b 0.0285625 15 0
0 0 100.963 0 62.363 a b 0.0269424 15 0
0 0 100.971 0 62.3957 a b 0.0243342 15 0
0 0 100.982 0 62.4225 a b 0.0193924 15 0
0 0 100.984 0 62.4588 a b 0.017654 15 0
0 0 100.98 0 62.4976 a b 0.0156707 15 0
0 0 100.977 0 62.5361 a b 0.0150622 15 0
0 0 100.98 0 62.574 a b 0.0145019 15 0
0 0 100.98 0 62.5999 a b 0.0118967 15 0
0 0 100.973 0 62.6269 a b 0.0106217 15 0
0 0 100.963 0 62.6439 a b 0.00835545 15 0
0 0 100.97 0 62.6654 a b 0.00860503 15 0
0 0 100.972 0 62.6939 a b 0.00837002 15 0
0 0 100.974 0 62.7184 a b 0.0036529 15 0
0 0 100.971 0 62.7419 a b 0.00398203 15 0
0 0 100.975 0 62.7711 a b 0.00366575 15 0
0 0 100.975 0 62.8004 a b -0.00185387 15 0
0 0 100.973 0 62.8204 a b -0.00246383 15 0
0 0 100.964 0 62.8529 a b 0.000900604 15 0
0 0 100.963 0 62.8907 a b -0.00288975 15 0
0 0 100.959 0 62.9153 a b -0.00951931 15 0
0 0 100.962 0 62.9368 a b -0.0130372 15 0
0 0 100.957 0 62.9636 a b -0.0131578 15 0
0 0 100.957 0 63.0062 a b -0.00917829 15 0
0 0 100.959 0 63.0431 a b -0.0135041 15 0
0 0 100.957 0 63.0817 a b -0.02353 15 0
0 0 100.958 0 63.1181 a b -0.023297 15 0
0 0 100.96 0 63.1535 a b -0.0226523 15 0
0 0 100.958 0 63.1906 a b -0.0193051 15 0
0 0 100.952 0 63.2286 a b -0.0240182 15 0
0 0 100.949 0 63.2428 a b -0.0304475 15 0
0 0 100.954 0 63.2609 a b -0.0306722 15 0
0 0 100.951 0 63.2845 a b -0.0217077 15 0
0 0 100.943 0 63.3057 a b -0.012789 15 0
0 0 100.95 0 63.3327 a b -0.00487401 15 0
0 0 100.946 0 63.3651 a b 0.000821121 15 0
0 0 100.938 0 63.3969 a b 0.000729684 15 0
0 0 100.938 0 63.4398 a b -0.00598409 15 0
0 0 100.94 0 63.4537 a b -0.00144873 15 0
0 0 100.942 0 63.4827 a b 0.00772261 15 0
0 0 100.93 0 63.5307 a b 0.014774 15 0
0 0 100.931 0 63.5787 a b 0.0153354 15 0
0 0 100.932 0 63.6082 a b 0.0189107 15 0
0 0 100.933 0 63.6428 a b 0.022061 15 0
0 0 100.935 0 63.6659 a b 0.0303861 15 0
0 0 100.926 0 63.6904 a b 0.0389649 15 0
0 0 100.907 0 63.7349 a b 0.0381612 15 0
0 0 100.9 0 63.7662 a b 0.0307445 15 0
0 0 100.903 0 63.7985 a b 0.0313633 15 0
0 0 100.907 0 63.8227 a b 0.0398929 15 0
0 0 100.909 0 63.8534 a b 0.0430505 15 0
0 0 100.908 0 63.9082 a b 0.0382438 15 0
0 0 100.916 0 63.9694 a b 0.03391 15 0
0 0 100.927 0 63.9692 a b 0.0358383 15 0
0 0 100.933 0 64.0079 a b 0.0419666 15 0
0 0 100.943 0 64.051 a b 0.0448502 15 0
0 0 100.946 0 64.0824 a b 0.0558748 15 0
0 0 100.932 0 64.087 a b 0.0652208 15 0
0 0 100.908 0 64.1006 a b 0.0590469 15 0
0 0 100.876 0 64.1184 a b 0.0522316 15 0
0 0 100.862 0 64.1337 a b 0.0603897 15 0
0 0 100.884 0 64.1613 a b 0.0628221 15 0
0 0 100.919 0 64.2144 a b 0.0577944 15 0
0 0 100.936 0 64.2328 a b 0.0540376 15 0
0 0 100.918 0 64.2527 a b 0.0523752 15 0
0 0 100.889 0 64.2888 a b 0.0548803 15 0
0 0 100.882 0 64.3462 a b 0.0661516 15 0
0 0 100.892 0 64.3931 a b 0.0699835 15 0
0 0 100.911 0 64.4348 a b 0.0582925 15 0
0 0 100.924 0 64.4467 a b 0.04422 15 0
0 0 100.925 0 64.479 a b 0.039798 15 0
0 0 100.934 0 64.5229 a b 0.0461803 15 0
0 0 100.94 0 64.5522 a b 0.049783 15 0
0 0 100.924 0 64.5867 a b 0.0586609 15 0
0 0 100.898 0 64.6107 a b 0.0612422 15 0
0 0 100.875 0 64.6319 a b 0.0573727 15 0
0 0 100.865 0 64.6609 a b 0.0594527 15 0
0 0 100.891 0 64.688 a b 0.0556767 15 0
0 0 100.922 0 64.7181 a b 0.0434491 15 0
0 0 100.946 0 64.7497 a b 0.0365856 15 0
0 0 100.963 0 64.7842 a b 0.0394918 15 0
0 0 100.955 0 64.8081 a b 0.0422076 15 0
0 0 100.932 0 64.7995 a b 0.0429176 15 0
0 0 100.922 0 64.8389 a b 0.0425723 15 0
0 0 100.92 0 64.8838 a b 0.0483606 15 0
0 0 100.932 0 64.9189 a b 0.0526256 15 0
0 0 100.944 0 64.96 a b 0.048304 15 0
0 0 100.948 0 64.985 a b 0.0404105 15 0
0 0 100.935 0 65.0154 a b 0.0377399 15 0
0 0 100.932 0 65.0404 a b 0.0396417 15 0
0 0 100.931 0 65.0674 a b 0.0450744 15 0
0 0 100.93 0 65.0891 a b 0.0484818 15 0
0 0 100.93 0 65.1117 a b 0.0439645 15 0
0 0 100.93 0 65.138 a b 0.0378217 15 0
0 0 100.93 0 65.1721 a b 0.0369888 15 0
0 0 100.925 0 65.2024 a b 0.0392393 15 0
0 0 100.927 0 65.2292 a b 0.0364651 15 0
0 0 100.928 0 65.257 a b 0.0347866 15 0
0 0 100.925 0 65.2894 a b 0.0354609 15 0
0 0 100.922 0 65.3142 a b 0.0344924 15 0
0 0 100.921 0 65.3411 a b 0.0314064 15 0
0 0 100.922 0 65.3684 a b 0.0264734 15 0
0 0 100.922 0 65.3974 a b 0.0236785 15 0
0 0 100.923 0 65.4266 a b 0.023692 15 0
0 0 100.919 0 65.4566 a b 0.0266651 15 0
0 0 100.918 0 65.4855 a b 0.0273893 15 0
0 0 100.923 0 65.5156 a b 0.0244824 15 0
0 0 100.92 0 65.5443 a b 0.0220884 15 0
0 0 100.922 0 65.5803 a b 0.0173206 15 0
0 0 100.925 0 65.6134 a b 0.0171442 15 0
0 0 100.917 0 65.6376 a b 0.0218824 15 0
0 0 100.914 0 65.6669 a b 0.0252129 15 0
0 0 100.917 0 65.6941 a b 0.0224211 15 0
0 0 100.914 0 65.7249 a b 0.0176434 15 0
0 0 100.911 0 65.7539 a b 0.0148274 15 0
0 0 100.904 0 65.7796 a b 0.0169587 15 0
0 0 100.9 0 65.8053 a b 0.0197812 15 0
0 0 100.907 0 65.8312 a b 0.0173536 15 0
0 0 100.912 0 65.8628 a b 0.0144851 15 0
0 0 100.908 0 65.8941 a b 0.0123023 15 0
0 0 100.906 0 65.9246 a b 0.0116015 15 0
0 0 100.904 0 65.9525 a b 0.0110004 15 0
0 0 100.904 0 65.9752 a b 0.00825301 15 0
0 0 100.907 0 66.0078 a b 0.00301535 15 0
0 0 100.897 0 66.0318 a b 0.00409918 15 0
0 0 100.899 0 66.0583 a b 0.00604798 15 0
0 0 100.902 0 66.0947 a b 0.00544076 15 0
0 0 100.903 0 66.1243 a b 0.00335131 15 0
0 0 100.904 0 66.1507 a b 0.000662506 15 0
0 0 100.898 0 66.1821 a b -0.00151916 15 0
0 0 100.898 0 66.2121 a b -0.0021891 15 0
0 0 100.895 0 66.245 a b -0.0010882 15 0
0 0 100.897 0 66.2789 a b -0.00124973 15 0
0 0 100.896 0 66.3137 a b -0.00226137 15 0
0 0 100.899 0 66.3502 a b -0.00446356 15 0
0 0 100.9 0 66.3856 a b -0.00890055 15 0
0 0 100.903 0 66.4102 a b -0.0080262 15 0
0 0 100.908 0 66.4328 a b -0.0116206 15 0
