0 0 100.908 0 66.4328 a b 3.12997 15 0
0 0 100.903 0 66.4102 a b 3.13357 15 0
0 0 100.9 0 66.3856 a b 3.13269 15 0
0 0 100.899 0 66.3502 a b 3.13713 15 0
0 0 100.896 0 66.3137 a b 3.13933 15 0
0 0 100.897 0 66.2789 a b 3.14034 15 0
0 0 100.895 0 66.245 a b 3.1405 15 0
0 0 100.898 0 66.2121 a b 3.1394 15 0
0 0 100.898 0 66.1821 a b 3.14007 15 0
0 0 100.904 0 66.1507 a b -3.14093 15 0
0 0 100.903 0 66.1243 a b -3.13824 15 0
0 0 100.902 0 66.0947 a b -3.13615 15 0
0 0 100.899 0 66.0583 a b -3.13554 15 0
0 0 100.897 0 66.0318 a b -3.13749 15 0
0 0 100.907 0 66.0078 a b -3.13858 15 0
0 0 100.904 0 65.9752 a b -3.13334 15 0
0 0 100.904 0 65.9525 a b -3.13059 15 0
0 0 100.906 0 65.9246 a b -3.12999 15 0
0 0 100.908 0 65.8941 a b -3.12929 15 0
0 0 100.912 0 65.8628 a b -3.12711 15 0
0 0 100.907 0 65.8312 a b -3.12424 15 0
0 0 100.9 0 65.8053 a b -3.12181 15 0
0 0 100.904 0 65.7796 a b -3.12463 15 0
0 0 100.911 0 65.7539 a b -3.12677 15 0
0 0 100.914 0 65.7249 a b -3.12395 15 0
0 0 100.917 0 65.6941 a b -3.11917 15 0
0 0 100.914 0 65.6669 a b -3.11638 15 0
0 0 100.917 0 65.6376 a b -3.11971 15 0
0 0 100.925 0 65.6134 a b -3.12445 15 0
0 0 100.922 0 65.5803 a b -3.12427 15 0
0 0 100.92 0 65.5443 a b -3.1195 15 0
0 0 100.923 0 65.5156 a b -3.11711 15 0
0 0 100.918 0 65.4855 a b -3.1142 15 0
0 0 100.919 0 65.4566 a b -3.11493 15 0
0 0 100.923 0 65.4266 a b -3.1179 15 0
0 0 100.922 0 65.3974 a b -3.11791 15 0
0 0 100.922 0 65.3684 a b -3.11512 15 0
0 0 100.921 0 65.3411 a b -3.11019 15 0
0 0 100.922 0 65.3142 a b -3.1071 15 0
0 0 100.925 0 65.2894 a b -3.10613 15 0
0 0 100.928 0 65.257 a b -3.10681 15 0
0 0 100.927 0 65.2292 a b -3.10513 15 0
0 0 100.925 0 65.2024 a b -3.10235 15 0
0 0 100.93 0 65.1721 a b -3.1046 15 0
0 0 100.93 0 65.138 a b -3.10377 15 0
0 0 100.93 0 65.1117 a b -3.09763 15 0
0 0 100.93 0 65.0891 a b -3.09311 15 0
0 0 100.931 0 65.0674 a b -3.09652 15 0
0 0 100.932 0 65.0404 a b -3.10195 15 0
0 0 100.935 0 65.0154 a b -3.10385 15 0
0 0 100.948 0 64.985 a b -3.10118 15 0
0 0 100.944 0 64.96 a b -3.09329 15 0
0 0 100.932 0 64.9189 a b -3.08897 15 0
0 0 100.92 0 64.8838 a b -3.09323 15 0
0 0 100.922 0 64.8389 a b -3.09902 15 0
0 0 100.932 0 64.7995 a b -3.09868 15 0
0 0 100.955 0 64.8081 a b -3.09939 15 0
0 0 100.963 0 64.7842 a b -3.1021 15 0
0 0 100.946 0 64.7497 a b -3.10501 15 0
0 0 100.922 0 64.7181 a b -3.09814 15 0
0 0 100.891 0 64.688 a b -3.08592 15 0
0 0 100.865 0 64.6609 a b -3.08214 15 0
0 0 100.875 0 64.6319 a b -3.08422 15 0
0 0 100.898 0 64.6107 a b -3.08035 15 0
0 0 100.924 0 64.5867 a b -3.08293 15 0
0 0 100.94 0 64.5522 a b -3.09181 15 0
0 0 100.934 0 64.5229 a b -3.09541 15 0
0 0 100.925 0 64.479 a b -3.10179 15 0
0 0 100.924 0 64.4467 a b -3.09737 15 0
0 0 100.911 0 64.4348 a b -3.0833 15 0
0 0 100.892 0 64.3931 a b -3.07161 15 0
0 0 100.882 0 64.3462 a b -3.07544 15 0
0 0 100.889 0 64.2888 a b -3.08671 15 0
0 0 100.918 0 64.2527 a b -3.08922 15 0
0 0 100.936 0 64.2328 a b -3.08756 15 0
0 0 100.919 0 64.2144 a b -3.0838 15 0
0 0 100.884 0 64.1613 a b -3.07877 15 0
0 0 100.862 0 64.1337 a b -3.0812 15 0
0 0 100.876 0 64.1184 a b -3.08936 15 0
0 0 100.908 0 64.1006 a b -3.08255 15 0
0 0 100.932 0 64.087 a b -3.07637 15 0
0 0 100.946 0 64.0824 a b -3.08572 15 0
0 0 100.943 0 64.051 a b -3.09674 15 0
0 0 100.933 0 64.0079 a b -3.09963 15 0
0 0 100.927 0 63.9692 a b -3.10575 15 0
0 0 100.916 0 63.9694 a b -3.10768 15 0
0 0 100.908 0 63.9082 a b -3.10335 15 0
0 0 100.909 0 63.8534 a b -3.09854 15 0
0 0 100.907 0 63.8227 a b -3.1017 15 0
0 0 100.903 0 63.7985 a b -3.11023 15 0
0 0 100.9 0 63.7662 a b -3.11085 15 0
0 0 100.907 0 63.7349 a b -3.10343 15 0
0 0 100.926 0 63.6904 a b -3.10263 15 0
0 0 100.935 0 63.6659 a b -3.11121 15 0
0 0 100.933 0 63.6428 a b -3.11953 15 0
0 0 100.932 0 63.6082 a b -3.12268 15 0
0 0 100.931 0 63.5787 a b -3.12626 15 0
0 0 100.93 0 63.5307 a b -3.12682 15 0
0 0 100.942 0 63.4827 a b -3.13387 15 0
0 0 100.94 0 63.4537 a b 3.14014 15 0
0 0 100.938 0 63.4398 a b 3.13561 15 0
0 0 100.938 0 63.3969 a b -3.14086 15 0
0 0 100.946 0 63.3651 a b -3.14077 15 0
0 0 100.95 0 63.3327 a b 3.13672 15 0
0 0 100.943 0 63.3057 a b 3.1288 15 0
0 0 100.951 0 63.2845 a b 3.11988 15 0
0 0 100.954 0 63.2609 a b 3.11092 15 0
0 0 100.949 0 63.2428 a b 3.11115 15 0
0 0 100.952 0 63.2286 a b 3.11757 15 0
0 0 100.958 0 63.1906 a b 3.12229 15 0
0 0 100.96 0 63.1535 a b 3.11894 15 0
0 0 100.958 0 63.1181 a b 3.1183 15 0
0 0 100.957 0 63.0817 a b 3.11806 15 0
0 0 100.959 0 63.0431 a b 3.12809 15 0
0 0 100.957 0 63.0062 a b 3.13241 15 0
0 0 100.957 0 62.9636 a b 3.12843 15 0
0 0 100.962 0 62.9368 a b 3.12856 15 0
0 0 100.959 0 62.9153 a b 3.13207 15 0
0 0 100.963 0 62.8907 a b 3.1387 15 0
0 0 100.964 0 62.8529 a b -3.14069 15 0
0 0 100.973 0 62.8204 a b 3.13913 15 0
0 0 100.975 0 62.8004 a b 3.13974 15 0
0 0 100.975 0 62.7711 a b -3.13793 15 0
0 0 100.971 0 62.7419 a b -3.13761 15 0
0 0 100.974 0 62.7184 a b -3.13794 15 0
0 0 100.972 0 62.6939 a b -3.13322 15 0
0 0 100.97 0 62.6654 a b -3.13299 15 0
0 0 100.963 0 62.6439 a b -3.13324 15 0
0 0 100.973 0 62.6269 a b -3.13097 15 0
0 0 100.98 0 62.5999 a b -3.1297 15 0
0 0 100.98 0 62.574 a b -3.12709 15 0
0 0 100.977 0 62.5361 a b -3.12653 15 0
0 0 100.98 0 62.4976 a b -3.12592 15 0
0 0 100.984 0 62.4588 a b -3.12394 15 0
0 0 100.982 0 62.4225 a b -3.1222 15 0
0 0 100.971 0 62.3957 a b -3.11726 15 0
0 0 100.963 0 62.363 a b -3.11465 15 0
0 0 100.955 0 62.3316 a b -3.11303 15 0
0 0 100.951 0 62.3041 a b -3.10967 15 0
0 0 100.953 0 62.2765 a b -3.10869 15 0
0 0 100.954 0 62.2532 a b -3.10658 15 0
0 0 100.952 0 62.2257 a b -3.10438 15 0
0 0 100.952 0 62.2013 a b -3.10099 15 0
0 0 100.949 0 62.177 a b -3.09761 15 0
0 0 100.95 0 62.1466 a b -3.09631 15 0
0 0 100.957 0 62.1168 a b -3.09601 15 0
0 0 100.961 0 62.0994 a b -3.0956 15 0
0 0 100.967 0 62.0773 a b -3.09265 15 0
0 0 100.966 0 62.0568 a b -3.08458 15 0
0 0 100.968 0 62.0269 a b -3.08058 15 0
0 0 100.964 0 61.9913 a b -3.08187 15 0
0 0 100.955 0 61.9395 a b -3.08407 15 0
0 0 100.942 0 61.8912 a b -3.07632 15 0
0 0 100.934 0 61.8483 a b -3.06254 15 0
0 0 100.939 0 61.8309 a b -3.05851 15 0
0 0 100.94 0 61.8068 a b -3.05827 15 0
0 0 100.94 0 61.7907 a b -3.05929 15 0
0 0 100.95 0 61.7687 a b -3.05371 15 0
0 0 100.954 0 61.746 a b -3.04086 15 0
0 0 100.95 0 61.7345 a b -3.02534 15 0
0 0 100.936 0 61.7197 a b -3.0224 15 0
0 0 100.926 0 61.6953 a b -3.02567 15 0
0 0 100.935 0 61.6661 a b -3.02961 15 0
0 0 100.941 0 61.644 a b -3.02649 15 0
0 0 100.948 0 61.6174 a b -3.02411 15 0
0 0 100.95 0 61.5897 a b -3.02282 15 0
0 0 100.949 0 61.5628 a b -3.02277 15 0
0 0 100.941 0 61.5333 a b -3.02735 15 0
0 0 100.942 0 61.4989 a b -3.02913 15 0
0 0 100.938 0 61.4641 a b -3.02603 15 0
0 0 100.93 0 61.4294 a b -3.02438 15 0
0 0 100.923 0 61.395 a b -3.02882 15 0
0 0 100.923 0 61.3554 a b -3.03152 15 0
0 0 100.912 0 61.3304 a b -3.02364 15 0
0 0 100.903 0 61.2972 a b -3.01925 15 0
0 0 100.897 0 61.2671 a b -3.02235 15 0
0 0 100.899 0 61.2387 a b -3.02917 15 0
0 0 100.904 0 61.2233 a b -3.03105 15 0
0 0 100.897 0 61.2007 a b -3.02227 15 0
0 0 100.891 0 61.1751 a b -3.02323 15 0
0 0 100.883 0 61.143 a b -3.03044 15 0
0 0 100.881 0 61.1104 a b -3.03614 15 0
0 0 100.882 0 61.0898 a b -3.03174 15 0
0 0 100.874 0 61.0549 a b -3.02589 15 0
0 0 100.867 0 61.0288 a b -3.03087 15 0
0 0 100.866 0 60.9967 a b -3.04205 15 0
0 0 100.867 0 60.965 a b -3.04366 15 0
0 0 100.87 0 60.9402 a b -3.0433 15 0
0 0 100.862 0 60.9163 a b -3.04753 15 0
0 0 100.858 0 60.8845 a b -3.06249 15 0
0 0 100.862 0 60.8474 a b -3.07382 15 0
0 0 100.862 0 60.8096 a b -3.07601 15 0
0 0 100.861 0 60.7746 a b -3.08229 15 0
0 0 100.868 0 60.7364 a b -3.09775 15 0
0 0 100.864 0 60.7116 a b -3.11265 15 0
0 0 100.863 0 60.6781 a b -3.11915 15 0
0 0 100.859 0 60.6418 a b -3.12034 15 0
0 0 100.859 0 60.6061 a b -3.12276 15 0
0 0 100.851 0 60.5795 a b -3.13142 15 0
0 0 100.842 0 60.5471 a b -3.13118 15 0
0 0 100.849 0 60.5236 a b -3.12569 15 0
0 0 100.856 0 60.5085 a b -3.12944 15 0
0 0 100.856 0 60.4849 a b -3.13975 15 0
0 0 100.856 0 60.4542 a b 3.14129 15 0
0 0 100.856 0 60.4216 a b -3.14138 15 0
0 0 100.86 0 60.398 a b -3.13965 15 0
0 0 100.864 0 60.3653 a b -3.1383 15 0
0 0 100.862 0 60.3292 a b 3.14049 15 0
0 0 100.865 0 60.2984 a b 3.13758 15 0
0 0 100.865 0 60.2729 a b 3.13622 15 0
0 0 100.874 0 60.2307 a b 3.13549 15 0
0 0 100.883 0 60.2003 a b 3.13092 15 0
0 0 100.884 0 60.1768 a b 3.12902 15 0
0 0 100.888 0 60.1505 a b 3.13031 15 0
0 0 100.88 0 60.122 a b 3.12907 15 0
0 0 100.881 0 60.0919 a b 3.13069 15 0
0 0 100.883 0 60.062 a b 3.13141 15 0
0 0 100.885 0 60.034 a b 3.13198 15 0
0 0 100.894 0 60.0133 a b 3.13476 15 0
0 0 100.9 0 59.995 a b 3.13332 15 0
0 0 100.906 0 59.9769 a b 3.13295 15 0
0 0 100.907 0 59.949 a b 3.1355 15 0
0 0 100.906 0 59.9176 a b 3.13411 15 0
0 0 100.905 0 59.8943 a b 3.13366 15 0
0 0 100.905 0 59.8701 a b 3.13757 15 0
0 0 100.903 0 59.8381 a b 3.14159 15 0
0 0 100.901 0 59.8026 a b -3.13876 15 0
0 0 100.905 0 59.7646 a b -3.13947 15 0
0 0 100.911 0 59.738 a b -3.13816 15 0
0 0 100.913 0 59.7049 a b -3.13578 15 0
0 0 100.914 0 59.6781 a b -3.13789 15 0
0 0 100.917 0 59.6527 a b -3.13665 15 0
0 0 100.924 0 59.6248 a b -3.13356 15 0
0 0 100.915 0 59.5946 a b -3.13395 15 0
0 0 100.911 0 59.5667 a b -3.13589 15 0
0 0 100.911 0 59.5368 a b -3.13123 15 0
0 0 100.91 0 59.4997 a b -3.13005 15 0
0 0 100.909 0 59.4672 a b -3.13294 15 0
0 0 100.914 0 59.4416 a b -3.13355 15 0
0 0 100.915 0 59.4227 a b -3.12964 15 0
0 0 100.913 0 59.4025 a b -3.12768 15 0
0 0 100.911 0 59.3682 a b -3.12661 15 0
0 0 100.912 0 59.341 a b -3.13046 15 0
0 0 100.913 0 59.3147 a b -3.13106 15 0
0 0 100.921 0 59.3004 a b -3.13173 15 0
0 0 100.926 0 59.2734 a b -3.1298 15 0
0 0 100.926 0 59.2522 a b -3.12669 15 0
0 0 100.925 0 59.2337 a b -3.12766 15 0
0 0 100.916 0 59.1814 a b -3.13084 15 0
0 0 100.916 0 59.143 a b -3.14035 15 0
0 0 100.913 0 59.0876 a b -3.14085 15 0
0 0 100.913 0 59.0616 a b -3.13301 15 0
0 0 100.909 0 59.0384 a b -3.1299 15 0
0 0 100.913 0 59.017 a b -3.1305 15 0
0 0 100.918 0 58.9893 a b -3.1318 15 0
0 0 100.912 0 58.9535 a b -3.13175 15 0
0 0 100.911 0 58.9223 a b -3.13271 15 0
0 0 100.914 0 58.8936 a b -3.13107 15 0
0 0 100.909 0 58.871 a b -3.12535 15 0
0 0 100.904 0 58.8347 a b -3.12137 15 0
0 0 100.902 0 58.8085 a b -3.12607 15 0
0 0 100.906 0 58.7697 a b -3.12887 15 0
0 0 100.913 0 58.7336 a b -3.12598 15 0
0 0 100.908 0 58.7067 a b -3.12184 15 0
0 0 100.901 0 58.6879 a b -3.12401 15 0
0 0 100.905 0 58.6616 a b -3.12769 15 0
0 0 100.909 0 58.6234 a b -3.1313 15 0
0 0 100.903 0 58.5794 a b -3.13123 15 0
0 0 100.913 0 58.5568 a b -3.127 15 0
0 0 100.91 0 58.5306 a b -3.1255 15 0
0 0 100.909 0 58.5041 a b -3.12822 15 0
0 0 100.911 0 58.4775 a b -3.12755 15 0
0 0 100.912 0 58.4512 a b -3.12628 15 0
0 0 100.915 0 58.4256 a b -3.12642 15 0
0 0 100.915 0 58.3993 a b -3.12911 15 0
0 0 100.922 0 58.362 a b -3.12792 15 0
0 0 100.924 0 58.3416 a b -3.12742 15 0
0 0 100.921 0 58.3157 a b -3.1259 15 0
0 0 100.922 0 58.2773 a b -3.12907 15 0
0 0 100.923 0 58.2294 a b -3.12969 15 0
0 0 100.927 0 58.1989 a b -3.13033 15 0
0 0 100.931 0 58.1783 a b -3.13241 15 0
0 0 100.937 0 58.1618 a b -3.13251 15 0
0 0 100.926 0 58.1402 a b -3.13213 15 0
0 0 100.924 0 58.1028 a b -3.13038 15 0
0 0 100.923 0 58.0629 a b -3.13036 15 0
0 0 100.922 0 58.0228 a b -3.12903 15 0
0 0 100.931 0 57.9985 a b -3.13199 15 0
0 0 100.923 0 57.9642 a b -3.1337 15 0
0 0 100.918 0 57.9252 a b -3.13292 15 0
0 0 100.919 0 57.8825 a b -3.13153 15 0
0 0 100.921 0 57.8527 a b -3.1328 15 0
0 0 100.925 0 57.8267 a b -3.135 15 0
0 0 100.919 0 57.8044 a b -3.13744 15 0
0 0 100.919 0 57.7723 a b -3.13526 15 0
0 0 100.923 0 57.7451 a b -3.13258 15 0
0 0 100.93 0 57.737 a b -3.13047 15 0
0 0 100.938 0 57.7116 a b -3.13209 15 0
0 0 100.946 0 57.6843 a b -3.13381 15 0
0 0 100.942 0 57.6557 a b -3.13403 15 0
0 0 100.938 0 57.6247 a b -3.13894 15 0
0 0 100.938 0 57.5936 a b 3.13563 15 0
0 0 100.929 0 57.5527 a b 3.13609 15 0
0 0 100.925 0 57.5175 a b -3.14048 15 0
0 0 100.941 0 57.4994 a b -3.13718 15 0
0 0 100.942 0 57.4681 a b -3.13725 15 0
0 0 100.937 0 57.4394 a b -3.13757 15 0
0 0 100.939 0 57.4042 a b -3.13597 15 0
0 0 100.944 0 57.3789 a b -3.13532 15 0
0 0 100.936 0 57.3498 a b -3.13368 15 0
0 0 100.941 0 57.3252 a b -3.12976 15 0
0 0 100.948 0 57.3058 a b -3.12822 15 0
0 0 100.939 0 57.2771 a b -3.13296 15 0
0 0 100.927 0 57.2481 a b -3.13391 15 0
0 0 100.922 0 57.2255 a b -3.12671 15 0
0 0 100.939 0 57.2017 a b -3.11713 15 0
0 0 100.958 0 57.1865 a b -3.11991 15 0
0 0 100.952 0 57.1564 a b -3.12336 15 0
0 0 100.94 0 57.121 a b -3.1232 15 0
0 0 100.94 0 57.0914 a b -3.11848 15 0
0 0 100.957 0 57.0647 a b -3.11867 15 0
0 0 100.953 0 57.0422 a b -3.1225 15 0
0 0 100.944 0 57.0173 a b -3.12005 15 0
0 0 100.941 0 56.9856 a b -3.11347 15 0
0 0 100.952 0 56.9565 a b -3.10799 15 0
0 0 100.962 0 56.9218 a b -3.11152 15 0
0 0 100.959 0 56.8787 a b -3.11859 15 0
0 0 100.95 0 56.8603 a b -3.11569 15 0
0 0 100.955 0 56.8335 a b -3.10663 15 0
0 0 100.954 0 56.7979 a b -3.10268 15 0
0 0 100.943 0 56.7749 a b -3.10319 15 0
0 0 100.932 0 56.7479 a b -3.09945 15 0
0 0 100.941 0 56.715 a b -3.09547 15 0
0 0 100.95 0 56.691 a b -3.09668 15 0
0 0 100.947 0 56.6523 a b -3.09753 15 0
0 0 100.951 0 56.6251 a b -3.09678 15 0
0 0 100.943 0 56.5934 a b -3.09138 15 0
0 0 100.944 0 56.5606 a b -3.09215 15 0
0 0 100.939 0 56.5226 a b -3.08964 15 0
0 0 100.94 0 56.487 a b -3.078 15 0
0 0 100.934 0 56.4496 a b -3.07672 15 0
0 0 100.937 0 56.4307 a b -3.08226 15 0
0 0 100.937 0 56.4059 a b -3.08351 15 0
0 0 100.94 0 56.3768 a b -3.07978 15 0
0 0 100.93 0 56.3424 a b -3.07088 15 0
0 0 100.921 0 56.31 a b -3.06944 15 0
0 0 100.925 0 56.2842 a b -3.06983 15 0
0 0 100.928 0 56.2555 a b -3.06902 15 0
0 0 100.926 0 56.2321 a b -3.06508 15 0
0 0 100.918 0 56.1975 a b -3.06433 15 0
0 0 100.919 0 56.1626 a b -3.06378 15 0
0 0 100.922 0 56.1421 a b -3.06081 15 0
0 0 100.921 0 56.1197 a b -3.05682 15 0
0 0 100.921 0 56.0985 a b -3.05577 15 0
0 0 100.923 0 56.0709 a b -3.05231 15 0
0 0 100.917 0 56.0341 a b -3.05333 15 0
0 0 100.913 0 55.9984 a b -3.04889 15 0
0 0 100.903 0 55.9675 a b -3.05084 15 0
0 0 100.906 0 55.9362 a b -3.05332 15 0
0 0 100.899 0 55.9073 a b -3.05528 15 0
0 0 100.896 0 55.8714 a b -3.05409 15 0
0 0 100.897 0 55.8434 a b -3.05431 15 0
0 0 100.905 0 55.8239 a b -3.05466 15 0
0 0 100.903 0 55.7947 a b -3.05212 15 0
0 0 100.904 0 55.7684 a b -3.05112 15 0
0 0 100.895 0 55.7372 a b -3.0543 15 0
0 0 100.902 0 55.7115 a b -3.05737 15 0
0 0 100.899 0 55.682 a b -3.05985 15 0
0 0 100.9 0 55.6518 a b -3.05977 15 0
0 0 100.892 0 55.62 a b -3.05923 15 0
0 0 100.885 0 55.5885 a b -3.06077 15 0
0 0 100.884 0 55.5693 a b -3.06357 15 0
0 0 100.891 0 55.5402 a b -3.06574 15 0
0 0 100.888 0 55.5119 a b -3.06756 15 0
0 0 100.889 0 55.4839 a b -3.07173 15 0
0 0 100.889 0 55.4517 a b -3.07331 15 0
0 0 100.881 0 55.4222 a b -3.07072 15 0
0 0 100.869 0 55.3917 a b -3.07465 15 0
0 0 100.876 0 55.3634 a b -3.08231 15 0
0 0 100.881 0 55.3337 a b -3.08366 15 0
0 0 100.881 0 55.3041 a b -3.08218 15 0
0 0 100.875 0 55.2717 a b -3.08789 15 0
0 0 100.882 0 55.2371 a b -3.09339 15 0
0 0 100.883 0 55.2072 a b -3.09457 15 0
0 0 100.883 0 55.177 a b -3.09545 15 0
0 0 100.879 0 55.15 a b -3.09925 15 0
0 0 100.874 0 55.1156 a b -3.10339 15 0
0 0 100.871 0 55.0844 a b -3.10452 15 0
0 0 100.88 0 55.0619 a b -3.10595 15 0
0 0 100.878 0 55.0407 a b -3.1128 15 0
0 0 100.876 0 55.0048 a b -3.11922 15 0
0 0 100.875 0 54.9628 a b -3.11885 15 0
0 0 100.875 0 54.9398 a b -3.11533 15 0
0 0 100.872 0 54.9272 a b -3.11792 15 0
0 0 100.875 0 54.9076 a b -3.12949 15 0
0 0 100.873 0 54.8651 a b 3.13942 15 0
0 0 100.876 0 54.8174 a b 3.1386 15 0
0 0 100.878 0 54.8008 a b -3.14084 15 0
0 0 100.876 0 54.7894 a b 3.13572 15 0
0 0 100.874 0 54.769 a b 3.1247 15 0
0 0 100.876 0 54.7343 a b 3.11312 15 0
0 0 100.873 0 54.6991 a b 3.10685 15 0
0 0 100.877 0 54.6718 a b 3.10803 15 0
0 0 100.878 0 54.6441 a b 3.10989 15 0
0 0 100.884 0 54.6087 a b 3.1094 15 0
0 0 100.886 0 54.5725 a b 3.10631 15 0
0 0 100.893 0 54.5417 a b 3.10783 15 0
0 0 100.892 0 54.5122 a b 3.10807 15 0
0 0 100.89 0 54.4801 a b 3.10877 15 0
0 0 100.897 0 54.4528 a b 3.10969 15 0
0 0 100.896 0 54.4278 a b 3.11055 15 0
0 0 100.895 0 54.3965 a b 3.11115 15 0
0 0 100.905 0 54.3648 a b 3.11243 15 0
0 0 100.908 0 54.3352 a b 3.11254 15 0
0 0 100.901 0 54.3053 a b 3.11276 15 0
0 0 100.902 0 54.2732 a b 3.11754 15 0
0 0 100.906 0 54.2387 a b 3.12098 15 0
0 0 100.903 0 54.2123 a b 3.11817 15 0
0 0 100.898 0 54.186 a b 3.11952 15 0
0 0 100.898 0 54.1514 a b 3.12916 15 0
0 0 100.912 0 54.1207 a b 3.13215 15 0
0 0 100.915 0 54.0993 a b 3.12627 15 0
0 0 100.91 0 54.0716 a b 3.12823 15 0
0 0 100.908 0 54.0502 a b 3.13509 15 0
0 0 100.913 0 54.0246 a b 3.13903 15 0
0 0 100.913 0 53.9994 a b 3.14094 15 0
0 0 100.922 0 53.974 a b 3.1399 15 0
0 0 100.919 0 53.9495 a b 3.13689 15 0
0 0 100.926 0 53.9221 a b 3.14036 15 0
0 0 100.928 0 53.8864 a b -3.13927 15 0
0 0 100.929 0 53.8531 a b -3.14085 15 0
0 0 100.928 0 53.8205 a b 3.13669 15 0
0 0 100.931 0 53.7953 a b 3.13326 15 0
0 0 100.932 0 53.7631 a b -3.14039 15 0
0 0 100.931 0 53.7254 a b -3.13371 15 0
0 0 100.925 0 53.6912 a b -3.13552 15 0
0 0 100.923 0 53.6635 a b -3.13566 15 0
0 0 100.928 0 53.6285 a b -3.13446 15 0
0 0 100.928 0 53.6038 a b -3.13 15 0
0 0 100.927 0 53.5793 a b -3.12198 15 0
0 0 100.924 0 53.5469 a b -3.12021 15 0
0 0 100.921 0 53.5209 a b -3.12216 15 0
0 0 100.919 0 53.5019 a b -3.12671 15 0
0 0 100.918 0 53.4835 a b -3.12135 15 0
0 0 100.92 0 53.456 a b -3.11203 15 0
0 0 100.922 0 53.4242 a b -3.10827 15 0
0 0 100.923 0 53.401 a b -3.10911 15 0
0 0 100.924 0 53.3737 a b -3.10734 15 0
0 0 100.928 0 53.3454 a b -3.10252 15 0
0 0 100.923 0 53.3143 a b -3.10079 15 0
0 0 100.924 0 53.2845 a b -3.09841 15 0
0 0 100.922 0 53.255 a b -3.09593 15 0
0 0 100.919 0 53.2201 a b -3.09068 15 0
0 0 100.922 0 53.1877 a b -3.08539 15 0
0 0 100.923 0 53.1572 a b -3.08372 15 0
0 0 100.919 0 53.1315 a b -3.08374 15 0
0 0 100.92 0 53.1037 a b -3.08256 15 0
0 0 100.92 0 53.0802 a b -3.07426 15 0
0 0 100.914 0 53.0476 a b -3.06738 15 0
0 0 100.915 0 53.0218 a b -3.06708 15 0
0 0 100.919 0 52.9992 a b -3.06748 15 0
0 0 100.914 0 52.9771 a b -3.06397 15 0
0 0 100.915 0 52.9482 a b -3.05677 15 0
0 0 100.916 0 52.9262 a b -3.05032 15 0
0 0 100.91 0 52.8951 a b -3.04829 15 0
0 0 100.905 0 52.8693 a b -3.04863 15 0
0 0 100.904 0 52.8441 a b -3.0452 15 0
0 0 100.903 0 52.8154 a b -3.03782 15 0
0 0 100.911 0 52.7813 a b -3.02938 15 0
0 0 100.903 0 52.7453 a b -3.02292 15 0
0 0 100.895 0 52.7104 a b -3.02443 15 0
0 0 100.899 0 52.6714 a b -3.03393 15 0
0 0 100.903 0 52.6369 a b -3.04373 15 0
0 0 100.903 0 52.6075 a b -3.04935 15 0
0 0 100.899 0 52.578 a b -3.04826 15 0
0 0 100.888 0 52.5503 a b -3.04816 15 0
0 0 100.884 0 52.5239 a b -3.05126 15 0
0 0 100.889 0 52.4978 a b -3.05359 15 0
0 0 100.888 0 52.4699 a b -3.05462 15 0
0 0 100.887 0 52.4459 a b -3.05688 15 0
0 0 100.884 0 52.4201 a b -3.06135 15 0
0 0 100.878 0 52.3919 a b -3.06945 15 0
0 0 100.877 0 52.3634 a b -3.07676 15 0
0 0 100.877 0 52.3386 a b -3.08392 15 0
0 0 100.88 0 52.3115 a b -3.08598 15 0
0 0 100.879 0 52.2837 a b -3.08783 15 0
0 0 100.881 0 52.2509 a b -3.09853 15 0
0 0 100.888 0 52.2222 a b -3.1151 15 0
0 0 100.898 0 52.1935 a b -3.11925 15 0
0 0 100.899 0 52.1672 a b -3.11847 15 0
0 0 100.896 0 52.1327 a b -3.11966 15 0
0 0 100.899 0 52.1014 a b -3.11824 15 0
0 0 100.902 0 52.0713 a b -3.11703 15 0
0 0 100.898 0 52.0432 a b -3.11846 15 0
0 0 100.899 0 52.0154 a b -3.12122 15 0
0 0 100.907 0 51.9854 a b -3.12214 15 0
0 0 100.906 0 51.9557 a b -3.12148 15 0
0 0 100.903 0 51.9292 a b -3.12071 15 0
0 0 100.902 0 51.9026 a b -3.11955 15 0
0 0 100.903 0 51.8747 a b -3.11883 15 0
0 0 100.907 0 51.8428 a b -3.11725 15 0
0 0 100.906 0 51.8165 a b -3.11658 15 0
0 0 100.908 0 51.7903 a b -3.11967 15 0
0 0 100.911 0 51.7612 a b -3.12368 15 0
0 0 100.915 0 51.726 a b -3.1263 15 0
0 0 100.918 0 51.6968 a b -3.1274 15 0
0 0 100.92 0 51.6643 a b -3.12573 15 0
0 0 100.916 0 51.6315 a b -3.1225 15 0
0 0 100.912 0 51.6091 a b -3.12115 15 0
0 0 100.909 0 51.5845 a b -3.12373 15 0
0 0 100.907 0 51.5514 a b -3.12694 15 0
0 0 100.914 0 51.5191 a b -3.12649 15 0
0 0 100.919 0 51.4997 a b -3.12362 15 0
0 0 100.92 0 51.477 a b -3.12515 15 0
0 0 100.915 0 51.4445 a b -3.12609 15 0
0 0 100.913 0 51.4166 a b -3.12427 15 0
0 0 100.918 0 51.3948 a b -3.12453 15 0
0 0 100.923 0 51.3639 a b -3.12624 15 0
0 0 100.925 0 51.3319 a b -3.12536 15 0
0 0 100.924 0 51.3 a b -3.12481 15 0
0 0 100.927 0 51.2665 a b -3.12448 15 0
0 0 100.929 0 51.237 a b -3.12529 15 0
0 0 100.928 0 51.2034 a b -3.12876 15 0
0 0 100.931 0 51.169 a b -3.12908 15 0
0 0 100.933 0 51.1342 a b -3.12961 15 0
0 0 100.933 0 51.1039 a b -3.13155 15 0
0 0 100.931 0 51.0754 a b -3.12964 15 0
0 0 100.93 0 51.0473 a b -3.12694 15 0
0 0 100.927 0 51.0216 a b -3.1243 15 0
0 0 100.931 0 50.9932 a b -3.12387 15 0
0 0 100.936 0 50.9733 a b -3.12642 15 0
0 0 100.943 0 50.9516 a b -3.12847 15 0
0 0 100.943 0 50.9271 a b -3.12568 15 0
0 0 100.94 0 50.8949 a b -3.12752 15 0
0 0 100.938 0 50.8686 a b -3.12953 15 0
0 0 100.936 0 50.8441 a b -3.12736 15 0
0 0 100.937 0 50.8148 a b -3.12648 15 0
0 0 100.942 0 50.7842 a b -3.1239 15 0
0 0 100.946 0 50.7494 a b -3.1241 15 0
0 0 100.948 0 50.7166 a b -3.1258 15 0
0 0 100.948 0 50.6818 a b -3.13053 15 0
0 0 100.951 0 50.6583 a b -3.13086 15 0
0 0 100.949 0 50.6292 a b -3.12677 15 0
0 0 100.951 0 50.5934 a b -3.12589 15 0
0 0 100.951 0 50.5662 a b -3.12921 15 0
0 0 100.951 0 50.5375 a b -3.12777 15 0
0 0 100.951 0 50.5102 a b -3.12346 15 0
0 0 100.952 0 50.4748 a b -3.1223 15 0
0 0 100.953 0 50.4464 a b -3.12599 15 0
0 0 100.954 0 50.4194 a b -3.13024 15 0
0 0 100.956 0 50.3887 a b -3.12737 15 0
0 0 100.955 0 50.3596 a b -3.12622 15 0
0 0 100.957 0 50.3329 a b -3.12127 15 0
0 0 100.958 0 50.3038 a b -3.11744 15 0
0 0 100.958 0 50.2693 a b -3.1173 15 0
0 0 100.958 0 50.239 a b -3.12326 15 0
0 0 100.958 0 50.2137 a b -3.12875 15 0
0 0 100.954 0 50.1937 a b -3.12811 15 0
0 0 100.95 0 50.1698 a b -3.1196 15 0
0 0 100.955 0 50.1335 a b -3.11452 15 0
0 0 100.958 0 50.1017 a b -3.1219 15 0
0 0 100.96 0 50.0779 a b -3.131 15 0
0 0 100.958 0 50.0503 a b -3.12926 15 0
0 0 100.957 0 50.0162 a b -3.11655 15 0
0 0 100.959 0 49.9819 a b -3.11077 15 0
0 0 100.96 0 49.9435 a b -3.11449 15 0
0 0 100.961 0 49.9138 a b -3.12321 15 0
0 0 100.963 0 49.8874 a b -3.12528 15 0
0 0 100.963 0 49.8642 a b -3.11873 15 0
0 0 100.962 0 49.8371 a b -3.10813 15 0
0 0 100.964 0 49.8025 a b -3.10402 15 0
0 0 100.967 0 49.7704 a b -3.11132 15 0
0 0 100.967 0 49.7465 a b -3.11989 15 0
0 0 100.966 0 49.7294 a b -3.12301 15 0
0 0 100.967 0 49.707 a b -3.11518 15 0
0 0 100.968 0 49.6768 a b -3.10542 15 0
0 0 100.967 0 49.647 a b -3.1072 15 0
0 0 100.97 0 49.6252 a b -3.11199 15 0
0 0 100.97 0 49.6026 a b -3.11625 15 0
0 0 100.969 0 49.5791 a b -3.11425 15 0
0 0 100.968 0 49.5459 a b -3.10533 15 0
0 0 100.968 0 49.5153 a b -3.10218 15 0
0 0 100.967 0 49.4845 a b -3.10272 15 0
0 0 100.97 0 49.4469 a b -3.10553 15 0
0 0 100.97 0 49.415 a b -3.10764 15 0
0 0 100.972 0 49.3859 a b -3.10573 15 0
0 0 100.971 0 49.3518 a b -3.10049 15 0
0 0 100.975 0 49.31 a b -3.09731 15 0
0 0 100.975 0 49.2792 a b -3.10201 15 0
0 0 100.974 0 49.2519 a b -3.10593 15 0
0 0 100.975 0 49.2249 a b -3.10487 15 0
0 0 100.975 0 49.1965 a b -3.098 15 0
0 0 100.978 0 49.1694 a b -3.09407 15 0
0 0 100.977 0 49.1449 a b -3.09341 15 0
0 0 100.976 0 49.1208 a b -3.09339 15 0
0 0 100.976 0 49.1005 a b -3.09411 15 0
0 0 100.973 0 49.0737 a b -3.092 15 0
0 0 100.975 0 49.0456 a b -3.09079 15 0
0 0 100.976 0 49.0136 a b -3.09547 15 0
0 0 100.977 0 48.9803 a b -3.09529 15 0
0 0 100.978 0 48.9497 a b -3.09187 15 0
0 0 100.982 0 48.9192 a b -3.08921 15 0
0 0 100.981 0 48.8922 a b -3.08949 15 0
0 0 100.982 0 48.8571 a b -3.09227 15 0
0 0 100.981 0 48.8235 a b -3.09254 15 0
0 0 100.98 0 48.798 a b -3.08888 15 0
0 0 100.978 0 48.7685 a b -3.08576 15 0
0 0 100.979 0 48.7432 a b -3.08665 15 0
0 0 100.981 0 48.716 a b -3.09018 15 0
0 0 100.982 0 48.6829 a b -3.09196 15 0
0 0 100.981 0 48.6522 a b -3.09082 15 0
0 0 100.98 0 48.6275 a b -3.08528 15 0
0 0 100.98 0 48.6035 a b -3.08287 15 0
0 0 100.979 0 48.5748 a b -3.08506 15 0
0 0 100.98 0 48.549 a b -3.08608 15 0
0 0 100.979 0 48.516 a b -3.08489 15 0
0 0 100.978 0 48.49 a b -3.08466 15 0
0 0 100.978 0 48.4642 a b -3.08533 15 0
0 0 100.98 0 48.4339 a b -3.08679 15 0
0 0 100.979 0 48.3964 a b -3.08349 15 0
0 0 100.979 0 48.3666 a b -3.08077 15 0
0 0 100.978 0 48.3403 a b -3.07934 15 0
0 0 100.98 0 48.3157 a b -3.07951 15 0
0 0 100.978 0 48.2882 a b -3.08319 15 0
0 0 100.98 0 48.2583 a b -3.08439 15 0
0 0 100.981 0 48.2275 a b -3.08369 15 0
0 0 100.98 0 48.195 a b -3.08336 15 0
0 0 100.979 0 48.1647 a b -3.08388 15 0
0 0 100.978 0 48.1345 a b -3.08633 15 0
0 0 100.977 0 48.0972 a b -3.08444 15 0
0 0 100.974 0 48.0696 a b -3.08223 15 0
0 0 100.976 0 48.0422 a b -3.08267 15 0
0 0 100.972 0 48.0073 a b -3.08646 15 0
0 0 100.971 0 47.9777 a b -3.0841 15 0
0 0 100.97 0 47.9494 a b -3.07797 15 0
0 0 100.97 0 47.9258 a b -3.07834 15 0
0 0 100.969 0 47.8973 a b -3.07688 15 0
0 0 100.967 0 47.8709 a b -3.07829 15 0
0 0 100.969 0 47.8445 a b -3.08021 15 0
0 0 100.97 0 47.8171 a b -3.08254 15 0
0 0 100.969 0 47.7913 a b -3.0822 15 0
0 0 100.966 0 47.764 a b -3.0777 15 0
0 0 100.966 0 47.7378 a b -3.07095 15 0
0 0 100.967 0 47.7097 a b -3.07043 15 0
0 0 100.966 0 47.6791 a b -3.07622 15 0
0 0 100.966 0 47.6468 a b -3.08 15 0
0 0 100.964 0 47.6159 a b -3.07588 15 0
0 0 100.962 0 47.5862 a b -3.06919 15 0
0 0 100.962 0 47.5559 a b -3.06671 15 0
0 0 100.957 0 47.5254 a b -3.06592 15 0
0 0 100.953 0 47.4925 a b -3.06208 15 0
0 0 100.948 0 47.4636 a b -3.05614 15 0
0 0 100.95 0 47.4364 a b -3.05627 15 0
0 0 100.953 0 47.4134 a b -3.05056 15 0
0 0 100.956 0 47.3936 a b -3.04118 15 0
0 0 100.956 0 47.3703 a b -3.02946 15 0
0 0 100.957 0 47.3406 a b -3.01793 15 0
0 0 100.957 0 47.3085 a b -3.0211 15 0
0 0 100.954 0 47.2819 a b -3.03379 15 0
0 0 100.951 0 47.2531 a b -3.03302 15 0
0 0 100.948 0 47.2163 a b -3.02976 15 0
0 0 100.947 0 47.1814 a b -3.0321 15 0
0 0 100.944 0 47.1477 a b -3.03504 15 0
0 0 100.94 0 47.1039 a b -3.03223 15 0
0 0 100.936 0 47.0619 a b -3.03815 15 0
0 0 100.934 0 47.0271 a b -3.04709 15 0
0 0 100.932 0 47 a b -3.05274 15 0
0 0 100.93 0 46.9682 a b -3.04903 15 0
0 0 100.93 0 46.9346 a b -3.04741 15 0
0 0 100.928 0 46.9036 a b -3.05299 15 0
0 0 100.93 0 46.8817 a b -3.06315 15 0
0 0 100.929 0 46.8633 a b -3.06654 15 0
0 0 100.927 0 46.8417 a b -3.0652 15 0
0 0 100.925 0 46.8212 a b -3.06618 15 0
0 0 100.923 0 46.8002 a b -3.06677 15 0
0 0 100.923 0 46.7818 a b -3.06987 15 0
0 0 100.927 0 46.7618 a b -3.07508 15 0
0 0 100.929 0 46.7409 a b -3.07661 15 0
0 0 100.93 0 46.7122 a b -3.07823 15 0
0 0 100.928 0 46.6827 a b -3.0878 15 0
0 0 100.922 0 46.6494 a b -3.09624 15 0
0 0 100.918 0 46.6107 a b -3.10251 15 0
0 0 100.916 0 46.575 a b -3.10794 15 0
0 0 100.917 0 46.5366 a b -3.11466 15 0
0 0 100.919 0 46.5052 a b -3.12831 15 0
0 0 100.921 0 46.4746 a b -3.13731 15 0
0 0 100.921 0 46.443 a b 3.14121 15 0
0 0 100.92 0 46.4142 a b 3.13634 15 0
0 0 100.92 0 46.3874 a b 3.12485 15 0
0 0 100.922 0 46.3633 a b 3.11532 15 0
0 0 100.922 0 46.3438 a b 3.11176 15 0
0 0 100.923 0 46.3201 a b 3.11113 15 0
0 0 100.924 0 46.2994 a b 3.10841 15 0
0 0 100.923 0 46.2778 a b 3.10422 15 0
0 0 100.92 0 46.2605 a b 3.09867 15 0
0 0 100.922 0 46.2431 a b 3.09068 15 0
0 0 100.928 0 46.2302 a b 3.08924 15 0
0 0 100.925 0 46.2157 a b 3.09976 15 0
0 0 100.926 0 46.1862 a b 3.1005 15 0
0 0 100.937 0 46.1581 a b 3.09285 15 0
0 0 100.94 0 46.1274 a b 3.10412 15 0
0 0 100.941 0 46.0884 a b 3.10969 15 0
0 0 100.946 0 46.0547 a b 3.10353 15 0
0 0 100.951 0 46.023 a b 3.10102 15 0
0 0 100.954 0 45.9934 a b 3.10509 15 0
0 0 100.955 0 45.9618 a b 3.11205 15 0
0 0 100.957 0 45.9281 a b 3.11643 15 0
0 0 100.96 0 45.891 a b 3.11393 15 0
0 0 100.961 0 45.8529 a b 3.11258 15 0
0 0 100.963 0 45.8146 a b 3.11425 15 0
0 0 100.964 0 45.7713 a b 3.11946 15 0
0 0 100.964 0 45.7288 a b 3.12467 15 0
0 0 100.964 0 45.6949 a b 3.1292 15 0
0 0 100.964 0 45.6585 a b 3.13129 15 0
0 0 100.967 0 45.619 a b 3.13512 15 0
0 0 100.968 0 45.5917 a b 3.14155 15 0
0 0 100.969 0 45.5676 a b -3.13994 15 0
0 0 100.967 0 45.5463 a b -3.14144 15 0
0 0 100.965 0 45.5305 a b 3.14092 15 0
0 0 100.964 0 45.5133 a b -3.13958 15 0
0 0 100.965 0 45.4908 a b -3.13607 15 0
0 0 100.967 0 45.4692 a b -3.13082 15 0
0 0 100.969 0 45.4468 a b -3.12923 15 0
0 0 100.973 0 45.4195 a b -3.12857 15 0
0 0 100.977 0 45.3853 a b -3.12892 15 0
0 0 100.977 0 45.3462 a b -3.12593 15 0
0 0 100.98 0 45.3071 a b -3.11714 15 0
0 0 100.981 0 45.2746 a b -3.11168 15 0
0 0 100.98 0 45.2383 a b -3.11415 15 0
0 0 100.982 0 45.1947 a b -3.11499 15 0
0 0 100.98 0 45.1542 a b -3.11249 15 0
0 0 100.979 0 45.1219 a b -3.1094 15 0
0 0 100.978 0 45.095 a b -3.10961 15 0
0 0 100.977 0 45.063 a b -3.11019 15 0
0 0 100.977 0 45.0311 a b -3.10089 15 0
0 0 100.979 0 45.0184 a b -3.10472 15 0
0 0 100.976 0 44.9976 a b -3.10676 15 0
0 0 100.975 0 44.9783 a b -3.10383 15 0
0 0 100.974 0 44.9557 a b -3.10202 15 0
0 0 100.974 0 44.9306 a b -3.10049 15 0
0 0 100.975 0 44.9008 a b -3.09704 15 0
0 0 100.975 0 44.8723 a b -3.09663 15 0
0 0 100.975 0 44.8384 a b -3.0977 15 0
0 0 100.976 0 44.8081 a b -3.09754 15 0
0 0 100.977 0 44.7786 a b -3.09799 15 0
0 0 100.977 0 44.7508 a b -3.09695 15 0
0 0 100.976 0 44.7228 a b -3.09346 15 0
0 0 100.975 0 44.6981 a b -3.09133 15 0
0 0 100.973 0 44.6709 a b -3.08891 15 0
0 0 100.972 0 44.6442 a b -3.08787 15 0
0 0 100.974 0 44.6165 a b -3.09085 15 0
0 0 100.97 0 44.5902 a b -3.09246 15 0
0 0 100.969 0 44.5577 a b -3.087 15 0
0 0 100.969 0 44.5244 a b -3.07981 15 0
0 0 100.969 0 44.493 a b -3.07705 15 0
0 0 100.963 0 44.4624 a b -3.07765 15 0
0 0 100.957 0 44.4254 a b -3.07451 15 0
0 0 100.953 0 44.3872 a b -3.06923 15 0
0 0 100.961 0 44.3501 a b -3.06766 15 0
0 0 100.969 0 44.3189 a b -3.07344 15 0
0 0 100.972 0 44.2934 a b -3.07701 15 0
0 0 100.971 0 44.2667 a b -3.07363 15 0
0 0 100.97 0 44.2422 a b -3.06821 15 0
0 0 100.965 0 44.2243 a b -3.0699 15 0
0 0 100.955 0 44.202 a b -3.07403 15 0
0 0 100.949 0 44.1771 a b -3.07067 15 0
0 0 100.952 0 44.15 a b -3.06477 15 0
0 0 100.96 0 44.1146 a b -3.06132 15 0
0 0 100.967 0 44.0837 a b -3.06593 15 0
0 0 100.962 0 44.0558 a b -3.06953 15 0
0 0 100.957 0 44.022 a b -3.07032 15 0
0 0 100.948 0 43.987 a b -3.06925 15 0
0 0 100.946 0 43.953 a b -3.0665 15 0
0 0 100.941 0 43.9176 a b -3.06618 15 0
0 0 100.939 0 43.8809 a b -3.06184 15 0
0 0 100.946 0 43.8453 a b -3.062 15 0
0 0 100.952 0 43.8196 a b -3.07065 15 0
0 0 100.958 0 43.7975 a b -3.0745 15 0
0 0 100.959 0 43.7771 a b -3.07364 15 0
0 0 100.957 0 43.7572 a b -3.07323 15 0
0 0 100.952 0 43.7378 a b -3.07407 15 0
0 0 100.947 0 43.7143 a b -3.07268 15 0
0 0 100.944 0 43.6885 a b -3.0744 15 0
0 0 100.947 0 43.6622 a b -3.07791 15 0
0 0 100.949 0 43.6272 a b -3.07668 15 0
0 0 100.949 0 43.5855 a b -3.08018 15 0
0 0 100.95 0 43.5553 a b -3.08654 15 0
0 0 100.946 0 43.5254 a b -3.08957 15 0
0 0 100.941 0 43.4889 a b -3.09253 15 0
0 0 100.943 0 43.4573 a b -3.09866 15 0
0 0 100.945 0 43.4249 a b -3.09767 15 0
0 0 100.946 0 43.3855 a b -3.09401 15 0
0 0 100.946 0 43.3557 a b -3.0975 15 0
0 0 100.947 0 43.3304 a b -3.10518 15 0
0 0 100.949 0 43.3142 a b -3.11106 15 0
0 0 100.95 0 43.2983 a b -3.11184 15 0
0 0 100.949 0 43.2733 a b -3.1156 15 0
0 0 100.947 0 43.2473 a b -3.12422 15 0
0 0 100.949 0 43.2258 a b -3.1351 15 0
0 0 100.951 0 43.2016 a b 3.13607 15 0
0 0 100.953 0 43.1777 a b 3.1257 15 0
0 0 100.952 0 43.155 a b 3.12376 15 0
0 0 100.948 0 43.1258 a b 3.12347 15 0
0 0 100.943 0 43.0917 a b 3.1158 15 0
0 0 100.944 0 43.0589 a b 3.10266 15 0
0 0 100.954 0 43.0312 a b 3.09461 15 0
0 0 100.962 0 43.0003 a b 3.0996 15 0
0 0 100.964 0 42.9672 a b 3.10621 15 0
0 0 100.961 0 42.9294 a b 3.10627 15 0
0 0 100.963 0 42.8953 a b 3.10286 15 0
0 0 100.969 0 42.8651 a b 3.10215 15 0
0 0 100.976 0 42.8407 a b 3.10895 15 0
0 0 100.972 0 42.8136 a b 3.11571 15 0
0 0 100.968 0 42.7836 a b 3.1124 15 0
0 0 100.976 0 42.7569 a b 3.1104 15 0
0 0 100.979 0 42.7286 a b 3.11413 15 0
0 0 100.976 0 42.7023 a b 3.11688 15 0
0 0 100.978 0 42.6732 a b 3.11339 15 0
0 0 100.985 0 42.6468 a b 3.11518 15 0
0 0 100.985 0 42.621 a b 3.12169 15 0
0 0 100.982 0 42.5915 a b 3.12469 15 0
0 0 100.985 0 42.559 a b 3.12051 15 0
0 0 100.989 0 42.5291 a b 3.12339 15 0
0 0 100.991 0 42.5003 a b 3.12774 15 0
0 0 100.989 0 42.4727 a b 3.13324 15 0
0 0 100.987 0 42.4411 a b 3.13247 15 0
0 0 100.991 0 42.4106 a b 3.13403 15 0
0 0 100.991 0 42.3737 a b 3.13855 15 0
0 0 100.995 0 42.3434 a b -3.14054 15 0
0 0 100.995 0 42.3093 a b -3.13847 15 0
0 0 100.997 0 42.2717 a b -3.13432 15 0
0 0 100.996 0 42.2403 a b -3.12888 15 0
0 0 100.994 0 42.2119 a b -3.12878 15 0
0 0 100.994 0 42.177 a b -3.12979 15 0
0 0 100.994 0 42.1422 a b -3.12532 15 0
0 0 100.995 0 42.1176 a b -3.11856 15 0
0 0 100.996 0 42.1006 a b -3.11683 15 0
0 0 100.997 0 42.0733 a b -3.12049 15 0
0 0 100.997 0 42.0432 a b -3.11768 15 0
0 0 100.997 0 42.0195 a b -3.11134 15 0
0 0 100.998 0 41.9948 a b -3.10571 15 0
0 0 100.999 0 41.9714 a b -3.10119 15 0
0 0 101.001 0 41.9463 a b -3.09759 15 0
0 0 101.002 0 41.9201 a b -3.09567 15 0
0 0 101.002 0 41.8933 a b -3.0922 15 0
0 0 101 0 41.8646 a b -3.08835 15 0
0 0 101.002 0 41.8326 a b -3.083 15 0
0 0 101.004 0 41.8004 a b -3.07509 15 0
0 0 101.001 0 41.7706 a b -3.06607 15 0
0 0 101.002 0 41.7464 a b -3.06228 15 0
0 0 101.002 0 41.722 a b -3.0662 15 0
0 0 100.997 0 41.6872 a b -3.06986 15 0
0 0 100.993 0 41.6528 a b -3.06598 15 0
0 0 100.993 0 41.6231 a b -3.05929 15 0
0 0 100.995 0 41.5974 a b -3.05911 15 0
0 0 100.996 0 41.5698 a b -3.06173 15 0
0 0 100.993 0 41.5414 a b -3.06533 15 0
0 0 100.989 0 41.5131 a b -3.0626 15 0
0 0 100.99 0 41.4897 a b -3.06093 15 0
0 0 100.99 0 41.4639 a b -3.06179 15 0
0 0 100.989 0 41.4385 a b -3.06286 15 0
0 0 100.989 0 41.4104 a b -3.06238 15 0
0 0 100.989 0 41.3806 a b -3.06046 15 0
0 0 100.99 0 41.3528 a b -3.06071 15 0
0 0 100.99 0 41.3248 a b -3.06231 15 0
0 0 100.988 0 41.2981 a b -3.06549 15 0
0 0 100.987 0 41.2671 a b -3.06504 15 0
0 0 100.988 0 41.2394 a b -3.06534 15 0
0 0 100.988 0 41.2071 a b -3.06524 15 0
0 0 100.984 0 41.1746 a b -3.06552 15 0
0 0 100.981 0 41.1406 a b -3.06395 15 0
0 0 100.978 0 41.1111 a b -3.06232 15 0
0 0 100.977 0 41.0816 a b -3.06214 15 0
0 0 100.973 0 41.0531 a b -3.06281 15 0
0 0 100.969 0 41.0232 a b -3.06085 15 0
0 0 100.971 0 40.9929 a b -3.05815 15 0
0 0 100.972 0 40.9618 a b -3.05786 15 0
0 0 100.968 0 40.9327 a b -3.05896 15 0
0 0 100.965 0 40.9014 a b -3.05639 15 0
0 0 100.965 0 40.8709 a b -3.05506 15 0
0 0 100.961 0 40.8387 a b -3.05562 15 0
0 0 100.961 0 40.8128 a b -3.0556 15 0
0 0 100.96 0 40.7851 a b -3.05279 15 0
0 0 100.958 0 40.7566 a b -3.05006 15 0
0 0 100.962 0 40.7271 a b -3.05148 15 0
0 0 100.961 0 40.7054 a b -3.05697 15 0
0 0 100.954 0 40.6842 a b -3.05313 15 0
0 0 100.955 0 40.6586 a b -3.04713 15 0
0 0 100.953 0 40.632 a b -3.04581 15 0
0 0 100.952 0 40.6064 a b -3.04773 15 0
0 0 100.95 0 40.5808 a b -3.04862 15 0
0 0 100.947 0 40.5488 a b -3.04749 15 0
0 0 100.95 0 40.5173 a b -3.05005 15 0
0 0 100.949 0 40.4882 a b -3.05095 15 0
0 0 100.95 0 40.451 a b -3.04913 15 0
0 0 100.949 0 40.409 a b -3.05336 15 0
0 0 100.947 0 40.3753 a b -3.05952 15 0
0 0 100.943 0 40.3415 a b -3.06169 15 0
0 0 100.941 0 40.3058 a b -3.06499 15 0
0 0 100.941 0 40.2762 a b -3.06842 15 0
0 0 100.943 0 40.2449 a b -3.06934 15 0
0 0 100.942 0 40.213 a b -3.07007 15 0
0 0 100.942 0 40.1825 a b -3.07414 15 0
0 0 100.941 0 40.1576 a b -3.07867 15 0
0 0 100.941 0 40.1392 a b -3.08108 15 0
0 0 100.939 0 40.1205 a b -3.08064 15 0
0 0 100.939 0 40.0966 a b -3.083 15 0
0 0 100.936 0 40.0733 a b -3.08635 15 0
0 0 100.935 0 40.0404 a b -3.09418 15 0
0 0 100.934 0 40.0154 a b -3.10661 15 0
0 0 100.931 0 39.9942 a b -3.11702 15 0
0 0 100.931 0 39.9608 a b -3.12195 15 0
0 0 100.931 0 39.9226 a b -3.12584 15 0
0 0 100.932 0 39.8832 a b -3.13681 15 0
0 0 100.932 0 39.8515 a b 3.1287 15 0
0 0 100.937 0 39.8246 a b 3.12003 15 0
0 0 100.939 0 39.7952 a b 3.11927 15 0
0 0 100.94 0 39.7622 a b 3.12265 15 0
0 0 100.943 0 39.73 a b 3.12411 15 0
0 0 100.945 0 39.705 a b 3.12371 15 0
0 0 100.947 0 39.6801 a b 3.1218 15 0
0 0 100.949 0 39.6543 a b 3.11876 15 0
0 0 100.953 0 39.6317 a b 3.11698 15 0
0 0 100.957 0 39.6128 a b 3.11851 15 0
0 0 100.957 0 39.5928 a b 3.12049 15 0
0 0 100.955 0 39.5642 a b 3.12125 15 0
0 0 100.953 0 39.5367 a b 3.1145 15 0
0 0 100.961 0 39.5079 a b 3.11081 15 0
0 0 100.965 0 39.4857 a b 3.11626 15 0
0 0 100.963 0 39.4591 a b 3.12195 15 0
0 0 100.958 0 39.4266 a b 3.12084 15 0
0 0 100.969 0 39.3896 a b 3.11572 15 0
0 0 100.976 0 39.358 a b 3.11889 15 0
0 0 100.975 0 39.3256 a b 3.12338 15 0
0 0 100.976 0 39.295 a b 3.12608 15 0
0 0 100.976 0 39.2656 a b 3.12931 15 0
0 0 100.973 0 39.236 a b 3.12941 15 0
0 0 100.972 0 39.2071 a b 3.12742 15 0
0 0 100.975 0 39.1785 a b 3.12574 15 0
0 0 100.977 0 39.1505 a b 3.1281 15 0
0 0 100.975 0 39.1255 a b 3.13046 15 0
0 0 100.978 0 39.0971 a b 3.13239 15 0
0 0 100.979 0 39.0679 a b 3.13663 15 0
0 0 100.976 0 39.0396 a b 3.13599 15 0
0 0 100.979 0 39.0087 a b 3.1343 15 0
0 0 100.985 0 38.9796 a b 3.13638 15 0
0 0 100.986 0 38.9549 a b 3.1403 15 0
0 0 100.988 0 38.9251 a b 3.14102 15 0
0 0 100.988 0 38.8932 a b -3.14159 15 0
0 0 100.986 0 38.863 a b -3.14112 15 0
0 0 100.985 0 38.8319 a b 3.14045 15 0
0 0 100.985 0 38.8003 a b 3.14099 15 0
0 0 100.984 0 38.77 a b -3.1394 15 0
0 0 100.985 0 38.7428 a b -3.13535 15 0
0 0 100.984 0 38.7168 a b -3.13575 15 0
0 0 100.983 0 38.6873 a b -3.14025 15 0
0 0 100.986 0 38.654 a b -3.13695 15 0
0 0 100.986 0 38.6279 a b -3.12965 15 0
0 0 100.984 0 38.5985 a b -3.12734 15 0
0 0 100.984 0 38.5657 a b -3.12979 15 0
0 0 100.983 0 38.5305 a b -3.12729 15 0
0 0 100.984 0 38.5044 a b -3.12137 15 0
0 0 100.984 0 38.4768 a b -3.12054 15 0
0 0 100.985 0 38.445 a b -3.12399 15 0
0 0 100.985 0 38.4122 a b -3.1237 15 0
0 0 100.984 0 38.3813 a b -3.1204 15 0
0 0 100.984 0 38.356 a b -3.11808 15 0
0 0 100.984 0 38.3306 a b -3.11836 15 0
0 0 100.983 0 38.3064 a b -3.12031 15 0
0 0 100.985 0 38.2825 a b -3.12394 15 0
0 0 100.986 0 38.2524 a b -3.12405 15 0
0 0 100.987 0 38.2284 a b -3.11598 15 0
0 0 100.986 0 38.2056 a b -3.10984 15 0
0 0 100.985 0 38.1783 a b -3.11095 15 0
0 0 100.984 0 38.1527 a b -3.11571 15 0
0 0 100.984 0 38.1209 a b -3.12228 15 0
0 0 100.987 0 38.0833 a b -3.11961 15 0
0 0 100.988 0 38.0515 a b -3.11426 15 0
0 0 100.99 0 38.0226 a b -3.11145 15 0
0 0 100.989 0 37.9925 a b -3.11427 15 0
0 0 100.989 0 37.9593 a b -3.11764 15 0
0 0 100.989 0 37.9252 a b -3.12031 15 0
0 0 100.988 0 37.889 a b -3.12176 15 0
0 0 100.989 0 37.8547 a b -3.11655 15 0
0 0 100.992 0 37.8265 a b -3.11113 15 0
0 0 100.992 0 37.8023 a b -3.1138 15 0
0 0 100.99 0 37.7788 a b -3.12047 15 0
0 0 100.99 0 37.7499 a b -3.1242 15 0
0 0 100.988 0 37.7196 a b -3.12008 15 0
0 0 100.988 0 37.6902 a b -3.11373 15 0
0 0 100.992 0 37.6632 a b -3.11144 15 0
0 0 100.992 0 37.6316 a b -3.11519 15 0
0 0 100.987 0 37.6009 a b -3.11831 15 0
0 0 100.985 0 37.5712 a b -3.11809 15 0
0 0 100.985 0 37.5406 a b -3.11405 15 0
0 0 100.988 0 37.5106 a b -3.11168 15 0
0 0 100.991 0 37.4814 a b -3.11001 15 0
0 0 100.989 0 37.4542 a b -3.10936 15 0
0 0 100.988 0 37.4288 a b -3.11329 15 0
0 0 100.983 0 37.4029 a b -3.11746 15 0
0 0 100.98 0 37.3759 a b -3.11335 15 0
0 0 100.982 0 37.3508 a b -3.10486 15 0
0 0 100.986 0 37.3264 a b -3.09841 15 0
0 0 100.993 0 37.2984 a b -3.10079 15 0
0 0 100.993 0 37.2727 a b -3.10957 15 0
0 0 100.991 0 37.245 a b -3.11298 15 0
0 0 100.988 0 37.2125 a b -3.10963 15 0
0 0 100.988 0 37.1749 a b -3.10517 15 0
0 0 100.989 0 37.1399 a b -3.10562 15 0
0 0 100.984 0 37.1064 a b -3.1095 15 0
0 0 100.98 0 37.0729 a b -3.10812 15 0
0 0 100.981 0 37.0356 a b -3.10237 15 0
0 0 100.986 0 37.0002 a b -3.10302 15 0
0 0 100.986 0 36.9667 a b -3.10741 15 0
0 0 100.983 0 36.9354 a b -3.10704 15 0
0 0 100.98 0 36.9003 a b -3.10225 15 0
0 0 100.982 0 36.8702 a b -3.10219 15 0
0 0 100.978 0 36.8489 a b -3.10761 15 0
0 0 100.974 0 36.8326 a b -3.10617 15 0
0 0 100.979 0 36.8075 a b -3.09939 15 0
0 0 100.985 0 36.7867 a b -3.10258 15 0
0 0 100.986 0 36.7698 a b -3.1074 15 0
0 0 100.989 0 36.7427 a b -3.10563 15 0
0 0 100.991 0 36.7161 a b -3.10854 15 0
0 0 100.991 0 36.6881 a b -3.11326 15 0
0 0 100.99 0 36.661 a b -3.11276 15 0
0 0 100.988 0 36.6215 a b -3.10754 15 0
0 0 100.986 0 36.5904 a b -3.10816 15 0
0 0 100.985 0 36.5562 a b -3.10991 15 0
0 0 100.982 0 36.5178 a b -3.10835 15 0
0 0 100.982 0 36.4792 a b -3.11073 15 0
0 0 100.983 0 36.4449 a b -3.11311 15 0
0 0 100.983 0 36.4128 a b -3.11318 15 0
0 0 100.982 0 36.3847 a b -3.11282 15 0
0 0 100.982 0 36.3548 a b -3.11384 15 0
0 0 100.982 0 36.332 a b -3.11727 15 0
0 0 100.985 0 36.3115 a b -3.11777 15 0
0 0 100.988 0 36.2893 a b -3.11558 15 0
0 0 100.989 0 36.2671 a b -3.11355 15 0
0 0 100.993 0 36.2474 a b -3.11514 15 0
0 0 100.995 0 36.2291 a b -3.11707 15 0
0 0 100.998 0 36.2135 a b -3.12046 15 0
0 0 100.995 0 36.1954 a b -3.12112 15 0
0 0 100.993 0 36.1562 a b -3.12079 15 0
0 0 100.991 0 36.1243 a b -3.1268 15 0
0 0 100.989 0 36.0944 a b -3.1276 15 0
0 0 100.99 0 36.0679 a b -3.12376 15 0
0 0 100.987 0 36.0378 a b -3.11896 15 0
0 0 100.985 0 36.0082 a b -3.11925 15 0
0 0 100.986 0 35.9796 a b -3.12476 15 0
0 0 100.985 0 35.9494 a b -3.13068 15 0
0 0 100.988 0 35.9203 a b -3.13228 15 0
0 0 100.989 0 35.8899 a b -3.13123 15 0
0 0 100.988 0 35.8624 a b -3.13197 15 0
0 0 100.99 0 35.8306 a b -3.13846 15 0
0 0 100.99 0 35.7934 a b 3.13439 15 0
0 0 100.992 0 35.7553 a b 3.12696 15 0
0 0 100.994 0 35.7179 a b 3.12065 15 0
0 0 100.996 0 35.683 a b 3.11437 15 0
0 0 100.997 0 35.6445 a b 3.10881 15 0
0 0 100.999 0 35.6128 a b 3.10287 15 0
0 0 101 0 35.5823 a b 3.09661 15 0
0 0 101 0 35.5501 a b 3.08825 15 0
0 0 101.004 0 35.5256 a b 3.08292 15 0
0 0 101.007 0 35.5003 a b 3.08466 15 0
0 0 101.009 0 35.4734 a b 3.08818 15 0
0 0 101.008 0 35.4507 a b 3.09168 15 0
0 0 101.01 0 35.4298 a b 3.09357 15 0
0 0 101.016 0 35.4068 a b 3.09508 15 0
0 0 101.021 0 35.385 a b 3.09389 15 0
0 0 101.025 0 35.348 a b 3.0912 15 0
0 0 101.028 0 35.3171 a b 3.09437 15 0
0 0 101.028 0 35.2872 a b 3.09759 15 0
0 0 101.026 0 35.2494 a b 3.10152 15 0
0 0 101.028 0 35.2079 a b 3.10326 15 0
0 0 101.031 0 35.1745 a b 3.10897 15 0
0 0 101.035 0 35.1472 a b 3.11262 15 0
0 0 101.039 0 35.1113 a b 3.10663 15 0
0 0 101.044 0 35.0698 a b 3.10745 15 0
0 0 101.048 0 35.0418 a b 3.11758 15 0
0 0 101.051 0 35.0233 a b 3.12051 15 0
0 0 101.051 0 34.9982 a b 3.11655 15 0
0 0 101.053 0 34.9696 a b 3.11722 15 0
0 0 101.054 0 34.9425 a b 3.12184 15 0
0 0 101.057 0 34.9178 a b 3.12819 15 0
0 0 101.057 0 34.9039 a b 3.13377 15 0
0 0 101.062 0 34.8842 a b 3.13302 15 0
0 0 101.064 0 34.8568 a b 3.133 15 0
0 0 101.064 0 34.8323 a b 3.13437 15 0
0 0 101.062 0 34.807 a b 3.13572 15 0
0 0 101.059 0 34.7824 a b 3.13737 15 0
0 0 101.058 0 34.757 a b 3.14006 15 0
0 0 101.058 0 34.7279 a b -3.13506 15 0
0 0 101.058 0 34.7028 a b -3.12564 15 0
0 0 101.059 0 34.6805 a b -3.12262 15 0
0 0 101.061 0 34.651 a b -3.12348 15 0
0 0 101.058 0 34.6177 a b -3.11775 15 0
0 0 101.06 0 34.5865 a b -3.10924 15 0
0 0 101.063 0 34.5584 a b -3.10566 15 0
0 0 101.063 0 34.5241 a b -3.10727 15 0
0 0 101.061 0 34.492 a b -3.10606 15 0
0 0 101.058 0 34.4613 a b -3.09999 15 0
0 0 101.059 0 34.4306 a b -3.09553 15 0
0 0 101.058 0 34.4023 a b -3.0921 15 0
0 0 101.059 0 34.3803 a b -3.08986 15 0
0 0 101.062 0 34.3567 a b -3.09055 15 0
0 0 101.062 0 34.3339 a b -3.08821 15 0
0 0 101.063 0 34.3094 a b -3.07995 15 0
0 0 101.065 0 34.2851 a b -3.07281 15 0
0 0 101.065 0 34.2633 a b -3.07707 15 0
0 0 101.058 0 34.2353 a b -3.08027 15 0
0 0 101.051 0 34.2044 a b -3.07199 15 0
0 0 101.052 0 34.1778 a b -3.06414 15 0
0 0 101.053 0 34.1476 a b -3.05964 15 0
0 0 101.055 0 34.1195 a b -3.05661 15 0
0 0 101.052 0 34.0862 a b -3.05393 15 0
0 0 101.048 0 34.0564 a b -3.04949 15 0
0 0 101.041 0 34.025 a b -3.04281 15 0
0 0 101.033 0 33.9893 a b -3.03306 15 0
0 0 101.029 0 33.9534 a b -3.02458 15 0
0 0 101.03 0 33.9235 a b -3.02514 15 0
0 0 101.029 0 33.8989 a b -3.03123 15 0
0 0 101.029 0 33.8759 a b -3.03199 15 0
0 0 101.032 0 33.8533 a b -3.02845 15 0
0 0 101.034 0 33.8286 a b -3.02313 15 0
0 0 101.037 0 33.8049 a b -3.02502 15 0
0 0 101.031 0 33.777 a b -3.03088 15 0
0 0 101.022 0 33.7458 a b -3.03151 15 0
0 0 101.02 0 33.7197 a b -3.03125 15 0
0 0 101.018 0 33.6907 a b -3.03168 15 0
0 0 101.018 0 33.6629 a b -3.02875 15 0
0 0 101.019 0 33.6271 a b -3.02533 15 0
0 0 101.019 0 33.5949 a b -3.02706 15 0
0 0 101.014 0 33.5641 a b -3.03234 15 0
0 0 101.01 0 33.5375 a b -3.037 15 0
0 0 101.006 0 33.5029 a b -3.03443 15 0
0 0 101.003 0 33.4617 a b -3.03459 15 0
0 0 101.001 0 33.4308 a b -3.0399 15 0
0 0 100.999 0 33.3987 a b -3.03947 15 0
0 0 100.997 0 33.3662 a b -3.03546 15 0
0 0 100.997 0 33.3354 a b -3.03543 15 0
0 0 100.998 0 33.3052 a b -3.03701 15 0
0 0 100.995 0 33.2775 a b -3.04091 15 0
0 0 100.993 0 33.2489 a b -3.04197 15 0
0 0 100.989 0 33.2175 a b -3.04381 15 0
0 0 100.987 0 33.1851 a b -3.04764 15 0
0 0 100.988 0 33.1615 a b -3.04852 15 0
0 0 100.987 0 33.1303 a b -3.04454 15 0
0 0 100.989 0 33.0957 a b -3.04385 15 0
0 0 100.986 0 33.0661 a b -3.04548 15 0
0 0 100.979 0 33.0382 a b -3.045 15 0
0 0 100.979 0 33.0021 a b -3.04625 15 0
0 0 100.979 0 32.9706 a b -3.05209 15 0
0 0 100.982 0 32.945 a b -3.06094 15 0
0 0 100.979 0 32.9241 a b -3.06342 15 0
0 0 100.976 0 32.8879 a b -3.05986 15 0
0 0 100.975 0 32.8464 a b -3.06336 15 0
0 0 100.974 0 32.8195 a b -3.07163 15 0
0 0 100.971 0 32.7953 a b -3.07457 15 0
0 0 100.97 0 32.7661 a b -3.07694 15 0
0 0 100.971 0 32.7412 a b -3.07842 15 0
0 0 100.971 0 32.7114 a b -3.08131 15 0
0 0 100.969 0 32.685 a b -3.08683 15 0
0 0 100.969 0 32.6596 a b -3.09463 15 0
0 0 100.966 0 32.6355 a b -3.10011 15 0
0 0 100.964 0 32.6099 a b -3.09979 15 0
0 0 100.962 0 32.5796 a b -3.10147 15 0
0 0 100.963 0 32.5452 a b -3.1062 15 0
0 0 100.962 0 32.5203 a b -3.11192 15 0
0 0 100.966 0 32.4936 a b -3.11533 15 0
0 0 100.968 0 32.4705 a b -3.1161 15 0
0 0 100.967 0 32.4449 a b -3.11669 15 0
0 0 100.964 0 32.418 a b -3.12135 15 0
0 0 100.962 0 32.3886 a b -3.129 15 0
0 0 100.968 0 32.3588 a b -3.13638 15 0
0 0 100.969 0 32.3277 a b -3.1334 15 0
0 0 100.968 0 32.3 a b -3.13121 15 0
0 0 100.966 0 32.2719 a b -3.13594 15 0
0 0 100.969 0 32.2441 a b -3.14138 15 0
0 0 100.969 0 32.2185 a b 3.14015 15 0
0 0 100.965 0 32.1915 a b 3.13419 15 0
0 0 100.965 0 32.1593 a b 3.12895 15 0
0 0 100.967 0 32.1288 a b 3.12941 15 0
0 0 100.967 0 32.1007 a b 3.13355 15 0
0 0 100.967 0 32.0765 a b 3.13253 15 0
0 0 100.972 0 32.0487 a b 3.12958 15 0
0 0 100.974 0 32.0218 a b 3.12933 15 0
0 0 100.975 0 31.998 a b 3.1312 15 0
0 0 100.976 0 31.9728 a b 3.13071 15 0
0 0 100.976 0 31.9397 a b 3.1318 15 0
0 0 100.979 0 31.9117 a b 3.13366 15 0
0 0 100.981 0 31.8828 a b 3.13369 15 0
0 0 100.982 0 31.8476 a b 3.13123 15 0
0 0 100.983 0 31.8166 a b 3.13129 15 0
0 0 100.983 0 31.7863 a b 3.13055 15 0
0 0 100.985 0 31.7558 a b 3.13339 15 0
0 0 100.981 0 31.7263 a b 3.13432 15 0
0 0 100.98 0 31.6976 a b 3.13505 15 0
0 0 100.982 0 31.6686 a b 3.13577 15 0
0 0 100.984 0 31.6418 a b 3.13751 15 0
0 0 100.986 0 31.613 a b 3.13823 15 0
0 0 100.986 0 31.585 a b 3.13842 15 0
0 0 100.985 0 31.5557 a b 3.1385 15 0
0 0 100.986 0 31.5225 a b 3.13877 15 0
0 0 100.988 0 31.4931 a b 3.14027 15 0
0 0 100.99 0 31.4644 a b 3.13933 15 0
0 0 100.989 0 31.4345 a b 3.13947 15 0
0 0 100.989 0 31.4051 a b 3.14028 15 0
0 0 100.992 0 31.3758 a b 3.13595 15 0
0 0 100.997 0 31.3472 a b 3.13605 15 0
0 0 100.997 0 31.3206 a b 3.138 15 0
0 0 100.99 0 31.2964 a b 3.13517 15 0
0 0 100.984 0 31.2634 a b 3.13193 15 0
0 0 100.984 0 31.2313 a b 3.13452 15 0
0 0 100.993 0 31.2049 a b 3.14078 15 0
0 0 100.995 0 31.1838 a b -3.13816 15 0
0 0 100.996 0 31.1567 a b 3.13843 15 0
0 0 100.998 0 31.1266 a b 3.13744 15 0
0 0 101 0 31.0967 a b 3.13825 15 0
0 0 101.001 0 31.0664 a b 3.13863 15 0
0 0 101.003 0 31.0382 a b 3.13856 15 0
0 0 101.004 0 31.0121 a b 3.13987 15 0
0 0 101.004 0 30.9808 a b 3.14045 15 0
0 0 101.006 0 30.9496 a b 3.13796 15 0
0 0 101.004 0 30.9152 a b 3.13706 15 0
0 0 101.004 0 30.8849 a b 3.1415 15 0
0 0 101.005 0 30.8602 a b -3.1397 15 0
0 0 101.006 0 30.8317 a b -3.14017 15 0
0 0 101.004 0 30.8 a b -3.14007 15 0
0 0 100.998 0 30.7721 a b -3.13718 15 0
0 0 101 0 30.7447 a b -3.13586 15 0
0 0 101.003 0 30.7186 a b -3.13445 15 0
0 0 101.004 0 30.6853 a b -3.13569 15 0
0 0 101.007 0 30.6591 a b -3.13482 15 0
0 0 101.007 0 30.6373 a b -3.13346 15 0
0 0 101.012 0 30.6157 a b -3.1325 15 0
0 0 101.017 0 30.5916 a b -3.13363 15 0
0 0 101.021 0 30.5652 a b -3.13755 15 0
0 0 101.021 0 30.538 a b -3.13719 15 0
0 0 101.017 0 30.511 a b -3.1369 15 0
0 0 101.012 0 30.4801 a b -3.13495 15 0
0 0 101.014 0 30.4513 a b -3.13414 15 0
0 0 101.01 0 30.423 a b -3.13314 15 0
0 0 101.014 0 30.3947 a b -3.13156 15 0
0 0 101.02 0 30.3664 a b -3.13105 15 0
0 0 101.023 0 30.3394 a b -3.13339 15 0
0 0 101.022 0 30.3099 a b -3.13308 15 0
0 0 101.017 0 30.2781 a b -3.13222 15 0
0 0 101.012 0 30.2455 a b -3.13049 15 0
0 0 101.014 0 30.2149 a b -3.1304 15 0
0 0 101.011 0 30.1858 a b -3.13065 15 0
0 0 101.017 0 30.1566 a b -3.12863 15 0
0 0 101.026 0 30.1332 a b -3.12487 15 0
0 0 101.033 0 30.1046 a b -3.1224 15 0
0 0 101.034 0 30.0654 a b -3.12035 15 0
0 0 101.035 0 30.0323 a b -3.12859 15 0
0 0 101.028 0 30.0052 a b -3.13695 15 0
0 0 101.017 0 29.9812 a b -3.13553 15 0
0 0 101.019 0 29.955 a b -3.12698 15 0
0 0 101.026 0 29.918 a b -3.11734 15 0
0 0 101.027 0 29.8752 a b -3.11722 15 0
0 0 101.031 0 29.8418 a b -3.12441 15 0
0 0 101.03 0 29.815 a b -3.12798 15 0
0 0 101.027 0 29.7855 a b -3.12812 15 0
0 0 101.025 0 29.7507 a b -3.12473 15 0
0 0 101.027 0 29.7172 a b -3.12118 15 0
0 0 101.026 0 29.6875 a b -3.11848 15 0
0 0 101.028 0 29.6522 a b -3.11494 15 0
0 0 101.029 0 29.6162 a b -3.11571 15 0
0 0 101.032 0 29.5897 a b -3.11923 15 0
0 0 101.031 0 29.5591 a b -3.11933 15 0
0 0 101.029 0 29.5322 a b -3.11848 15 0
0 0 101.027 0 29.5038 a b -3.11808 15 0
0 0 101.026 0 29.4765 a b -3.11808 15 0
0 0 101.024 0 29.4559 a b -3.11888 15 0
0 0 101.024 0 29.4328 a b -3.11431 15 0
0 0 101.026 0 29.4016 a b -3.11095 15 0
0 0 101.027 0 29.3716 a b -3.11296 15 0
0 0 101.027 0 29.3403 a b -3.11558 15 0
0 0 101.026 0 29.3063 a b -3.11656 15 0
0 0 101.023 0 29.2788 a b -3.11294 15 0
0 0 101.023 0 29.2495 a b -3.11096 15 0
0 0 101.021 0 29.2193 a b -3.10932 15 0
0 0 101.018 0 29.1929 a b -3.10304 15 0
0 0 101.015 0 29.166 a b -3.10195 15 0
0 0 101.02 0 29.1324 a b -3.10465 15 0
0 0 101.02 0 29.0968 a b -3.10316 15 0
0 0 101.02 0 29.066 a b -3.1027 15 0
0 0 101.018 0 29.043 a b -3.101 15 0
0 0 101.013 0 29.0231 a b -3.10003 15 0
0 0 101.005 0 28.9941 a b -3.10078 15 0
0 0 101.008 0 28.9657 a b -3.10184 15 0
0 0 101.012 0 28.9403 a b -3.09795 15 0
0 0 101.013 0 28.9156 a b -3.09525 15 0
0 0 101.014 0 28.8878 a b -3.096 15 0
0 0 101.01 0 28.8588 a b -3.09981 15 0
0 0 101.01 0 28.8208 a b -3.10349 15 0
0 0 101.011 0 28.7834 a b -3.10142 15 0
0 0 101.014 0 28.7559 a b -3.09782 15 0
0 0 101.007 0 28.7363 a b -3.09278 15 0
0 0 101 0 28.7124 a b -3.09381 15 0
0 0 101.005 0 28.6897 a b -3.10138 15 0
0 0 101.012 0 28.666 a b -3.10768 15 0
0 0 101.017 0 28.6349 a b -3.10905 15 0
0 0 101.018 0 28.6029 a b -3.10182 15 0
0 0 101.007 0 28.5803 a b -3.09703 15 0
0 0 100.997 0 28.5523 a b -3.09928 15 0
0 0 100.996 0 28.515 a b -3.1014 15 0
0 0 101.003 0 28.4842 a b -3.09898 15 0
0 0 101.002 0 28.4474 a b -3.08916 15 0
0 0 100.995 0 28.4296 a b -3.08901 15 0
0 0 101 0 28.4078 a b -3.09507 15 0
0 0 101.001 0 28.3855 a b -3.09724 15 0
0 0 101.001 0 28.3614 a b -3.0961 15 0
0 0 100.998 0 28.3393 a b -3.09141 15 0
0 0 100.993 0 28.3232 a b -3.08588 15 0
0 0 100.992 0 28.301 a b -3.08882 15 0
0 0 100.999 0 28.2758 a b -3.08788 15 0
0 0 101.001 0 28.2577 a b -3.0818 15 0
0 0 101.001 0 28.2383 a b -3.08043 15 0
0 0 100.997 0 28.2125 a b -3.08163 15 0
0 0 100.992 0 28.183 a b -3.08452 15 0
0 0 100.991 0 28.1481 a b -3.08563 15 0
0 0 100.988 0 28.1127 a b -3.08256 15 0
0 0 100.984 0 28.0723 a b -3.09022 15 0
0 0 100.995 0 28.0244 a b -3.09009 15 0
0 0 100.993 0 27.9836 a b -3.08271 15 0
0 0 100.988 0 27.9451 a b -3.07823 15 0
0 0 100.99 0 27.9062 a b -3.07948 15 0
0 0 100.989 0 27.8668 a b -3.08106 15 0
0 0 100.994 0 27.8343 a b -3.08115 15 0
0 0 100.989 0 27.8056 a b -3.08071 15 0
0 0 100.983 0 27.7705 a b -3.08233 15 0
0 0 100.982 0 27.743 a b -3.08048 15 0
0 0 100.987 0 27.7154 a b -3.07696 15 0
0 0 100.986 0 27.6944 a b -3.07549 15 0
0 0 100.986 0 27.6757 a b -3.07293 15 0
0 0 100.984 0 27.6604 a b -3.07209 15 0
0 0 100.983 0 27.642 a b -3.07337 15 0
0 0 100.989 0 27.6235 a b -3.07346 15 0
0 0 100.987 0 27.5987 a b -3.07203 15 0
0 0 100.983 0 27.5786 a b -3.07339 15 0
0 0 100.981 0 27.5557 a b -3.07299 15 0
0 0 100.979 0 27.5311 a b -3.07259 15 0
0 0 100.974 0 27.5035 a b -3.07299 15 0
0 0 100.975 0 27.4756 a b -3.07248 15 0
0 0 100.975 0 27.441 a b -3.07324 15 0
0 0 100.973 0 27.4102 a b -3.07375 15 0
0 0 100.974 0 27.3773 a b -3.0732 15 0
0 0 100.972 0 27.3439 a b -3.07394 15 0
0 0 100.972 0 27.2978 a b -3.07466 15 0
0 0 100.969 0 27.2514 a b -3.07408 15 0
0 0 100.964 0 27.2072 a b -3.07762 15 0
0 0 100.964 0 27.16 a b -3.08085 15 0
0 0 100.966 0 27.1181 a b -3.08457 15 0
0 0 100.968 0 27.0783 a b -3.08927 15 0
0 0 100.969 0 27.0451 a b -3.09035 15 0
0 0 100.969 0 27.0097 a b -3.09 15 0
0 0 100.971 0 26.9801 a b -3.08826 15 0
0 0 100.969 0 26.9561 a b -3.08579 15 0
0 0 100.966 0 26.9443 a b -3.08548 15 0
0 0 100.966 0 26.931 a b -3.08332 15 0
0 0 100.969 0 26.9198 a b -3.08939 15 0
0 0 100.969 0 26.9192 a b -3.10938 15 0
0 0 100.968 0 26.9202 a b -3.12906 15 0
0 0 100.976 0 26.9271 a b 3.12843 15 0
0 0 100.977 0 26.9213 a b 3.1069 15 0
0 0 100.979 0 26.924 a b 3.08873 15 0
0 0 100.974 0 26.913 a b 3.10069 15 0
0 0 100.967 0 26.9054 a b 3.13655 15 0
0 0 100.964 0 26.893 a b -3.09288 15 0
