0 0 115.832 0 26.6936 a b 0.102235 17 0
0 0 115.833 0 26.7053 a b 0.104423 17 0
0 0 115.837 0 26.7175 a b 0.103299 17 0
0 0 115.843 0 26.739 a b 0.0998629 17 0
0 0 115.847 0 26.7715 a b 0.0986208 17 0
0 0 115.849 0 26.8057 a b 0.0991268 17 0
0 0 115.85 0 26.841 a b 0.0996773 17 0
0 0 115.854 0 26.8808 a b 0.104267 17 0
0 0 115.859 0 26.9278 a b 0.10838 17 0
0 0 115.865 0 26.9689 a b 0.109667 17 0
0 0 115.864 0 27.0219 a b 0.110728 17 0
0 0 115.864 0 27.0682 a b 0.109015 17 0
0 0 115.875 0 27.1068 a b 0.108839 17 0
0 0 115.875 0 27.1422 a b 0.109881 17 0
0 0 115.873 0 27.1754 a b 0.108448 17 0
0 0 115.874 0 27.2109 a b 0.107637 17 0
0 0 115.878 0 27.2414 a b 0.103985 17 0
0 0 115.883 0 27.2664 a b 0.104415 17 0
0 0 115.882 0 27.2909 a b 0.103605 17 0
0 0 115.885 0 27.3165 a b 0.102923 17 0
0 0 115.884 0 27.343 a b 0.101752 17 0
0 0 115.888 0 27.3631 a b 0.100538 17 0
0 0 115.892 0 27.3866 a b 0.097762 17 0
0 0 115.893 0 27.4012 a b 0.0983884 17 0
0 0 115.89 0 27.4116 a b 0.0974886 17 0
0 0 115.89 0 27.4325 a b 0.0945962 17 0
0 0 115.887 0 27.4533 a b 0.0961946 17 0
0 0 115.89 0 27.4774 a b 0.0943603 17 0
0 0 115.894 0 27.5068 a b 0.0899532 17 0
0 0 115.89 0 27.5354 a b 0.0876697 17 0
0 0 115.897 0 27.5712 a b 0.0845968 17 0
0 0 115.897 0 27.6048 a b 0.0839462 17 0
0 0 115.9 0 27.639 a b 0.087638 17 0
0 0 115.904 0 27.6728 a b 0.0851266 17 0
0 0 115.904 0 27.7082 a b 0.0802736 17 0
0 0 115.897 0 27.7526 a b 0.0755129 17 0
0 0 115.9 0 27.7927 a b 0.0664141 17 0
0 0 115.904 0 27.8296 a b 0.0684169 17 0
0 0 115.931 0 27.8797 a b 0.0748512 17 0
0 0 115.945 0 27.917 a b 0.0705392 17 0
0 0 115.943 0 27.9442 a b 0.0684831 17 0
0 0 115.926 0 27.9756 a b 0.0681086 17 0
0 0 115.905 0 27.9961 a b 0.0697044 17 0
0 0 115.906 0 28.0186 a b 0.070829 17 0
0 0 115.914 0 28.0427 a b 0.0735289 17 0
0 0 115.924 0 28.0648 a b 0.0758311 17 0
0 0 115.925 0 28.0884 a b 0.0704404 17 0
0 0 115.927 0 28.1048 a b 0.0587648 17 0
0 0 115.919 0 28.1167 a b 0.0583836 17 0
0 0 115.914 0 28.135 a b 0.0629716 17 0
0 0 115.923 0 28.1594 a b 0.0653172 17 0
0 0 115.921 0 28.1795 a b 0.0645074 17 0
0 0 115.923 0 28.2049 a b 0.0620493 17 0
0 0 115.917 0 28.2356 a b 0.0639554 17 0
0 0 115.924 0 28.2732 a b 0.0594135 17 0
0 0 115.923 0 28.3102 a b 0.049821 17 0
0 0 115.93 0 28.3472 a b 0.0492045 17 0
0 0 115.936 0 28.3748 a b 0.0529619 17 0
0 0 115.938 0 28.4057 a b 0.0540803 17 0
0 0 115.942 0 28.4492 a b 0.0468702 17 0
0 0 115.929 0 28.485 a b 0.0403459 17 0
0 0 115.914 0 28.5075 a b 0.0444567 17 0
0 0 115.908 0 28.5344 a b 0.0531926 17 0
0 0 115.909 0 28.558 a b 0.0615204 17 0
0 0 115.927 0 28.5877 a b 0.0572635 17 0
0 0 115.932 0 28.6121 a b 0.0488829 17 0
0 0 115.927 0 28.6324 a b 0.0410217 17 0
0 0 115.917 0 28.6459 a b 0.0436071 17 0
0 0 115.915 0 28.6762 a b 0.0523614 17 0
0 0 115.923 0 28.7082 a b 0.0527958 17 0
0 0 115.923 0 28.737 a b 0.0426968 17 0
0 0 115.926 0 28.7616 a b 0.0362195 17 0
0 0 115.919 0 28.7831 a b 0.0365781 17 0
0 0 115.916 0 28.8098 a b 0.0385423 17 0
0 0 115.922 0 28.8413 a b 0.0368899 17 0
0 0 115.929 0 28.8742 a b 0.0379968 17 0
0 0 115.92 0 28.9068 a b 0.0399082 17 0
0 0 115.92 0 28.9457 a b 0.0376689 17 0
0 0 115.916 0 28.982 a b 0.0308666 17 0
0 0 115.919 0 29.0203 a b 0.0216003 17 0
0 0 115.928 0 29.0531 a b 0.0245917 17 0
0 0 115.933 0 29.0863 a b 0.0316293 17 0
0 0 115.927 0 29.1141 a b 0.034084 17 0
0 0 115.922 0 29.1478 a b 0.0260923 17 0
0 0 115.925 0 29.1732 a b 0.0189756 17 0
0 0 115.931 0 29.2076 a b 0.015595 17 0
0 0 115.931 0 29.2266 a b 0.0201128 17 0
0 0 115.925 0 29.2476 a b 0.019635 17 0
0 0 115.923 0 29.2657 a b 0.0173884 17 0
0 0 115.926 0 29.2902 a b 0.0147115 17 0
0 0 115.925 0 29.3098 a b 0.0148952 17 0
0 0 115.929 0 29.3371 a b 0.019218 17 0
0 0 115.922 0 29.3584 a b 0.0242026 17 0
0 0 115.913 0 29.3896 a b 0.0204212 17 0
0 0 115.909 0 29.4221 a b 0.0120021 17 0
0 0 115.91 0 29.4599 a b 0.00576404 17 0
0 0 115.926 0 29.5009 a b 0.0051322 17 0
0 0 115.929 0 29.5329 a b 0.0107649 17 0
0 0 115.927 0 29.5687 a b 0.0106979 17 0
0 0 115.919 0 29.5964 a b 0.00565733 17 0
0 0 115.912 0 29.6272 a b -7.53597e-06 17 0
0 0 115.914 0 29.6602 a b -0.000817997 17 0
0 0 115.921 0 29.6911 a b 0.00351031 17 0
0 0 115.921 0 29.7127 a b 0.00424578 17 0
0 0 115.918 0 29.7363 a b -1.9125e-05 17 0
0 0 115.923 0 29.7656 a b -0.00305492 17 0
0 0 115.927 0 29.7902 a b 0.000909565 17 0
0 0 115.923 0 29.8116 a b 0.0019728 17 0
0 0 115.918 0 29.8355 a b 0.00089822 17 0
0 0 115.918 0 29.8647 a b 0.000635618 17 0
0 0 115.919 0 29.8937 a b -0.000193099 17 0
0 0 115.92 0 29.9251 a b -0.0016866 17 0
0 0 115.919 0 29.9569 a b -0.00108435 17 0
0 0 115.917 0 29.987 a b -0.00236726 17 0
0 0 115.91 0 30.0182 a b -0.00233951 17 0
0 0 115.905 0 30.0427 a b -0.00470928 17 0
0 0 115.906 0 30.0677 a b -0.0049423 17 0
0 0 115.91 0 30.0964 a b -0.00600033 17 0
0 0 115.905 0 30.1268 a b -0.011043 17 0
0 0 115.904 0 30.1623 a b -0.0098052 17 0
0 0 115.901 0 30.1901 a b -0.0106646 17 0
0 0 115.898 0 30.2166 a b -0.0127817 17 0
0 0 115.899 0 30.2442 a b -0.0140799 17 0
0 0 115.894 0 30.2774 a b -0.0150018 17 0
0 0 115.894 0 30.3022 a b -0.0132652 17 0
0 0 115.896 0 30.3298 a b -0.00894336 17 0
0 0 115.895 0 30.3608 a b -0.00155899 17 0
0 0 115.894 0 30.3877 a b 0.00983012 17 0
0 0 115.894 0 30.4115 a b 0.015187 17 0
0 0 115.895 0 30.4417 a b 0.0210513 17 0
0 0 115.9 0 30.4673 a b 0.0382557 17 0
0 0 115.908 0 30.4972 a b 0.0569437 17 0
0 0 115.911 0 30.5252 a b 0.0738302 17 0
0 0 115.91 0 30.5543 a b 0.0929995 17 0
0 0 115.912 0 30.5828 a b 0.108908 17 0
0 0 115.92 0 30.6152 a b 0.12105 17 0
0 0 115.925 0 30.6439 a b 0.124528 17 0
0 0 115.926 0 30.6737 a b 0.121831 17 0
0 0 115.931 0 30.7069 a b 0.1123 17 0
0 0 115.932 0 30.7425 a b 0.105342 17 0
0 0 115.934 0 30.7724 a b 0.106041 17 0
0 0 115.937 0 30.8055 a b 0.104849 17 0
0 0 115.939 0 30.836 a b 0.101247 17 0
0 0 115.934 0 30.8633 a b 0.097899 17 0
0 0 115.925 0 30.8892 a b 0.0927244 17 0
0 0 115.93 0 30.9189 a b 0.092829 17 0
0 0 115.924 0 30.9477 a b 0.0931629 17 0
0 0 115.924 0 30.9776 a b 0.0916548 17 0
0 0 115.929 0 31.0033 a b 0.0880254 17 0
0 0 115.932 0 31.028 a b 0.0848648 17 0
0 0 115.934 0 31.0568 a b 0.0830049 17 0
0 0 115.937 0 31.084 a b 0.0825236 17 0
0 0 115.938 0 31.1122 a b 0.0805451 17 0
0 0 115.941 0 31.1436 a b 0.0812501 17 0
0 0 115.941 0 31.1738 a b 0.0832489 17 0
0 0 115.938 0 31.201 a b 0.0819866 17 0
0 0 115.938 0 31.2293 a b 0.0809835 17 0
0 0 115.938 0 31.2575 a b 0.07998 17 0
0 0 115.943 0 31.2841 a b 0.0744592 17 0
0 0 115.94 0 31.3117 a b 0.0726631 17 0
0 0 115.944 0 31.343 a b 0.0767408 17 0
0 0 115.947 0 31.3709 a b 0.0785332 17 0
0 0 115.949 0 31.4053 a b 0.0734762 17 0
0 0 115.951 0 31.4311 a b 0.0666385 17 0
0 0 115.951 0 31.4536 a b 0.064213 17 0
0 0 115.948 0 31.4796 a b 0.0675785 17 0
0 0 115.951 0 31.5101 a b 0.0687806 17 0
0 0 115.953 0 31.536 a b 0.0663971 17 0
0 0 115.955 0 31.5662 a b 0.0611349 17 0
0 0 115.951 0 31.5879 a b 0.0613779 17 0
0 0 115.956 0 31.6165 a b 0.0618376 17 0
0 0 115.957 0 31.6443 a b 0.0611393 17 0
0 0 115.952 0 31.6682 a b 0.0626622 17 0
0 0 115.95 0 31.6991 a b 0.0656161 17 0
0 0 115.953 0 31.7311 a b 0.0656306 17 0
0 0 115.956 0 31.7607 a b 0.0628895 17 0
0 0 115.959 0 31.7943 a b 0.0625635 17 0
0 0 115.956 0 31.823 a b 0.0632323 17 0
0 0 115.96 0 31.8569 a b 0.0642939 17 0
0 0 115.962 0 31.8907 a b 0.0616973 17 0
0 0 115.961 0 31.9144 a b 0.0599076 17 0
0 0 115.961 0 31.9401 a b 0.0616053 17 0
0 0 115.962 0 31.9717 a b 0.0611256 17 0
0 0 115.965 0 32.0004 a b 0.0561466 17 0
0 0 115.967 0 32.0272 a b 0.0526631 17 0
0 0 115.968 0 32.0562 a b 0.0537836 17 0
0 0 115.967 0 32.0796 a b 0.0565691 17 0
0 0 115.972 0 32.1132 a b 0.0525724 17 0
0 0 115.968 0 32.1408 a b 0.047827 17 0
0 0 115.964 0 32.1697 a b 0.0507833 17 0
0 0 115.965 0 32.204 a b 0.0530416 17 0
0 0 115.971 0 32.241 a b 0.0493614 17 0
0 0 115.97 0 32.2671 a b 0.0487385 17 0
0 0 115.968 0 32.2943 a b 0.0478577 17 0
0 0 115.973 0 32.328 a b 0.0474642 17 0
0 0 115.973 0 32.3587 a b 0.0462484 17 0
0 0 115.973 0 32.3914 a b 0.0424604 17 0
0 0 115.976 0 32.4139 a b 0.0433042 17 0
0 0 115.974 0 32.4415 a b 0.0467839 17 0
0 0 115.972 0 32.4714 a b 0.0470582 17 0
0 0 115.97 0 32.4961 a b 0.0469732 17 0
0 0 115.976 0 32.5266 a b 0.0466382 17 0
0 0 115.974 0 32.5581 a b 0.0461762 17 0
0 0 115.972 0 32.5895 a b 0.0441614 17 0
0 0 115.974 0 32.6229 a b 0.0420198 17 0
0 0 115.978 0 32.6558 a b 0.0441068 17 0
0 0 115.976 0 32.6845 a b 0.0446855 17 0
0 0 115.974 0 32.7121 a b 0.0439284 17 0
0 0 115.974 0 32.7401 a b 0.0437913 17 0
0 0 115.97 0 32.7685 a b 0.046483 17 0
0 0 115.973 0 32.8026 a b 0.0444837 17 0
0 0 115.973 0 32.8326 a b 0.0425925 17 0
0 0 115.972 0 32.8626 a b 0.0427917 17 0
0 0 115.97 0 32.8941 a b 0.042637 17 0
0 0 115.969 0 32.9223 a b 0.0422351 17 0
0 0 115.969 0 32.9487 a b 0.0418259 17 0
0 0 115.968 0 32.9805 a b 0.0414669 17 0
0 0 115.968 0 33.0125 a b 0.0430554 17 0
0 0 115.965 0 33.0369 a b 0.0414802 17 0
0 0 115.964 0 33.059 a b 0.0393278 17 0
0 0 115.972 0 33.0884 a b 0.0374904 17 0
0 0 115.972 0 33.117 a b 0.0363042 17 0
0 0 115.969 0 33.1415 a b 0.0359234 17 0
0 0 115.97 0 33.1689 a b 0.0378026 17 0
0 0 115.971 0 33.1969 a b 0.0372331 17 0
0 0 115.971 0 33.2237 a b 0.0371877 17 0
0 0 115.968 0 33.2509 a b 0.0388756 17 0
0 0 115.969 0 33.2816 a b 0.0366933 17 0
0 0 115.972 0 33.311 a b 0.035323 17 0
0 0 115.971 0 33.3427 a b 0.0364404 17 0
0 0 115.97 0 33.3706 a b 0.0355401 17 0
0 0 115.97 0 33.4047 a b 0.0347194 17 0
0 0 115.971 0 33.4372 a b 0.0355958 17 0
0 0 115.969 0 33.4666 a b 0.0355558 17 0
0 0 115.967 0 33.4978 a b 0.0352701 17 0
0 0 115.97 0 33.5286 a b 0.032924 17 0
0 0 115.971 0 33.5564 a b 0.0300297 17 0
0 0 115.974 0 33.5887 a b 0.026981 17 0
0 0 115.976 0 33.6169 a b 0.0288338 17 0
0 0 115.975 0 33.6412 a b 0.0289559 17 0
0 0 115.977 0 33.6741 a b 0.024759 17 0
0 0 115.978 0 33.7001 a b 0.0258685 17 0
0 0 115.979 0 33.7263 a b 0.0274304 17 0
0 0 115.978 0 33.7538 a b 0.0256488 17 0
0 0 115.977 0 33.7774 a b 0.0241197 17 0
0 0 115.977 0 33.7994 a b 0.0231528 17 0
0 0 115.977 0 33.8249 a b 0.0226288 17 0
0 0 115.979 0 33.8581 a b 0.021334 17 0
0 0 115.979 0 33.8868 a b 0.0205034 17 0
0 0 115.98 0 33.9168 a b 0.0197505 17 0
0 0 115.979 0 33.9436 a b 0.0212224 17 0
0 0 115.976 0 33.971 a b 0.0210864 17 0
0 0 115.973 0 34.0022 a b 0.0219101 17 0
0 0 115.974 0 34.0318 a b 0.0220409 17 0
0 0 115.971 0 34.0632 a b 0.0207081 17 0
0 0 115.971 0 34.0945 a b 0.0221684 17 0
0 0 115.971 0 34.1234 a b 0.0229874 17 0
0 0 115.97 0 34.1506 a b 0.0199987 17 0
0 0 115.969 0 34.1811 a b 0.0186714 17 0
0 0 115.968 0 34.2171 a b 0.0179641 17 0
0 0 115.969 0 34.2517 a b 0.0177169 17 0
0 0 115.97 0 34.2812 a b 0.0167123 17 0
0 0 115.968 0 34.3032 a b 0.0201201 17 0
0 0 115.966 0 34.3302 a b 0.0217435 17 0
0 0 115.964 0 34.3568 a b 0.0198228 17 0
0 0 115.963 0 34.3868 a b 0.0194191 17 0
0 0 115.972 0 34.4182 a b 0.022593 17 0
0 0 115.975 0 34.4418 a b 0.0210885 17 0
0 0 115.971 0 34.4709 a b 0.0201805 17 0
0 0 115.968 0 34.5024 a b 0.0207815 17 0
0 0 115.965 0 34.5283 a b 0.0218409 17 0
0 0 115.964 0 34.5555 a b 0.0203689 17 0
0 0 115.963 0 34.5836 a b 0.0190367 17 0
0 0 115.962 0 34.6161 a b 0.0194812 17 0
0 0 115.963 0 34.6418 a b 0.0209998 17 0
0 0 115.962 0 34.6684 a b 0.0226017 17 0
0 0 115.964 0 34.7021 a b 0.0249352 17 0
0 0 115.965 0 34.731 a b 0.0269253 17 0
0 0 115.964 0 34.7598 a b 0.0307201 17 0
0 0 115.962 0 34.7845 a b 0.0382927 17 0
0 0 115.959 0 34.8096 a b 0.0419586 17 0
0 0 115.962 0 34.8371 a b 0.0388848 17 0
0 0 115.964 0 34.8681 a b 0.0340302 17 0
0 0 115.966 0 34.8942 a b 0.0375083 17 0
0 0 115.968 0 34.9231 a b 0.0457378 17 0
0 0 115.969 0 34.9506 a b 0.0523578 17 0
0 0 115.969 0 34.9746 a b 0.0557614 17 0
0 0 115.968 0 34.9995 a b 0.0550852 17 0
0 0 115.966 0 35.0275 a b 0.053248 17 0
0 0 115.966 0 35.0596 a b 0.0586139 17 0
0 0 115.965 0 35.0877 a b 0.0678404 17 0
0 0 115.967 0 35.1164 a b 0.0688328 17 0
0 0 115.971 0 35.1489 a b 0.0594457 17 0
0 0 115.975 0 35.1789 a b 0.0543926 17 0
0 0 115.978 0 35.2093 a b 0.0610543 17 0
0 0 115.98 0 35.2432 a b 0.0686338 17 0
0 0 115.984 0 35.2743 a b 0.0731718 17 0
0 0 115.987 0 35.3095 a b 0.070343 17 0
0 0 115.991 0 35.3418 a b 0.0664374 17 0
0 0 115.994 0 35.3701 a b 0.0656066 17 0
0 0 115.992 0 35.399 a b 0.0743748 17 0
0 0 115.994 0 35.4248 a b 0.0901221 17 0
0 0 115.995 0 35.4509 a b 0.0939345 17 0
0 0 115.996 0 35.4805 a b 0.0853897 17 0
0 0 115.997 0 35.5039 a b 0.075167 17 0
0 0 115.998 0 35.5292 a b 0.0755178 17 0
0 0 116.002 0 35.5539 a b 0.0875392 17 0
0 0 116.001 0 35.5848 a b 0.0978662 17 0
0 0 116.005 0 35.6171 a b 0.0919481 17 0
0 0 116.01 0 35.6477 a b 0.0812592 17 0
0 0 116.011 0 35.6724 a b 0.0845974 17 0
0 0 116.011 0 35.6975 a b 0.097246 17 0
0 0 116.014 0 35.7357 a b 0.10335 17 0
0 0 116.017 0 35.775 a b 0.100931 17 0
0 0 116.019 0 35.8093 a b 0.0995611 17 0
0 0 116.023 0 35.8426 a b 0.098745 17 0
0 0 116.023 0 35.874 a b 0.101268 17 0
0 0 116.029 0 35.9069 a b 0.105268 17 0
0 0 116.029 0 35.9367 a b 0.108965 17 0
0 0 116.028 0 35.9682 a b 0.104973 17 0
0 0 116.03 0 35.9954 a b 0.103051 17 0
0 0 116.036 0 36.0218 a b 0.107719 17 0
0 0 116.037 0 36.0462 a b 0.112491 17 0
0 0 116.036 0 36.0737 a b 0.110006 17 0
0 0 116.041 0 36.1009 a b 0.106138 17 0
0 0 116.05 0 36.1244 a b 0.110958 17 0
0 0 116.049 0 36.1508 a b 0.113554 17 0
0 0 116.049 0 36.172 a b 0.11115 17 0
0 0 116.053 0 36.2005 a b 0.111032 17 0
0 0 116.055 0 36.2306 a b 0.111653 17 0
0 0 116.06 0 36.2621 a b 0.113132 17 0
0 0 116.063 0 36.2964 a b 0.113056 17 0
0 0 116.063 0 36.3267 a b 0.112202 17 0
0 0 116.072 0 36.3547 a b 0.116843 17 0
0 0 116.069 0 36.3843 a b 0.118683 17 0
0 0 116.066 0 36.4097 a b 0.112982 17 0
0 0 116.067 0 36.4407 a b 0.102442 17 0
0 0 116.069 0 36.4683 a b 0.0961382 17 0
0 0 116.067 0 36.4997 a b 0.0892557 17 0
0 0 116.066 0 36.53 a b 0.0789954 17 0
0 0 116.071 0 36.5658 a b 0.0709019 17 0
0 0 116.077 0 36.594 a b 0.0705838 17 0
0 0 116.072 0 36.6176 a b 0.068946 17 0
0 0 116.068 0 36.6396 a b 0.0614243 17 0
0 0 116.067 0 36.665 a b 0.0513657 17 0
0 0 116.07 0 36.6958 a b 0.0433386 17 0
0 0 116.075 0 36.7185 a b 0.0461042 17 0
0 0 116.077 0 36.7461 a b 0.042601 17 0
0 0 116.078 0 36.777 a b 0.0337974 17 0
0 0 116.079 0 36.8117 a b 0.031467 17 0
0 0 116.081 0 36.8408 a b 0.0323805 17 0
0 0 116.08 0 36.8694 a b 0.0286265 17 0
0 0 116.078 0 36.9002 a b 0.0224657 17 0
0 0 116.078 0 36.9266 a b 0.0221622 17 0
0 0 116.077 0 36.9558 a b 0.018346 17 0
0 0 116.079 0 36.9883 a b 0.0127218 17 0
0 0 116.077 0 37.0189 a b 0.0117174 17 0
0 0 116.079 0 37.0479 a b 0.0141479 17 0
0 0 116.078 0 37.0749 a b 0.0110541 17 0
0 0 116.077 0 37.1001 a b 0.00524364 17 0
0 0 116.074 0 37.1302 a b 0.00331718 17 0
0 0 116.071 0 37.1544 a b 0.00544435 17 0
0 0 116.074 0 37.1744 a b 0.00242496 17 0
0 0 116.073 0 37.2039 a b -0.0067329 17 0
0 0 116.068 0 37.2349 a b -0.00235195 17 0
0 0 116.069 0 37.266 a b -0.00266946 17 0
0 0 116.071 0 37.3012 a b -0.0087258 17 0
0 0 116.069 0 37.3316 a b -0.0119852 17 0
0 0 116.065 0 37.3624 a b -0.00833068 17 0
0 0 116.065 0 37.3912 a b -0.00469053 17 0
0 0 116.065 0 37.418 a b -0.00435379 17 0
0 0 116.066 0 37.4478 a b -0.00998977 17 0
0 0 116.066 0 37.4762 a b -0.0185875 17 0
0 0 116.061 0 37.5044 a b -0.0211054 17 0
0 0 116.058 0 37.5335 a b -0.018082 17 0
0 0 116.059 0 37.56 a b -0.0181904 17 0
0 0 116.057 0 37.5889 a b -0.0204556 17 0
0 0 116.057 0 37.6183 a b -0.023103 17 0
0 0 116.058 0 37.644 a b -0.026061 17 0
0 0 116.055 0 37.6684 a b -0.030378 17 0
0 0 116.049 0 37.6942 a b -0.0261615 17 0
0 0 116.048 0 37.7235 a b -0.0227692 17 0
0 0 116.046 0 37.7467 a b -0.0298847 17 0
0 0 116.045 0 37.7801 a b -0.0353048 17 0
0 0 116.043 0 37.8069 a b -0.0318927 17 0
0 0 116.048 0 37.8357 a b -0.0325712 17 0
0 0 116.042 0 37.8684 a b -0.0388202 17 0
0 0 116.039 0 37.8991 a b -0.0436339 17 0
0 0 116.036 0 37.9267 a b -0.0384925 17 0
0 0 116.034 0 37.9529 a b -0.0339012 17 0
0 0 116.032 0 37.9789 a b -0.0369171 17 0
0 0 116.029 0 38.0079 a b -0.0387861 17 0
0 0 116.025 0 38.0343 a b -0.0394767 17 0
0 0 116.02 0 38.0655 a b -0.0434112 17 0
0 0 116.018 0 38.0933 a b -0.0424384 17 0
0 0 116.016 0 38.1203 a b -0.0446533 17 0
0 0 116.013 0 38.1531 a b -0.0475473 17 0
0 0 116.008 0 38.1835 a b -0.0449006 17 0
0 0 116.005 0 38.2095 a b -0.0400047 17 0
0 0 116.007 0 38.2351 a b -0.0469121 17 0
0 0 116.007 0 38.2669 a b -0.0550907 17 0
0 0 116.004 0 38.301 a b -0.0558555 17 0
0 0 116.004 0 38.3342 a b -0.0495733 17 0
0 0 116.007 0 38.3642 a b -0.0493338 17 0
0 0 116.003 0 38.3934 a b -0.0545681 17 0
0 0 115.997 0 38.4227 a b -0.0562119 17 0
0 0 115.99 0 38.4546 a b -0.0547252 17 0
0 0 115.986 0 38.483 a b -0.0555167 17 0
0 0 115.984 0 38.5114 a b -0.0584738 17 0
0 0 115.978 0 38.5419 a b -0.0610561 17 0
0 0 115.978 0 38.5675 a b -0.0626574 17 0
0 0 115.974 0 38.601 a b -0.0640815 17 0
0 0 115.968 0 38.6297 a b -0.0582294 17 0
0 0 115.965 0 38.6579 a b -0.0486691 17 0
0 0 115.965 0 38.6853 a b -0.0424336 17 0
0 0 115.969 0 38.7154 a b -0.042978 17 0
0 0 115.967 0 38.7452 a b -0.0428744 17 0
0 0 115.965 0 38.7762 a b -0.0365724 17 0
0 0 115.962 0 38.8084 a b -0.026537 17 0
0 0 115.959 0 38.8406 a b -0.0133625 17 0
0 0 115.96 0 38.868 a b -0.00869753 17 0
0 0 115.957 0 38.8964 a b -0.00422069 17 0
0 0 115.952 0 38.9269 a b 0.0046984 17 0
0 0 115.955 0 38.9559 a b 0.0144159 17 0
0 0 115.952 0 38.9834 a b 0.0183499 17 0
0 0 115.954 0 39.0137 a b 0.0238913 17 0
0 0 115.953 0 39.0408 a b 0.0280994 17 0
0 0 115.957 0 39.0706 a b 0.0332436 17 0
0 0 115.956 0 39.0984 a b 0.0386909 17 0
0 0 115.953 0 39.1244 a b 0.0451011 17 0
0 0 115.948 0 39.1508 a b 0.0556429 17 0
0 0 115.948 0 39.1769 a b 0.0581432 17 0
0 0 115.949 0 39.1977 a b 0.0541993 17 0
0 0 115.952 0 39.2199 a b 0.0556655 17 0
0 0 115.955 0 39.2449 a b 0.059808 17 0
0 0 115.957 0 39.2743 a b 0.063596 17 0
0 0 115.955 0 39.3039 a b 0.0634224 17 0
0 0 115.958 0 39.3312 a b 0.0646707 17 0
0 0 115.963 0 39.3606 a b 0.0694343 17 0
0 0 115.966 0 39.3919 a b 0.071862 17 0
0 0 115.968 0 39.4251 a b 0.0744872 17 0
0 0 115.97 0 39.4583 a b 0.0778431 17 0
0 0 115.971 0 39.49 a b 0.0792495 17 0
0 0 115.972 0 39.5219 a b 0.0802101 17 0
0 0 115.976 0 39.5465 a b 0.0847349 17 0
0 0 115.976 0 39.5757 a b 0.0904857 17 0
0 0 115.977 0 39.6114 a b 0.0905598 17 0
0 0 115.981 0 39.6366 a b 0.0919005 17 0
0 0 115.982 0 39.6594 a b 0.0931905 17 0
0 0 115.98 0 39.6821 a b 0.0919073 17 0
0 0 115.978 0 39.7058 a b 0.0888232 17 0
0 0 115.982 0 39.7247 a b 0.0899751 17 0
0 0 115.986 0 39.7482 a b 0.0956742 17 0
0 0 115.98 0 39.7776 a b 0.0974822 17 0
0 0 115.981 0 39.8083 a b 0.0940199 17 0
0 0 115.984 0 39.836 a b 0.0907665 17 0
0 0 115.991 0 39.865 a b 0.0933147 17 0
0 0 115.992 0 39.8965 a b 0.0968066 17 0
0 0 115.991 0 39.9339 a b 0.0962609 17 0
0 0 115.99 0 39.9719 a b 0.0913753 17 0
0 0 116 0 40.0079 a b 0.0913407 17 0
0 0 116.003 0 40.0391 a b 0.0940291 17 0
0 0 116.006 0 40.0706 a b 0.0930105 17 0
0 0 116.008 0 40.0987 a b 0.0921555 17 0
0 0 116.003 0 40.1257 a b 0.0877995 17 0
0 0 116.005 0 40.1546 a b 0.0802985 17 0
0 0 116.008 0 40.1825 a b 0.0801328 17 0
0 0 116.007 0 40.204 a b 0.0824388 17 0
0 0 116.006 0 40.2243 a b 0.0788833 17 0
0 0 116.003 0 40.2455 a b 0.0722193 17 0
0 0 116.006 0 40.2739 a b 0.0661985 17 0
0 0 116.009 0 40.3009 a b 0.0637804 17 0
0 0 116.011 0 40.3261 a b 0.0624573 17 0
0 0 116.014 0 40.3571 a b 0.0591268 17 0
0 0 116.015 0 40.3856 a b 0.057382 17 0
0 0 116.017 0 40.4189 a b 0.0522669 17 0
0 0 116.019 0 40.4505 a b 0.0529494 17 0
0 0 116.017 0 40.4848 a b 0.0510205 17 0
0 0 116.017 0 40.5194 a b 0.0445358 17 0
0 0 116.019 0 40.5591 a b 0.0398227 17 0
0 0 116.022 0 40.5936 a b 0.0394111 17 0
0 0 116.024 0 40.6231 a b 0.0359438 17 0
0 0 116.021 0 40.6519 a b 0.0335015 17 0
0 0 116.02 0 40.6785 a b 0.0332861 17 0
0 0 116.019 0 40.7048 a b 0.0279843 17 0
0 0 116.016 0 40.7343 a b 0.0245452 17 0
0 0 116.017 0 40.7626 a b 0.0226998 17 0
0 0 116.019 0 40.7885 a b 0.0191785 17 0
0 0 116.017 0 40.8145 a b 0.0151866 17 0
0 0 116.017 0 40.8437 a b 0.0150227 17 0
0 0 116.018 0 40.8716 a b 0.0115657 17 0
0 0 116.021 0 40.9027 a b 0.00918536 17 0
0 0 116.019 0 40.9331 a b 0.00738262 17 0
0 0 116.02 0 40.9614 a b 0.00544121 17 0
0 0 116.018 0 40.9904 a b 0.003291 17 0
0 0 116.02 0 41.0211 a b 0.000746691 17 0
0 0 116.018 0 41.0488 a b -0.00116867 17 0
0 0 116.015 0 41.0766 a b -0.00531913 17 0
0 0 116.016 0 41.1066 a b -0.00788534 17 0
0 0 116.016 0 41.1408 a b -0.0130088 17 0
0 0 116.012 0 41.1768 a b -0.0126555 17 0
0 0 116.008 0 41.2079 a b -0.00833962 17 0
0 0 116.006 0 41.2431 a b -0.00752374 17 0
0 0 116.005 0 41.274 a b -0.0103441 17 0
0 0 115.998 0 41.2997 a b -0.0156051 17 0
0 0 115.993 0 41.3281 a b -0.0217238 17 0
0 0 115.997 0 41.3555 a b -0.0285617 17 0
0 0 115.996 0 41.3821 a b -0.0304934 17 0
0 0 115.997 0 41.4062 a b -0.0284194 17 0
0 0 115.999 0 41.4295 a b -0.0264524 17 0
0 0 116 0 41.4543 a b -0.0269535 17 0
0 0 116 0 41.4787 a b -0.0319904 17 0
0 0 115.998 0 41.504 a b -0.0351053 17 0
0 0 115.993 0 41.5272 a b -0.0400001 17 0
0 0 115.99 0 41.5551 a b -0.0413589 17 0
0 0 115.992 0 41.5815 a b -0.0383813 17 0
0 0 115.999 0 41.608 a b -0.0419084 17 0
0 0 115.994 0 41.6375 a b -0.0486951 17 0
0 0 115.989 0 41.6694 a b -0.0448842 17 0
0 0 115.985 0 41.701 a b -0.0429958 17 0
0 0 115.986 0 41.7334 a b -0.0407739 17 0
0 0 115.976 0 41.7638 a b -0.0442776 17 0
0 0 115.972 0 41.7964 a b -0.0435571 17 0
0 0 115.967 0 41.8267 a b -0.038411 17 0
0 0 115.968 0 41.8556 a b -0.0389505 17 0
0 0 115.968 0 41.8788 a b -0.0401559 17 0
0 0 115.962 0 41.9039 a b -0.0360856 17 0
0 0 115.963 0 41.9291 a b -0.0257913 17 0
0 0 115.962 0 41.9525 a b -0.016973 17 0
0 0 115.965 0 41.9766 a b -0.00964414 17 0
0 0 115.965 0 42.0068 a b -0.00229846 17 0
0 0 115.965 0 42.036 a b 0.00748052 17 0
0 0 115.968 0 42.065 a b 0.0209493 17 0
0 0 115.971 0 42.0931 a b 0.0280253 17 0
0 0 115.973 0 42.1234 a b 0.0271861 17 0
0 0 115.97 0 42.1531 a b 0.0295074 17 0
0 0 115.971 0 42.1801 a b 0.0367729 17 0
0 0 115.971 0 42.2127 a b 0.0412253 17 0
0 0 115.975 0 42.2433 a b 0.0423195 17 0
0 0 115.975 0 42.2754 a b 0.0416794 17 0
0 0 115.974 0 42.3044 a b 0.044198 17 0
0 0 115.967 0 42.3362 a b 0.0534468 17 0
0 0 115.967 0 42.3699 a b 0.058574 17 0
0 0 115.966 0 42.4042 a b 0.0605217 17 0
0 0 115.966 0 42.4304 a b 0.0600753 17 0
0 0 115.972 0 42.4581 a b 0.0516101 17 0
0 0 115.968 0 42.4768 a b 0.0483001 17 0
0 0 115.973 0 42.4994 a b 0.0495535 17 0
0 0 115.976 0 42.5198 a b 0.0551875 17 0
0 0 115.978 0 42.5474 a b 0.0654547 17 0
0 0 115.982 0 42.5798 a b 0.0663696 17 0
0 0 115.982 0 42.6072 a b 0.0573515 17 0
0 0 115.973 0 42.63 a b 0.0499665 17 0
0 0 115.971 0 42.6546 a b 0.0580645 17 0
0 0 115.974 0 42.686 a b 0.0655152 17 0
0 0 115.98 0 42.7222 a b 0.0628911 17 0
0 0 115.981 0 42.7545 a b 0.0580196 17 0
0 0 115.979 0 42.7843 a b 0.0572519 17 0
0 0 115.977 0 42.8146 a b 0.0617434 17 0
0 0 115.975 0 42.8461 a b 0.0651233 17 0
0 0 115.975 0 42.8777 a b 0.066021 17 0
0 0 115.974 0 42.9084 a b 0.0639946 17 0
0 0 115.975 0 42.9373 a b 0.0605798 17 0
0 0 115.979 0 42.9647 a b 0.0588701 17 0
0 0 115.979 0 42.9896 a b 0.0610933 17 0
0 0 115.982 0 43.0143 a b 0.0607559 17 0
0 0 115.985 0 43.04 a b 0.0586962 17 0
0 0 115.984 0 43.0669 a b 0.0579045 17 0
0 0 115.985 0 43.0935 a b 0.0569842 17 0
0 0 115.991 0 43.1255 a b 0.0562373 17 0
0 0 115.992 0 43.1583 a b 0.0560072 17 0
0 0 115.991 0 43.1914 a b 0.0535083 17 0
0 0 115.995 0 43.2238 a b 0.0506321 17 0
0 0 115.997 0 43.2541 a b 0.0505474 17 0
0 0 115.998 0 43.2846 a b 0.0486431 17 0
0 0 115.998 0 43.3147 a b 0.0478153 17 0
0 0 116.002 0 43.3438 a b 0.0497372 17 0
0 0 116.001 0 43.3719 a b 0.0519255 17 0
0 0 115.996 0 43.3979 a b 0.049895 17 0
0 0 115.997 0 43.4271 a b 0.0440293 17 0
0 0 116.002 0 43.4542 a b 0.0449185 17 0
0 0 116.004 0 43.478 a b 0.0478734 17 0
0 0 116.002 0 43.5053 a b 0.0492329 17 0
0 0 116.002 0 43.5327 a b 0.046344 17 0
0 0 116.001 0 43.5636 a b 0.0416919 17 0
0 0 116.007 0 43.5984 a b 0.0420043 17 0
0 0 116.012 0 43.6364 a b 0.0432689 17 0
0 0 116.012 0 43.6683 a b 0.0435612 17 0
0 0 116.013 0 43.6973 a b 0.0421898 17 0
0 0 116.016 0 43.7269 a b 0.0397433 17 0
0 0 116.017 0 43.7626 a b 0.0395017 17 0
0 0 116.019 0 43.7934 a b 0.0412207 17 0
0 0 116.019 0 43.8222 a b 0.0445917 17 0
0 0 116.018 0 43.8507 a b 0.0450431 17 0
0 0 116.019 0 43.8762 a b 0.0413291 17 0
0 0 116.018 0 43.9041 a b 0.0354059 17 0
0 0 116.02 0 43.935 a b 0.0317822 17 0
0 0 116.021 0 43.9659 a b 0.0330343 17 0
0 0 116.025 0 43.996 a b 0.0363804 17 0
0 0 116.028 0 44.0229 a b 0.0362458 17 0
0 0 116.033 0 44.0555 a b 0.0342628 17 0
0 0 116.034 0 44.0848 a b 0.0323884 17 0
0 0 116.033 0 44.114 a b 0.0312986 17 0
0 0 116.031 0 44.1465 a b 0.0309095 17 0
0 0 116.03 0 44.1736 a b 0.0333461 17 0
0 0 116.029 0 44.2029 a b 0.0341083 17 0
0 0 116.029 0 44.2319 a b 0.032925 17 0
0 0 116.03 0 44.2589 a b 0.0286165 17 0
0 0 116.027 0 44.2831 a b 0.0256849 17 0
0 0 116.027 0 44.314 a b 0.0281951 17 0
0 0 116.025 0 44.3419 a b 0.0302617 17 0
0 0 116.027 0 44.3695 a b 0.0281661 17 0
0 0 116.027 0 44.3944 a b 0.0274312 17 0
0 0 116.027 0 44.4166 a b 0.0230703 17 0
0 0 116.026 0 44.4452 a b 0.022703 17 0
0 0 116.024 0 44.4721 a b 0.0242386 17 0
0 0 116.025 0 44.503 a b 0.0208144 17 0
0 0 116.022 0 44.5332 a b 0.0187718 17 0
0 0 116.023 0 44.5626 a b 0.0187744 17 0
0 0 116.024 0 44.5951 a b 0.0183325 17 0
0 0 116.025 0 44.6198 a b 0.0190711 17 0
0 0 116.024 0 44.6466 a b 0.0195683 17 0
0 0 116.023 0 44.6763 a b 0.0183483 17 0
0 0 116.021 0 44.7067 a b 0.0161754 17 0
0 0 116.023 0 44.7302 a b 0.0134167 17 0
0 0 116.024 0 44.761 a b 0.00676375 17 0
0 0 116.021 0 44.7914 a b 0.00370722 17 0
0 0 116.021 0 44.8214 a b 0.00566918 17 0
0 0 116.022 0 44.8517 a b 0.00490543 17 0
0 0 116.026 0 44.878 a b 0.00518648 17 0
0 0 116.025 0 44.9059 a b 0.00643831 17 0
0 0 116.023 0 44.9335 a b 0.00766406 17 0
0 0 116.021 0 44.9592 a b 0.00944452 17 0
0 0 116.02 0 44.9848 a b 0.00437003 17 0
0 0 116.018 0 45.0106 a b -0.0024482 17 0
0 0 116.015 0 45.0398 a b -0.00193892 17 0
0 0 116.015 0 45.0707 a b 0.000608949 17 0
0 0 116.018 0 45.1037 a b -0.000465423 17 0
0 0 116.022 0 45.1338 a b -0.00273603 17 0
0 0 116.02 0 45.1642 a b -0.00215045 17 0
0 0 116.017 0 45.1915 a b 0.0010416 17 0
0 0 116.013 0 45.2271 a b 0.00190426 17 0
0 0 116.011 0 45.2573 a b 0.000374168 17 0
0 0 116.012 0 45.2894 a b -0.00656411 17 0
0 0 116.014 0 45.3177 a b -0.0125231 17 0
0 0 116.015 0 45.3456 a b -0.0132854 17 0
0 0 116.013 0 45.3781 a b -0.0084721 17 0
0 0 116.015 0 45.4091 a b -0.00234718 17 0
0 0 116.018 0 45.4396 a b -0.00348179 17 0
0 0 116.017 0 45.4689 a b -0.00715293 17 0
0 0 116.014 0 45.4956 a b -0.0117225 17 0
0 0 116.012 0 45.5254 a b -0.0118352 17 0
0 0 116.009 0 45.5569 a b -0.0116896 17 0
0 0 116.011 0 45.585 a b -0.0133106 17 0
0 0 116.01 0 45.6129 a b -0.0136819 17 0
0 0 116.01 0 45.6437 a b -0.00873416 17 0
0 0 116.009 0 45.6708 a b -0.00625695 17 0
0 0 116.011 0 45.6953 a b -0.00471469 17 0
0 0 116.01 0 45.72 a b -0.0035893 17 0
0 0 116.009 0 45.7431 a b 0.00325014 17 0
0 0 116.008 0 45.7706 a b 0.00909003 17 0
0 0 116.009 0 45.7979 a b 0.0101181 17 0
0 0 116.007 0 45.8263 a b 0.0104914 17 0
0 0 116.004 0 45.8542 a b 0.0129102 17 0
0 0 116 0 45.8799 a b 0.0165051 17 0
0 0 115.996 0 45.9114 a b 0.0167355 17 0
0 0 116.002 0 45.9385 a b 0.0145052 17 0
0 0 116.003 0 45.961 a b 0.0154126 17 0
0 0 116.002 0 45.989 a b 0.0229248 17 0
0 0 116.001 0 46.0159 a b 0.0322058 17 0
0 0 116.002 0 46.0502 a b 0.0321756 17 0
0 0 115.998 0 46.0846 a b 0.0245437 17 0
0 0 115.997 0 46.1132 a b 0.0198206 17 0
0 0 116 0 46.1426 a b 0.0239154 17 0
0 0 116.004 0 46.1725 a b 0.0284296 17 0
0 0 116.006 0 46.204 a b 0.0287127 17 0
0 0 116.009 0 46.2327 a b 0.028165 17 0
0 0 116.008 0 46.2615 a b 0.0296433 17 0
0 0 116.006 0 46.2919 a b 0.0331064 17 0
0 0 116.008 0 46.3203 a b 0.0323943 17 0
0 0 116.011 0 46.3523 a b 0.0314488 17 0
0 0 116.01 0 46.3798 a b 0.0328389 17 0
0 0 116.009 0 46.4144 a b 0.0325698 17 0
0 0 116.009 0 46.4416 a b 0.0344328 17 0
0 0 116.01 0 46.4676 a b 0.0362249 17 0
0 0 116.01 0 46.4981 a b 0.0393278 17 0
0 0 116.005 0 46.5256 a b 0.0429801 17 0
0 0 116.002 0 46.5548 a b 0.0395445 17 0
0 0 116.004 0 46.5787 a b 0.0391031 17 0
0 0 116.005 0 46.6108 a b 0.0397676 17 0
0 0 116.01 0 46.6441 a b 0.0382684 17 0
0 0 116.012 0 46.6705 a b 0.0412742 17 0
0 0 116.008 0 46.7008 a b 0.0407129 17 0
0 0 116.009 0 46.7345 a b 0.0353471 17 0
0 0 116.015 0 46.7612 a b 0.0380259 17 0
0 0 116.013 0 46.785 a b 0.0445408 17 0
0 0 116.009 0 46.813 a b 0.0441155 17 0
0 0 116.011 0 46.8436 a b 0.041702 17 0
0 0 116.011 0 46.8691 a b 0.0427251 17 0
0 0 116.01 0 46.899 a b 0.0425748 17 0
0 0 116.012 0 46.9272 a b 0.0383321 17 0
0 0 116.014 0 46.9595 a b 0.0356012 17 0
0 0 116.017 0 46.9906 a b 0.0364565 17 0
0 0 116.017 0 47.0189 a b 0.0393276 17 0
0 0 116.02 0 47.0484 a b 0.0398725 17 0
0 0 116.02 0 47.0816 a b 0.0391143 17 0
0 0 116.015 0 47.1132 a b 0.0421921 17 0
0 0 116.014 0 47.1412 a b 0.0357512 17 0
0 0 116.016 0 47.1724 a b 0.0346253 17 0
0 0 116.015 0 47.1998 a b 0.0392474 17 0
0 0 116.017 0 47.2277 a b 0.0384755 17 0
0 0 116.018 0 47.2491 a b 0.034523 17 0
0 0 116.014 0 47.2761 a b 0.0280453 17 0
0 0 116.011 0 47.3037 a b 0.0232252 17 0
0 0 116.008 0 47.331 a b 0.0197515 17 0
0 0 116.006 0 47.3585 a b 0.0166852 17 0
0 0 116.004 0 47.3887 a b 0.0154359 17 0
0 0 116.005 0 47.4198 a b 0.0137929 17 0
0 0 116.005 0 47.4482 a b 0.0104746 17 0
0 0 116.004 0 47.4751 a b 0.0072523 17 0
0 0 116.004 0 47.51 a b 0.00208169 17 0
0 0 116.002 0 47.5432 a b 0.0015563 17 0
0 0 116 0 47.5704 a b 0.00094962 17 0
0 0 115.999 0 47.597 a b -0.00135535 17 0
0 0 116 0 47.6257 a b -0.0030113 17 0
0 0 115.997 0 47.6529 a b -0.0117946 17 0
0 0 115.996 0 47.6843 a b -0.0114849 17 0
0 0 115.995 0 47.7131 a b -0.00743004 17 0
0 0 115.994 0 47.7431 a b -0.00691984 17 0
0 0 115.994 0 47.769 a b -0.00826537 17 0
0 0 115.993 0 47.7958 a b -0.00990837 17 0
0 0 115.991 0 47.821 a b -0.0144058 17 0
0 0 115.99 0 47.8488 a b -0.0173103 17 0
0 0 115.99 0 47.88 a b -0.0157717 17 0
0 0 115.989 0 47.9159 a b -0.0198734 17 0
0 0 115.991 0 47.946 a b -0.0236258 17 0
0 0 115.988 0 47.979 a b -0.0241632 17 0
0 0 115.986 0 48.0109 a b -0.0223279 17 0
0 0 115.987 0 48.0371 a b -0.0230944 17 0
0 0 115.985 0 48.0646 a b -0.0243209 17 0
0 0 115.984 0 48.0885 a b -0.0230454 17 0
0 0 115.979 0 48.1147 a b -0.0239492 17 0
0 0 115.977 0 48.1381 a b -0.0261676 17 0
0 0 115.976 0 48.1605 a b -0.0266802 17 0
0 0 115.975 0 48.189 a b -0.0273681 17 0
0 0 115.97 0 48.2152 a b -0.0279302 17 0
0 0 115.974 0 48.247 a b -0.0247613 17 0
0 0 115.973 0 48.2764 a b -0.0216155 17 0
0 0 115.971 0 48.3054 a b -0.0135054 17 0
0 0 115.975 0 48.34 a b -0.00269437 17 0
0 0 115.973 0 48.3734 a b 0.00348585 17 0
0 0 115.973 0 48.4068 a b 0.00449939 17 0
0 0 115.972 0 48.4362 a b 0.00539426 17 0
0 0 115.972 0 48.4649 a b 0.0122646 17 0
0 0 115.975 0 48.4949 a b 0.0206511 17 0
0 0 115.978 0 48.5194 a b 0.0259092 17 0
0 0 115.977 0 48.5471 a b 0.0284057 17 0
0 0 115.976 0 48.5737 a b 0.0277229 17 0
0 0 115.976 0 48.5996 a b 0.0258981 17 0
0 0 115.972 0 48.6235 a b 0.0269589 17 0
0 0 115.97 0 48.6448 a b 0.0332631 17 0
0 0 115.97 0 48.6743 a b 0.0380772 17 0
0 0 115.971 0 48.7084 a b 0.0374098 17 0
0 0 115.973 0 48.7425 a b 0.0332529 17 0
0 0 115.976 0 48.7691 a b 0.0365799 17 0
0 0 115.977 0 48.8033 a b 0.0436568 17 0
0 0 115.972 0 48.8359 a b 0.0538785 17 0
0 0 115.973 0 48.8747 a b 0.0581886 17 0
0 0 115.973 0 48.9092 a b 0.0509613 17 0
0 0 115.974 0 48.9416 a b 0.0408654 17 0
0 0 115.98 0 48.9649 a b 0.0424238 17 0
0 0 115.982 0 48.9906 a b 0.0520271 17 0
0 0 115.982 0 49.0264 a b 0.0546412 17 0
0 0 115.982 0 49.0596 a b 0.0493056 17 0
0 0 115.982 0 49.0839 a b 0.0473225 17 0
0 0 115.984 0 49.1031 a b 0.0513963 17 0
0 0 115.985 0 49.1251 a b 0.0558495 17 0
0 0 115.983 0 49.1514 a b 0.0559628 17 0
0 0 115.984 0 49.1796 a b 0.0519537 17 0
0 0 115.986 0 49.2098 a b 0.0463731 17 0
0 0 115.987 0 49.2393 a b 0.0497486 17 0
0 0 115.99 0 49.2752 a b 0.052932 17 0
0 0 115.992 0 49.3083 a b 0.0534861 17 0
0 0 115.992 0 49.34 a b 0.0541834 17 0
0 0 115.989 0 49.3757 a b 0.0477517 17 0
0 0 115.99 0 49.41 a b 0.0380052 17 0
0 0 115.995 0 49.444 a b 0.0383559 17 0
0 0 115.994 0 49.4718 a b 0.0438479 17 0
0 0 115.998 0 49.4996 a b 0.0474004 17 0
0 0 116 0 49.5277 a b 0.0445294 17 0
0 0 116 0 49.5568 a b 0.036614 17 0
0 0 116.001 0 49.5807 a b 0.0372923 17 0
0 0 115.998 0 49.5992 a b 0.0424842 17 0
0 0 116.003 0 49.6217 a b 0.044097 17 0
0 0 116.003 0 49.6503 a b 0.0437613 17 0
0 0 116.004 0 49.6795 a b 0.0401047 17 0
0 0 116.007 0 49.7055 a b 0.0404779 17 0
0 0 116.009 0 49.7337 a b 0.0450041 17 0
0 0 116.009 0 49.7625 a b 0.0470235 17 0
0 0 116.012 0 49.7916 a b 0.0486116 17 0
0 0 116.011 0 49.8248 a b 0.0485794 17 0
0 0 116.011 0 49.8546 a b 0.0487317 17 0
0 0 116.013 0 49.883 a b 0.0459222 17 0
0 0 116.015 0 49.9134 a b 0.0428971 17 0
0 0 116.015 0 49.9409 a b 0.0484121 17 0
0 0 116.015 0 49.9704 a b 0.0510981 17 0
0 0 116.014 0 50.0044 a b 0.0446707 17 0
0 0 116.019 0 50.0312 a b 0.0440576 17 0
0 0 116.022 0 50.0581 a b 0.0481783 17 0
0 0 116.021 0 50.089 a b 0.0465293 17 0
0 0 116.023 0 50.1198 a b 0.043183 17 0
0 0 116.023 0 50.1454 a b 0.0410115 17 0
0 0 116.029 0 50.1753 a b 0.0451091 17 0
0 0 116.026 0 50.2106 a b 0.0442252 17 0
0 0 116.029 0 50.245 a b 0.0375652 17 0
0 0 116.028 0 50.2851 a b 0.0351642 17 0
0 0 116.026 0 50.312 a b 0.0435649 17 0
0 0 116.028 0 50.3336 a b 0.0458041 17 0
0 0 116.034 0 50.3569 a b 0.0389291 17 0
0 0 116.034 0 50.3932 a b 0.0343765 17 0
0 0 116.031 0 50.4315 a b 0.0367823 17 0
0 0 116.033 0 50.4605 a b 0.0391279 17 0
0 0 116.037 0 50.4883 a b 0.0362511 17 0
0 0 116.039 0 50.5256 a b 0.035201 17 0
0 0 116.035 0 50.5577 a b 0.0388678 17 0
0 0 116.04 0 50.5844 a b 0.0356821 17 0
0 0 116.044 0 50.6126 a b 0.0337883 17 0
0 0 116.037 0 50.6474 a b 0.0352795 17 0
0 0 116.038 0 50.6755 a b 0.0336607 17 0
0 0 116.036 0 50.7027 a b 0.0307987 17 0
0 0 116.038 0 50.7265 a b 0.0319897 17 0
0 0 116.04 0 50.7509 a b 0.031371 17 0
0 0 116.041 0 50.775 a b 0.0299882 17 0
0 0 116.038 0 50.8023 a b 0.0285413 17 0
0 0 116.038 0 50.8273 a b 0.0284448 17 0
0 0 116.045 0 50.8526 a b 0.0288484 17 0
0 0 116.046 0 50.874 a b 0.0340878 17 0
0 0 116.045 0 50.9041 a b 0.030229 17 0
0 0 116.044 0 50.938 a b 0.0234901 17 0
0 0 116.039 0 50.9625 a b 0.0159763 17 0
0 0 116.04 0 50.9892 a b 0.000495782 17 0
0 0 116.042 0 51.0193 a b -0.00447298 17 0
0 0 116.036 0 51.052 a b -0.00993795 17 0
0 0 116.034 0 51.0796 a b -0.0170294 17 0
0 0 116.034 0 51.1053 a b -0.0228789 17 0
0 0 116.033 0 51.1325 a b -0.0226744 17 0
0 0 116.026 0 51.1649 a b -0.021701 17 0
0 0 116.019 0 51.1949 a b -0.0290521 17 0
0 0 116.017 0 51.2223 a b -0.0429396 17 0
0 0 116.025 0 51.2417 a b -0.043943 17 0
0 0 116.028 0 51.2651 a b -0.0398114 17 0
0 0 116.029 0 51.2934 a b -0.0380406 17 0
0 0 116.029 0 51.3223 a b -0.0414642 17 0
0 0 116.028 0 51.3511 a b -0.0439122 17 0
0 0 116.027 0 51.3759 a b -0.0417957 17 0
0 0 116.021 0 51.4027 a b -0.0397197 17 0
0 0 116.016 0 51.4342 a b -0.0416155 17 0
0 0 116.013 0 51.4576 a b -0.0415359 17 0
0 0 116.016 0 51.4869 a b -0.0303561 17 0
0 0 116.021 0 51.514 a b -0.0190696 17 0
0 0 116.019 0 51.5398 a b -0.0186442 17 0
0 0 116.021 0 51.5614 a b -0.00928466 17 0
0 0 116.024 0 51.588 a b 0.00248738 17 0
0 0 116.023 0 51.6182 a b 0.00743519 17 0
0 0 116.016 0 51.651 a b 0.0115055 17 0
0 0 116.013 0 51.6831 a b 0.0149538 17 0
0 0 116.006 0 51.7111 a b 0.0157926 17 0
0 0 116.01 0 51.7385 a b 0.0191216 17 0
0 0 116.014 0 51.7697 a b 0.0211456 17 0
0 0 116.011 0 51.808 a b 0.021558 17 0
0 0 116.018 0 51.8391 a b 0.0236651 17 0
0 0 116.027 0 51.8671 a b 0.0272795 17 0
0 0 116.021 0 51.8917 a b 0.0298111 17 0
0 0 116.02 0 51.9278 a b 0.0345215 17 0
0 0 116.02 0 51.9578 a b 0.0375661 17 0
0 0 116.018 0 51.9802 a b 0.0428632 17 0
0 0 116.011 0 52.0088 a b 0.0404576 17 0
0 0 116.003 0 52.0387 a b 0.0358702 17 0
0 0 115.999 0 52.0716 a b 0.0329703 17 0
0 0 116 0 52.0961 a b 0.0370781 17 0
0 0 116.012 0 52.1244 a b 0.0377286 17 0
0 0 116.023 0 52.1472 a b 0.03942 17 0
0 0 116.028 0 52.1741 a b 0.0405024 17 0
0 0 116.027 0 52.2094 a b 0.0393538 17 0
0 0 116.025 0 52.2366 a b 0.0431211 17 0
0 0 116.018 0 52.2709 a b 0.0438461 17 0
0 0 116.019 0 52.3006 a b 0.0415617 17 0
0 0 116.025 0 52.3321 a b 0.0344382 17 0
0 0 116.026 0 52.3625 a b 0.0316154 17 0
0 0 116.023 0 52.3889 a b 0.0419916 17 0
0 0 116.021 0 52.4216 a b 0.0440056 17 0
0 0 116.029 0 52.4417 a b 0.0443146 17 0
0 0 116.024 0 52.4612 a b 0.0400219 17 0
0 0 116.015 0 52.486 a b 0.034417 17 0
0 0 116.012 0 52.5216 a b 0.0285666 17 0
0 0 116.008 0 52.5439 a b 0.0265575 17 0
0 0 116.012 0 52.5709 a b 0.0301537 17 0
0 0 116.017 0 52.5953 a b 0.028503 17 0
0 0 116.024 0 52.6231 a b 0.0293512 17 0
0 0 116.03 0 52.6577 a b 0.0309361 17 0
0 0 116.034 0 52.6933 a b 0.021476 17 0
0 0 116.027 0 52.7221 a b 0.0183484 17 0
0 0 116.024 0 52.7556 a b 0.0274492 17 0
0 0 116.03 0 52.7936 a b 0.0331352 17 0
0 0 116.029 0 52.8267 a b 0.0263174 17 0
0 0 116.034 0 52.8513 a b 0.0196573 17 0
0 0 116.02 0 52.8841 a b 0.0254124 17 0
0 0 116.006 0 52.9137 a b 0.0303562 17 0
0 0 116 0 52.9381 a b 0.0325927 17 0
0 0 116.001 0 52.9628 a b 0.0267001 17 0
0 0 116.008 0 52.9781 a b 0.0180945 17 0
0 0 116.012 0 52.998 a b 0.01406 17 0
0 0 116.016 0 53.0227 a b 0.0193318 17 0
0 0 116.021 0 53.0417 a b 0.0241614 17 0
0 0 116.02 0 53.0682 a b 0.0235062 17 0
0 0 116.019 0 53.1055 a b 0.0136354 17 0
0 0 116.02 0 53.134 a b 0.0103792 17 0
0 0 116.022 0 53.1693 a b 0.00981348 17 0
0 0 116.018 0 53.1999 a b 0.00872599 17 0
0 0 116.023 0 53.2377 a b 0.00483188 17 0
0 0 116.015 0 53.2712 a b 0.00255735 17 0
0 0 115.999 0 53.3137 a b 0.00272069 17 0
0 0 115.998 0 53.3431 a b 0.0020737 17 0
0 0 115.997 0 53.3759 a b 0.000498121 17 0
0 0 115.999 0 53.4015 a b 0.00337142 17 0
0 0 116.006 0 53.4268 a b -0.00156451 17 0
0 0 116.006 0 53.4498 a b -0.00863037 17 0
0 0 116.008 0 53.4735 a b -0.00698892 17 0
0 0 116.004 0 53.4975 a b -0.00423828 17 0
0 0 116.002 0 53.5268 a b -0.00954744 17 0
0 0 116 0 53.5535 a b -0.014017 17 0
0 0 116 0 53.5772 a b -0.0142514 17 0
0 0 116.002 0 53.6067 a b -0.01476 17 0
0 0 116.011 0 53.6345 a b -0.0149931 17 0
0 0 116.017 0 53.6604 a b -0.0107924 17 0
0 0 116.017 0 53.6912 a b -0.0102979 17 0
0 0 116.007 0 53.7201 a b -0.0101433 17 0
0 0 116.003 0 53.7623 a b -0.0207803 17 0
0 0 115.993 0 53.804 a b -0.0178416 17 0
0 0 115.985 0 53.847 a b -0.00917975 17 0
0 0 115.984 0 53.8792 a b -0.00510432 17 0
0 0 116.001 0 53.895 a b -0.014854 17 0
0 0 116.012 0 53.9162 a b -0.0249948 17 0
0 0 115.993 0 53.9553 a b -0.0215845 17 0
0 0 115.993 0 53.9745 a b -0.0147909 17 0
0 0 116.006 0 54.0033 a b -0.0176848 17 0
0 0 115.994 0 54.0366 a b -0.0263164 17 0
0 0 115.981 0 54.0671 a b -0.0296962 17 0
0 0 115.975 0 54.1049 a b -0.031422 17 0
0 0 115.979 0 54.131 a b -0.0325848 17 0
0 0 115.985 0 54.1532 a b -0.034025 17 0
0 0 115.988 0 54.2112 a b -0.0332399 17 0
0 0 115.985 0 54.2504 a b -0.0321839 17 0
0 0 115.986 0 54.2695 a b -0.0352838 17 0
0 0 115.988 0 54.3028 a b -0.0369581 17 0
0 0 115.973 0 54.3077 a b -0.0347895 17 0
0 0 115.962 0 54.336 a b -0.0330579 17 0
0 0 115.961 0 54.3632 a b -0.0389261 17 0
0 0 115.956 0 54.3838 a b -0.0434193 17 0
0 0 115.961 0 54.4161 a b -0.0423484 17 0
0 0 115.958 0 54.4436 a b -0.0405333 17 0
0 0 115.967 0 54.4605 a b -0.0426342 17 0
0 0 115.974 0 54.4891 a b -0.0449008 17 0
0 0 115.955 0 54.5331 a b -0.043523 17 0
0 0 115.95 0 54.5595 a b -0.0438079 17 0
0 0 115.943 0 54.5872 a b -0.0495189 17 0
0 0 115.955 0 54.6126 a b -0.0489405 17 0
0 0 115.958 0 54.6452 a b -0.0436339 17 0
0 0 115.948 0 54.681 a b -0.0430345 17 0
0 0 115.939 0 54.7081 a b -0.0466532 17 0
0 0 115.935 0 54.7388 a b -0.0458496 17 0
0 0 115.932 0 54.7731 a b -0.0392605 17 0
0 0 115.933 0 54.7952 a b -0.0299502 17 0
0 0 115.934 0 54.8203 a b -0.0259806 17 0
0 0 115.935 0 54.8403 a b -0.0272029 17 0
0 0 115.934 0 54.8682 a b -0.0251878 17 0
0 0 115.939 0 54.8909 a b -0.0162298 17 0
0 0 115.94 0 54.9248 a b -0.0149533 17 0
0 0 115.935 0 54.9529 a b -0.0125675 17 0
0 0 115.933 0 54.9813 a b -0.00482391 17 0
0 0 115.931 0 55.0023 a b 0.00253283 17 0
0 0 115.959 0 55.0219 a b 0.00778964 17 0
0 0 115.948 0 55.068 a b 0.0138035 17 0
0 0 115.937 0 55.1114 a b 0.0220853 17 0
0 0 115.953 0 55.1299 a b 0.0300102 17 0
0 0 115.946 0 55.1529 a b 0.0358166 17 0
0 0 115.94 0 55.1939 a b 0.043637 17 0
0 0 115.927 0 55.2253 a b 0.0475501 17 0
0 0 115.932 0 55.2636 a b 0.0486293 17 0
0 0 115.944 0 55.2863 a b 0.0518867 17 0
0 0 115.939 0 55.33 a b 0.0541321 17 0
0 0 115.946 0 55.3616 a b 0.0583944 17 0
0 0 115.955 0 55.3871 a b 0.0600481 17 0
0 0 115.95 0 55.4235 a b 0.063862 17 0
0 0 115.945 0 55.457 a b 0.0694712 17 0
0 0 115.951 0 55.4907 a b 0.0719649 17 0
0 0 115.956 0 55.525 a b 0.0748378 17 0
0 0 115.952 0 55.5602 a b 0.075633 17 0
0 0 115.942 0 55.5949 a b 0.0733356 17 0
0 0 115.947 0 55.6165 a b 0.0753093 17 0
0 0 115.959 0 55.639 a b 0.0772601 17 0
0 0 115.959 0 55.6654 a b 0.0761177 17 0
0 0 115.966 0 55.6992 a b 0.073151 17 0
0 0 115.963 0 55.7325 a b 0.0756735 17 0
0 0 115.961 0 55.7626 a b 0.0795424 17 0
0 0 115.953 0 55.7722 a b 0.0747266 17 0
0 0 115.965 0 55.7986 a b 0.0685969 17 0
0 0 115.974 0 55.8305 a b 0.0703226 17 0
0 0 115.961 0 55.8652 a b 0.0766368 17 0
0 0 115.96 0 55.9113 a b 0.0784287 17 0
0 0 115.954 0 55.9399 a b 0.0773355 17 0
0 0 115.949 0 55.9657 a b 0.0719545 17 0
0 0 115.957 0 56.0069 a b 0.0666959 17 0
0 0 115.971 0 56.025 a b 0.0674982 17 0
0 0 115.98 0 56.0722 a b 0.0696939 17 0
0 0 115.97 0 56.1044 a b 0.0659865 17 0
0 0 115.974 0 56.1228 a b 0.0648025 17 0
0 0 115.975 0 56.1492 a b 0.0663052 17 0
0 0 115.958 0 56.1729 a b 0.0617817 17 0
0 0 115.955 0 56.205 a b 0.0591167 17 0
0 0 115.977 0 56.2561 a b 0.0595807 17 0
0 0 115.981 0 56.305 a b 0.0606834 17 0
0 0 115.977 0 56.3357 a b 0.0568907 17 0
0 0 115.964 0 56.3584 a b 0.0549293 17 0
0 0 115.976 0 56.4096 a b 0.0508362 17 0
0 0 115.981 0 56.4385 a b 0.0484181 17 0
0 0 115.988 0 56.4539 a b 0.0513323 17 0
0 0 115.986 0 56.4828 a b 0.0519421 17 0
0 0 115.979 0 56.5075 a b 0.0474459 17 0
0 0 115.989 0 56.544 a b 0.0451873 17 0
0 0 115.975 0 56.5865 a b 0.0443137 17 0
0 0 115.989 0 56.6152 a b 0.0455476 17 0
0 0 115.98 0 56.6449 a b 0.045107 17 0
0 0 115.985 0 56.6677 a b 0.0429053 17 0
0 0 115.988 0 56.6842 a b 0.0425931 17 0
0 0 115.989 0 56.7167 a b 0.0473649 17 0
0 0 115.995 0 56.7568 a b 0.0511219 17 0
0 0 115.978 0 56.7899 a b 0.0525549 17 0
0 0 115.97 0 56.8363 a b 0.0518922 17 0
0 0 115.971 0 56.8581 a b 0.0485667 17 0
0 0 115.965 0 56.8784 a b 0.0493484 17 0
0 0 115.957 0 56.8947 a b 0.0526731 17 0
0 0 115.973 0 56.9171 a b 0.04765 17 0
0 0 115.985 0 56.9442 a b 0.0481372 17 0
0 0 115.983 0 56.9644 a b 0.0514286 17 0
0 0 115.982 0 56.9909 a b 0.0509616 17 0
0 0 115.984 0 57.0238 a b 0.0507901 17 0
0 0 115.973 0 57.0607 a b 0.0537441 17 0
0 0 115.953 0 57.115 a b 0.060097 17 0
0 0 115.927 0 57.1655 a b 0.0584486 17 0
0 0 115.894 0 57.2099 a b 0.0581706 17 0
0 0 115.883 0 57.2315 a b 0.0622459 17 0
0 0 115.961 0 57.2249 a b 0.0568245 17 0
0 0 115.987 0 57.2469 a b 0.0553832 17 0
0 0 115.982 0 57.2884 a b 0.0522071 17 0
0 0 115.969 0 57.3198 a b 0.0511404 17 0
0 0 115.944 0 57.3698 a b 0.0487824 17 0
0 0 115.938 0 57.412 a b 0.0529501 17 0
0 0 115.948 0 57.4639 a b 0.0481107 17 0
0 0 115.953 0 57.5299 a b 0.0482651 17 0
0 0 115.976 0 57.5387 a b 0.0482074 17 0
0 0 115.998 0 57.5387 a b 0.0451773 17 0
0 0 115.99 0 57.5638 a b 0.0485331 17 0
0 0 115.956 0 57.59 a b 0.0498571 17 0
0 0 115.903 0 57.6036 a b 0.0544449 17 0
0 0 115.884 0 57.6188 a b 0.0556283 17 0
0 0 115.915 0 57.6596 a b 0.0539873 17 0
0 0 115.939 0 57.701 a b 0.0524315 17 0
0 0 115.938 0 57.7274 a b 0.0547218 17 0
0 0 115.931 0 57.7594 a b 0.0498718 17 0
0 0 115.918 0 57.7815 a b 0.0469294 17 0
0 0 115.899 0 57.8098 a b 0.0517986 17 0
0 0 115.894 0 57.8361 a b 0.0512478 17 0
0 0 115.898 0 57.867 a b 0.0507104 17 0
0 0 115.914 0 57.8799 a b 0.0488901 17 0
0 0 115.913 0 57.9243 a b 0.0469893 17 0
0 0 115.927 0 57.9742 a b 0.0402945 17 0
0 0 115.919 0 58.0244 a b 0.04063 17 0
0 0 115.917 0 58.0668 a b 0.0429392 17 0
0 0 115.924 0 58.0918 a b 0.0425233 17 0
0 0 115.932 0 58.1237 a b 0.0436105 17 0
0 0 115.929 0 58.1356 a b 0.0461108 17 0
0 0 115.93 0 58.1615 a b 0.0512683 17 0
0 0 115.928 0 58.1872 a b 0.0544385 17 0
0 0 115.922 0 58.2167 a b 0.0568697 17 0
0 0 115.92 0 58.2423 a b 0.0615889 17 0
0 0 115.933 0 58.2599 a b 0.0614553 17 0
0 0 115.946 0 58.2791 a b 0.0625265 17 0
0 0 115.956 0 58.2974 a b 0.0697452 17 0
0 0 115.94 0 58.3254 a b 0.0735474 17 0
0 0 115.924 0 58.3699 a b 0.0773097 17 0
0 0 115.924 0 58.4084 a b 0.0816725 17 0
0 0 115.919 0 58.4431 a b 0.085504 17 0
0 0 115.92 0 58.4642 a b 0.084831 17 0
0 0 115.908 0 58.4847 a b 0.0885535 17 0
0 0 115.906 0 58.5273 a b 0.0897672 17 0
0 0 115.915 0 58.5657 a b 0.0896694 17 0
0 0 115.921 0 58.6008 a b 0.0890977 17 0
0 0 115.934 0 58.6365 a b 0.0866615 17 0
0 0 115.938 0 58.6702 a b 0.0904812 17 0
0 0 115.944 0 58.6945 a b 0.0907079 17 0
0 0 115.947 0 58.725 a b 0.0903652 17 0
0 0 115.946 0 58.7551 a b 0.0906475 17 0
0 0 115.949 0 58.7791 a b 0.0923222 17 0
0 0 115.963 0 58.8104 a b 0.0943093 17 0
0 0 115.971 0 58.8276 a b 0.0899435 17 0
0 0 115.973 0 58.848 a b 0.0934505 17 0
0 0 115.963 0 58.8669 a b 0.0972388 17 0
0 0 115.962 0 58.8962 a b 0.0961542 17 0
0 0 115.966 0 58.9319 a b 0.0919524 17 0
0 0 115.969 0 58.9593 a b 0.0899516 17 0
0 0 115.972 0 58.9706 a b 0.0908465 17 0
0 0 115.977 0 59.0146 a b 0.0961617 17 0
0 0 115.971 0 59.0548 a b 0.095027 17 0
0 0 115.975 0 59.0989 a b 0.0933111 17 0
0 0 115.982 0 59.1667 a b 0.088575 17 0
0 0 116.016 0 59.2396 a b 0.0789553 17 0
0 0 116.029 0 59.2513 a b 0.0809251 17 0
0 0 116.035 0 59.2687 a b 0.0832114 17 0
0 0 116.038 0 59.2893 a b 0.0839619 17 0
0 0 116.025 0 59.3223 a b 0.0792844 17 0
0 0 116.028 0 59.3376 a b 0.0764498 17 0
0 0 116.024 0 59.3752 a b 0.0778123 17 0
0 0 116.006 0 59.4066 a b 0.0762852 17 0
0 0 115.99 0 59.4313 a b 0.069854 17 0
0 0 115.975 0 59.4384 a b 0.0593553 17 0
0 0 115.99 0 59.4541 a b 0.0536037 17 0
0 0 115.988 0 59.4808 a b 0.0502472 17 0
0 0 115.974 0 59.5029 a b 0.0476766 17 0
0 0 115.956 0 59.5163 a b 0.0447528 17 0
0 0 115.95 0 59.5242 a b 0.0486146 17 0
0 0 115.951 0 59.5485 a b 0.0412191 17 0
0 0 115.95 0 59.5897 a b 0.0292215 17 0
0 0 115.949 0 59.6408 a b 0.0242271 17 0
0 0 115.96 0 59.6728 a b 0.0229943 17 0
0 0 115.964 0 59.7026 a b 0.0246471 17 0
0 0 115.957 0 59.7169 a b 0.022599 17 0
0 0 115.943 0 59.7492 a b 0.0213049 17 0
0 0 115.934 0 59.784 a b 0.0176053 17 0
0 0 115.931 0 59.8136 a b 0.0131614 17 0
0 0 115.938 0 59.8383 a b 0.0102135 17 0
0 0 115.952 0 59.874 a b 0.00548786 17 0
0 0 115.955 0 59.8984 a b 0.00300667 17 0
0 0 115.954 0 59.9235 a b 0.00685419 17 0
0 0 115.949 0 59.9542 a b 0.0165748 17 0
0 0 115.943 0 59.9861 a b 0.0246019 17 0
0 0 115.949 0 60.0155 a b 0.0319871 17 0
0 0 115.955 0 60.0517 a b 0.0387683 17 0
0 0 115.958 0 60.0741 a b 0.0475399 17 0
0 0 115.959 0 60.101 a b 0.0580484 17 0
0 0 115.954 0 60.129 a b 0.0689891 17 0
0 0 115.956 0 60.1526 a b 0.0756725 17 0
0 0 115.951 0 60.1808 a b 0.0759185 17 0
0 0 115.954 0 60.2055 a b 0.0809243 17 0
0 0 115.962 0 60.2417 a b 0.0846153 17 0
0 0 115.962 0 60.2759 a b 0.0762235 17 0
0 0 115.963 0 60.3047 a b 0.0615785 17 0
0 0 115.966 0 60.3376 a b 0.0468673 17 0
0 0 115.973 0 60.3751 a b 0.0370716 17 0
0 0 115.973 0 60.4179 a b 0.0357321 17 0
0 0 115.972 0 60.4432 a b 0.0363625 17 0
0 0 115.968 0 60.4701 a b 0.0317786 17 0
0 0 115.968 0 60.491 a b 0.0276167 17 0
0 0 115.973 0 60.5314 a b 0.0230646 17 0
0 0 115.97 0 60.5589 a b 0.0239953 17 0
0 0 115.965 0 60.5838 a b 0.0220466 17 0
0 0 115.957 0 60.5964 a b 0.0218956 17 0
0 0 115.965 0 60.6203 a b 0.0182322 17 0
0 0 115.963 0 60.648 a b 0.0135127 17 0
0 0 115.967 0 60.6784 a b 0.0107008 17 0
0 0 115.955 0 60.7017 a b 0.0169652 17 0
0 0 115.949 0 60.7182 a b 0.0146804 17 0
0 0 115.943 0 60.7427 a b 0.00718357 17 0
0 0 115.945 0 60.7698 a b 0.00758601 17 0
0 0 115.949 0 60.7974 a b 0.00705504 17 0
0 0 115.953 0 60.8258 a b -0.00169427 17 0
0 0 115.949 0 60.8675 a b -0.00183104 17 0
0 0 115.949 0 60.9011 a b 0.00666842 17 0
0 0 115.952 0 60.9319 a b 0.00981507 17 0
0 0 115.948 0 60.9509 a b 0.000111129 17 0
0 0 115.95 0 60.9849 a b -0.00899551 17 0
0 0 115.947 0 61.0112 a b -0.0086406 17 0
0 0 115.945 0 61.0456 a b -0.00204414 17 0
0 0 115.955 0 61.0795 a b -0.00922853 17 0
0 0 115.955 0 61.0987 a b -0.0127736 17 0
0 0 115.945 0 61.1268 a b -0.0149434 17 0
0 0 115.939 0 61.1591 a b -0.00790335 17 0
0 0 115.931 0 61.1796 a b -0.00549438 17 0
0 0 115.925 0 61.1999 a b -0.00525534 17 0
0 0 115.922 0 61.2243 a b -0.000219559 17 0
0 0 115.917 0 61.2552 a b 0.00374538 17 0
0 0 115.923 0 61.2898 a b 0.00294317 17 0
0 0 115.925 0 61.3263 a b 0.00563672 17 0
0 0 115.921 0 61.3615 a b 0.0118615 17 0
0 0 115.919 0 61.3863 a b 0.017111 17 0
0 0 115.915 0 61.4141 a b 0.0175646 17 0
0 0 115.909 0 61.4471 a b 0.013117 17 0
0 0 115.906 0 61.4784 a b 0.0152978 17 0
0 0 115.911 0 61.5044 a b 0.0238398 17 0
0 0 115.904 0 61.5389 a b 0.0345592 17 0
0 0 115.907 0 61.5666 a b 0.0294663 17 0
0 0 115.907 0 61.6023 a b 0.024687 17 0
0 0 115.906 0 61.6269 a b 0.0277022 17 0
0 0 115.91 0 61.652 a b 0.0302238 17 0
0 0 115.91 0 61.6671 a b 0.0328391 17 0
0 0 115.902 0 61.6987 a b 0.0351638 17 0
0 0 115.901 0 61.7288 a b 0.0370231 17 0
0 0 115.9 0 61.757 a b 0.0445132 17 0
0 0 115.91 0 61.7769 a b 0.050547 17 0
0 0 115.917 0 61.8062 a b 0.0547917 17 0
0 0 115.91 0 61.8343 a b 0.0599075 17 0
0 0 115.899 0 61.8678 a b 0.0677543 17 0
0 0 115.904 0 61.9064 a b 0.0775571 17 0
0 0 115.908 0 61.9311 a b 0.0776523 17 0
0 0 115.898 0 61.9583 a b 0.0770579 17 0
0 0 115.901 0 61.9897 a b 0.0791402 17 0
0 0 115.901 0 62.0314 a b 0.0787631 17 0
0 0 115.904 0 62.0746 a b 0.0807955 17 0
0 0 115.907 0 62.1093 a b 0.0799172 17 0
0 0 115.906 0 62.1378 a b 0.0800808 17 0
0 0 115.914 0 62.1631 a b 0.078398 17 0
0 0 115.916 0 62.1922 a b 0.081574 17 0
0 0 115.924 0 62.2169 a b 0.0852068 17 0
0 0 115.917 0 62.2413 a b 0.0873716 17 0
0 0 115.917 0 62.2591 a b 0.0927693 17 0
0 0 115.921 0 62.2829 a b 0.0925518 17 0
0 0 115.919 0 62.3085 a b 0.0929052 17 0
0 0 115.919 0 62.3418 a b 0.0922214 17 0
0 0 115.92 0 62.3633 a b 0.0934289 17 0
0 0 115.923 0 62.4018 a b 0.0962441 17 0
0 0 115.923 0 62.4362 a b 0.0975095 17 0
0 0 115.92 0 62.4504 a b 0.103355 17 0
0 0 115.913 0 62.4746 a b 0.108723 17 0
0 0 115.911 0 62.5024 a b 0.107125 17 0
0 0 115.924 0 62.5362 a b 0.100231 17 0
0 0 115.931 0 62.5586 a b 0.101272 17 0
0 0 115.938 0 62.5869 a b 0.110249 17 0
0 0 115.937 0 62.6157 a b 0.112425 17 0
0 0 115.937 0 62.6577 a b 0.100059 17 0
0 0 115.934 0 62.6816 a b 0.0965692 17 0
0 0 115.947 0 62.6891 a b 0.105258 17 0
0 0 115.939 0 62.7229 a b 0.109831 17 0
0 0 115.932 0 62.7612 a b 0.100502 17 0
0 0 115.931 0 62.7916 a b 0.0975143 17 0
0 0 115.931 0 62.8154 a b 0.100925 17 0
0 0 115.937 0 62.8435 a b 0.102865 17 0
0 0 115.926 0 62.8764 a b 0.0982225 17 0
0 0 115.924 0 62.9067 a b 0.0946337 17 0
0 0 115.935 0 62.9377 a b 0.0966147 17 0
0 0 115.946 0 62.9631 a b 0.102926 17 0
0 0 115.943 0 62.9907 a b 0.0993041 17 0
0 0 115.937 0 63.0206 a b 0.0902228 17 0
0 0 115.942 0 63.0436 a b 0.0927428 17 0
0 0 115.944 0 63.0695 a b 0.100307 17 0
0 0 115.954 0 63.0867 a b 0.0989204 17 0
0 0 115.96 0 63.1069 a b 0.0916461 17 0
0 0 115.965 0 63.1416 a b 0.0821304 17 0
0 0 115.959 0 63.1632 a b 0.0885092 17 0
0 0 115.962 0 63.1925 a b 0.0858318 17 0
0 0 115.951 0 63.226 a b 0.0770614 17 0
0 0 115.955 0 63.2617 a b 0.0708131 17 0
0 0 115.969 0 63.2919 a b 0.067446 17 0
0 0 115.98 0 63.3329 a b 0.0671514 17 0
0 0 115.984 0 63.3664 a b 0.0649168 17 0
0 0 115.984 0 63.3959 a b 0.0573234 17 0
0 0 115.979 0 63.4093 a b 0.05606 17 0
0 0 115.963 0 63.4321 a b 0.0562486 17 0
0 0 115.974 0 63.4725 a b 0.0515943 17 0
0 0 115.978 0 63.4969 a b 0.0455893 17 0
0 0 115.982 0 63.5286 a b 0.0394882 17 0
0 0 115.986 0 63.5505 a b 0.0397906 17 0
0 0 115.985 0 63.5797 a b 0.0404541 17 0
0 0 115.974 0 63.6 a b 0.0300807 17 0
0 0 115.988 0 63.6319 a b 0.0199448 17 0
0 0 115.992 0 63.6649 a b 0.0191817 17 0
0 0 115.995 0 63.6958 a b 0.0202022 17 0
0 0 115.992 0 63.7132 a b 0.0157681 17 0
0 0 115.985 0 63.7441 a b 0.00685756 17 0
0 0 115.995 0 63.791 a b 0.00101521 17 0
0 0 115.987 0 63.8311 a b -0.000712806 17 0
0 0 115.991 0 63.8818 a b -0.0127999 17 0
0 0 115.979 0 63.941 a b -0.0125894 17 0
0 0 115.973 0 63.9817 a b -0.00563477 17 0
0 0 115.966 0 63.997 a b -0.00647531 17 0
0 0 115.954 0 64.0222 a b -0.0144358 17 0
0 0 115.934 0 64.0534 a b -0.0174134 17 0
0 0 115.927 0 64.081 a b -0.01268 17 0
0 0 115.937 0 64.1016 a b -0.0117484 17 0
0 0 115.956 0 64.1081 a b -0.0223832 17 0
0 0 115.952 0 64.1229 a b -0.0314779 17 0
0 0 115.954 0 64.141 a b -0.0315753 17 0
0 0 115.938 0 64.1472 a b -0.0266947 17 0
0 0 115.946 0 64.1699 a b -0.0358385 17 0
0 0 115.948 0 64.1973 a b -0.0424552 17 0
0 0 115.944 0 64.2283 a b -0.0403193 17 0
0 0 115.946 0 64.2588 a b -0.0414012 17 0
0 0 115.942 0 64.287 a b -0.0505732 17 0
0 0 115.94 0 64.3272 a b -0.0570337 17 0
0 0 115.934 0 64.3865 a b -0.0514124 17 0
0 0 115.928 0 64.4198 a b -0.0517099 17 0
0 0 115.912 0 64.4514 a b -0.0570257 17 0
0 0 115.897 0 64.4833 a b -0.0576867 17 0
0 0 115.903 0 64.5144 a b -0.0587848 17 0
0 0 115.907 0 64.5531 a b -0.05536 17 0
0 0 115.91 0 64.579 a b -0.0551282 17 0
0 0 115.904 0 64.5971 a b -0.0523847 17 0
0 0 115.903 0 64.6159 a b -0.0516136 17 0
0 0 115.893 0 64.6368 a b -0.0469664 17 0
0 0 115.877 0 64.6487 a b -0.042664 17 0
0 0 115.872 0 64.6623 a b -0.044585 17 0
0 0 115.875 0 64.6819 a b -0.0497632 17 0
0 0 115.871 0 64.708 a b -0.0487226 17 0
0 0 115.868 0 64.7346 a b -0.0398754 17 0
0 0 115.862 0 64.7668 a b -0.0361849 17 0
0 0 115.855 0 64.798 a b -0.0317854 17 0
0 0 115.856 0 64.8268 a b -0.0274393 17 0
0 0 115.854 0 64.8629 a b -0.0225078 17 0
0 0 115.854 0 64.8969 a b -0.017375 17 0
0 0 115.856 0 64.9269 a b -0.0123 17 0
0 0 115.85 0 64.9594 a b -0.00743721 17 0
0 0 115.843 0 64.9879 a b -0.00404082 17 0
0 0 115.84 0 65.0209 a b 0.00195085 17 0
0 0 115.84 0 65.0441 a b 0.00315488 17 0
0 0 115.836 0 65.0738 a b 0.00284428 17 0
0 0 115.84 0 65.1033 a b 0.0052551 17 0
0 0 115.842 0 65.1304 a b 0.00745827 17 0
0 0 115.848 0 65.162 a b 0.00504442 17 0
0 0 115.851 0 65.1868 a b 0.00504051 17 0
0 0 115.856 0 65.2136 a b 0.00287884 17 0
0 0 115.86 0 65.241 a b 0.0044748 17 0
0 0 115.854 0 65.268 a b 0.00780662 17 0
0 0 115.845 0 65.2898 a b 0.0113203 17 0
0 0 115.841 0 65.3205 a b 0.0127819 17 0
0 0 115.853 0 65.3529 a b 0.0103574 17 0
0 0 115.852 0 65.3824 a b 0.0117778 17 0
0 0 115.853 0 65.4076 a b 0.0136531 17 0
0 0 115.848 0 65.4393 a b 0.0166381 17 0
0 0 115.846 0 65.4756 a b 0.0211005 17 0
0 0 115.847 0 65.5118 a b 0.0211101 17 0
0 0 115.849 0 65.5435 a b 0.0116916 17 0
0 0 115.852 0 65.572 a b -0.00112954 17 0
0 0 115.842 0 65.5978 a b -0.0076906 17 0
0 0 115.832 0 65.6234 a b -0.0113408 17 0
0 0 115.83 0 65.651 a b -0.016176 17 0
0 0 115.832 0 65.6807 a b -0.0232857 17 0
0 0 115.833 0 65.7044 a b -0.0296245 17 0
0 0 115.832 0 65.7264 a b -0.0316814 17 0
0 0 115.827 0 65.7561 a b -0.0339655 17 0
0 0 115.822 0 65.785 a b -0.0367568 17 0
0 0 115.818 0 65.8136 a b -0.0391302 17 0
0 0 115.817 0 65.8429 a b -0.0419549 17 0
0 0 115.819 0 65.8666 a b -0.0460997 17 0
0 0 115.821 0 65.896 a b -0.0502838 17 0
0 0 115.82 0 65.928 a b -0.0547791 17 0
0 0 115.815 0 65.9598 a b -0.0581119 17 0
0 0 115.815 0 65.9982 a b -0.0608282 17 0
0 0 115.807 0 66.0304 a b -0.0624384 17 0
0 0 115.807 0 66.0632 a b -0.0650545 17 0
0 0 115.805 0 66.0897 a b -0.0671738 17 0
0 0 115.8 0 66.1231 a b -0.0696336 17 0
0 0 115.795 0 66.1543 a b -0.0707619 17 0
0 0 115.786 0 66.1785 a b -0.0713885 17 0
0 0 115.776 0 66.213 a b -0.0730716 17 0
0 0 115.773 0 66.2499 a b -0.0762044 17 0
0 0 115.766 0 66.284 a b -0.0778578 17 0
0 0 115.759 0 66.3086 a b -0.0785613 17 0
0 0 115.758 0 66.3372 a b -0.0757959 17 0
0 0 115.754 0 66.349 a b -0.0768683 17 0
