0 0 -65.6836 0 3.75798 a b 1.61965 2 0
0 0 -65.6593 0 3.76815 a b 1.61398 2 0
0 0 -65.6148 0 3.76814 a b 1.62994 2 0
0 0 -65.5589 0 3.76024 a b 1.64126 2 0
0 0 -65.5016 0 3.75455 a b 1.64362 2 0
0 0 -65.4452 0 3.75355 a b 1.64579 2 0
0 0 -65.3872 0 3.7534 a b 1.64839 2 0
0 0 -65.3298 0 3.75047 a b 1.65205 2 0
0 0 -65.2729 0 3.7444 a b 1.65324 2 0
0 0 -65.2141 0 3.73849 a b 1.65417 2 0
0 0 -65.1559 0 3.73302 a b 1.65809 2 0
0 0 -65.0974 0 3.72789 a b 1.6608 2 0
0 0 -65.0398 0 3.72461 a b 1.66336 2 0
0 0 -64.9851 0 3.71988 a b 1.6659 2 0
0 0 -64.9264 0 3.71495 a b 1.66802 2 0
0 0 -64.8711 0 3.70748 a b 1.66948 2 0
0 0 -64.8146 0 3.70498 a b 1.67091 2 0
0 0 -64.7592 0 3.70191 a b 1.67292 2 0
0 0 -64.7 0 3.69547 a b 1.67581 2 0
0 0 -64.6454 0 3.69033 a b 1.67784 2 0
0 0 -64.5913 0 3.68656 a b 1.67901 2 0
0 0 -64.5343 0 3.67881 a b 1.67926 2 0
0 0 -64.4769 0 3.67104 a b 1.68201 2 0
0 0 -64.425 0 3.66721 a b 1.68558 2 0
0 0 -64.3715 0 3.66408 a b 1.68672 2 0
0 0 -64.318 0 3.65914 a b 1.6859 2 0
0 0 -64.2595 0 3.64977 a b 1.68614 2 0
0 0 -64.2034 0 3.6455 a b 1.68811 2 0
0 0 -64.1483 0 3.64308 a b 1.68849 2 0
0 0 -64.0908 0 3.64004 a b 1.68541 2 0
0 0 -64.0377 0 3.63536 a b 1.68205 2 0
0 0 -63.976 0 3.62473 a b 1.68087 2 0
0 0 -63.9156 0 3.61859 a b 1.68169 2 0
0 0 -63.8587 0 3.61691 a b 1.68254 2 0
0 0 -63.7982 0 3.61368 a b 1.67967 2 0
0 0 -63.7404 0 3.60544 a b 1.67519 2 0
0 0 -63.6787 0 3.59646 a b 1.67363 2 0
0 0 -63.6147 0 3.58572 a b 1.67456 2 0
0 0 -63.5584 0 3.58187 a b 1.67487 2 0
0 0 -63.5104 0 3.57987 a b 1.67305 2 0
0 0 -63.4573 0 3.57668 a b 1.66878 2 0
0 0 -63.402 0 3.57199 a b 1.6629 2 0
0 0 -63.3474 0 3.5636 a b 1.65622 2 0
0 0 -63.2852 0 3.55799 a b 1.65041 2 0
0 0 -63.2304 0 3.55374 a b 1.64444 2 0
0 0 -63.1729 0 3.55142 a b 1.6365 2 0
0 0 -63.1139 0 3.54927 a b 1.62904 2 0
0 0 -63.0559 0 3.54535 a b 1.62226 2 0
0 0 -62.9981 0 3.5425 a b 1.61595 2 0
0 0 -62.9393 0 3.54101 a b 1.61118 2 0
0 0 -62.8785 0 3.53914 a b 1.60845 2 0
0 0 -62.8193 0 3.53516 a b 1.60789 2 0
0 0 -62.76 0 3.53075 a b 1.61163 2 0
0 0 -62.7 0 3.532 a b 1.61325 2 0
0 0 -62.6388 0 3.53139 a b 1.6125 2 0
0 0 -62.5783 0 3.53055 a b 1.61313 2 0
0 0 -62.5172 0 3.52865 a b 1.61426 2 0
0 0 -62.4555 0 3.52464 a b 1.61335 2 0
0 0 -62.3961 0 3.52526 a b 1.61345 2 0
0 0 -62.3347 0 3.52423 a b 1.61463 2 0
0 0 -62.2774 0 3.52016 a b 1.61737 2 0
0 0 -62.2165 0 3.51992 a b 1.61752 2 0
0 0 -62.1618 0 3.51585 a b 1.61812 2 0
0 0 -62.1053 0 3.51555 a b 1.62056 2 0
0 0 -62.0428 0 3.51178 a b 1.62319 2 0
0 0 -61.9881 0 3.51045 a b 1.62361 2 0
0 0 -61.9326 0 3.50789 a b 1.62475 2 0
0 0 -61.8721 0 3.50502 a b 1.62636 2 0
0 0 -61.8205 0 3.50406 a b 1.62837 2 0
0 0 -61.7658 0 3.50047 a b 1.63002 2 0
0 0 -61.7051 0 3.49897 a b 1.62907 2 0
0 0 -61.6524 0 3.49793 a b 1.63012 2 0
0 0 -61.5936 0 3.49544 a b 1.63254 2 0
0 0 -61.5335 0 3.49146 a b 1.63252 2 0
0 0 -61.4751 0 3.48834 a b 1.63124 2 0
0 0 -61.4168 0 3.48914 a b 1.63187 2 0
0 0 -61.3595 0 3.48681 a b 1.63323 2 0
0 0 -61.2966 0 3.47967 a b 1.63626 2 0
0 0 -61.2369 0 3.47672 a b 1.6384 2 0
0 0 -61.1825 0 3.47119 a b 1.64028 2 0
0 0 -61.123 0 3.46696 a b 1.64218 2 0
0 0 -61.0606 0 3.46448 a b 1.64268 2 0
0 0 -61.0003 0 3.45962 a b 1.64523 2 0
0 0 -60.9423 0 3.45275 a b 1.64585 2 0
0 0 -60.8846 0 3.45002 a b 1.64735 2 0
0 0 -60.8247 0 3.44753 a b 1.64691 2 0
0 0 -60.7737 0 3.44623 a b 1.64657 2 0
0 0 -60.7135 0 3.44324 a b 1.64953 2 0
0 0 -60.6531 0 3.43335 a b 1.64839 2 0
0 0 -60.5988 0 3.43233 a b 1.64279 2 0
0 0 -60.5475 0 3.42843 a b 1.64015 2 0
0 0 -60.4909 0 3.42501 a b 1.63947 2 0
0 0 -60.4366 0 3.41659 a b 1.64006 2 0
0 0 -60.3867 0 3.41095 a b 1.63714 2 0
0 0 -60.334 0 3.40431 a b 1.63187 2 0
0 0 -60.2835 0 3.40012 a b 1.62392 2 0
0 0 -60.2325 0 3.3969 a b 1.61608 2 0
0 0 -60.1764 0 3.39551 a b 1.60621 2 0
0 0 -60.1179 0 3.39671 a b 1.59862 2 0
0 0 -60.0586 0 3.39657 a b 1.59323 2 0
0 0 -59.9979 0 3.39828 a b 1.5879 2 0
0 0 -59.9396 0 3.39856 a b 1.58397 2 0
0 0 -59.889 0 3.40019 a b 1.58224 2 0
0 0 -59.8328 0 3.39967 a b 1.58199 2 0
0 0 -59.7797 0 3.39766 a b 1.58272 2 0
0 0 -59.7154 0 3.3947 a b 1.58343 2 0
0 0 -59.6448 0 3.39201 a b 1.58305 2 0
0 0 -59.5837 0 3.39388 a b 1.58328 2 0
0 0 -59.5226 0 3.39496 a b 1.5846 2 0
0 0 -59.4625 0 3.39429 a b 1.58483 2 0
0 0 -59.4071 0 3.39494 a b 1.58578 2 0
0 0 -59.3425 0 3.39415 a b 1.58546 2 0
0 0 -59.2854 0 3.39395 a b 1.58653 2 0
0 0 -59.2265 0 3.39388 a b 1.58673 2 0
0 0 -59.1695 0 3.39379 a b 1.58707 2 0
0 0 -59.115 0 3.39305 a b 1.58818 2 0
0 0 -59.0589 0 3.39328 a b 1.58879 2 0
0 0 -59.001 0 3.39397 a b 1.58979 2 0
0 0 -58.9351 0 3.39274 a b 1.59129 2 0
0 0 -58.8702 0 3.39224 a b 1.59177 2 0
0 0 -58.8102 0 3.3882 a b 1.59229 2 0
0 0 -58.7539 0 3.39158 a b 1.59345 2 0
0 0 -58.694 0 3.38968 a b 1.59246 2 0
0 0 -58.642 0 3.39015 a b 1.59339 2 0
0 0 -58.586 0 3.3857 a b 1.59406 2 0
0 0 -58.5314 0 3.38613 a b 1.59294 2 0
0 0 -58.4763 0 3.3859 a b 1.5952 2 0
0 0 -58.4248 0 3.38099 a b 1.59612 2 0
0 0 -58.3683 0 3.37978 a b 1.59704 2 0
0 0 -58.3157 0 3.37697 a b 1.59833 2 0
0 0 -58.2589 0 3.3768 a b 1.60043 2 0
0 0 -58.1969 0 3.37598 a b 1.60184 2 0
0 0 -58.1379 0 3.37282 a b 1.60303 2 0
0 0 -58.08 0 3.37265 a b 1.60383 2 0
0 0 -58.0214 0 3.37002 a b 1.60391 2 0
0 0 -57.9651 0 3.3701 a b 1.60361 2 0
0 0 -57.9051 0 3.36775 a b 1.60482 2 0
0 0 -57.8467 0 3.36547 a b 1.60631 2 0
0 0 -57.7926 0 3.36442 a b 1.6064 2 0
0 0 -57.7383 0 3.36427 a b 1.60294 2 0
0 0 -57.6807 0 3.36358 a b 1.59977 2 0
0 0 -57.627 0 3.36233 a b 1.59848 2 0
0 0 -57.5664 0 3.36158 a b 1.59825 2 0
0 0 -57.5031 0 3.35885 a b 1.59694 2 0
0 0 -57.4427 0 3.35651 a b 1.59673 2 0
0 0 -57.3866 0 3.35463 a b 1.59435 2 0
0 0 -57.3236 0 3.35108 a b 1.59365 2 0
0 0 -57.2665 0 3.34833 a b 1.59457 2 0
0 0 -57.2018 0 3.34896 a b 1.59582 2 0
0 0 -57.1392 0 3.34921 a b 1.59626 2 0
0 0 -57.0757 0 3.34504 a b 1.59656 2 0
0 0 -57.0166 0 3.34352 a b 1.5968 2 0
0 0 -56.9581 0 3.3412 a b 1.59822 2 0
0 0 -56.9015 0 3.34058 a b 1.59962 2 0
0 0 -56.842 0 3.3433 a b 1.59987 2 0
0 0 -56.7793 0 3.34138 a b 1.59987 2 0
0 0 -56.7118 0 3.34006 a b 1.60015 2 0
0 0 -56.6452 0 3.33951 a b 1.6012 2 0
0 0 -56.588 0 3.33934 a b 1.60179 2 0
0 0 -56.5368 0 3.33809 a b 1.6026 2 0
0 0 -56.4783 0 3.33662 a b 1.60481 2 0
0 0 -56.4166 0 3.33618 a b 1.60724 2 0
0 0 -56.3587 0 3.33468 a b 1.60753 2 0
0 0 -56.2983 0 3.33388 a b 1.60623 2 0
0 0 -56.2371 0 3.33038 a b 1.60471 2 0
0 0 -56.1814 0 3.33083 a b 1.60608 2 0
0 0 -56.1289 0 3.32962 a b 1.60837 2 0
0 0 -56.0744 0 3.32783 a b 1.60936 2 0
0 0 -56.015 0 3.32556 a b 1.61034 2 0
0 0 -55.9546 0 3.32616 a b 1.6095 2 0
0 0 -55.8994 0 3.32407 a b 1.61006 2 0
0 0 -55.8438 0 3.32091 a b 1.61284 2 0
0 0 -55.7867 0 3.31997 a b 1.61462 2 0
0 0 -55.7297 0 3.31653 a b 1.61627 2 0
0 0 -55.6767 0 3.31493 a b 1.61658 2 0
0 0 -55.6163 0 3.31287 a b 1.61741 2 0
0 0 -55.5593 0 3.31001 a b 1.61763 2 0
0 0 -55.5079 0 3.30769 a b 1.61888 2 0
0 0 -55.4555 0 3.30512 a b 1.61806 2 0
0 0 -55.4125 0 3.30439 a b 1.61736 2 0
0 0 -55.354 0 3.30103 a b 1.61915 2 0
0 0 -55.2935 0 3.29908 a b 1.61984 2 0
0 0 -55.233 0 3.29686 a b 1.62075 2 0
0 0 -55.1724 0 3.29406 a b 1.6199 2 0
0 0 -55.1251 0 3.29228 a b 1.62025 2 0
0 0 -55.069 0 3.28886 a b 1.6224 2 0
0 0 -55.0075 0 3.2869 a b 1.62386 2 0
0 0 -54.9481 0 3.28408 a b 1.62387 2 0
0 0 -54.8894 0 3.28155 a b 1.624 2 0
0 0 -54.8335 0 3.27735 a b 1.62565 2 0
0 0 -54.7738 0 3.27672 a b 1.62592 2 0
0 0 -54.7114 0 3.27196 a b 1.6268 2 0
0 0 -54.6474 0 3.2701 a b 1.62716 2 0
0 0 -54.59 0 3.26593 a b 1.62818 2 0
0 0 -54.529 0 3.26126 a b 1.62836 2 0
0 0 -54.4703 0 3.26106 a b 1.62886 2 0
0 0 -54.4062 0 3.2572 a b 1.6302 2 0
0 0 -54.3482 0 3.25362 a b 1.62987 2 0
0 0 -54.3008 0 3.25217 a b 1.63186 2 0
0 0 -54.2561 0 3.24567 a b 1.63306 2 0
0 0 -54.199 0 3.24284 a b 1.63236 2 0
0 0 -54.1314 0 3.23919 a b 1.63376 2 0
0 0 -54.066 0 3.23529 a b 1.63537 2 0
0 0 -54.0096 0 3.23103 a b 1.63641 2 0
0 0 -53.9593 0 3.23106 a b 1.63685 2 0
0 0 -53.8985 0 3.22313 a b 1.63548 2 0
0 0 -53.8358 0 3.22357 a b 1.63545 2 0
0 0 -53.7735 0 3.21899 a b 1.63714 2 0
0 0 -53.7239 0 3.21477 a b 1.63663 2 0
0 0 -53.6779 0 3.21315 a b 1.63611 2 0
0 0 -53.6237 0 3.21005 a b 1.63628 2 0
0 0 -53.5577 0 3.20689 a b 1.63612 2 0
0 0 -53.4901 0 3.20088 a b 1.63829 2 0
0 0 -53.4277 0 3.19635 a b 1.63733 2 0
0 0 -53.3666 0 3.19473 a b 1.63806 2 0
0 0 -53.31 0 3.18952 a b 1.64053 2 0
0 0 -53.263 0 3.18488 a b 1.64189 2 0
0 0 -53.2072 0 3.18236 a b 1.64068 2 0
0 0 -53.1472 0 3.17706 a b 1.64055 2 0
0 0 -53.0874 0 3.17438 a b 1.63981 2 0
0 0 -53.03 0 3.17104 a b 1.64152 2 0
0 0 -52.977 0 3.16672 a b 1.64241 2 0
0 0 -52.9161 0 3.16516 a b 1.64234 2 0
0 0 -52.8577 0 3.16198 a b 1.64342 2 0
0 0 -52.796 0 3.15747 a b 1.64429 2 0
0 0 -52.7342 0 3.15409 a b 1.64605 2 0
0 0 -52.6784 0 3.15114 a b 1.64703 2 0
0 0 -52.6172 0 3.14638 a b 1.64738 2 0
0 0 -52.5584 0 3.14265 a b 1.64747 2 0
0 0 -52.4974 0 3.13863 a b 1.64875 2 0
0 0 -52.4411 0 3.13373 a b 1.64959 2 0
0 0 -52.3878 0 3.12861 a b 1.65003 2 0
0 0 -52.3358 0 3.12409 a b 1.64932 2 0
0 0 -52.2794 0 3.12111 a b 1.64787 2 0
0 0 -52.2208 0 3.11815 a b 1.64796 2 0
0 0 -52.1609 0 3.11516 a b 1.64803 2 0
0 0 -52.1031 0 3.11145 a b 1.64878 2 0
0 0 -52.0439 0 3.1042 a b 1.64962 2 0
0 0 -51.9878 0 3.10177 a b 1.6501 2 0
0 0 -51.9311 0 3.0965 a b 1.65038 2 0
0 0 -51.8731 0 3.09146 a b 1.6496 2 0
0 0 -51.8174 0 3.08718 a b 1.65016 2 0
0 0 -51.7622 0 3.08121 a b 1.65272 2 0
0 0 -51.7069 0 3.0773 a b 1.65222 2 0
0 0 -51.6501 0 3.07234 a b 1.64959 2 0
0 0 -51.596 0 3.06953 a b 1.64788 2 0
0 0 -51.5392 0 3.06658 a b 1.64799 2 0
0 0 -51.482 0 3.06513 a b 1.64977 2 0
0 0 -51.4244 0 3.06296 a b 1.65142 2 0
0 0 -51.3676 0 3.05997 a b 1.65149 2 0
0 0 -51.3106 0 3.05443 a b 1.6511 2 0
0 0 -51.2494 0 3.04977 a b 1.64987 2 0
0 0 -51.1931 0 3.04652 a b 1.64941 2 0
0 0 -51.1381 0 3.04465 a b 1.64825 2 0
0 0 -51.0768 0 3.04186 a b 1.64488 2 0
0 0 -51.0173 0 3.0376 a b 1.64279 2 0
0 0 -50.9573 0 3.03385 a b 1.64177 2 0
0 0 -50.9039 0 3.03536 a b 1.64007 2 0
0 0 -50.8472 0 3.03284 a b 1.63467 2 0
0 0 -50.7889 0 3.02968 a b 1.62782 2 0
0 0 -50.734 0 3.02526 a b 1.6248 2 0
0 0 -50.678 0 3.02547 a b 1.62215 2 0
0 0 -50.6229 0 3.02774 a b 1.61758 2 0
0 0 -50.5682 0 3.03133 a b 1.60988 2 0
0 0 -50.5166 0 3.02965 a b 1.59944 2 0
0 0 -50.46 0 3.02354 a b 1.59231 2 0
0 0 -50.4038 0 3.02296 a b 1.5865 2 0
0 0 -50.345 0 3.0268 a b 1.57687 2 0
0 0 -50.2825 0 3.02459 a b 1.56322 2 0
0 0 -50.2261 0 3.02042 a b 1.55575 2 0
0 0 -50.1656 0 3.01976 a b 1.55321 2 0
0 0 -50.1073 0 3.02207 a b 1.55091 2 0
0 0 -50.0539 0 3.02216 a b 1.55091 2 0
0 0 -49.9963 0 3.02269 a b 1.55108 2 0
0 0 -49.9401 0 3.02347 a b 1.553 2 0
0 0 -49.8821 0 3.02509 a b 1.55459 2 0
0 0 -49.8298 0 3.02853 a b 1.55598 2 0
0 0 -49.7752 0 3.03234 a b 1.5567 2 0
0 0 -49.7167 0 3.03319 a b 1.5579 2 0
0 0 -49.6599 0 3.03652 a b 1.56011 2 0
0 0 -49.6007 0 3.03535 a b 1.56194 2 0
0 0 -49.5376 0 3.03553 a b 1.56304 2 0
0 0 -49.481 0 3.0383 a b 1.56482 2 0
0 0 -49.4252 0 3.03903 a b 1.56682 2 0
0 0 -49.3675 0 3.04028 a b 1.5679 2 0
0 0 -49.3077 0 3.04251 a b 1.56904 2 0
0 0 -49.2445 0 3.04499 a b 1.57099 2 0
0 0 -49.1835 0 3.04633 a b 1.57238 2 0
0 0 -49.1218 0 3.04599 a b 1.57324 2 0
0 0 -49.0654 0 3.04613 a b 1.57409 2 0
0 0 -49.0084 0 3.04895 a b 1.57551 2 0
0 0 -48.9584 0 3.04952 a b 1.57567 2 0
0 0 -48.9039 0 3.04812 a b 1.5778 2 0
0 0 -48.8378 0 3.04709 a b 1.57926 2 0
0 0 -48.7765 0 3.04593 a b 1.57949 2 0
0 0 -48.7168 0 3.04552 a b 1.58099 2 0
0 0 -48.6568 0 3.04666 a b 1.58283 2 0
0 0 -48.5951 0 3.04606 a b 1.58587 2 0
0 0 -48.5333 0 3.04794 a b 1.58639 2 0
0 0 -48.4737 0 3.04745 a b 1.58594 2 0
0 0 -48.421 0 3.04874 a b 1.58761 2 0
0 0 -48.3672 0 3.04836 a b 1.59054 2 0
0 0 -48.3104 0 3.04972 a b 1.5914 2 0
0 0 -48.2498 0 3.05062 a b 1.59181 2 0
0 0 -48.1896 0 3.05322 a b 1.59234 2 0
0 0 -48.133 0 3.0507 a b 1.59357 2 0
0 0 -48.0744 0 3.04692 a b 1.59672 2 0
0 0 -48.0151 0 3.04595 a b 1.59722 2 0
0 0 -47.9589 0 3.04642 a b 1.59889 2 0
0 0 -47.9058 0 3.0459 a b 1.59955 2 0
0 0 -47.8454 0 3.04588 a b 1.60314 2 0
0 0 -47.7916 0 3.04578 a b 1.60603 2 0
0 0 -47.739 0 3.04402 a b 1.60729 2 0
0 0 -47.6799 0 3.04227 a b 1.60872 2 0
0 0 -47.6224 0 3.04277 a b 1.60996 2 0
0 0 -47.5637 0 3.04069 a b 1.6126 2 0
0 0 -47.5078 0 3.04291 a b 1.6112 2 0
0 0 -47.4533 0 3.04351 a b 1.6086 2 0
0 0 -47.396 0 3.04408 a b 1.60964 2 0
0 0 -47.3357 0 3.04071 a b 1.61487 2 0
0 0 -47.2748 0 3.02895 a b 1.61278 2 0
0 0 -47.214 0 3.02355 a b 1.60572 2 0
0 0 -47.1513 0 3.02882 a b 1.59913 2 0
0 0 -47.087 0 3.03136 a b 1.60058 2 0
0 0 -47.0244 0 3.02769 a b 1.60567 2 0
0 0 -46.9721 0 3.02072 a b 1.60435 2 0
0 0 -46.9135 0 3.02074 a b 1.59525 2 0
0 0 -46.8592 0 3.02569 a b 1.59414 2 0
0 0 -46.8107 0 3.0227 a b 1.59424 2 0
0 0 -46.7588 0 3.02016 a b 1.59057 2 0
0 0 -46.6979 0 3.01912 a b 1.58578 2 0
0 0 -46.6397 0 3.02409 a b 1.58274 2 0
0 0 -46.5888 0 3.02606 a b 1.58461 2 0
0 0 -46.5411 0 3.02489 a b 1.58642 2 0
0 0 -46.4946 0 3.02561 a b 1.58903 2 0
0 0 -46.4408 0 3.02447 a b 1.59254 2 0
0 0 -46.3825 0 3.02329 a b 1.59443 2 0
0 0 -46.3201 0 3.02267 a b 1.59616 2 0
0 0 -46.2616 0 3.01959 a b 1.59884 2 0
0 0 -46.2033 0 3.01784 a b 1.60071 2 0
0 0 -46.137 0 3.01937 a b 1.59993 2 0
0 0 -46.0711 0 3.02063 a b 1.60177 2 0
0 0 -46.0065 0 3.02087 a b 1.60938 2 0
0 0 -45.9381 0 3.01895 a b 1.61692 2 0
0 0 -45.8687 0 3.01534 a b 1.62122 2 0
0 0 -45.8079 0 3.00455 a b 1.6233 2 0
0 0 -45.7375 0 2.98818 a b 1.62642 2 0
0 0 -45.6447 0 2.97903 a b 1.63876 2 0
0 0 -45.5605 0 2.97836 a b 1.65625 2 0
0 0 -45.4788 0 2.99036 a b 1.65562 2 0
0 0 -45.4119 0 2.98021 a b 1.65446 2 0
0 0 -45.3692 0 2.97109 a b 1.66128 2 0
0 0 -45.3337 0 2.97351 a b 1.66825 2 0
0 0 -45.2946 0 2.97979 a b 1.66612 2 0
0 0 -45.2505 0 2.96955 a b 1.66435 2 0
0 0 -45.2007 0 2.96016 a b 1.67853 2 0
0 0 -45.1404 0 2.95222 a b 1.68172 2 0
0 0 -45.1008 0 2.93356 a b 1.67194 2 0
0 0 -45.1214 0 2.92653 a b 1.68268 2 0
0 0 -45.1673 0 2.93911 a b 1.69362 2 0
0 0 -45.2159 0 2.93734 a b 1.6847 2 0
0 0 -45.1774 0 2.93879 a b 1.67792 2 0
0 0 -45.1173 0 2.94479 a b 1.68249 2 0
0 0 -45.0467 0 2.9408 a b 1.69265 2 0
0 0 -44.9602 0 2.93272 a b 1.69298 2 0
0 0 -44.8628 0 2.92224 a b 1.68554 2 0
0 0 -44.7562 0 2.90852 a b 1.68413 2 0
0 0 -44.6621 0 2.8981 a b 1.69024 2 0
0 0 -44.579 0 2.88722 a b 1.69361 2 0
0 0 -44.5099 0 2.88434 a b 1.69572 2 0
0 0 -44.4411 0 2.87897 a b 1.69664 2 0
0 0 -44.3782 0 2.87699 a b 1.69487 2 0
0 0 -44.3128 0 2.87434 a b 1.69365 2 0
0 0 -44.2535 0 2.86665 a b 1.69338 2 0
0 0 -44.1967 0 2.85967 a b 1.69584 2 0
0 0 -44.1428 0 2.85376 a b 1.69496 2 0
0 0 -44.079 0 2.8482 a b 1.69362 2 0
0 0 -44.0247 0 2.84089 a b 1.69321 2 0
0 0 -43.9687 0 2.83537 a b 1.69376 2 0
0 0 -43.9065 0 2.83214 a b 1.69318 2 0
0 0 -43.8508 0 2.82621 a b 1.69038 2 0
0 0 -43.7964 0 2.81791 a b 1.68941 2 0
0 0 -43.7414 0 2.81336 a b 1.68895 2 0
0 0 -43.6832 0 2.81009 a b 1.68899 2 0
0 0 -43.6288 0 2.80688 a b 1.68787 2 0
0 0 -43.5663 0 2.80378 a b 1.68491 2 0
0 0 -43.5131 0 2.79722 a b 1.68264 2 0
0 0 -43.4525 0 2.7877 a b 1.68256 2 0
0 0 -43.389 0 2.78477 a b 1.68146 2 0
0 0 -43.3295 0 2.77903 a b 1.67885 2 0
0 0 -43.2682 0 2.77291 a b 1.67472 2 0
0 0 -43.2118 0 2.76616 a b 1.67206 2 0
0 0 -43.1486 0 2.76347 a b 1.67159 2 0
0 0 -43.0866 0 2.75831 a b 1.66999 2 0
0 0 -43.0199 0 2.75702 a b 1.66598 2 0
0 0 -42.9582 0 2.75282 a b 1.6601 2 0
0 0 -42.9046 0 2.74896 a b 1.65233 2 0
0 0 -42.8519 0 2.74237 a b 1.6475 2 0
0 0 -42.7945 0 2.73853 a b 1.64331 2 0
0 0 -42.738 0 2.73644 a b 1.63709 2 0
0 0 -42.6816 0 2.7349 a b 1.62778 2 0
0 0 -42.6292 0 2.72983 a b 1.61833 2 0
0 0 -42.5665 0 2.7262 a b 1.61115 2 0
0 0 -42.5041 0 2.72312 a b 1.60031 2 0
0 0 -42.4431 0 2.72261 a b 1.58797 2 0
0 0 -42.3849 0 2.72212 a b 1.57886 2 0
0 0 -42.3294 0 2.72492 a b 1.57485 2 0
0 0 -42.2754 0 2.72588 a b 1.57282 2 0
0 0 -42.2232 0 2.72991 a b 1.5719 2 0
0 0 -42.16 0 2.72978 a b 1.57587 2 0
0 0 -42.0985 0 2.72913 a b 1.57796 2 0
0 0 -42.0436 0 2.73193 a b 1.58018 2 0
0 0 -41.9845 0 2.73195 a b 1.5829 2 0
0 0 -41.9271 0 2.7346 a b 1.58441 2 0
0 0 -41.8696 0 2.73578 a b 1.58701 2 0
0 0 -41.8126 0 2.73502 a b 1.59023 2 0
0 0 -41.7571 0 2.73077 a b 1.59306 2 0
0 0 -41.701 0 2.73073 a b 1.59587 2 0
0 0 -41.644 0 2.72983 a b 1.59926 2 0
0 0 -41.5834 0 2.73296 a b 1.60032 2 0
0 0 -41.5265 0 2.73559 a b 1.60304 2 0
0 0 -41.4693 0 2.73353 a b 1.60496 2 0
0 0 -41.4185 0 2.73198 a b 1.60565 2 0
0 0 -41.3599 0 2.73147 a b 1.60948 2 0
0 0 -41.2982 0 2.72787 a b 1.61203 2 0
0 0 -41.2403 0 2.72725 a b 1.61373 2 0
0 0 -41.193 0 2.72782 a b 1.61458 2 0
0 0 -41.1422 0 2.73024 a b 1.6174 2 0
0 0 -41.0798 0 2.72733 a b 1.62054 2 0
0 0 -41.0186 0 2.72667 a b 1.6244 2 0
0 0 -40.9542 0 2.72171 a b 1.62742 2 0
0 0 -40.8945 0 2.72207 a b 1.63327 2 0
0 0 -40.8303 0 2.72339 a b 1.64192 2 0
0 0 -40.7636 0 2.71738 a b 1.64964 2 0
0 0 -40.6966 0 2.71209 a b 1.65516 2 0
0 0 -40.6361 0 2.71166 a b 1.66386 2 0
0 0 -40.58 0 2.70557 a b 1.67319 2 0
0 0 -40.5244 0 2.70163 a b 1.67843 2 0
0 0 -40.474 0 2.69908 a b 1.68311 2 0
0 0 -40.4263 0 2.69777 a b 1.68896 2 0
0 0 -40.373 0 2.69316 a b 1.69382 2 0
0 0 -40.3094 0 2.68372 a b 1.70142 2 0
0 0 -40.2411 0 2.67354 a b 1.70857 2 0
0 0 -40.1855 0 2.67138 a b 1.71504 2 0
0 0 -40.1451 0 2.67366 a b 1.72461 2 0
0 0 -40.0867 0 2.66725 a b 1.74196 2 0
0 0 -40.0188 0 2.64495 a b 1.75404 2 0
0 0 -39.961 0 2.63232 a b 1.75543 2 0
0 0 -39.9065 0 2.62344 a b 1.75603 2 0
0 0 -39.8465 0 2.61532 a b 1.75559 2 0
0 0 -39.7914 0 2.60359 a b 1.75543 2 0
0 0 -39.7258 0 2.59162 a b 1.75412 2 0
0 0 -39.6677 0 2.58365 a b 1.75411 2 0
0 0 -39.6092 0 2.57366 a b 1.75601 2 0
0 0 -39.5548 0 2.55659 a b 1.75485 2 0
0 0 -39.4996 0 2.54524 a b 1.74767 2 0
0 0 -39.4392 0 2.53985 a b 1.74229 2 0
0 0 -39.3759 0 2.53411 a b 1.74246 2 0
0 0 -39.3218 0 2.52476 a b 1.7417 2 0
0 0 -39.2756 0 2.51545 a b 1.7354 2 0
0 0 -39.2303 0 2.50703 a b 1.72441 2 0
0 0 -39.1754 0 2.49488 a b 1.70589 2 0
0 0 -39.1149 0 2.48822 a b 1.68642 2 0
0 0 -39.0611 0 2.48722 a b 1.67571 2 0
0 0 -39.0168 0 2.48473 a b 1.65825 2 0
0 0 -38.9541 0 2.47725 a b 1.63501 2 0
0 0 -38.8708 0 2.47052 a b 1.62168 2 0
0 0 -38.8082 0 2.46999 a b 1.62026 2 0
0 0 -38.7445 0 2.46658 a b 1.62332 2 0
0 0 -38.6855 0 2.46274 a b 1.62775 2 0
0 0 -38.6213 0 2.46096 a b 1.6301 2 0
0 0 -38.5636 0 2.45611 a b 1.63147 2 0
0 0 -38.5022 0 2.45452 a b 1.63713 2 0
0 0 -38.4489 0 2.45439 a b 1.64024 2 0
0 0 -38.3942 0 2.45404 a b 1.64166 2 0
0 0 -38.3364 0 2.45417 a b 1.64265 2 0
0 0 -38.276 0 2.44827 a b 1.6444 2 0
0 0 -38.2207 0 2.45067 a b 1.64497 2 0
0 0 -38.1679 0 2.45079 a b 1.64687 2 0
0 0 -38.1118 0 2.44735 a b 1.64973 2 0
0 0 -38.0558 0 2.44342 a b 1.65063 2 0
0 0 -38.0002 0 2.44216 a b 1.65243 2 0
0 0 -37.9435 0 2.43961 a b 1.6541 2 0
0 0 -37.8826 0 2.4371 a b 1.65512 2 0
0 0 -37.82 0 2.43202 a b 1.6556 2 0
0 0 -37.7526 0 2.42478 a b 1.65857 2 0
0 0 -37.6906 0 2.4196 a b 1.66193 2 0
0 0 -37.6321 0 2.41821 a b 1.66426 2 0
0 0 -37.5751 0 2.41474 a b 1.66622 2 0
0 0 -37.5142 0 2.41421 a b 1.66584 2 0
0 0 -37.4582 0 2.41004 a b 1.6652 2 0
0 0 -37.3948 0 2.40677 a b 1.66419 2 0
0 0 -37.3349 0 2.39995 a b 1.66493 2 0
0 0 -37.2807 0 2.40061 a b 1.66634 2 0
0 0 -37.2224 0 2.39492 a b 1.66612 2 0
0 0 -37.1595 0 2.39024 a b 1.6666 2 0
0 0 -37.1002 0 2.38758 a b 1.66875 2 0
0 0 -37.043 0 2.38298 a b 1.67167 2 0
0 0 -36.9829 0 2.37902 a b 1.67254 2 0
0 0 -36.9249 0 2.37258 a b 1.6729 2 0
0 0 -36.8689 0 2.36965 a b 1.67528 2 0
0 0 -36.8138 0 2.36682 a b 1.67854 2 0
0 0 -36.7609 0 2.36274 a b 1.6775 2 0
0 0 -36.7064 0 2.35986 a b 1.67414 2 0
0 0 -36.6482 0 2.35333 a b 1.67552 2 0
0 0 -36.5852 0 2.34981 a b 1.67907 2 0
0 0 -36.5318 0 2.3493 a b 1.68102 2 0
0 0 -36.473 0 2.34507 a b 1.67927 2 0
0 0 -36.4154 0 2.33868 a b 1.67776 2 0
0 0 -36.3543 0 2.3308 a b 1.67947 2 0
0 0 -36.2972 0 2.32928 a b 1.68152 2 0
0 0 -36.2375 0 2.32801 a b 1.68065 2 0
0 0 -36.178 0 2.32153 a b 1.67792 2 0
0 0 -36.1197 0 2.31552 a b 1.67777 2 0
0 0 -36.0582 0 2.31071 a b 1.67967 2 0
0 0 -35.9915 0 2.31163 a b 1.67864 2 0
0 0 -35.929 0 2.31063 a b 1.67081 2 0
0 0 -35.8731 0 2.30746 a b 1.66288 2 0
0 0 -35.8145 0 2.30106 a b 1.65758 2 0
0 0 -35.7491 0 2.29623 a b 1.65649 2 0
0 0 -35.6888 0 2.2938 a b 1.65175 2 0
0 0 -35.6315 0 2.28972 a b 1.64098 2 0
0 0 -35.5746 0 2.28404 a b 1.63195 2 0
0 0 -35.5176 0 2.27912 a b 1.62341 2 0
0 0 -35.4577 0 2.27734 a b 1.60967 2 0
0 0 -35.4027 0 2.27523 a b 1.59673 2 0
0 0 -35.3432 0 2.2742 a b 1.59181 2 0
0 0 -35.2865 0 2.27411 a b 1.58626 2 0
0 0 -35.2333 0 2.27348 a b 1.58257 2 0
0 0 -35.1745 0 2.27382 a b 1.57891 2 0
0 0 -35.119 0 2.27733 a b 1.57575 2 0
0 0 -35.0656 0 2.27504 a b 1.57394 2 0
0 0 -35.0071 0 2.27862 a b 1.57301 2 0
0 0 -34.9515 0 2.27863 a b 1.57355 2 0
0 0 -34.8927 0 2.28331 a b 1.57403 2 0
0 0 -34.8367 0 2.28635 a b 1.57467 2 0
0 0 -34.7813 0 2.28862 a b 1.57825 2 0
0 0 -34.7265 0 2.28626 a b 1.58118 2 0
0 0 -34.6732 0 2.28681 a b 1.58368 2 0
0 0 -34.6157 0 2.28672 a b 1.58678 2 0
0 0 -34.5634 0 2.29071 a b 1.58818 2 0
0 0 -34.5042 0 2.28933 a b 1.59003 2 0
0 0 -34.4485 0 2.29139 a b 1.59136 2 0
0 0 -34.3925 0 2.29162 a b 1.59263 2 0
0 0 -34.3285 0 2.2942 a b 1.59447 2 0
0 0 -34.2681 0 2.29005 a b 1.59646 2 0
0 0 -34.2101 0 2.29139 a b 1.59661 2 0
0 0 -34.1528 0 2.2951 a b 1.59644 2 0
0 0 -34.0961 0 2.29868 a b 1.59819 2 0
0 0 -34.034 0 2.29893 a b 1.60256 2 0
0 0 -33.9643 0 2.29315 a b 1.60606 2 0
0 0 -33.9054 0 2.29011 a b 1.60698 2 0
0 0 -33.8492 0 2.28838 a b 1.60736 2 0
0 0 -33.7882 0 2.28744 a b 1.60963 2 0
0 0 -33.7352 0 2.29079 a b 1.61145 2 0
0 0 -33.6799 0 2.29224 a b 1.61472 2 0
0 0 -33.6183 0 2.28729 a b 1.61512 2 0
0 0 -33.5663 0 2.28899 a b 1.61199 2 0
0 0 -33.5064 0 2.29107 a b 1.61261 2 0
0 0 -33.4509 0 2.28996 a b 1.61453 2 0
0 0 -33.3957 0 2.28838 a b 1.61506 2 0
0 0 -33.3368 0 2.28175 a b 1.61361 2 0
0 0 -33.2789 0 2.2832 a b 1.61293 2 0
0 0 -33.2263 0 2.28971 a b 1.61542 2 0
0 0 -33.1721 0 2.2929 a b 1.61838 2 0
0 0 -33.1069 0 2.28606 a b 1.62067 2 0
0 0 -33.0422 0 2.27998 a b 1.62265 2 0
0 0 -32.9838 0 2.27758 a b 1.62256 2 0
0 0 -32.9241 0 2.27658 a b 1.62388 2 0
0 0 -32.8638 0 2.27475 a b 1.62448 2 0
0 0 -32.7982 0 2.26997 a b 1.62525 2 0
0 0 -32.7437 0 2.27296 a b 1.6257 2 0
0 0 -32.6847 0 2.26568 a b 1.6273 2 0
0 0 -32.6244 0 2.2616 a b 1.62669 2 0
0 0 -32.5667 0 2.2618 a b 1.62736 2 0
0 0 -32.5101 0 2.26027 a b 1.62767 2 0
0 0 -32.4535 0 2.26157 a b 1.62745 2 0
0 0 -32.3978 0 2.25811 a b 1.62805 2 0
0 0 -32.3388 0 2.2543 a b 1.62947 2 0
0 0 -32.2891 0 2.2525 a b 1.62897 2 0
0 0 -32.231 0 2.25033 a b 1.63006 2 0
0 0 -32.1783 0 2.24564 a b 1.63044 2 0
0 0 -32.1215 0 2.24334 a b 1.62998 2 0
0 0 -32.0648 0 2.2446 a b 1.63142 2 0
0 0 -32.0066 0 2.24595 a b 1.63141 2 0
0 0 -31.9451 0 2.24238 a b 1.63161 2 0
0 0 -31.8917 0 2.24428 a b 1.63181 2 0
0 0 -31.8286 0 2.24145 a b 1.63417 2 0
0 0 -31.7669 0 2.23406 a b 1.63434 2 0
0 0 -31.699 0 2.23055 a b 1.63474 2 0
0 0 -31.6346 0 2.22892 a b 1.63542 2 0
0 0 -31.5734 0 2.22836 a b 1.63632 2 0
0 0 -31.511 0 2.22735 a b 1.63659 2 0
0 0 -31.4481 0 2.23034 a b 1.63335 2 0
0 0 -31.3867 0 2.22527 a b 1.6311 2 0
0 0 -31.3294 0 2.22014 a b 1.63054 2 0
0 0 -31.2784 0 2.22018 a b 1.62913 2 0
0 0 -31.2339 0 2.21847 a b 1.62618 2 0
0 0 -31.1845 0 2.21775 a b 1.62468 2 0
0 0 -31.1376 0 2.21691 a b 1.62297 2 0
0 0 -31.0886 0 2.2131 a b 1.62045 2 0
0 0 -31.0428 0 2.21492 a b 1.61774 2 0
0 0 -30.9908 0 2.21246 a b 1.617 2 0
0 0 -30.9456 0 2.21512 a b 1.61534 2 0
0 0 -30.9075 0 2.21414 a b 1.61235 2 0
0 0 -30.8569 0 2.20761 a b 1.60688 2 0
0 0 -30.8063 0 2.20974 a b 1.60232 2 0
0 0 -30.7559 0 2.21074 a b 1.59935 2 0
0 0 -30.7115 0 2.20903 a b 1.5959 2 0
0 0 -30.6668 0 2.21227 a b 1.5932 2 0
0 0 -30.6118 0 2.21029 a b 1.58979 2 0
0 0 -30.5637 0 2.21037 a b 1.59158 2 0
0 0 -30.5171 0 2.20998 a b 1.59163 2 0
0 0 -30.4658 0 2.21155 a b 1.59207 2 0
0 0 -30.4211 0 2.20988 a b 1.59383 2 0
0 0 -30.3685 0 2.21189 a b 1.59534 2 0
0 0 -30.3185 0 2.20824 a b 1.59634 2 0
0 0 -30.2684 0 2.20887 a b 1.59694 2 0
0 0 -30.2231 0 2.21132 a b 1.59769 2 0
0 0 -30.1799 0 2.21029 a b 1.59729 2 0
0 0 -30.1331 0 2.21053 a b 1.59861 2 0
0 0 -30.0838 0 2.20672 a b 1.60121 2 0
0 0 -30.0341 0 2.20811 a b 1.60374 2 0
0 0 -29.9855 0 2.20806 a b 1.60423 2 0
0 0 -29.9396 0 2.20494 a b 1.60366 2 0
0 0 -29.8912 0 2.20536 a b 1.60377 2 0
0 0 -29.8417 0 2.20562 a b 1.60369 2 0
0 0 -29.7931 0 2.20701 a b 1.60416 2 0
0 0 -29.7438 0 2.20715 a b 1.60433 2 0
0 0 -29.6888 0 2.20554 a b 1.60463 2 0
0 0 -29.64 0 2.20638 a b 1.60543 2 0
0 0 -29.5927 0 2.20773 a b 1.60599 2 0
0 0 -29.5449 0 2.20368 a b 1.60672 2 0
0 0 -29.4912 0 2.20451 a b 1.60579 2 0
0 0 -29.449 0 2.20642 a b 1.60803 2 0
0 0 -29.4071 0 2.20274 a b 1.60758 2 0
0 0 -29.3642 0 2.20562 a b 1.60939 2 0
0 0 -29.3154 0 2.20374 a b 1.61081 2 0
0 0 -29.2717 0 2.20386 a b 1.61197 2 0
0 0 -29.2172 0 2.20666 a b 1.61306 2 0
0 0 -29.1667 0 2.20747 a b 1.61366 2 0
0 0 -29.1188 0 2.20214 a b 1.61486 2 0
0 0 -29.0736 0 2.20282 a b 1.6155 2 0
0 0 -29.0244 0 2.19988 a b 1.61496 2 0
0 0 -28.9768 0 2.20066 a b 1.61646 2 0
0 0 -28.9276 0 2.20111 a b 1.61716 2 0
0 0 -28.8782 0 2.19929 a b 1.61785 2 0
0 0 -28.8306 0 2.19998 a b 1.61684 2 0
0 0 -28.7816 0 2.19748 a b 1.61622 2 0
0 0 -28.7333 0 2.19804 a b 1.61679 2 0
0 0 -28.683 0 2.1941 a b 1.61715 2 0
0 0 -28.6315 0 2.19939 a b 1.61865 2 0
0 0 -28.5797 0 2.19564 a b 1.61773 2 0
0 0 -28.5345 0 2.19342 a b 1.61922 2 0
0 0 -28.4878 0 2.19244 a b 1.62118 2 0
0 0 -28.4423 0 2.19096 a b 1.62205 2 0
0 0 -28.3862 0 2.18652 a b 1.62288 2 0
0 0 -28.3306 0 2.18926 a b 1.62328 2 0
0 0 -28.2842 0 2.18765 a b 1.62291 2 0
0 0 -28.239 0 2.18418 a b 1.62449 2 0
0 0 -28.1896 0 2.18238 a b 1.62505 2 0
0 0 -28.1346 0 2.18488 a b 1.62543 2 0
0 0 -28.0847 0 2.18489 a b 1.62583 2 0
0 0 -28.0389 0 2.18081 a b 1.62503 2 0
0 0 -27.9893 0 2.17951 a b 1.62529 2 0
0 0 -27.9468 0 2.17926 a b 1.6259 2 0
0 0 -27.8975 0 2.18077 a b 1.62743 2 0
0 0 -27.8417 0 2.17981 a b 1.62801 2 0
0 0 -27.7897 0 2.17831 a b 1.6278 2 0
0 0 -27.7419 0 2.17507 a b 1.62753 2 0
0 0 -27.6886 0 2.17461 a b 1.62879 2 0
0 0 -27.6386 0 2.17381 a b 1.63171 2 0
0 0 -27.5886 0 2.16793 a b 1.6323 2 0
0 0 -27.538 0 2.16509 a b 1.63262 2 0
0 0 -27.4856 0 2.16116 a b 1.6323 2 0
0 0 -27.4385 0 2.1595 a b 1.63126 2 0
0 0 -27.3903 0 2.15901 a b 1.63174 2 0
0 0 -27.3386 0 2.16163 a b 1.63267 2 0
0 0 -27.2874 0 2.15877 a b 1.63219 2 0
0 0 -27.237 0 2.1564 a b 1.6324 2 0
0 0 -27.1902 0 2.1568 a b 1.63207 2 0
0 0 -27.1375 0 2.15697 a b 1.63247 2 0
0 0 -27.1001 0 2.15431 a b 1.63218 2 0
0 0 -27.0513 0 2.15537 a b 1.63182 2 0
0 0 -27.0017 0 2.15943 a b 1.63267 2 0
0 0 -26.9546 0 2.1536 a b 1.6319 2 0
0 0 -26.9022 0 2.15306 a b 1.63216 2 0
0 0 -26.8558 0 2.15138 a b 1.63348 2 0
0 0 -26.8096 0 2.14792 a b 1.63478 2 0
0 0 -26.759 0 2.14108 a b 1.63599 2 0
0 0 -26.7149 0 2.1402 a b 1.63555 2 0
0 0 -26.6666 0 2.13622 a b 1.63598 2 0
0 0 -26.6154 0 2.13223 a b 1.63656 2 0
0 0 -26.5709 0 2.13417 a b 1.6381 2 0
0 0 -26.53 0 2.13204 a b 1.63739 2 0
0 0 -26.4739 0 2.12846 a b 1.63576 2 0
0 0 -26.4191 0 2.12944 a b 1.63604 2 0
0 0 -26.3822 0 2.12884 a b 1.63696 2 0
0 0 -26.3327 0 2.12866 a b 1.6369 2 0
0 0 -26.2812 0 2.12656 a b 1.63493 2 0
0 0 -26.2276 0 2.12314 a b 1.63441 2 0
0 0 -26.1784 0 2.11822 a b 1.63407 2 0
0 0 -26.1333 0 2.11265 a b 1.63334 2 0
0 0 -26.0887 0 2.11011 a b 1.6305 2 0
0 0 -26.0405 0 2.11393 a b 1.62554 2 0
0 0 -25.9867 0 2.11273 a b 1.6233 2 0
0 0 -25.9387 0 2.11279 a b 1.62316 2 0
0 0 -25.8984 0 2.11106 a b 1.61918 2 0
0 0 -25.8597 0 2.1064 a b 1.61093 2 0
0 0 -25.8147 0 2.10692 a b 1.6024 2 0
0 0 -25.7732 0 2.10484 a b 1.59606 2 0
0 0 -25.7325 0 2.1031 a b 1.58772 2 0
0 0 -25.6892 0 2.09782 a b 1.57381 2 0
0 0 -25.6272 0 2.10425 a b 1.56335 2 0
0 0 -25.5688 0 2.11042 a b 1.5612 2 0
0 0 -25.519 0 2.12078 a b 1.56188 2 0
0 0 -25.4705 0 2.1236 a b 1.56087 2 0
0 0 -25.417 0 2.12291 a b 1.56033 2 0
0 0 -25.3621 0 2.12415 a b 1.55715 2 0
0 0 -25.3037 0 2.12316 a b 1.55532 2 0
0 0 -25.2454 0 2.12848 a b 1.55358 2 0
0 0 -25.1832 0 2.12733 a b 1.54971 2 0
0 0 -25.119 0 2.12982 a b 1.54387 2 0
0 0 -25.0586 0 2.14235 a b 1.54249 2 0
0 0 -25.014 0 2.1423 a b 1.53988 2 0
0 0 -24.975 0 2.15145 a b 1.53848 2 0
0 0 -24.9291 0 2.16759 a b 1.53299 2 0
0 0 -24.8809 0 2.16872 a b 1.52532 2 0
0 0 -24.8271 0 2.16591 a b 1.5141 2 0
0 0 -24.7827 0 2.16335 a b 1.50411 2 0
0 0 -24.7421 0 2.16079 a b 1.4992 2 0
0 0 -24.6955 0 2.16695 a b 1.49339 2 0
0 0 -24.6621 0 2.17337 a b 1.48462 2 0
0 0 -24.6253 0 2.17558 a b 1.47817 2 0
0 0 -24.581 0 2.17463 a b 1.47777 2 0
0 0 -24.5401 0 2.17536 a b 1.47896 2 0
0 0 -24.5001 0 2.19038 a b 1.48065 2 0
0 0 -24.4567 0 2.20544 a b 1.48436 2 0
0 0 -24.3998 0 2.22198 a b 1.48462 2 0
0 0 -24.3432 0 2.21479 a b 1.48618 2 0
0 0 -24.281 0 2.21367 a b 1.48952 2 0
0 0 -24.2128 0 2.21777 a b 1.49197 2 0
0 0 -24.1555 0 2.22228 a b 1.49292 2 0
0 0 -24.1017 0 2.22701 a b 1.49909 2 0
0 0 -24.0469 0 2.23464 a b 1.5084 2 0
0 0 -23.9981 0 2.24503 a b 1.51593 2 0
0 0 -23.9624 0 2.25621 a b 1.51968 2 0
0 0 -23.922 0 2.27314 a b 1.51934 2 0
0 0 -23.891 0 2.27603 a b 1.51974 2 0
0 0 -23.8481 0 2.28334 a b 1.53125 2 0
0 0 -23.8083 0 2.29235 a b 1.54005 2 0
0 0 -23.7851 0 2.29973 a b 1.54097 2 0
0 0 -23.7598 0 2.29722 a b 1.53543 2 0
0 0 -23.7497 0 2.29143 a b 1.53623 2 0
0 0 -23.7383 0 2.28905 a b 1.53656 2 0
0 0 -23.7242 0 2.2954 a b 1.5501 2 0
0 0 -23.7178 0 2.30426 a b 1.55159 2 0
