0 0 -65.1502 0 65.7897 a b 1.61533 2 0
0 0 -65.149 0 65.787 a b 1.5827 2 0
0 0 -65.1455 0 65.7861 a b 1.55126 2 0
0 0 -65.1656 0 65.7955 a b 1.51886 2 0
0 0 -65.1781 0 65.7946 a b 1.48278 2 0
0 0 -65.1749 0 65.7909 a b 1.44868 2 0
0 0 -65.1845 0 65.8006 a b 1.42661 2 0
0 0 -65.1931 0 65.8137 a b 1.4049 2 0
0 0 -65.1893 0 65.8024 a b 1.4045 2 0
0 0 -65.1789 0 65.8027 a b 1.40237 2 0
0 0 -65.1909 0 65.8144 a b 1.40546 2 0
0 0 -65.1939 0 65.8005 a b 1.40729 2 0
0 0 -65.1941 0 65.8117 a b 1.40715 2 0
0 0 -65.1907 0 65.8242 a b 1.44331 2 0
0 0 -65.1903 0 65.834 a b 1.47363 2 0
0 0 -65.1793 0 65.831 a b 1.49892 2 0
0 0 -65.1637 0 65.8274 a b 1.52052 2 0
0 0 -65.1557 0 65.8193 a b 1.52967 2 0
0 0 -65.1664 0 65.8179 a b 1.53239 2 0
0 0 -65.1811 0 65.8237 a b 1.53745 2 0
0 0 -65.1913 0 65.8185 a b 1.53823 2 0
0 0 -65.2018 0 65.8245 a b 1.54034 2 0
0 0 -65.1967 0 65.8139 a b 1.53789 2 0
0 0 -65.18 0 65.8155 a b 1.5347 2 0
0 0 -65.1552 0 65.8211 a b 1.53435 2 0
0 0 -65.0906 0 65.8448 a b 1.52745 2 0
0 0 -65.0175 0 65.8588 a b 1.52826 2 0
0 0 -64.9608 0 65.8588 a b 1.53448 2 0
0 0 -64.8971 0 65.8521 a b 1.53817 2 0
0 0 -64.7995 0 65.8495 a b 1.53622 2 0
0 0 -64.7102 0 65.856 a b 1.53587 2 0
0 0 -64.6314 0 65.8784 a b 1.53942 2 0
0 0 -64.5554 0 65.8841 a b 1.53511 2 0
0 0 -64.4903 0 65.883 a b 1.53288 2 0
0 0 -64.4279 0 65.8823 a b 1.5305 2 0
0 0 -64.3799 0 65.8921 a b 1.52848 2 0
0 0 -64.3318 0 65.8979 a b 1.52118 2 0
0 0 -64.2897 0 65.8984 a b 1.51978 2 0
0 0 -64.2576 0 65.9039 a b 1.52112 2 0
0 0 -64.2196 0 65.9065 a b 1.51963 2 0
0 0 -64.1912 0 65.9123 a b 1.51749 2 0
0 0 -64.1566 0 65.9151 a b 1.50898 2 0
0 0 -64.115 0 65.9089 a b 1.5045 2 0
0 0 -64.0818 0 65.9105 a b 1.50488 2 0
0 0 -64.0515 0 65.9149 a b 1.5038 2 0
0 0 -64.0167 0 65.9155 a b 1.49939 2 0
0 0 -63.9662 0 65.9192 a b 1.49378 2 0
0 0 -63.9154 0 65.9204 a b 1.49259 2 0
0 0 -63.8659 0 65.9254 a b 1.48981 2 0
0 0 -63.799 0 65.9407 a b 1.48309 2 0
0 0 -63.7351 0 65.9533 a b 1.48049 2 0
0 0 -63.6698 0 65.9643 a b 1.47897 2 0
0 0 -63.6196 0 65.969 a b 1.47332 2 0
0 0 -63.5618 0 65.9737 a b 1.47067 2 0
0 0 -63.4973 0 65.9841 a b 1.46702 2 0
0 0 -63.4478 0 65.9923 a b 1.46636 2 0
0 0 -63.3951 0 66.0035 a b 1.46653 2 0
0 0 -63.3415 0 66.0154 a b 1.46334 2 0
0 0 -63.2818 0 66.025 a b 1.45873 2 0
0 0 -63.2324 0 66.0359 a b 1.45887 2 0
0 0 -63.1909 0 66.0304 a b 1.45529 2 0
0 0 -63.1592 0 66.0296 a b 1.45262 2 0
0 0 -63.1235 0 66.0331 a b 1.44626 2 0
0 0 -63.0813 0 66.0419 a b 1.44632 2 0
0 0 -63.0422 0 66.0534 a b 1.44661 2 0
0 0 -62.9936 0 66.0591 a b 1.44336 2 0
0 0 -62.9422 0 66.0655 a b 1.43736 2 0
0 0 -62.8907 0 66.082 a b 1.4438 2 0
0 0 -62.8399 0 66.0863 a b 1.45459 2 0
0 0 -62.7919 0 66.091 a b 1.4693 2 0
0 0 -62.7374 0 66.0952 a b 1.48292 2 0
0 0 -62.6803 0 66.1077 a b 1.49507 2 0
0 0 -62.6226 0 66.1135 a b 1.50185 2 0
0 0 -62.5627 0 66.123 a b 1.50057 2 0
0 0 -62.4908 0 66.1152 a b 1.50055 2 0
0 0 -62.4282 0 66.1147 a b 1.50476 2 0
0 0 -62.3739 0 66.113 a b 1.51072 2 0
0 0 -62.336 0 66.1151 a b 1.51577 2 0
0 0 -62.2838 0 66.1125 a b 1.51602 2 0
0 0 -62.2414 0 66.1235 a b 1.52417 2 0
0 0 -62.1842 0 66.1319 a b 1.52845 2 0
0 0 -62.1288 0 66.1415 a b 1.52902 2 0
0 0 -62.077 0 66.1474 a b 1.53188 2 0
0 0 -62.0225 0 66.1516 a b 1.53295 2 0
0 0 -61.9783 0 66.1619 a b 1.53675 2 0
0 0 -61.9319 0 66.1637 a b 1.54219 2 0
0 0 -61.8934 0 66.1593 a b 1.54878 2 0
0 0 -61.8463 0 66.1541 a b 1.55307 2 0
0 0 -61.7966 0 66.1508 a b 1.55621 2 0
0 0 -61.7434 0 66.1502 a b 1.56184 2 0
0 0 -61.6912 0 66.1443 a b 1.56091 2 0
0 0 -61.653 0 66.1436 a b 1.5616 2 0
0 0 -61.6189 0 66.147 a b 1.56397 2 0
0 0 -61.5728 0 66.1507 a b 1.56713 2 0
0 0 -61.5096 0 66.1558 a b 1.57016 2 0
0 0 -61.4515 0 66.1559 a b 1.56965 2 0
0 0 -61.3994 0 66.1526 a b 1.57227 2 0
0 0 -61.3548 0 66.1541 a b 1.57393 2 0
0 0 -61.3083 0 66.1561 a b 1.57526 2 0
0 0 -61.2558 0 66.1575 a b 1.57582 2 0
0 0 -61.207 0 66.1596 a b 1.57835 2 0
0 0 -61.1548 0 66.1651 a b 1.57824 2 0
0 0 -61.1128 0 66.1693 a b 1.58051 2 0
0 0 -61.0627 0 66.1717 a b 1.58028 2 0
0 0 -61.0225 0 66.1656 a b 1.58076 2 0
0 0 -60.9676 0 66.1563 a b 1.57784 2 0
0 0 -60.9103 0 66.1344 a b 1.5742 2 0
0 0 -60.8582 0 66.1175 a b 1.57131 2 0
0 0 -60.8144 0 66.1187 a b 1.57074 2 0
0 0 -60.7764 0 66.1282 a b 1.57382 2 0
0 0 -60.7306 0 66.1406 a b 1.57624 2 0
0 0 -60.6868 0 66.1554 a b 1.57876 2 0
0 0 -60.6412 0 66.1648 a b 1.58224 2 0
0 0 -60.5956 0 66.1768 a b 1.58406 2 0
0 0 -60.5467 0 66.1773 a b 1.58338 2 0
0 0 -60.5 0 66.1683 a b 1.5829 2 0
0 0 -60.4519 0 66.1568 a b 1.58268 2 0
0 0 -60.4022 0 66.1558 a b 1.5806 2 0
0 0 -60.358 0 66.1585 a b 1.58033 2 0
0 0 -60.3026 0 66.1612 a b 1.57984 2 0
0 0 -60.244 0 66.1616 a b 1.58211 2 0
0 0 -60.1832 0 66.1635 a b 1.57941 2 0
0 0 -60.1317 0 66.1613 a b 1.57941 2 0
0 0 -60.0779 0 66.1612 a b 1.57722 2 0
0 0 -60.0323 0 66.16 a b 1.5777 2 0
0 0 -59.9826 0 66.1596 a b 1.57855 2 0
0 0 -59.9314 0 66.1644 a b 1.5791 2 0
0 0 -59.885 0 66.1667 a b 1.57871 2 0
0 0 -59.8374 0 66.171 a b 1.57865 2 0
0 0 -59.7908 0 66.1742 a b 1.57999 2 0
0 0 -59.7289 0 66.1742 a b 1.56717 2 0
0 0 -59.6752 0 66.1696 a b 1.54945 2 0
0 0 -59.6336 0 66.1527 a b 1.53448 2 0
0 0 -59.626 0 66.1597 a b 1.52887 2 0
0 0 -59.6531 0 66.162 a b 1.53974 2 0
0 0 -59.6834 0 66.161 a b 1.55264 2 0
0 0 -59.7017 0 66.163 a b 1.56073 2 0
0 0 -59.7016 0 66.1785 a b 1.56517 2 0
0 0 -59.6846 0 66.1774 a b 1.56391 2 0
0 0 -59.6651 0 66.1609 a b 1.55882 2 0
0 0 -59.6564 0 66.1521 a b 1.5571 2 0
0 0 -59.6719 0 66.1665 a b 1.55522 2 0
0 0 -59.6829 0 66.1679 a b 1.5559 2 0
0 0 -59.6811 0 66.1779 a b 1.55895 2 0
