0 0 19.2249 0 27.1463 a b -1.58037 3 0
0 0 19.2003 0 27.1444 a b -1.5882 3 0
0 0 19.1743 0 27.1448 a b -1.59438 3 0
0 0 19.1442 0 27.1498 a b -1.60201 3 0
0 0 19.1202 0 27.1516 a b -1.6098 3 0
0 0 19.0926 0 27.1528 a b -1.61614 3 0
0 0 19.0631 0 27.1518 a b -1.62162 3 0
0 0 19.0318 0 27.1501 a b -1.6244 3 0
0 0 19.0005 0 27.1487 a b -1.62447 3 0
0 0 18.9693 0 27.1471 a b -1.62705 3 0
0 0 18.9382 0 27.1458 a b -1.62849 3 0
0 0 18.9085 0 27.1433 a b -1.62672 3 0
0 0 18.8756 0 27.1356 a b -1.62729 3 0
0 0 18.8459 0 27.1347 a b -1.62866 3 0
0 0 18.8164 0 27.1312 a b -1.62749 3 0
0 0 18.7874 0 27.1314 a b -1.62692 3 0
0 0 18.7611 0 27.1357 a b -1.626 3 0
0 0 18.7346 0 27.1322 a b -1.62395 3 0
0 0 18.7081 0 27.1303 a b -1.62334 3 0
0 0 18.6861 0 27.1316 a b -1.62298 3 0
0 0 18.665 0 27.1314 a b -1.6216 3 0
0 0 18.6411 0 27.1308 a b -1.62079 3 0
0 0 18.6136 0 27.1252 a b -1.61965 3 0
0 0 18.583 0 27.1279 a b -1.618 3 0
0 0 18.5561 0 27.1278 a b -1.6166 3 0
0 0 18.5241 0 27.1297 a b -1.61722 3 0
0 0 18.4899 0 27.129 a b -1.61501 3 0
0 0 18.455 0 27.1215 a b -1.61444 3 0
0 0 18.4216 0 27.1222 a b -1.61436 3 0
0 0 18.3885 0 27.1242 a b -1.61249 3 0
0 0 18.3547 0 27.1235 a b -1.61076 3 0
0 0 18.3246 0 27.1227 a b -1.60979 3 0
0 0 18.2948 0 27.1203 a b -1.60854 3 0
0 0 18.2636 0 27.1206 a b -1.60651 3 0
0 0 18.2391 0 27.1172 a b -1.6058 3 0
0 0 18.2123 0 27.1185 a b -1.60492 3 0
0 0 18.1856 0 27.1161 a b -1.60313 3 0
0 0 18.161 0 27.1148 a b -1.60352 3 0
0 0 18.1332 0 27.114 a b -1.60105 3 0
0 0 18.0995 0 27.113 a b -1.59943 3 0
0 0 18.0665 0 27.1165 a b -1.59922 3 0
0 0 18.0373 0 27.1155 a b -1.59794 3 0
0 0 18.0113 0 27.1129 a b -1.59744 3 0
0 0 17.9775 0 27.1137 a b -1.59568 3 0
0 0 17.9471 0 27.1152 a b -1.59433 3 0
0 0 17.9173 0 27.1139 a b -1.5925 3 0
0 0 17.8894 0 27.1126 a b -1.59362 3 0
0 0 17.8586 0 27.1107 a b -1.59207 3 0
0 0 17.8297 0 27.1092 a b -1.59028 3 0
0 0 17.8007 0 27.1089 a b -1.58926 3 0
0 0 17.7748 0 27.1068 a b -1.58728 3 0
0 0 17.7505 0 27.1083 a b -1.58714 3 0
0 0 17.7253 0 27.1131 a b -1.58642 3 0
0 0 17.6956 0 27.1159 a b -1.58364 3 0
0 0 17.6666 0 27.1106 a b -1.58265 3 0
0 0 17.6388 0 27.1079 a b -1.58334 3 0
0 0 17.6046 0 27.1113 a b -1.58162 3 0
0 0 17.5698 0 27.111 a b -1.581 3 0
0 0 17.5382 0 27.1096 a b -1.58053 3 0
0 0 17.5059 0 27.1099 a b -1.57835 3 0
0 0 17.4753 0 27.1093 a b -1.57779 3 0
0 0 17.4469 0 27.1068 a b -1.57772 3 0
0 0 17.4186 0 27.1129 a b -1.57574 3 0
0 0 17.3869 0 27.1103 a b -1.5751 3 0
0 0 17.3606 0 27.1104 a b -1.57608 3 0
0 0 17.336 0 27.1074 a b -1.57496 3 0
0 0 17.3098 0 27.1068 a b -1.57526 3 0
0 0 17.2867 0 27.1119 a b -1.5729 3 0
0 0 17.2583 0 27.1123 a b -1.57301 3 0
0 0 17.2311 0 27.1131 a b -1.57204 3 0
0 0 17.204 0 27.1087 a b -1.57188 3 0
0 0 17.1729 0 27.1136 a b -1.57092 3 0
0 0 17.1445 0 27.1147 a b -1.57185 3 0
0 0 17.1102 0 27.1154 a b -1.57089 3 0
0 0 17.0777 0 27.1172 a b -1.57021 3 0
0 0 17.0455 0 27.1185 a b -1.57133 3 0
0 0 17.016 0 27.1153 a b -1.57104 3 0
0 0 16.9879 0 27.1136 a b -1.56974 3 0
0 0 16.9592 0 27.1154 a b -1.57094 3 0
0 0 16.9303 0 27.1115 a b -1.5722 3 0
0 0 16.9051 0 27.1116 a b -1.57075 3 0
0 0 16.8756 0 27.1148 a b -1.57178 3 0
0 0 16.8447 0 27.1152 a b -1.57295 3 0
0 0 16.8139 0 27.1148 a b -1.5733 3 0
0 0 16.7865 0 27.1157 a b -1.57786 3 0
0 0 16.7591 0 27.1141 a b -1.58464 3 0
0 0 16.727 0 27.1173 a b -1.58984 3 0
0 0 16.6965 0 27.1205 a b -1.59311 3 0
0 0 16.6653 0 27.1234 a b -1.59894 3 0
0 0 16.6334 0 27.122 a b -1.60532 3 0
0 0 16.6054 0 27.1231 a b -1.60989 3 0
0 0 16.5763 0 27.1221 a b -1.61511 3 0
0 0 16.5495 0 27.1218 a b -1.61779 3 0
0 0 16.5209 0 27.1217 a b -1.61949 3 0
0 0 16.49 0 27.1138 a b -1.61959 3 0
0 0 16.4625 0 27.1124 a b -1.62114 3 0
0 0 16.4391 0 27.1092 a b -1.62137 3 0
0 0 16.4158 0 27.1071 a b -1.61849 3 0
0 0 16.3893 0 27.1058 a b -1.61851 3 0
0 0 16.3621 0 27.1025 a b -1.6188 3 0
0 0 16.3292 0 27.1002 a b -1.61783 3 0
0 0 16.3022 0 27.096 a b -1.61813 3 0
0 0 16.2734 0 27.0965 a b -1.61945 3 0
0 0 16.239 0 27.0967 a b -1.61724 3 0
0 0 16.2073 0 27.097 a b -1.61628 3 0
0 0 16.1774 0 27.0959 a b -1.61651 3 0
0 0 16.1479 0 27.0978 a b -1.61718 3 0
0 0 16.1182 0 27.0995 a b -1.61637 3 0
0 0 16.0901 0 27.0962 a b -1.61615 3 0
0 0 16.0628 0 27.0953 a b -1.61414 3 0
0 0 16.0372 0 27.0932 a b -1.61388 3 0
0 0 16.0138 0 27.0913 a b -1.61606 3 0
0 0 15.9886 0 27.0889 a b -1.61326 3 0
0 0 15.9646 0 27.0855 a b -1.61333 3 0
0 0 15.9357 0 27.0852 a b -1.61352 3 0
0 0 15.9059 0 27.0852 a b -1.61279 3 0
0 0 15.8749 0 27.0818 a b -1.6124 3 0
0 0 15.8432 0 27.0781 a b -1.61128 3 0
0 0 15.8137 0 27.0776 a b -1.60983 3 0
0 0 15.7835 0 27.0751 a b -1.60999 3 0
0 0 15.749 0 27.0743 a b -1.60847 3 0
0 0 15.7198 0 27.0724 a b -1.60829 3 0
0 0 15.6891 0 27.0711 a b -1.60776 3 0
0 0 15.6608 0 27.0711 a b -1.60782 3 0
0 0 15.6307 0 27.0681 a b -1.60667 3 0
0 0 15.6009 0 27.0655 a b -1.60681 3 0
0 0 15.5743 0 27.0723 a b -1.60771 3 0
0 0 15.5464 0 27.074 a b -1.60711 3 0
0 0 15.5198 0 27.0721 a b -1.60554 3 0
0 0 15.4941 0 27.07 a b -1.60603 3 0
0 0 15.467 0 27.0691 a b -1.60646 3 0
0 0 15.4359 0 27.0665 a b -1.60578 3 0
0 0 15.4078 0 27.0667 a b -1.60552 3 0
0 0 15.3756 0 27.0685 a b -1.60633 3 0
0 0 15.343 0 27.0662 a b -1.60666 3 0
0 0 15.3145 0 27.0635 a b -1.6062 3 0
0 0 15.2841 0 27.0635 a b -1.60546 3 0
0 0 15.2494 0 27.0639 a b -1.60822 3 0
0 0 15.2175 0 27.0627 a b -1.6096 3 0
0 0 15.1925 0 27.064 a b -1.60974 3 0
0 0 15.1598 0 27.0599 a b -1.61459 3 0
0 0 15.133 0 27.0611 a b -1.6179 3 0
0 0 15.1067 0 27.0594 a b -1.62019 3 0
0 0 15.0762 0 27.0559 a b -1.62336 3 0
0 0 15.0512 0 27.0543 a b -1.6265 3 0
0 0 15.0208 0 27.052 a b -1.62906 3 0
0 0 14.9951 0 27.0521 a b -1.63271 3 0
0 0 14.9656 0 27.054 a b -1.63659 3 0
0 0 14.9378 0 27.0514 a b -1.63754 3 0
0 0 14.9108 0 27.048 a b -1.64031 3 0
0 0 14.8842 0 27.049 a b -1.64277 3 0
0 0 14.8519 0 27.0488 a b -1.64386 3 0
0 0 14.8254 0 27.0458 a b -1.64408 3 0
0 0 14.798 0 27.0397 a b -1.64365 3 0
0 0 14.7728 0 27.0413 a b -1.64351 3 0
0 0 14.7435 0 27.0405 a b -1.64127 3 0
0 0 14.7148 0 27.037 a b -1.64102 3 0
0 0 14.6837 0 27.035 a b -1.64064 3 0
0 0 14.6559 0 27.036 a b -1.6403 3 0
0 0 14.6285 0 27.034 a b -1.63983 3 0
0 0 14.6051 0 27.0318 a b -1.63824 3 0
0 0 14.5751 0 27.0296 a b -1.63678 3 0
0 0 14.5445 0 27.0286 a b -1.63604 3 0
0 0 14.515 0 27.0287 a b -1.63429 3 0
0 0 14.4837 0 27.0247 a b -1.63252 3 0
0 0 14.4534 0 27.0217 a b -1.63202 3 0
0 0 14.4191 0 27.0214 a b -1.63166 3 0
0 0 14.3836 0 27.0179 a b -1.62998 3 0
0 0 14.3533 0 27.0173 a b -1.62938 3 0
0 0 14.3238 0 27.0173 a b -1.62759 3 0
0 0 14.2935 0 27.014 a b -1.62529 3 0
0 0 14.263 0 27.0099 a b -1.62511 3 0
0 0 14.2327 0 27.0087 a b -1.62404 3 0
0 0 14.2029 0 27.0091 a b -1.62251 3 0
0 0 14.173 0 27.009 a b -1.62151 3 0
0 0 14.1452 0 27.0059 a b -1.61965 3 0
0 0 14.1185 0 27.0038 a b -1.61845 3 0
0 0 14.0916 0 27.0048 a b -1.61763 3 0
0 0 14.063 0 27.0034 a b -1.61716 3 0
0 0 14.0351 0 27.0041 a b -1.61632 3 0
0 0 14.0065 0 27.004 a b -1.61457 3 0
0 0 13.9779 0 27.003 a b -1.61266 3 0
0 0 13.952 0 27.0035 a b -1.61157 3 0
0 0 13.9238 0 27.0024 a b -1.61075 3 0
0 0 13.8878 0 27.0019 a b -1.60969 3 0
0 0 13.8554 0 26.9979 a b -1.60809 3 0
0 0 13.8257 0 26.9944 a b -1.60854 3 0
0 0 13.7984 0 26.9931 a b -1.60593 3 0
0 0 13.768 0 26.993 a b -1.6046 3 0
0 0 13.7416 0 26.9898 a b -1.60467 3 0
0 0 13.7144 0 26.9889 a b -1.60346 3 0
0 0 13.6857 0 26.9932 a b -1.60266 3 0
0 0 13.6565 0 26.9908 a b -1.6015 3 0
0 0 13.6294 0 26.9887 a b -1.59978 3 0
0 0 13.602 0 26.9901 a b -1.5982 3 0
0 0 13.5747 0 26.9883 a b -1.59866 3 0
0 0 13.5365 0 26.9856 a b -1.59716 3 0
0 0 13.51 0 26.9888 a b -1.59549 3 0
0 0 13.4803 0 26.99 a b -1.59511 3 0
0 0 13.444 0 26.9914 a b -1.59494 3 0
0 0 13.4137 0 26.99 a b -1.59357 3 0
0 0 13.3858 0 26.9887 a b -1.59299 3 0
0 0 13.3564 0 26.9875 a b -1.59126 3 0
0 0 13.33 0 26.9885 a b -1.59134 3 0
0 0 13.2988 0 26.9864 a b -1.59146 3 0
0 0 13.2686 0 26.9837 a b -1.58905 3 0
0 0 13.2435 0 26.9841 a b -1.58812 3 0
0 0 13.2209 0 26.9847 a b -1.58813 3 0
