0 0 26.5299 0 27.1942 a b -1.58686 3 0
0 0 26.5058 0 27.1913 a b -1.58885 3 0
0 0 26.4794 0 27.1889 a b -1.58796 3 0
0 0 26.449 0 27.1925 a b -1.58591 3 0
0 0 26.4194 0 27.1927 a b -1.58565 3 0
0 0 26.3902 0 27.1943 a b -1.58454 3 0
0 0 26.3596 0 27.1939 a b -1.5841 3 0
0 0 26.329 0 27.1945 a b -1.58396 3 0
0 0 26.2992 0 27.1961 a b -1.58311 3 0
0 0 26.2738 0 27.1999 a b -1.58367 3 0
0 0 26.2461 0 27.1976 a b -1.58099 3 0
0 0 26.2165 0 27.1981 a b -1.58215 3 0
0 0 26.188 0 27.2006 a b -1.58082 3 0
0 0 26.1638 0 27.1992 a b -1.58059 3 0
0 0 26.1378 0 27.1984 a b -1.5808 3 0
0 0 26.1034 0 27.1942 a b -1.57923 3 0
0 0 26.0716 0 27.1937 a b -1.57679 3 0
0 0 26.0397 0 27.1971 a b -1.57609 3 0
0 0 26.0078 0 27.1994 a b -1.57551 3 0
0 0 25.9809 0 27.2002 a b -1.57459 3 0
0 0 25.9491 0 27.2011 a b -1.5745 3 0
0 0 25.9252 0 27.1988 a b -1.57392 3 0
0 0 25.8969 0 27.198 a b -1.57192 3 0
0 0 25.871 0 27.1945 a b -1.57112 3 0
0 0 25.8437 0 27.1915 a b -1.57255 3 0
0 0 25.816 0 27.1966 a b -1.57085 3 0
0 0 25.7895 0 27.198 a b -1.56992 3 0
0 0 25.7629 0 27.1939 a b -1.56952 3 0
0 0 25.7324 0 27.1932 a b -1.57112 3 0
0 0 25.7005 0 27.1935 a b -1.57172 3 0
0 0 25.6694 0 27.1917 a b -1.571 3 0
0 0 25.6409 0 27.1929 a b -1.57012 3 0
0 0 25.6119 0 27.1989 a b -1.5761 3 0
0 0 25.5778 0 27.204 a b -1.57767 3 0
0 0 25.5428 0 27.2094 a b -1.57967 3 0
0 0 25.5101 0 27.2077 a b -1.58521 3 0
0 0 25.4804 0 27.2057 a b -1.58893 3 0
0 0 25.4538 0 27.2039 a b -1.59344 3 0
0 0 25.4206 0 27.2031 a b -1.59673 3 0
0 0 25.3917 0 27.204 a b -1.60121 3 0
0 0 25.3659 0 27.2052 a b -1.60215 3 0
0 0 25.3358 0 27.2021 a b -1.60464 3 0
0 0 25.3076 0 27.1997 a b -1.60696 3 0
0 0 25.2793 0 27.1955 a b -1.60612 3 0
0 0 25.2535 0 27.1926 a b -1.60565 3 0
0 0 25.2312 0 27.1917 a b -1.60793 3 0
0 0 25.2026 0 27.1881 a b -1.6066 3 0
0 0 25.1729 0 27.1855 a b -1.60386 3 0
0 0 25.146 0 27.1835 a b -1.60226 3 0
0 0 25.1235 0 27.1852 a b -1.60144 3 0
0 0 25.099 0 27.1871 a b -1.59837 3 0
0 0 25.0726 0 27.1833 a b -1.59862 3 0
0 0 25.0483 0 27.1874 a b -1.59734 3 0
0 0 25.0233 0 27.1889 a b -1.5958 3 0
0 0 24.9959 0 27.187 a b -1.59376 3 0
0 0 24.9687 0 27.1891 a b -1.59366 3 0
0 0 24.9411 0 27.1897 a b -1.59227 3 0
0 0 24.91 0 27.1885 a b -1.59122 3 0
0 0 24.8788 0 27.1908 a b -1.58884 3 0
0 0 24.8479 0 27.1885 a b -1.58768 3 0
0 0 24.8159 0 27.1858 a b -1.58661 3 0
0 0 24.7832 0 27.1869 a b -1.58553 3 0
0 0 24.7503 0 27.181 a b -1.58385 3 0
0 0 24.7195 0 27.1804 a b -1.58513 3 0
0 0 24.6927 0 27.1839 a b -1.58252 3 0
0 0 24.6625 0 27.1841 a b -1.58026 3 0
0 0 24.6303 0 27.185 a b -1.57983 3 0
0 0 24.6028 0 27.1835 a b -1.57938 3 0
0 0 24.5747 0 27.1833 a b -1.57603 3 0
0 0 24.5438 0 27.1813 a b -1.57547 3 0
0 0 24.5133 0 27.1809 a b -1.57416 3 0
0 0 24.4834 0 27.1802 a b -1.57278 3 0
0 0 24.4567 0 27.1827 a b -1.57167 3 0
0 0 24.4272 0 27.1817 a b -1.57033 3 0
0 0 24.3988 0 27.1821 a b -1.56826 3 0
0 0 24.3699 0 27.1888 a b -1.56648 3 0
0 0 24.3394 0 27.1871 a b -1.56401 3 0
0 0 24.3079 0 27.185 a b -1.56295 3 0
0 0 24.2753 0 27.1854 a b -1.56325 3 0
0 0 24.2461 0 27.1837 a b -1.56139 3 0
0 0 24.2163 0 27.1852 a b -1.5603 3 0
0 0 24.1887 0 27.1883 a b -1.55875 3 0
0 0 24.1612 0 27.1914 a b -1.55683 3 0
0 0 24.1318 0 27.1885 a b -1.5579 3 0
0 0 24.1035 0 27.1891 a b -1.55784 3 0
0 0 24.0742 0 27.1908 a b -1.5533 3 0
0 0 24.0463 0 27.1929 a b -1.55249 3 0
0 0 24.0172 0 27.1922 a b -1.55388 3 0
0 0 23.9868 0 27.1937 a b -1.55263 3 0
0 0 23.9554 0 27.1952 a b -1.55092 3 0
0 0 23.9269 0 27.1958 a b -1.55161 3 0
0 0 23.9008 0 27.1975 a b -1.54934 3 0
0 0 23.8739 0 27.2018 a b -1.5488 3 0
0 0 23.8452 0 27.2014 a b -1.54973 3 0
0 0 23.8145 0 27.2017 a b -1.54851 3 0
0 0 23.7778 0 27.2006 a b -1.54879 3 0
0 0 23.7494 0 27.2018 a b -1.5496 3 0
0 0 23.7179 0 27.2013 a b -1.54886 3 0
0 0 23.6829 0 27.2031 a b -1.55149 3 0
0 0 23.6522 0 27.2017 a b -1.55124 3 0
0 0 23.6195 0 27.202 a b -1.55062 3 0
0 0 23.5907 0 27.2044 a b -1.55259 3 0
0 0 23.5627 0 27.2106 a b -1.55975 3 0
0 0 23.5385 0 27.2126 a b -1.56613 3 0
0 0 23.5157 0 27.2105 a b -1.57389 3 0
0 0 23.4886 0 27.2117 a b -1.58204 3 0
0 0 23.4632 0 27.2137 a b -1.59082 3 0
0 0 23.4359 0 27.2151 a b -1.59615 3 0
0 0 23.4095 0 27.2187 a b -1.60484 3 0
0 0 23.387 0 27.2152 a b -1.61219 3 0
0 0 23.3571 0 27.2104 a b -1.61449 3 0
0 0 23.3289 0 27.2074 a b -1.61322 3 0
0 0 23.2966 0 27.2047 a b -1.61202 3 0
0 0 23.2681 0 27.2025 a b -1.61116 3 0
0 0 23.2384 0 27.2015 a b -1.60978 3 0
0 0 23.21 0 27.2042 a b -1.60819 3 0
0 0 23.1768 0 27.2015 a b -1.60844 3 0
0 0 23.1449 0 27.1992 a b -1.6077 3 0
0 0 23.1152 0 27.2005 a b -1.6076 3 0
0 0 23.0872 0 27.1994 a b -1.60685 3 0
0 0 23.056 0 27.2007 a b -1.60653 3 0
0 0 23.0219 0 27.1989 a b -1.60485 3 0
0 0 22.9921 0 27.1969 a b -1.60309 3 0
0 0 22.9663 0 27.1948 a b -1.60331 3 0
0 0 22.9366 0 27.1927 a b -1.60489 3 0
0 0 22.9074 0 27.1913 a b -1.60431 3 0
0 0 22.881 0 27.1902 a b -1.60555 3 0
0 0 22.8548 0 27.1917 a b -1.60757 3 0
0 0 22.8249 0 27.1904 a b -1.60986 3 0
0 0 22.7959 0 27.1891 a b -1.6119 3 0
0 0 22.7676 0 27.1891 a b -1.61463 3 0
0 0 22.7347 0 27.1873 a b -1.61799 3 0
0 0 22.7091 0 27.1875 a b -1.62085 3 0
0 0 22.6837 0 27.1832 a b -1.6232 3 0
0 0 22.6543 0 27.1816 a b -1.6259 3 0
0 0 22.6242 0 27.1794 a b -1.62963 3 0
0 0 22.5965 0 27.1763 a b -1.63347 3 0
0 0 22.5687 0 27.1785 a b -1.63425 3 0
0 0 22.5426 0 27.1767 a b -1.63537 3 0
0 0 22.5175 0 27.1716 a b -1.63873 3 0
0 0 22.4884 0 27.1715 a b -1.64216 3 0
0 0 22.4581 0 27.1726 a b -1.64318 3 0
0 0 22.4299 0 27.1744 a b -1.64321 3 0
0 0 22.4007 0 27.1725 a b -1.64395 3 0
0 0 22.3758 0 27.1689 a b -1.64356 3 0
0 0 22.3466 0 27.1676 a b -1.6423 3 0
0 0 22.3129 0 27.1657 a b -1.6417 3 0
0 0 22.2841 0 27.1664 a b -1.64057 3 0
0 0 22.2546 0 27.1658 a b -1.63816 3 0
0 0 22.2226 0 27.1646 a b -1.63609 3 0
0 0 22.1902 0 27.1605 a b -1.63482 3 0
0 0 22.1619 0 27.1615 a b -1.63237 3 0
0 0 22.1296 0 27.1556 a b -1.63183 3 0
0 0 22.0986 0 27.1526 a b -1.63047 3 0
0 0 22.073 0 27.1549 a b -1.62672 3 0
0 0 22.0444 0 27.1515 a b -1.62661 3 0
0 0 22.0178 0 27.1474 a b -1.62309 3 0
0 0 21.9857 0 27.1456 a b -1.6229 3 0
0 0 21.9595 0 27.1467 a b -1.61978 3 0
0 0 21.9354 0 27.1448 a b -1.61876 3 0
0 0 21.9057 0 27.1432 a b -1.6193 3 0
0 0 21.8799 0 27.1441 a b -1.61566 3 0
0 0 21.8526 0 27.141 a b -1.61216 3 0
0 0 21.8266 0 27.1408 a b -1.61362 3 0
0 0 21.7954 0 27.1437 a b -1.61293 3 0
0 0 21.7651 0 27.1433 a b -1.60916 3 0
0 0 21.7353 0 27.1401 a b -1.60644 3 0
0 0 21.7065 0 27.1423 a b -1.60609 3 0
0 0 21.6738 0 27.1427 a b -1.60459 3 0
0 0 21.6431 0 27.1388 a b -1.60152 3 0
0 0 21.6103 0 27.1385 a b -1.6003 3 0
0 0 21.5788 0 27.1352 a b -1.59957 3 0
0 0 21.5507 0 27.1353 a b -1.59618 3 0
0 0 21.5221 0 27.1363 a b -1.59609 3 0
0 0 21.4958 0 27.1358 a b -1.5943 3 0
0 0 21.4689 0 27.1364 a b -1.59102 3 0
0 0 21.4439 0 27.1336 a b -1.58911 3 0
0 0 21.4144 0 27.1339 a b -1.58731 3 0
0 0 21.3862 0 27.135 a b -1.58432 3 0
0 0 21.3579 0 27.1339 a b -1.58444 3 0
0 0 21.3313 0 27.1361 a b -1.58255 3 0
0 0 21.301 0 27.1339 a b -1.57925 3 0
0 0 21.2693 0 27.136 a b -1.5778 3 0
0 0 21.238 0 27.1347 a b -1.57532 3 0
0 0 21.2009 0 27.1338 a b -1.57209 3 0
0 0 21.1706 0 27.132 a b -1.57055 3 0
0 0 21.1418 0 27.1354 a b -1.56737 3 0
0 0 21.1121 0 27.1344 a b -1.56623 3 0
0 0 21.0814 0 27.1329 a b -1.56423 3 0
0 0 21.0562 0 27.1309 a b -1.56205 3 0
0 0 21.029 0 27.1343 a b -1.56143 3 0
0 0 21.0052 0 27.1324 a b -1.55752 3 0
0 0 20.9799 0 27.1316 a b -1.55654 3 0
0 0 20.9527 0 27.1328 a b -1.55483 3 0
0 0 20.9283 0 27.1314 a b -1.55277 3 0
0 0 20.9007 0 27.135 a b -1.55133 3 0
0 0 20.871 0 27.1345 a b -1.5481 3 0
0 0 20.8446 0 27.136 a b -1.54463 3 0
0 0 20.8121 0 27.1368 a b -1.5418 3 0
0 0 20.7784 0 27.136 a b -1.53853 3 0
0 0 20.7478 0 27.1384 a b -1.53644 3 0
0 0 20.717 0 27.1385 a b -1.53266 3 0
0 0 20.6856 0 27.1397 a b -1.53003 3 0
0 0 20.6574 0 27.1377 a b -1.52858 3 0
0 0 20.6216 0 27.1388 a b -1.52662 3 0
0 0 20.5917 0 27.1452 a b -1.52997 3 0
0 0 20.5623 0 27.1483 a b -1.53746 3 0
0 0 20.5336 0 27.1517 a b -1.54687 3 0
0 0 20.5085 0 27.1551 a b -1.55574 3 0
0 0 20.4803 0 27.1591 a b -1.56839 3 0
0 0 20.4508 0 27.1574 a b -1.57921 3 0
0 0 20.4247 0 27.1549 a b -1.58593 3 0
0 0 20.395 0 27.1605 a b -1.595 3 0
0 0 20.3689 0 27.1599 a b -1.60607 3 0
0 0 20.3403 0 27.1594 a b -1.60964 3 0
0 0 20.3116 0 27.1604 a b -1.60869 3 0
0 0 20.2858 0 27.1553 a b -1.60898 3 0
0 0 20.2573 0 27.1501 a b -1.60829 3 0
0 0 20.2301 0 27.1506 a b -1.60632 3 0
0 0 20.2016 0 27.1495 a b -1.60504 3 0
0 0 20.177 0 27.1478 a b -1.6024 3 0
0 0 20.1523 0 27.1439 a b -1.60048 3 0
0 0 20.1228 0 27.1433 a b -1.60059 3 0
0 0 20.091 0 27.1444 a b -1.59829 3 0
0 0 20.0603 0 27.1446 a b -1.59587 3 0
0 0 20.0272 0 27.1417 a b -1.5959 3 0
0 0 19.9929 0 27.1428 a b -1.59431 3 0
0 0 19.9604 0 27.1454 a b -1.59192 3 0
0 0 19.9276 0 27.1462 a b -1.59162 3 0
0 0 19.8921 0 27.1383 a b -1.59019 3 0
0 0 19.8583 0 27.1378 a b -1.58742 3 0
0 0 19.8248 0 27.1396 a b -1.58687 3 0
0 0 19.7941 0 27.1389 a b -1.58473 3 0
0 0 19.7678 0 27.139 a b -1.58407 3 0
0 0 19.7405 0 27.1403 a b -1.583 3 0
0 0 19.7177 0 27.1424 a b -1.58181 3 0
0 0 19.6907 0 27.1401 a b -1.58002 3 0
0 0 19.6656 0 27.1397 a b -1.57946 3 0
0 0 19.6428 0 27.1435 a b -1.57793 3 0
0 0 19.6179 0 27.1416 a b -1.576 3 0
0 0 19.5887 0 27.141 a b -1.57545 3 0
0 0 19.561 0 27.1412 a b -1.57521 3 0
0 0 19.5314 0 27.1441 a b -1.57366 3 0
0 0 19.4984 0 27.1429 a b -1.57424 3 0
0 0 19.4629 0 27.1444 a b -1.57357 3 0
0 0 19.4335 0 27.1411 a b -1.57355 3 0
0 0 19.4004 0 27.1395 a b -1.57377 3 0
0 0 19.3638 0 27.1399 a b -1.57207 3 0
0 0 19.3334 0 27.1433 a b -1.57236 3 0
0 0 19.2989 0 27.1466 a b -1.57312 3 0
0 0 19.2739 0 27.1434 a b -1.56967 3 0
0 0 19.2531 0 27.1445 a b -1.57134 3 0
