0 0 34.5745 0 27.2842 a b 1.53624 3 0
0 0 34.6019 0 27.2884 a b 1.53507 3 0
0 0 34.6269 0 27.2911 a b 1.53326 3 0
0 0 34.6532 0 27.2914 a b 1.53206 3 0
0 0 34.6782 0 27.2921 a b 1.53214 3 0
0 0 34.7098 0 27.2918 a b 1.52975 3 0
0 0 34.7405 0 27.2942 a b 1.52961 3 0
0 0 34.7703 0 27.2915 a b 1.52756 3 0
0 0 34.7999 0 27.2934 a b 1.52705 3 0
0 0 34.8289 0 27.2945 a b 1.52682 3 0
0 0 34.8596 0 27.293 a b 1.526 3 0
0 0 34.8929 0 27.2974 a b 1.52738 3 0
0 0 34.9203 0 27.299 a b 1.52444 3 0
0 0 34.9469 0 27.2981 a b 1.52414 3 0
0 0 34.9734 0 27.3004 a b 1.52556 3 0
0 0 35.0003 0 27.3005 a b 1.52611 3 0
0 0 35.0283 0 27.3016 a b 1.52763 3 0
0 0 35.0533 0 27.3032 a b 1.5304 3 0
0 0 35.0834 0 27.2997 a b 1.53496 3 0
0 0 35.1076 0 27.2954 a b 1.54406 3 0
0 0 35.1332 0 27.2956 a b 1.55318 3 0
0 0 35.165 0 27.2943 a b 1.55913 3 0
0 0 35.1919 0 27.2942 a b 1.5657 3 0
0 0 35.2223 0 27.2894 a b 1.57341 3 0
0 0 35.2512 0 27.2904 a b 1.58052 3 0
0 0 35.2827 0 27.2953 a b 1.58045 3 0
0 0 35.3104 0 27.2969 a b 1.57768 3 0
0 0 35.3429 0 27.2959 a b 1.5771 3 0
0 0 35.3731 0 27.2947 a b 1.57633 3 0
0 0 35.4027 0 27.2937 a b 1.57483 3 0
0 0 35.4307 0 27.2925 a b 1.57458 3 0
0 0 35.4568 0 27.2947 a b 1.57282 3 0
0 0 35.4833 0 27.2952 a b 1.57202 3 0
0 0 35.5133 0 27.2919 a b 1.57023 3 0
0 0 35.5435 0 27.2903 a b 1.57097 3 0
0 0 35.5745 0 27.2928 a b 1.56914 3 0
0 0 35.6006 0 27.2921 a b 1.56781 3 0
0 0 35.6277 0 27.2916 a b 1.56687 3 0
0 0 35.6572 0 27.2909 a b 1.56735 3 0
0 0 35.6868 0 27.2922 a b 1.56676 3 0
0 0 35.7151 0 27.2904 a b 1.56467 3 0
0 0 35.7472 0 27.289 a b 1.56395 3 0
0 0 35.7781 0 27.2892 a b 1.56249 3 0
0 0 35.8073 0 27.2913 a b 1.56092 3 0
0 0 35.8391 0 27.2898 a b 1.55899 3 0
0 0 35.8709 0 27.2922 a b 1.55836 3 0
0 0 35.8993 0 27.2938 a b 1.55681 3 0
0 0 35.9305 0 27.2934 a b 1.55661 3 0
0 0 35.9592 0 27.296 a b 1.55546 3 0
0 0 35.9861 0 27.2976 a b 1.55302 3 0
0 0 36.0131 0 27.2925 a b 1.55111 3 0
0 0 36.0394 0 27.2932 a b 1.55095 3 0
0 0 36.0666 0 27.2959 a b 1.54863 3 0
0 0 36.0945 0 27.297 a b 1.5463 3 0
0 0 36.1214 0 27.2947 a b 1.54402 3 0
0 0 36.1492 0 27.295 a b 1.5419 3 0
0 0 36.1788 0 27.2962 a b 1.53929 3 0
0 0 36.209 0 27.2966 a b 1.53919 3 0
0 0 36.2407 0 27.2994 a b 1.53914 3 0
0 0 36.2726 0 27.2999 a b 1.53756 3 0
0 0 36.3034 0 27.3066 a b 1.53524 3 0
0 0 36.3368 0 27.3073 a b 1.54027 3 0
0 0 36.3679 0 27.3058 a b 1.54811 3 0
0 0 36.391 0 27.3006 a b 1.55414 3 0
0 0 36.4139 0 27.3032 a b 1.56006 3 0
0 0 36.4387 0 27.3041 a b 1.56444 3 0
0 0 36.4606 0 27.3048 a b 1.57124 3 0
0 0 36.4824 0 27.3047 a b 1.57959 3 0
0 0 36.5089 0 27.3016 a b 1.58468 3 0
0 0 36.5339 0 27.3042 a b 1.58467 3 0
0 0 36.5606 0 27.3075 a b 1.58271 3 0
0 0 36.589 0 27.3098 a b 1.58295 3 0
0 0 36.6206 0 27.3025 a b 1.58372 3 0
0 0 36.6508 0 27.3033 a b 1.58229 3 0
0 0 36.6834 0 27.3019 a b 1.58053 3 0
0 0 36.7186 0 27.3068 a b 1.57956 3 0
0 0 36.7546 0 27.3086 a b 1.57865 3 0
0 0 36.7845 0 27.3059 a b 1.57691 3 0
0 0 36.8139 0 27.3066 a b 1.57568 3 0
0 0 36.8448 0 27.306 a b 1.57456 3 0
0 0 36.8778 0 27.3051 a b 1.57217 3 0
0 0 36.9051 0 27.3024 a b 1.57028 3 0
0 0 36.9336 0 27.302 a b 1.56848 3 0
0 0 36.9611 0 27.3 a b 1.56637 3 0
0 0 36.9869 0 27.3019 a b 1.56707 3 0
0 0 37.0142 0 27.3009 a b 1.5648 3 0
0 0 37.042 0 27.3036 a b 1.56238 3 0
0 0 37.0673 0 27.3039 a b 1.56173 3 0
0 0 37.0914 0 27.3031 a b 1.55981 3 0
0 0 37.117 0 27.3003 a b 1.5577 3 0
0 0 37.1448 0 27.3028 a b 1.55618 3 0
0 0 37.1774 0 27.3029 a b 1.55518 3 0
0 0 37.2026 0 27.3016 a b 1.55394 3 0
0 0 37.2354 0 27.3022 a b 1.5522 3 0
0 0 37.2659 0 27.3019 a b 1.55107 3 0
0 0 37.3007 0 27.3063 a b 1.5491 3 0
0 0 37.3347 0 27.3054 a b 1.5477 3 0
0 0 37.3653 0 27.304 a b 1.54545 3 0
0 0 37.3968 0 27.3061 a b 1.54587 3 0
0 0 37.4282 0 27.3062 a b 1.54242 3 0
0 0 37.4577 0 27.309 a b 1.54258 3 0
0 0 37.483 0 27.3079 a b 1.54187 3 0
0 0 37.5114 0 27.3101 a b 1.53987 3 0
0 0 37.5366 0 27.3093 a b 1.53816 3 0
0 0 37.5646 0 27.31 a b 1.53729 3 0
0 0 37.5937 0 27.312 a b 1.53417 3 0
0 0 37.6218 0 27.3149 a b 1.53301 3 0
0 0 37.6478 0 27.3143 a b 1.53105 3 0
0 0 37.6736 0 27.3144 a b 1.52908 3 0
0 0 37.7021 0 27.3153 a b 1.52739 3 0
0 0 37.7278 0 27.3149 a b 1.52619 3 0
0 0 37.7562 0 27.3149 a b 1.52499 3 0
0 0 37.7882 0 27.3184 a b 1.52373 3 0
0 0 37.8181 0 27.3208 a b 1.52078 3 0
0 0 37.85 0 27.323 a b 1.51967 3 0
0 0 37.8811 0 27.3238 a b 1.5181 3 0
0 0 37.9143 0 27.3236 a b 1.51561 3 0
0 0 37.9447 0 27.3246 a b 1.51394 3 0
0 0 37.9731 0 27.3276 a b 1.513 3 0
0 0 38.0061 0 27.3277 a b 1.51129 3 0
0 0 38.0327 0 27.3293 a b 1.51114 3 0
0 0 38.061 0 27.3322 a b 1.51037 3 0
0 0 38.0844 0 27.3392 a b 1.50919 3 0
0 0 38.1114 0 27.3406 a b 1.50691 3 0
0 0 38.1376 0 27.3411 a b 1.5069 3 0
0 0 38.1666 0 27.3437 a b 1.50526 3 0
0 0 38.1936 0 27.3448 a b 1.50316 3 0
0 0 38.2188 0 27.3477 a b 1.50243 3 0
0 0 38.2436 0 27.3513 a b 1.5018 3 0
0 0 38.2711 0 27.35 a b 1.50033 3 0
0 0 38.3002 0 27.353 a b 1.50042 3 0
0 0 38.328 0 27.3575 a b 1.50022 3 0
0 0 38.3571 0 27.3611 a b 1.50102 3 0
0 0 38.3873 0 27.3603 a b 1.5044 3 0
0 0 38.4136 0 27.3624 a b 1.50472 3 0
0 0 38.4431 0 27.3659 a b 1.50611 3 0
0 0 38.4703 0 27.3644 a b 1.50682 3 0
0 0 38.4983 0 27.3626 a b 1.51061 3 0
0 0 38.527 0 27.3659 a b 1.51606 3 0
0 0 38.5568 0 27.3683 a b 1.51758 3 0
0 0 38.5838 0 27.3707 a b 1.52087 3 0
0 0 38.6134 0 27.3681 a b 1.5236 3 0
0 0 38.6413 0 27.3673 a b 1.52654 3 0
0 0 38.6686 0 27.3664 a b 1.52972 3 0
0 0 38.6908 0 27.3651 a b 1.53311 3 0
0 0 38.719 0 27.3669 a b 1.53788 3 0
0 0 38.7492 0 27.365 a b 1.54213 3 0
0 0 38.7766 0 27.3658 a b 1.54573 3 0
0 0 38.8092 0 27.368 a b 1.54961 3 0
0 0 38.8413 0 27.3678 a b 1.55348 3 0
0 0 38.869 0 27.3664 a b 1.55682 3 0
0 0 38.8978 0 27.3665 a b 1.56117 3 0
0 0 38.9248 0 27.3702 a b 1.56477 3 0
0 0 38.9526 0 27.3726 a b 1.56732 3 0
0 0 38.9813 0 27.3719 a b 1.56945 3 0
0 0 39.0109 0 27.3694 a b 1.57143 3 0
0 0 39.0401 0 27.3712 a b 1.57314 3 0
0 0 39.0676 0 27.3707 a b 1.57276 3 0
0 0 39.1011 0 27.3702 a b 1.57212 3 0
0 0 39.1338 0 27.3697 a b 1.5716 3 0
0 0 39.1591 0 27.3715 a b 1.57199 3 0
0 0 39.187 0 27.3703 a b 1.57132 3 0
0 0 39.2182 0 27.37 a b 1.56923 3 0
0 0 39.2483 0 27.3685 a b 1.56941 3 0
0 0 39.2755 0 27.3692 a b 1.57026 3 0
0 0 39.3043 0 27.3684 a b 1.57057 3 0
0 0 39.3302 0 27.3682 a b 1.56949 3 0
0 0 39.3564 0 27.3688 a b 1.56823 3 0
0 0 39.3867 0 27.3702 a b 1.5691 3 0
0 0 39.413 0 27.3705 a b 1.56897 3 0
0 0 39.4384 0 27.3686 a b 1.56679 3 0
0 0 39.4708 0 27.3696 a b 1.56605 3 0
0 0 39.497 0 27.3691 a b 1.5676 3 0
0 0 39.5277 0 27.3713 a b 1.56791 3 0
0 0 39.5582 0 27.371 a b 1.56486 3 0
0 0 39.5898 0 27.3721 a b 1.56432 3 0
0 0 39.6172 0 27.3713 a b 1.56499 3 0
0 0 39.6414 0 27.3717 a b 1.56412 3 0
0 0 39.67 0 27.3725 a b 1.56188 3 0
0 0 39.7015 0 27.3752 a b 1.56257 3 0
0 0 39.7304 0 27.374 a b 1.56168 3 0
0 0 39.753 0 27.371 a b 1.56031 3 0
0 0 39.7772 0 27.3726 a b 1.5588 3 0
0 0 39.8057 0 27.3731 a b 1.5601 3 0
0 0 39.8367 0 27.3716 a b 1.55904 3 0
0 0 39.8711 0 27.3744 a b 1.55637 3 0
0 0 39.9048 0 27.3751 a b 1.55512 3 0
0 0 39.9341 0 27.3776 a b 1.55472 3 0
0 0 39.9642 0 27.3785 a b 1.55387 3 0
0 0 39.9987 0 27.3771 a b 1.55121 3 0
0 0 40.0302 0 27.3778 a b 1.55135 3 0
0 0 40.0587 0 27.3789 a b 1.54932 3 0
0 0 40.0879 0 27.3789 a b 1.54948 3 0
0 0 40.1165 0 27.3791 a b 1.54868 3 0
0 0 40.1428 0 27.3787 a b 1.54617 3 0
0 0 40.1702 0 27.3821 a b 1.54594 3 0
0 0 40.199 0 27.381 a b 1.54611 3 0
0 0 40.2211 0 27.3813 a b 1.54446 3 0
0 0 40.2498 0 27.3821 a b 1.54296 3 0
0 0 40.2789 0 27.3852 a b 1.54329 3 0
0 0 40.309 0 27.3869 a b 1.54411 3 0
0 0 40.3363 0 27.3878 a b 1.54149 3 0
0 0 40.365 0 27.3896 a b 1.54127 3 0
0 0 40.403 0 27.3912 a b 1.54096 3 0
0 0 40.4333 0 27.3892 a b 1.54021 3 0
0 0 40.4661 0 27.3921 a b 1.53795 3 0
0 0 40.5014 0 27.3935 a b 1.5372 3 0
0 0 40.5293 0 27.3952 a b 1.53773 3 0
