0 0 34.549 0 27.2848 a b -1.60376 3 0
0 0 34.5251 0 27.2854 a b -1.60315 3 0
0 0 34.4961 0 27.2841 a b -1.60202 3 0
0 0 34.4649 0 27.2828 a b -1.60127 3 0
0 0 34.4325 0 27.28 a b -1.60056 3 0
0 0 34.4067 0 27.2801 a b -1.59903 3 0
0 0 34.3746 0 27.2783 a b -1.59729 3 0
0 0 34.3408 0 27.2792 a b -1.59788 3 0
0 0 34.3054 0 27.2784 a b -1.59726 3 0
0 0 34.2712 0 27.277 a b -1.59616 3 0
0 0 34.2372 0 27.2759 a b -1.59428 3 0
0 0 34.2083 0 27.2749 a b -1.59278 3 0
0 0 34.1775 0 27.2784 a b -1.59205 3 0
0 0 34.1514 0 27.2778 a b -1.59093 3 0
0 0 34.1262 0 27.2761 a b -1.59088 3 0
0 0 34.1012 0 27.2737 a b -1.58863 3 0
0 0 34.0721 0 27.2759 a b -1.58828 3 0
0 0 34.0496 0 27.2755 a b -1.58876 3 0
0 0 34.0248 0 27.2739 a b -1.58572 3 0
0 0 33.9957 0 27.2748 a b -1.58631 3 0
0 0 33.9665 0 27.2718 a b -1.58766 3 0
0 0 33.9372 0 27.2715 a b -1.58521 3 0
0 0 33.908 0 27.2752 a b -1.58287 3 0
0 0 33.8733 0 27.2776 a b -1.58181 3 0
0 0 33.8382 0 27.2742 a b -1.58307 3 0
0 0 33.8043 0 27.271 a b -1.58152 3 0
0 0 33.772 0 27.2718 a b -1.57945 3 0
0 0 33.7352 0 27.271 a b -1.57959 3 0
0 0 33.7014 0 27.2711 a b -1.57874 3 0
0 0 33.6733 0 27.2723 a b -1.57608 3 0
0 0 33.6487 0 27.2754 a b -1.57596 3 0
0 0 33.6203 0 27.2773 a b -1.57435 3 0
0 0 33.5937 0 27.277 a b -1.57335 3 0
0 0 33.5676 0 27.2758 a b -1.57176 3 0
0 0 33.542 0 27.2722 a b -1.57217 3 0
0 0 33.517 0 27.2731 a b -1.56986 3 0
0 0 33.4898 0 27.2731 a b -1.56836 3 0
0 0 33.4656 0 27.2741 a b -1.56748 3 0
0 0 33.4376 0 27.2749 a b -1.56556 3 0
0 0 33.405 0 27.2811 a b -1.56284 3 0
0 0 33.3695 0 27.2852 a b -1.56087 3 0
0 0 33.3352 0 27.2833 a b -1.56121 3 0
0 0 33.3002 0 27.2799 a b -1.55966 3 0
0 0 33.2682 0 27.2814 a b -1.56172 3 0
0 0 33.2369 0 27.2835 a b -1.56053 3 0
0 0 33.2053 0 27.2838 a b -1.5607 3 0
0 0 33.1728 0 27.2846 a b -1.55963 3 0
0 0 33.1449 0 27.2856 a b -1.55845 3 0
0 0 33.1189 0 27.2846 a b -1.55751 3 0
0 0 33.0902 0 27.2826 a b -1.55614 3 0
0 0 33.0658 0 27.2861 a b -1.55567 3 0
0 0 33.0382 0 27.285 a b -1.556 3 0
0 0 33.0138 0 27.2848 a b -1.55476 3 0
0 0 32.9881 0 27.2855 a b -1.55314 3 0
0 0 32.9649 0 27.2872 a b -1.55271 3 0
0 0 32.9407 0 27.2854 a b -1.55163 3 0
0 0 32.9141 0 27.2878 a b -1.55094 3 0
0 0 32.8847 0 27.2887 a b -1.55002 3 0
0 0 32.8586 0 27.293 a b -1.54875 3 0
0 0 32.826 0 27.2955 a b -1.54709 3 0
0 0 32.7902 0 27.2947 a b -1.54636 3 0
0 0 32.7593 0 27.2964 a b -1.54677 3 0
0 0 32.7326 0 27.2983 a b -1.54612 3 0
0 0 32.7049 0 27.2978 a b -1.54481 3 0
0 0 32.6763 0 27.2979 a b -1.54414 3 0
0 0 32.65 0 27.2987 a b -1.54446 3 0
0 0 32.6236 0 27.298 a b -1.54506 3 0
0 0 32.5899 0 27.3005 a b -1.5459 3 0
0 0 32.5606 0 27.3018 a b -1.5456 3 0
0 0 32.528 0 27.3011 a b -1.54522 3 0
0 0 32.498 0 27.2998 a b -1.54776 3 0
0 0 32.4656 0 27.3021 a b -1.54891 3 0
0 0 32.4331 0 27.3037 a b -1.54795 3 0
0 0 32.4073 0 27.3064 a b -1.54943 3 0
0 0 32.3822 0 27.303 a b -1.55025 3 0
0 0 32.3537 0 27.3014 a b -1.55061 3 0
0 0 32.3215 0 27.3036 a b -1.55195 3 0
0 0 32.2996 0 27.3018 a b -1.55171 3 0
0 0 32.2746 0 27.3019 a b -1.55195 3 0
0 0 32.2502 0 27.3022 a b -1.55608 3 0
0 0 32.2221 0 27.3039 a b -1.56188 3 0
0 0 32.1946 0 27.3047 a b -1.5685 3 0
0 0 32.1656 0 27.3086 a b -1.57471 3 0
0 0 32.1335 0 27.3125 a b -1.58048 3 0
0 0 32.1043 0 27.3082 a b -1.58707 3 0
0 0 32.0754 0 27.308 a b -1.59511 3 0
0 0 32.0452 0 27.311 a b -1.59997 3 0
0 0 32.0151 0 27.3144 a b -1.6011 3 0
0 0 31.9856 0 27.3127 a b -1.6031 3 0
0 0 31.9563 0 27.312 a b -1.60394 3 0
0 0 31.9289 0 27.313 a b -1.60223 3 0
0 0 31.8976 0 27.3136 a b -1.60048 3 0
0 0 31.8722 0 27.3135 a b -1.601 3 0
0 0 31.8425 0 27.3138 a b -1.60103 3 0
0 0 31.8138 0 27.312 a b -1.59948 3 0
0 0 31.7832 0 27.3099 a b -1.59998 3 0
0 0 31.7523 0 27.3073 a b -1.59812 3 0
0 0 31.7253 0 27.3057 a b -1.59795 3 0
0 0 31.6962 0 27.3085 a b -1.59891 3 0
0 0 31.6669 0 27.31 a b -1.59767 3 0
0 0 31.6374 0 27.3084 a b -1.59592 3 0
0 0 31.6018 0 27.3053 a b -1.59694 3 0
0 0 31.5679 0 27.3062 a b -1.5962 3 0
0 0 31.5373 0 27.3074 a b -1.59476 3 0
0 0 31.5035 0 27.3069 a b -1.59437 3 0
0 0 31.4753 0 27.3058 a b -1.59447 3 0
0 0 31.4537 0 27.305 a b -1.59448 3 0
0 0 31.4273 0 27.3071 a b -1.59326 3 0
0 0 31.3978 0 27.308 a b -1.59159 3 0
0 0 31.3701 0 27.3108 a b -1.59043 3 0
0 0 31.3419 0 27.3093 a b -1.59032 3 0
0 0 31.307 0 27.3133 a b -1.59114 3 0
0 0 31.2688 0 27.312 a b -1.5885 3 0
0 0 31.2456 0 27.3098 a b -1.58888 3 0
0 0 31.2203 0 27.3092 a b -1.58943 3 0
0 0 31.1948 0 27.3116 a b -1.58808 3 0
0 0 31.1653 0 27.311 a b -1.58697 3 0
0 0 31.1363 0 27.3074 a b -1.58779 3 0
0 0 31.1077 0 27.3073 a b -1.5859 3 0
0 0 31.0808 0 27.3076 a b -1.58499 3 0
0 0 31.0502 0 27.3087 a b -1.58518 3 0
0 0 31.0195 0 27.3056 a b -1.5857 3 0
0 0 30.9918 0 27.3056 a b -1.58418 3 0
0 0 30.9626 0 27.3045 a b -1.58334 3 0
0 0 30.9352 0 27.3037 a b -1.58274 3 0
0 0 30.9074 0 27.3073 a b -1.58294 3 0
0 0 30.8795 0 27.3075 a b -1.58288 3 0
0 0 30.8521 0 27.3066 a b -1.58166 3 0
0 0 30.8223 0 27.3092 a b -1.58205 3 0
0 0 30.7895 0 27.3086 a b -1.58195 3 0
0 0 30.7578 0 27.3074 a b -1.58085 3 0
0 0 30.7281 0 27.3061 a b -1.58048 3 0
0 0 30.7008 0 27.3055 a b -1.58155 3 0
0 0 30.672 0 27.3034 a b -1.5803 3 0
0 0 30.6451 0 27.3025 a b -1.57935 3 0
0 0 30.6178 0 27.3012 a b -1.5796 3 0
0 0 30.5886 0 27.3019 a b -1.57928 3 0
0 0 30.5556 0 27.3025 a b -1.58119 3 0
0 0 30.5252 0 27.3036 a b -1.5797 3 0
0 0 30.4999 0 27.3023 a b -1.57919 3 0
0 0 30.4708 0 27.3052 a b -1.57994 3 0
0 0 30.4376 0 27.3051 a b -1.58154 3 0
0 0 30.4092 0 27.308 a b -1.58206 3 0
0 0 30.3771 0 27.3107 a b -1.58346 3 0
0 0 30.3528 0 27.311 a b -1.58828 3 0
0 0 30.328 0 27.3115 a b -1.59434 3 0
0 0 30.3039 0 27.3133 a b -1.60226 3 0
0 0 30.2776 0 27.3128 a b -1.60935 3 0
0 0 30.2477 0 27.3142 a b -1.61238 3 0
0 0 30.2186 0 27.3131 a b -1.61798 3 0
0 0 30.1895 0 27.3118 a b -1.62233 3 0
0 0 30.1642 0 27.3153 a b -1.62656 3 0
0 0 30.1397 0 27.3174 a b -1.62963 3 0
0 0 30.1083 0 27.3157 a b -1.6314 3 0
0 0 30.0776 0 27.3105 a b -1.6317 3 0
0 0 30.0496 0 27.3073 a b -1.63002 3 0
0 0 30.0175 0 27.3079 a b -1.62882 3 0
0 0 29.9895 0 27.3043 a b -1.62625 3 0
0 0 29.9608 0 27.3035 a b -1.62604 3 0
0 0 29.9343 0 27.3026 a b -1.625 3 0
0 0 29.9078 0 27.3026 a b -1.62413 3 0
0 0 29.8806 0 27.2971 a b -1.62044 3 0
0 0 29.854 0 27.2954 a b -1.62004 3 0
0 0 29.8289 0 27.2965 a b -1.61704 3 0
0 0 29.8018 0 27.2954 a b -1.61597 3 0
0 0 29.7741 0 27.2937 a b -1.61529 3 0
0 0 29.7458 0 27.2951 a b -1.61261 3 0
0 0 29.714 0 27.2911 a b -1.60948 3 0
0 0 29.6839 0 27.2918 a b -1.60898 3 0
0 0 29.6485 0 27.2914 a b -1.60809 3 0
0 0 29.6162 0 27.2893 a b -1.60561 3 0
0 0 29.5915 0 27.2868 a b -1.60262 3 0
0 0 29.5587 0 27.2904 a b -1.60094 3 0
0 0 29.5248 0 27.2853 a b -1.6018 3 0
0 0 29.4892 0 27.2809 a b -1.59961 3 0
0 0 29.4576 0 27.2818 a b -1.59806 3 0
0 0 29.4325 0 27.2839 a b -1.59701 3 0
0 0 29.4038 0 27.281 a b -1.59628 3 0
0 0 29.3748 0 27.2803 a b -1.59563 3 0
0 0 29.354 0 27.2831 a b -1.59368 3 0
0 0 29.3243 0 27.2853 a b -1.59351 3 0
0 0 29.2961 0 27.2847 a b -1.5931 3 0
0 0 29.27 0 27.2821 a b -1.59167 3 0
0 0 29.2405 0 27.2799 a b -1.59076 3 0
0 0 29.2085 0 27.2803 a b -1.59085 3 0
0 0 29.1789 0 27.2802 a b -1.58992 3 0
0 0 29.1434 0 27.2814 a b -1.58906 3 0
0 0 29.1109 0 27.2826 a b -1.58939 3 0
0 0 29.0831 0 27.2825 a b -1.58702 3 0
0 0 29.0511 0 27.2789 a b -1.58618 3 0
0 0 29.0218 0 27.275 a b -1.58689 3 0
0 0 28.9931 0 27.2721 a b -1.58615 3 0
0 0 28.9629 0 27.2728 a b -1.58561 3 0
0 0 28.9321 0 27.2716 a b -1.58468 3 0
0 0 28.9027 0 27.2693 a b -1.58543 3 0
0 0 28.8726 0 27.2686 a b -1.58432 3 0
0 0 28.8437 0 27.2634 a b -1.5858 3 0
0 0 28.8189 0 27.2618 a b -1.59213 3 0
0 0 28.7892 0 27.2647 a b -1.59837 3 0
0 0 28.7593 0 27.2619 a b -1.60565 3 0
0 0 28.732 0 27.2619 a b -1.61432 3 0
0 0 28.7024 0 27.2622 a b -1.62128 3 0
0 0 28.6748 0 27.2647 a b -1.62891 3 0
0 0 28.6463 0 27.2664 a b -1.63534 3 0
0 0 28.6213 0 27.2662 a b -1.64085 3 0
0 0 28.5948 0 27.2697 a b -1.64365 3 0
0 0 28.5641 0 27.2701 a b -1.64346 3 0
0 0 28.5323 0 27.2672 a b -1.6415 3 0
0 0 28.5049 0 27.2647 a b -1.64207 3 0
0 0 28.4724 0 27.2659 a b -1.64131 3 0
0 0 28.4452 0 27.2646 a b -1.63911 3 0
0 0 28.4195 0 27.2644 a b -1.63799 3 0
0 0 28.3889 0 27.2586 a b -1.63803 3 0
0 0 28.3606 0 27.2596 a b -1.63859 3 0
0 0 28.3329 0 27.2584 a b -1.63705 3 0
0 0 28.3039 0 27.2563 a b -1.63606 3 0
0 0 28.2727 0 27.2515 a b -1.63453 3 0
0 0 28.246 0 27.2492 a b -1.63388 3 0
0 0 28.2176 0 27.2453 a b -1.63423 3 0
0 0 28.1915 0 27.2477 a b -1.63425 3 0
0 0 28.1638 0 27.2428 a b -1.63179 3 0
0 0 28.1351 0 27.2424 a b -1.63082 3 0
0 0 28.1062 0 27.2407 a b -1.62968 3 0
0 0 28.0775 0 27.2397 a b -1.62982 3 0
0 0 28.0497 0 27.2367 a b -1.62916 3 0
0 0 28.0219 0 27.2352 a b -1.62548 3 0
0 0 27.9916 0 27.2285 a b -1.6244 3 0
0 0 27.9614 0 27.2261 a b -1.62528 3 0
0 0 27.9288 0 27.2237 a b -1.62464 3 0
0 0 27.8978 0 27.2238 a b -1.62286 3 0
0 0 27.8684 0 27.2232 a b -1.62191 3 0
0 0 27.8384 0 27.2226 a b -1.62187 3 0
0 0 27.8125 0 27.2209 a b -1.62137 3 0
0 0 27.785 0 27.2213 a b -1.62041 3 0
0 0 27.7545 0 27.2204 a b -1.62025 3 0
0 0 27.7285 0 27.218 a b -1.62097 3 0
0 0 27.6981 0 27.2193 a b -1.6182 3 0
0 0 27.6646 0 27.2163 a b -1.61661 3 0
0 0 27.6302 0 27.2131 a b -1.61803 3 0
0 0 27.6004 0 27.2146 a b -1.61661 3 0
0 0 27.5732 0 27.2143 a b -1.61535 3 0
0 0 27.5419 0 27.212 a b -1.61475 3 0
0 0 27.5129 0 27.2132 a b -1.61235 3 0
0 0 27.4881 0 27.2137 a b -1.61145 3 0
0 0 27.4582 0 27.2106 a b -1.61126 3 0
0 0 27.4323 0 27.2094 a b -1.61075 3 0
0 0 27.4026 0 27.2066 a b -1.6101 3 0
0 0 27.3736 0 27.2027 a b -1.60804 3 0
0 0 27.3439 0 27.202 a b -1.60651 3 0
0 0 27.3124 0 27.2016 a b -1.60659 3 0
0 0 27.2798 0 27.2015 a b -1.60824 3 0
0 0 27.2501 0 27.1997 a b -1.60633 3 0
0 0 27.2164 0 27.1995 a b -1.6043 3 0
0 0 27.1844 0 27.1981 a b -1.60441 3 0
0 0 27.154 0 27.198 a b -1.60452 3 0
0 0 27.1218 0 27.2005 a b -1.60366 3 0
0 0 27.0913 0 27.2022 a b -1.60193 3 0
0 0 27.0648 0 27.2038 a b -1.60163 3 0
0 0 27.0352 0 27.2037 a b -1.60222 3 0
0 0 27.0084 0 27.2008 a b -1.60095 3 0
0 0 26.9784 0 27.2031 a b -1.59916 3 0
0 0 26.9486 0 27.2042 a b -1.59808 3 0
0 0 26.9221 0 27.201 a b -1.59763 3 0
0 0 26.8886 0 27.203 a b -1.59758 3 0
0 0 26.8579 0 27.2043 a b -1.59753 3 0
0 0 26.8274 0 27.1996 a b -1.59522 3 0
0 0 26.7967 0 27.1983 a b -1.59506 3 0
0 0 26.7694 0 27.1974 a b -1.59436 3 0
0 0 26.7401 0 27.2003 a b -1.59591 3 0
0 0 26.7116 0 27.1951 a b -1.5933 3 0
0 0 26.6838 0 27.1919 a b -1.59098 3 0
0 0 26.653 0 27.1941 a b -1.58991 3 0
0 0 26.6246 0 27.195 a b -1.59081 3 0
0 0 26.5926 0 27.1927 a b -1.59111 3 0
0 0 26.5608 0 27.1941 a b -1.58821 3 0
