0 0 53.8986 0 27.5988 a b 1.57449 3 0
0 0 53.9261 0 27.5951 a b 1.57856 3 0
0 0 53.9535 0 27.5956 a b 1.58509 3 0
0 0 53.9793 0 27.5939 a b 1.59025 3 0
0 0 54.0047 0 27.5895 a b 1.59376 3 0
0 0 54.0352 0 27.5881 a b 1.59301 3 0
0 0 54.0656 0 27.5899 a b 1.59441 3 0
0 0 54.097 0 27.5863 a b 1.5932 3 0
0 0 54.1327 0 27.5872 a b 1.59332 3 0
0 0 54.1664 0 27.5867 a b 1.5928 3 0
0 0 54.2011 0 27.5863 a b 1.59149 3 0
0 0 54.2282 0 27.5861 a b 1.59065 3 0
0 0 54.2565 0 27.5851 a b 1.59063 3 0
0 0 54.2878 0 27.5809 a b 1.58927 3 0
0 0 54.3171 0 27.5805 a b 1.58706 3 0
0 0 54.3461 0 27.5809 a b 1.58766 3 0
0 0 54.3732 0 27.582 a b 1.58802 3 0
0 0 54.3979 0 27.5786 a b 1.58677 3 0
0 0 54.4269 0 27.576 a b 1.58572 3 0
0 0 54.4562 0 27.5757 a b 1.58394 3 0
0 0 54.4832 0 27.5751 a b 1.58189 3 0
0 0 54.5118 0 27.5752 a b 1.5844 3 0
0 0 54.5447 0 27.5756 a b 1.58265 3 0
0 0 54.5755 0 27.5751 a b 1.57837 3 0
0 0 54.6043 0 27.5738 a b 1.57838 3 0
0 0 54.6344 0 27.5732 a b 1.57925 3 0
0 0 54.6665 0 27.5743 a b 1.5776 3 0
0 0 54.6978 0 27.5764 a b 1.57486 3 0
0 0 54.7224 0 27.5764 a b 1.57381 3 0
0 0 54.754 0 27.5766 a b 1.57328 3 0
0 0 54.7844 0 27.5779 a b 1.57063 3 0
0 0 54.8151 0 27.5784 a b 1.56866 3 0
0 0 54.8428 0 27.5786 a b 1.56913 3 0
0 0 54.8729 0 27.5773 a b 1.56748 3 0
0 0 54.9026 0 27.577 a b 1.56497 3 0
0 0 54.931 0 27.576 a b 1.56398 3 0
0 0 54.9592 0 27.5767 a b 1.56445 3 0
0 0 54.9895 0 27.5794 a b 1.56243 3 0
0 0 55.0183 0 27.5821 a b 1.5607 3 0
0 0 55.0469 0 27.5815 a b 1.56127 3 0
0 0 55.0774 0 27.5819 a b 1.5597 3 0
0 0 55.1082 0 27.58 a b 1.55759 3 0
0 0 55.1359 0 27.581 a b 1.55644 3 0
0 0 55.1659 0 27.5845 a b 1.5569 3 0
0 0 55.1931 0 27.5875 a b 1.55668 3 0
0 0 55.2234 0 27.5878 a b 1.55396 3 0
0 0 55.2551 0 27.5886 a b 1.55223 3 0
0 0 55.28 0 27.5868 a b 1.55194 3 0
0 0 55.3112 0 27.5868 a b 1.55191 3 0
0 0 55.3378 0 27.5905 a b 1.55151 3 0
0 0 55.3691 0 27.5942 a b 1.54831 3 0
0 0 55.3969 0 27.5928 a b 1.54729 3 0
0 0 55.4251 0 27.5915 a b 1.547 3 0
0 0 55.4513 0 27.592 a b 1.54702 3 0
0 0 55.4803 0 27.5925 a b 1.54601 3 0
0 0 55.5083 0 27.5958 a b 1.54446 3 0
0 0 55.5386 0 27.6006 a b 1.54179 3 0
0 0 55.5672 0 27.6011 a b 1.53985 3 0
0 0 55.5942 0 27.6021 a b 1.54015 3 0
0 0 55.6247 0 27.6068 a b 1.54 3 0
0 0 55.6543 0 27.609 a b 1.53803 3 0
0 0 55.6828 0 27.6094 a b 1.53601 3 0
0 0 55.7097 0 27.6096 a b 1.53662 3 0
0 0 55.7415 0 27.6143 a b 1.53665 3 0
0 0 55.774 0 27.6151 a b 1.53404 3 0
0 0 55.8037 0 27.6155 a b 1.53167 3 0
0 0 55.8335 0 27.617 a b 1.53253 3 0
0 0 55.8626 0 27.6198 a b 1.53108 3 0
0 0 55.8904 0 27.6213 a b 1.52865 3 0
0 0 55.9205 0 27.6239 a b 1.52844 3 0
0 0 55.9505 0 27.624 a b 1.52835 3 0
0 0 55.9745 0 27.6226 a b 1.52746 3 0
0 0 56.0011 0 27.6213 a b 1.5247 3 0
0 0 56.0301 0 27.6204 a b 1.52209 3 0
0 0 56.0609 0 27.6256 a b 1.52141 3 0
0 0 56.0888 0 27.6265 a b 1.52244 3 0
0 0 56.1117 0 27.6261 a b 1.5222 3 0
0 0 56.1397 0 27.6306 a b 1.51787 3 0
0 0 56.1727 0 27.6296 a b 1.51783 3 0
0 0 56.2049 0 27.6291 a b 1.5207 3 0
0 0 56.2338 0 27.6313 a b 1.52296 3 0
0 0 56.2619 0 27.6328 a b 1.52661 3 0
0 0 56.2912 0 27.6326 a b 1.53233 3 0
0 0 56.3163 0 27.6346 a b 1.53362 3 0
0 0 56.3447 0 27.6348 a b 1.53539 3 0
0 0 56.3713 0 27.6333 a b 1.54173 3 0
0 0 56.4013 0 27.6314 a b 1.55143 3 0
0 0 56.4279 0 27.6325 a b 1.55908 3 0
0 0 56.4531 0 27.6319 a b 1.56775 3 0
0 0 56.4808 0 27.6329 a b 1.5752 3 0
0 0 56.5061 0 27.63 a b 1.58311 3 0
0 0 56.5317 0 27.6293 a b 1.58877 3 0
0 0 56.5593 0 27.626 a b 1.59045 3 0
0 0 56.5915 0 27.6249 a b 1.59219 3 0
0 0 56.6204 0 27.6276 a b 1.5947 3 0
0 0 56.6526 0 27.6263 a b 1.59545 3 0
0 0 56.686 0 27.6266 a b 1.59641 3 0
0 0 56.7188 0 27.626 a b 1.59676 3 0
0 0 56.7499 0 27.6273 a b 1.59786 3 0
0 0 56.7837 0 27.6273 a b 1.59905 3 0
0 0 56.8143 0 27.6242 a b 1.59728 3 0
0 0 56.8458 0 27.6231 a b 1.59753 3 0
0 0 56.8752 0 27.6197 a b 1.59912 3 0
0 0 56.9007 0 27.6184 a b 1.59968 3 0
0 0 56.9256 0 27.62 a b 1.59738 3 0
0 0 56.954 0 27.6227 a b 1.59773 3 0
0 0 56.9805 0 27.6221 a b 1.59829 3 0
0 0 57.0048 0 27.6192 a b 1.59766 3 0
0 0 57.0314 0 27.6175 a b 1.59749 3 0
0 0 57.0602 0 27.6172 a b 1.59613 3 0
0 0 57.089 0 27.6173 a b 1.59591 3 0
0 0 57.1178 0 27.6192 a b 1.59412 3 0
0 0 57.1507 0 27.6193 a b 1.59517 3 0
0 0 57.1829 0 27.6212 a b 1.59616 3 0
0 0 57.2133 0 27.6209 a b 1.59421 3 0
0 0 57.247 0 27.6176 a b 1.59364 3 0
0 0 57.2761 0 27.6188 a b 1.59421 3 0
0 0 57.3081 0 27.6175 a b 1.59366 3 0
0 0 57.3374 0 27.616 a b 1.59358 3 0
0 0 57.3708 0 27.6152 a b 1.59231 3 0
0 0 57.3983 0 27.6122 a b 1.59295 3 0
0 0 57.4245 0 27.6107 a b 1.59232 3 0
0 0 57.4513 0 27.6082 a b 1.58962 3 0
0 0 57.477 0 27.6051 a b 1.58933 3 0
0 0 57.5041 0 27.6028 a b 1.58892 3 0
0 0 57.5329 0 27.6032 a b 1.58896 3 0
0 0 57.5619 0 27.6039 a b 1.58846 3 0
0 0 57.5902 0 27.602 a b 1.58826 3 0
0 0 57.6188 0 27.5993 a b 1.58602 3 0
0 0 57.6489 0 27.5992 a b 1.58488 3 0
0 0 57.6814 0 27.6019 a b 1.58777 3 0
0 0 57.7152 0 27.5977 a b 1.58701 3 0
0 0 57.7449 0 27.5987 a b 1.58346 3 0
0 0 57.7755 0 27.5979 a b 1.58364 3 0
0 0 57.8091 0 27.5981 a b 1.5859 3 0
0 0 57.8421 0 27.5983 a b 1.58346 3 0
0 0 57.8712 0 27.6027 a b 1.58134 3 0
0 0 57.9 0 27.6027 a b 1.58132 3 0
0 0 57.9261 0 27.5986 a b 1.58017 3 0
0 0 57.9519 0 27.5979 a b 1.5787 3 0
0 0 57.9795 0 27.6014 a b 1.57887 3 0
0 0 58.0072 0 27.6002 a b 1.57887 3 0
0 0 58.0359 0 27.5984 a b 1.57811 3 0
0 0 58.0629 0 27.6006 a b 1.57784 3 0
0 0 58.0941 0 27.6007 a b 1.57727 3 0
0 0 58.1238 0 27.6002 a b 1.57573 3 0
0 0 58.1539 0 27.5992 a b 1.57515 3 0
0 0 58.1854 0 27.5962 a b 1.574 3 0
0 0 58.2199 0 27.5984 a b 1.57393 3 0
0 0 58.2517 0 27.5983 a b 1.57318 3 0
0 0 58.2819 0 27.5981 a b 1.57234 3 0
0 0 58.3111 0 27.5982 a b 1.57219 3 0
0 0 58.3397 0 27.6001 a b 1.57178 3 0
0 0 58.3722 0 27.6015 a b 1.57035 3 0
0 0 58.4017 0 27.6016 a b 1.56839 3 0
0 0 58.428 0 27.6008 a b 1.56868 3 0
0 0 58.4534 0 27.6011 a b 1.56855 3 0
0 0 58.4807 0 27.6022 a b 1.56702 3 0
0 0 58.5038 0 27.6043 a b 1.56604 3 0
0 0 58.5273 0 27.6051 a b 1.56463 3 0
0 0 58.5547 0 27.6012 a b 1.56313 3 0
0 0 58.581 0 27.6004 a b 1.56324 3 0
0 0 58.6094 0 27.6003 a b 1.56309 3 0
0 0 58.6369 0 27.6001 a b 1.56164 3 0
0 0 58.6682 0 27.6017 a b 1.56046 3 0
0 0 58.6942 0 27.6013 a b 1.55986 3 0
0 0 58.7271 0 27.6002 a b 1.55844 3 0
0 0 58.7614 0 27.6013 a b 1.55823 3 0
0 0 58.7994 0 27.604 a b 1.55664 3 0
0 0 58.8331 0 27.6047 a b 1.55697 3 0
0 0 58.8643 0 27.6059 a b 1.55634 3 0
0 0 58.8937 0 27.6043 a b 1.55728 3 0
0 0 58.9225 0 27.6027 a b 1.56103 3 0
0 0 58.9533 0 27.6024 a b 1.56312 3 0
0 0 58.9801 0 27.603 a b 1.56637 3 0
0 0 59.0068 0 27.5994 a b 1.57032 3 0
0 0 59.0299 0 27.5961 a b 1.57582 3 0
0 0 59.0554 0 27.5952 a b 1.58275 3 0
0 0 59.0832 0 27.5903 a b 1.59221 3 0
0 0 59.1097 0 27.5861 a b 1.60072 3 0
0 0 59.1368 0 27.5879 a b 1.60932 3 0
0 0 59.1661 0 27.5866 a b 1.61898 3 0
0 0 59.193 0 27.586 a b 1.62692 3 0
0 0 59.2222 0 27.5827 a b 1.63158 3 0
0 0 59.255 0 27.5794 a b 1.63047 3 0
0 0 59.2943 0 27.5813 a b 1.63024 3 0
0 0 59.3262 0 27.5818 a b 1.63231 3 0
0 0 59.3586 0 27.5774 a b 1.63103 3 0
0 0 59.3873 0 27.5748 a b 1.63099 3 0
0 0 59.4161 0 27.5735 a b 1.63223 3 0
0 0 59.4474 0 27.5742 a b 1.6297 3 0
0 0 59.4719 0 27.5715 a b 1.63023 3 0
0 0 59.5028 0 27.5706 a b 1.63063 3 0
0 0 59.5272 0 27.5707 a b 1.62975 3 0
0 0 59.5537 0 27.5654 a b 1.62913 3 0
0 0 59.5816 0 27.5654 a b 1.62778 3 0
0 0 59.606 0 27.564 a b 1.62701 3 0
0 0 59.634 0 27.5613 a b 1.62669 3 0
0 0 59.657 0 27.5586 a b 1.62711 3 0
0 0 59.684 0 27.5571 a b 1.62496 3 0
0 0 59.7157 0 27.5559 a b 1.62348 3 0
0 0 59.7443 0 27.5531 a b 1.62463 3 0
0 0 59.7727 0 27.5493 a b 1.62288 3 0
0 0 59.8047 0 27.5493 a b 1.62195 3 0
0 0 59.8322 0 27.5478 a b 1.62179 3 0
0 0 59.863 0 27.5466 a b 1.61982 3 0
0 0 59.8923 0 27.5471 a b 1.61966 3 0
0 0 59.9219 0 27.5469 a b 1.61937 3 0
0 0 59.95 0 27.5475 a b 1.61854 3 0
0 0 59.9779 0 27.5468 a b 1.6164 3 0
0 0 60.0062 0 27.5443 a b 1.61441 3 0
0 0 60.031 0 27.5431 a b 1.61383 3 0
0 0 60.0602 0 27.5424 a b 1.61356 3 0
0 0 60.084 0 27.54 a b 1.61173 3 0
0 0 60.1108 0 27.5369 a b 1.60946 3 0
0 0 60.1428 0 27.5343 a b 1.60847 3 0
0 0 60.1711 0 27.534 a b 1.60869 3 0
0 0 60.1989 0 27.5344 a b 1.60622 3 0
0 0 60.2274 0 27.5295 a b 1.60431 3 0
0 0 60.2576 0 27.5344 a b 1.60368 3 0
0 0 60.2858 0 27.5334 a b 1.60309 3 0
0 0 60.3211 0 27.5333 a b 1.60193 3 0
0 0 60.3549 0 27.5327 a b 1.60072 3 0
0 0 60.3878 0 27.5316 a b 1.60029 3 0
0 0 60.4147 0 27.5276 a b 1.59941 3 0
0 0 60.4465 0 27.5272 a b 1.59794 3 0
0 0 60.4756 0 27.5242 a b 1.59489 3 0
0 0 60.5085 0 27.5256 a b 1.59433 3 0
0 0 60.5389 0 27.5243 a b 1.59431 3 0
0 0 60.5676 0 27.524 a b 1.59295 3 0
0 0 60.5949 0 27.5191 a b 1.58958 3 0
0 0 60.626 0 27.5199 a b 1.59037 3 0
0 0 60.6573 0 27.5165 a b 1.58904 3 0
0 0 60.6859 0 27.516 a b 1.58801 3 0
0 0 60.7142 0 27.5155 a b 1.58744 3 0
0 0 60.7458 0 27.5136 a b 1.58653 3 0
0 0 60.7747 0 27.5132 a b 1.58517 3 0
0 0 60.8078 0 27.512 a b 1.58467 3 0
0 0 60.8348 0 27.5109 a b 1.58342 3 0
0 0 60.8642 0 27.5143 a b 1.58253 3 0
0 0 60.8925 0 27.5149 a b 1.58194 3 0
