0 0 60.8925 0 27.5149 a b -1.55965 3 0
0 0 60.8642 0 27.5143 a b -1.55907 3 0
0 0 60.8348 0 27.5109 a b -1.55817 3 0
0 0 60.8078 0 27.512 a b -1.55693 3 0
0 0 60.7747 0 27.5132 a b -1.55643 3 0
0 0 60.7458 0 27.5136 a b -1.55507 3 0
0 0 60.7142 0 27.5155 a b -1.55415 3 0
0 0 60.6859 0 27.516 a b -1.55359 3 0
0 0 60.6573 0 27.5165 a b -1.55256 3 0
0 0 60.626 0 27.5199 a b -1.55122 3 0
0 0 60.5949 0 27.5191 a b -1.55201 3 0
0 0 60.5676 0 27.524 a b -1.54865 3 0
0 0 60.5389 0 27.5243 a b -1.54728 3 0
0 0 60.5085 0 27.5256 a b -1.54726 3 0
0 0 60.4756 0 27.5242 a b -1.54671 3 0
0 0 60.4465 0 27.5272 a b -1.54366 3 0
0 0 60.4147 0 27.5276 a b -1.54218 3 0
0 0 60.3878 0 27.5316 a b -1.5413 3 0
0 0 60.3549 0 27.5327 a b -1.54088 3 0
0 0 60.3211 0 27.5333 a b -1.53966 3 0
0 0 60.2858 0 27.5334 a b -1.5385 3 0
0 0 60.2576 0 27.5344 a b -1.53792 3 0
0 0 60.2274 0 27.5295 a b -1.53729 3 0
0 0 60.1989 0 27.5344 a b -1.53537 3 0
0 0 60.1711 0 27.534 a b -1.53291 3 0
0 0 60.1428 0 27.5343 a b -1.53312 3 0
0 0 60.1108 0 27.5369 a b -1.53213 3 0
0 0 60.084 0 27.54 a b -1.52986 3 0
0 0 60.0602 0 27.5424 a b -1.52803 3 0
0 0 60.031 0 27.5431 a b -1.52776 3 0
0 0 60.0062 0 27.5443 a b -1.52718 3 0
0 0 59.9779 0 27.5468 a b -1.52519 3 0
0 0 59.95 0 27.5475 a b -1.52305 3 0
0 0 59.9219 0 27.5469 a b -1.52222 3 0
0 0 59.8923 0 27.5471 a b -1.52193 3 0
0 0 59.863 0 27.5466 a b -1.52177 3 0
0 0 59.8322 0 27.5478 a b -1.5198 3 0
0 0 59.8047 0 27.5493 a b -1.51964 3 0
0 0 59.7727 0 27.5493 a b -1.51871 3 0
0 0 59.7443 0 27.5531 a b -1.51696 3 0
0 0 59.7157 0 27.5559 a b -1.51811 3 0
0 0 59.684 0 27.5571 a b -1.51663 3 0
0 0 59.657 0 27.5586 a b -1.51448 3 0
0 0 59.634 0 27.5613 a b -1.5149 3 0
0 0 59.606 0 27.564 a b -1.51458 3 0
0 0 59.5816 0 27.5654 a b -1.51382 3 0
0 0 59.5537 0 27.5654 a b -1.51246 3 0
0 0 59.5272 0 27.5707 a b -1.51184 3 0
0 0 59.5028 0 27.5706 a b -1.51097 3 0
0 0 59.4719 0 27.5715 a b -1.51137 3 0
0 0 59.4474 0 27.5742 a b -1.51189 3 0
0 0 59.4161 0 27.5735 a b -1.50936 3 0
0 0 59.3873 0 27.5748 a b -1.5106 3 0
0 0 59.3586 0 27.5774 a b -1.51056 3 0
0 0 59.3262 0 27.5818 a b -1.50928 3 0
0 0 59.2943 0 27.5813 a b -1.51135 3 0
0 0 59.255 0 27.5794 a b -1.51112 3 0
0 0 59.2222 0 27.5827 a b -1.51001 3 0
0 0 59.193 0 27.586 a b -1.51467 3 0
0 0 59.1661 0 27.5866 a b -1.52261 3 0
0 0 59.1368 0 27.5879 a b -1.53227 3 0
0 0 59.1097 0 27.5861 a b -1.54087 3 0
0 0 59.0832 0 27.5903 a b -1.54938 3 0
0 0 59.0554 0 27.5952 a b -1.55885 3 0
0 0 59.0299 0 27.5961 a b -1.56577 3 0
0 0 59.0068 0 27.5994 a b -1.57127 3 0
0 0 58.9801 0 27.603 a b -1.57523 3 0
0 0 58.9533 0 27.6024 a b -1.57847 3 0
0 0 58.9225 0 27.6027 a b -1.58056 3 0
0 0 58.8937 0 27.6043 a b -1.58431 3 0
0 0 58.8643 0 27.6059 a b -1.58525 3 0
0 0 58.8331 0 27.6047 a b -1.58463 3 0
0 0 58.7994 0 27.604 a b -1.58495 3 0
0 0 58.7614 0 27.6013 a b -1.58337 3 0
0 0 58.7271 0 27.6002 a b -1.58315 3 0
0 0 58.6942 0 27.6013 a b -1.58173 3 0
0 0 58.6682 0 27.6017 a b -1.58113 3 0
0 0 58.6369 0 27.6001 a b -1.57996 3 0
0 0 58.6094 0 27.6003 a b -1.5785 3 0
0 0 58.581 0 27.6004 a b -1.57836 3 0
0 0 58.5547 0 27.6012 a b -1.57847 3 0
0 0 58.5273 0 27.6051 a b -1.57696 3 0
0 0 58.5038 0 27.6043 a b -1.57555 3 0
0 0 58.4807 0 27.6022 a b -1.57457 3 0
0 0 58.4534 0 27.6011 a b -1.57305 3 0
0 0 58.428 0 27.6008 a b -1.57292 3 0
0 0 58.4017 0 27.6016 a b -1.5732 3 0
0 0 58.3722 0 27.6015 a b -1.57124 3 0
0 0 58.3397 0 27.6001 a b -1.56982 3 0
0 0 58.3111 0 27.5982 a b -1.5694 3 0
0 0 58.2819 0 27.5981 a b -1.56925 3 0
0 0 58.2517 0 27.5983 a b -1.56841 3 0
0 0 58.2199 0 27.5984 a b -1.56767 3 0
0 0 58.1854 0 27.5962 a b -1.56759 3 0
0 0 58.1539 0 27.5992 a b -1.56644 3 0
0 0 58.1238 0 27.6002 a b -1.56586 3 0
0 0 58.0941 0 27.6007 a b -1.56432 3 0
0 0 58.0629 0 27.6006 a b -1.56375 3 0
0 0 58.0359 0 27.5984 a b -1.56348 3 0
0 0 58.0072 0 27.6002 a b -1.56272 3 0
0 0 57.9795 0 27.6014 a b -1.56273 3 0
0 0 57.9519 0 27.5979 a b -1.5629 3 0
0 0 57.9261 0 27.5986 a b -1.56142 3 0
0 0 57.9 0 27.6027 a b -1.56027 3 0
0 0 57.8712 0 27.6027 a b -1.56025 3 0
0 0 57.8421 0 27.5983 a b -1.55813 3 0
0 0 57.8091 0 27.5981 a b -1.5557 3 0
0 0 57.7755 0 27.5979 a b -1.55795 3 0
0 0 57.7449 0 27.5987 a b -1.55813 3 0
0 0 57.7152 0 27.5977 a b -1.55458 3 0
0 0 57.6814 0 27.6019 a b -1.55382 3 0
0 0 57.6489 0 27.5992 a b -1.55672 3 0
0 0 57.6188 0 27.5993 a b -1.55557 3 0
0 0 57.5902 0 27.602 a b -1.55333 3 0
0 0 57.5619 0 27.6039 a b -1.55314 3 0
0 0 57.5329 0 27.6032 a b -1.55264 3 0
0 0 57.5041 0 27.6028 a b -1.55268 3 0
0 0 57.477 0 27.6051 a b -1.55227 3 0
0 0 57.4513 0 27.6082 a b -1.55197 3 0
0 0 57.4245 0 27.6107 a b -1.54928 3 0
0 0 57.3983 0 27.6122 a b -1.54864 3 0
0 0 57.3708 0 27.6152 a b -1.54928 3 0
0 0 57.3374 0 27.616 a b -1.54802 3 0
0 0 57.3081 0 27.6175 a b -1.54794 3 0
0 0 57.2761 0 27.6188 a b -1.54738 3 0
0 0 57.247 0 27.6176 a b -1.54795 3 0
0 0 57.2133 0 27.6209 a b -1.54738 3 0
0 0 57.1829 0 27.6212 a b -1.54543 3 0
0 0 57.1507 0 27.6193 a b -1.54642 3 0
0 0 57.1178 0 27.6192 a b -1.54747 3 0
0 0 57.089 0 27.6173 a b -1.54568 3 0
0 0 57.0602 0 27.6172 a b -1.54547 3 0
0 0 57.0314 0 27.6175 a b -1.5441 3 0
0 0 57.0048 0 27.6192 a b -1.54393 3 0
0 0 56.9805 0 27.6221 a b -1.54331 3 0
0 0 56.954 0 27.6227 a b -1.54387 3 0
0 0 56.9256 0 27.62 a b -1.54421 3 0
0 0 56.9007 0 27.6184 a b -1.54192 3 0
0 0 56.8752 0 27.6197 a b -1.54247 3 0
0 0 56.8458 0 27.6231 a b -1.54406 3 0
0 0 56.8143 0 27.6242 a b -1.54432 3 0
0 0 56.7837 0 27.6273 a b -1.54254 3 0
0 0 56.7499 0 27.6273 a b -1.54373 3 0
0 0 56.7188 0 27.626 a b -1.54483 3 0
0 0 56.686 0 27.6266 a b -1.54518 3 0
0 0 56.6526 0 27.6263 a b -1.54614 3 0
0 0 56.6204 0 27.6276 a b -1.5469 3 0
0 0 56.5915 0 27.6249 a b -1.54941 3 0
0 0 56.5593 0 27.626 a b -1.55115 3 0
0 0 56.5317 0 27.6293 a b -1.55282 3 0
0 0 56.5061 0 27.63 a b -1.55849 3 0
0 0 56.4808 0 27.6329 a b -1.5664 3 0
0 0 56.4531 0 27.6319 a b -1.57384 3 0
0 0 56.4279 0 27.6325 a b -1.58252 3 0
0 0 56.4013 0 27.6314 a b -1.59017 3 0
0 0 56.3713 0 27.6333 a b -1.59986 3 0
0 0 56.3447 0 27.6348 a b -1.60621 3 0
0 0 56.3163 0 27.6346 a b -1.60797 3 0
0 0 56.2912 0 27.6326 a b -1.60926 3 0
0 0 56.2619 0 27.6328 a b -1.61498 3 0
0 0 56.2338 0 27.6313 a b -1.61863 3 0
0 0 56.2049 0 27.6291 a b -1.62089 3 0
0 0 56.1727 0 27.6296 a b -1.62376 3 0
0 0 56.1397 0 27.6306 a b -1.62372 3 0
0 0 56.1117 0 27.6261 a b -1.6194 3 0
0 0 56.0888 0 27.6265 a b -1.61915 3 0
0 0 56.0609 0 27.6256 a b -1.62018 3 0
0 0 56.0301 0 27.6204 a b -1.6195 3 0
0 0 56.0011 0 27.6213 a b -1.61689 3 0
0 0 55.9745 0 27.6226 a b -1.61413 3 0
0 0 55.9505 0 27.624 a b -1.61325 3 0
0 0 55.9205 0 27.6239 a b -1.61315 3 0
0 0 55.8904 0 27.6213 a b -1.61295 3 0
0 0 55.8626 0 27.6198 a b -1.61051 3 0
0 0 55.8335 0 27.617 a b -1.60906 3 0
0 0 55.8037 0 27.6155 a b -1.60993 3 0
0 0 55.774 0 27.6151 a b -1.60755 3 0
0 0 55.7415 0 27.6143 a b -1.60494 3 0
0 0 55.7097 0 27.6096 a b -1.60497 3 0
0 0 55.6828 0 27.6094 a b -1.60559 3 0
0 0 55.6543 0 27.609 a b -1.60357 3 0
0 0 55.6247 0 27.6068 a b -1.60159 3 0
0 0 55.5942 0 27.6021 a b -1.60145 3 0
0 0 55.5672 0 27.6011 a b -1.60174 3 0
0 0 55.5386 0 27.6006 a b -1.5998 3 0
0 0 55.5083 0 27.5958 a b -1.59713 3 0
0 0 55.4803 0 27.5925 a b -1.59558 3 0
0 0 55.4513 0 27.592 a b -1.59457 3 0
0 0 55.4251 0 27.5915 a b -1.59459 3 0
0 0 55.3969 0 27.5928 a b -1.59431 3 0
0 0 55.3691 0 27.5942 a b -1.59328 3 0
0 0 55.3378 0 27.5905 a b -1.59008 3 0
0 0 55.3112 0 27.5868 a b -1.58969 3 0
0 0 55.28 0 27.5868 a b -1.58965 3 0
0 0 55.2551 0 27.5886 a b -1.58937 3 0
0 0 55.2234 0 27.5878 a b -1.58763 3 0
0 0 55.1931 0 27.5875 a b -1.58492 3 0
0 0 55.1659 0 27.5845 a b -1.58469 3 0
0 0 55.1359 0 27.581 a b -1.58515 3 0
0 0 55.1082 0 27.58 a b -1.584 3 0
0 0 55.0774 0 27.5819 a b -1.58189 3 0
0 0 55.0469 0 27.5815 a b -1.58032 3 0
0 0 55.0183 0 27.5821 a b -1.58089 3 0
0 0 54.9895 0 27.5794 a b -1.57916 3 0
0 0 54.9592 0 27.5767 a b -1.57714 3 0
0 0 54.931 0 27.576 a b -1.57761 3 0
0 0 54.9026 0 27.577 a b -1.57662 3 0
0 0 54.8729 0 27.5773 a b -1.57411 3 0
0 0 54.8428 0 27.5786 a b -1.57247 3 0
0 0 54.8151 0 27.5784 a b -1.57293 3 0
0 0 54.7844 0 27.5779 a b -1.57096 3 0
0 0 54.754 0 27.5766 a b -1.56831 3 0
0 0 54.7224 0 27.5764 a b -1.56778 3 0
0 0 54.6978 0 27.5764 a b -1.56673 3 0
0 0 54.6665 0 27.5743 a b -1.564 3 0
0 0 54.6344 0 27.5732 a b -1.56234 3 0
0 0 54.6043 0 27.5738 a b -1.56322 3 0
0 0 54.5755 0 27.5751 a b -1.56322 3 0
0 0 54.5447 0 27.5756 a b -1.55894 3 0
0 0 54.5118 0 27.5752 a b -1.55719 3 0
0 0 54.4832 0 27.5751 a b -1.5597 3 0
0 0 54.4562 0 27.5757 a b -1.55766 3 0
0 0 54.4269 0 27.576 a b -1.55588 3 0
0 0 54.3979 0 27.5786 a b -1.55482 3 0
0 0 54.3732 0 27.582 a b -1.55357 3 0
0 0 54.3461 0 27.5809 a b -1.55393 3 0
0 0 54.3171 0 27.5805 a b -1.55453 3 0
0 0 54.2878 0 27.5809 a b -1.55233 3 0
0 0 54.2565 0 27.5851 a b -1.55096 3 0
0 0 54.2282 0 27.5861 a b -1.55094 3 0
0 0 54.2011 0 27.5863 a b -1.5501 3 0
0 0 54.1664 0 27.5867 a b -1.5488 3 0
0 0 54.1327 0 27.5872 a b -1.54827 3 0
0 0 54.097 0 27.5863 a b -1.54839 3 0
0 0 54.0656 0 27.5899 a b -1.54718 3 0
0 0 54.0352 0 27.5881 a b -1.54858 3 0
0 0 54.0047 0 27.5895 a b -1.54783 3 0
0 0 53.9793 0 27.5939 a b -1.55135 3 0
0 0 53.9535 0 27.5956 a b -1.5565 3 0
0 0 53.9261 0 27.5951 a b -1.56304 3 0
0 0 53.8986 0 27.5988 a b -1.5671 3 0
