0 0 60.9215 0 27.5111 a b 1.57924 3 0
0 0 60.9474 0 27.5135 a b 1.57842 3 0
0 0 60.9756 0 27.5151 a b 1.57969 3 0
0 0 61.0033 0 27.5124 a b 1.57805 3 0
0 0 61.0364 0 27.5103 a b 1.57456 3 0
0 0 61.0651 0 27.5101 a b 1.57553 3 0
0 0 61.0947 0 27.5114 a b 1.57508 3 0
0 0 61.1259 0 27.5116 a b 1.57269 3 0
0 0 61.1552 0 27.5086 a b 1.57078 3 0
0 0 61.186 0 27.5092 a b 1.56955 3 0
0 0 61.2169 0 27.5094 a b 1.56905 3 0
0 0 61.2487 0 27.508 a b 1.56742 3 0
0 0 61.2789 0 27.5098 a b 1.56541 3 0
0 0 61.3072 0 27.5077 a b 1.56491 3 0
0 0 61.3379 0 27.5072 a b 1.56391 3 0
0 0 61.3648 0 27.5082 a b 1.56251 3 0
0 0 61.3925 0 27.5073 a b 1.56071 3 0
0 0 61.4201 0 27.5057 a b 1.56168 3 0
0 0 61.4465 0 27.5046 a b 1.56396 3 0
0 0 61.4701 0 27.501 a b 1.56351 3 0
0 0 61.4958 0 27.502 a b 1.56556 3 0
0 0 61.523 0 27.5029 a b 1.56813 3 0
0 0 61.549 0 27.5011 a b 1.57473 3 0
0 0 61.5751 0 27.4967 a b 1.57913 3 0
0 0 61.6045 0 27.4941 a b 1.58159 3 0
0 0 61.6314 0 27.4904 a b 1.58509 3 0
0 0 61.6584 0 27.4884 a b 1.59119 3 0
0 0 61.6886 0 27.4888 a b 1.59307 3 0
0 0 61.7202 0 27.488 a b 1.59389 3 0
0 0 61.75 0 27.4893 a b 1.59628 3 0
0 0 61.7814 0 27.4874 a b 1.59656 3 0
0 0 61.8131 0 27.4882 a b 1.59504 3 0
0 0 61.874 0 27.4887 a b 1.59621 3 0
0 0 61.9025 0 27.4895 a b 1.59461 3 0
0 0 61.9278 0 27.4883 a b 1.59356 3 0
0 0 61.9588 0 27.4867 a b 1.59297 3 0
0 0 61.9869 0 27.4863 a b 1.59336 3 0
0 0 62.0169 0 27.4902 a b 1.59325 3 0
0 0 62.0488 0 27.4915 a b 1.59145 3 0
0 0 62.0746 0 27.4898 a b 1.58981 3 0
0 0 62.104 0 27.4866 a b 1.59101 3 0
0 0 62.1343 0 27.4873 a b 1.58956 3 0
0 0 62.1656 0 27.4875 a b 1.5866 3 0
0 0 62.191 0 27.4826 a b 1.58758 3 0
0 0 62.2196 0 27.4829 a b 1.58734 3 0
0 0 62.2482 0 27.4864 a b 1.5848 3 0
0 0 62.2747 0 27.4862 a b 1.58352 3 0
0 0 62.3033 0 27.4837 a b 1.58348 3 0
0 0 62.3325 0 27.481 a b 1.58201 3 0
0 0 62.363 0 27.4815 a b 1.58127 3 0
0 0 62.395 0 27.4857 a b 1.57983 3 0
0 0 62.4236 0 27.4877 a b 1.57868 3 0
0 0 62.4531 0 27.4853 a b 1.57808 3 0
0 0 62.4857 0 27.4862 a b 1.57719 3 0
0 0 62.517 0 27.4875 a b 1.57466 3 0
0 0 62.5473 0 27.4858 a b 1.57386 3 0
0 0 62.5746 0 27.4846 a b 1.57358 3 0
0 0 62.6012 0 27.4842 a b 1.57161 3 0
0 0 62.6338 0 27.4857 a b 1.57069 3 0
0 0 62.6602 0 27.4833 a b 1.57151 3 0
0 0 62.6858 0 27.4796 a b 1.56949 3 0
0 0 62.716 0 27.4786 a b 1.56793 3 0
0 0 62.7442 0 27.4805 a b 1.5683 3 0
0 0 62.7706 0 27.4787 a b 1.56727 3 0
0 0 62.7997 0 27.4778 a b 1.56569 3 0
0 0 62.8314 0 27.4775 a b 1.56413 3 0
0 0 62.8617 0 27.4789 a b 1.56333 3 0
0 0 62.8905 0 27.4774 a b 1.56255 3 0
0 0 62.9169 0 27.4786 a b 1.56091 3 0
0 0 62.9483 0 27.4776 a b 1.55978 3 0
0 0 62.979 0 27.4761 a b 1.56045 3 0
0 0 63.0069 0 27.477 a b 1.55962 3 0
0 0 63.036 0 27.482 a b 1.55718 3 0
0 0 63.0679 0 27.4809 a b 1.55614 3 0
0 0 63.0986 0 27.4817 a b 1.55594 3 0
0 0 63.1281 0 27.4808 a b 1.55626 3 0
0 0 63.1584 0 27.4809 a b 1.55532 3 0
0 0 63.1895 0 27.482 a b 1.55356 3 0
0 0 63.219 0 27.4826 a b 1.55261 3 0
0 0 63.2489 0 27.4837 a b 1.55211 3 0
0 0 63.2747 0 27.4823 a b 1.55085 3 0
0 0 63.3013 0 27.4852 a b 1.5486 3 0
0 0 63.3273 0 27.4841 a b 1.5477 3 0
0 0 63.3536 0 27.4837 a b 1.54772 3 0
0 0 63.3804 0 27.4834 a b 1.54572 3 0
0 0 63.4123 0 27.4859 a b 1.54444 3 0
0 0 63.4419 0 27.4856 a b 1.54536 3 0
0 0 63.4705 0 27.4887 a b 1.54379 3 0
0 0 63.5002 0 27.4899 a b 1.54122 3 0
0 0 63.5331 0 27.4894 a b 1.54095 3 0
0 0 63.5607 0 27.4882 a b 1.54131 3 0
0 0 63.5914 0 27.4895 a b 1.54019 3 0
0 0 63.6208 0 27.4891 a b 1.53844 3 0
0 0 63.6526 0 27.4936 a b 1.53575 3 0
0 0 63.6859 0 27.4926 a b 1.53711 3 0
0 0 63.7127 0 27.4901 a b 1.53518 3 0
0 0 63.7412 0 27.4905 a b 1.53303 3 0
0 0 63.7709 0 27.4924 a b 1.53308 3 0
0 0 63.8015 0 27.4924 a b 1.53345 3 0
0 0 63.8254 0 27.4927 a b 1.53093 3 0
0 0 63.8568 0 27.495 a b 1.52961 3 0
0 0 63.886 0 27.4954 a b 1.52889 3 0
0 0 63.9147 0 27.4979 a b 1.52835 3 0
0 0 63.9395 0 27.5016 a b 1.52733 3 0
0 0 63.969 0 27.5037 a b 1.52587 3 0
0 0 63.9987 0 27.5027 a b 1.52423 3 0
0 0 64.0269 0 27.5047 a b 1.52456 3 0
0 0 64.056 0 27.5055 a b 1.52346 3 0
0 0 64.0871 0 27.5069 a b 1.52039 3 0
0 0 64.1174 0 27.5069 a b 1.51999 3 0
0 0 64.1479 0 27.5053 a b 1.51959 3 0
0 0 64.1765 0 27.5068 a b 1.51659 3 0
0 0 64.2065 0 27.512 a b 1.51602 3 0
0 0 64.2401 0 27.5122 a b 1.51667 3 0
0 0 64.2683 0 27.5143 a b 1.51441 3 0
0 0 64.2994 0 27.5157 a b 1.51196 3 0
0 0 64.329 0 27.5182 a b 1.51106 3 0
0 0 64.3568 0 27.5184 a b 1.51012 3 0
0 0 64.3842 0 27.5194 a b 1.50944 3 0
0 0 64.4127 0 27.5207 a b 1.50748 3 0
0 0 64.4368 0 27.5245 a b 1.50531 3 0
0 0 64.4664 0 27.526 a b 1.50577 3 0
0 0 64.4949 0 27.5274 a b 1.50596 3 0
0 0 64.523 0 27.527 a b 1.50644 3 0
0 0 64.5554 0 27.53 a b 1.50999 3 0
0 0 64.583 0 27.5315 a b 1.51568 3 0
0 0 64.6143 0 27.5307 a b 1.51808 3 0
0 0 64.643 0 27.5324 a b 1.51975 3 0
0 0 64.6684 0 27.5331 a b 1.52367 3 0
0 0 64.6976 0 27.5319 a b 1.52769 3 0
0 0 64.726 0 27.5309 a b 1.53099 3 0
0 0 64.7516 0 27.53 a b 1.53285 3 0
0 0 64.7769 0 27.5303 a b 1.53361 3 0
0 0 64.8006 0 27.5303 a b 1.53672 3 0
0 0 64.8264 0 27.53 a b 1.54128 3 0
0 0 64.8527 0 27.5329 a b 1.54466 3 0
0 0 64.8801 0 27.5328 a b 1.54581 3 0
0 0 64.9075 0 27.5309 a b 1.54872 3 0
0 0 64.9357 0 27.5299 a b 1.55278 3 0
0 0 64.9641 0 27.5301 a b 1.55722 3 0
0 0 64.996 0 27.5301 a b 1.56142 3 0
0 0 65.0267 0 27.5309 a b 1.56765 3 0
0 0 65.0606 0 27.5331 a b 1.57137 3 0
0 0 65.0917 0 27.529 a b 1.57341 3 0
0 0 65.1208 0 27.5269 a b 1.57896 3 0
0 0 65.1508 0 27.5275 a b 1.58358 3 0
0 0 65.1838 0 27.5273 a b 1.5835 3 0
0 0 65.2114 0 27.527 a b 1.58484 3 0
0 0 65.2409 0 27.5295 a b 1.58601 3 0
0 0 65.2735 0 27.5267 a b 1.58387 3 0
0 0 65.2983 0 27.5183 a b 1.58581 3 0
0 0 65.3253 0 27.5208 a b 1.58489 3 0
0 0 65.3542 0 27.5218 a b 1.58425 3 0
0 0 65.3837 0 27.5202 a b 1.58458 3 0
0 0 65.415 0 27.5224 a b 1.58383 3 0
0 0 65.4421 0 27.5208 a b 1.58311 3 0
0 0 65.4712 0 27.5203 a b 1.58305 3 0
0 0 65.5018 0 27.5186 a b 1.58396 3 0
0 0 65.534 0 27.5214 a b 1.58418 3 0
0 0 65.5645 0 27.5198 a b 1.58147 3 0
0 0 65.5928 0 27.5195 a b 1.58041 3 0
0 0 65.6192 0 27.5201 a b 1.5807 3 0
0 0 65.6493 0 27.52 a b 1.5818 3 0
0 0 65.6796 0 27.5224 a b 1.58129 3 0
0 0 65.7073 0 27.5221 a b 1.57816 3 0
0 0 65.7325 0 27.5172 a b 1.57758 3 0
0 0 65.7616 0 27.5184 a b 1.57863 3 0
0 0 65.7931 0 27.5235 a b 1.5789 3 0
0 0 65.8223 0 27.5206 a b 1.5772 3 0
0 0 65.8515 0 27.5218 a b 1.57792 3 0
0 0 65.8818 0 27.5209 a b 1.57734 3 0
0 0 65.9102 0 27.5175 a b 1.57617 3 0
0 0 65.9382 0 27.5184 a b 1.57586 3 0
0 0 65.9644 0 27.5211 a b 1.57496 3 0
0 0 65.9957 0 27.5208 a b 1.57516 3 0
0 0 66.0254 0 27.5217 a b 1.57593 3 0
0 0 66.0569 0 27.5208 a b 1.57388 3 0
0 0 66.0858 0 27.5202 a b 1.57365 3 0
0 0 66.1144 0 27.5197 a b 1.57369 3 0
0 0 66.1421 0 27.5196 a b 1.57339 3 0
0 0 66.1732 0 27.5191 a b 1.57268 3 0
0 0 66.2035 0 27.5192 a b 1.57337 3 0
0 0 66.233 0 27.5203 a b 1.57161 3 0
0 0 66.2631 0 27.5201 a b 1.57189 3 0
0 0 66.2922 0 27.5215 a b 1.57113 3 0
0 0 66.3255 0 27.5192 a b 1.57199 3 0
0 0 66.3521 0 27.522 a b 1.56984 3 0
0 0 66.3826 0 27.5186 a b 1.5684 3 0
0 0 66.411 0 27.5188 a b 1.56802 3 0
0 0 66.4369 0 27.518 a b 1.56841 3 0
0 0 66.4661 0 27.5229 a b 1.56666 3 0
0 0 66.4966 0 27.5255 a b 1.56351 3 0
0 0 66.5249 0 27.5231 a b 1.5628 3 0
0 0 66.5492 0 27.5206 a b 1.56316 3 0
0 0 66.5755 0 27.5214 a b 1.56178 3 0
0 0 66.6076 0 27.5234 a b 1.5599 3 0
0 0 66.6366 0 27.5228 a b 1.56088 3 0
0 0 66.6652 0 27.5259 a b 1.55955 3 0
0 0 66.6947 0 27.5269 a b 1.5594 3 0
0 0 66.7275 0 27.524 a b 1.55914 3 0
0 0 66.7586 0 27.5266 a b 1.55789 3 0
0 0 66.7933 0 27.529 a b 1.55669 3 0
0 0 66.8229 0 27.5248 a b 1.55616 3 0
0 0 66.8536 0 27.5238 a b 1.55399 3 0
0 0 66.8865 0 27.5267 a b 1.55246 3 0
0 0 66.9195 0 27.531 a b 1.55133 3 0
0 0 66.9491 0 27.5327 a b 1.54871 3 0
0 0 66.9793 0 27.535 a b 1.5495 3 0
0 0 67.0056 0 27.5355 a b 1.55038 3 0
0 0 67.0318 0 27.5337 a b 1.54991 3 0
0 0 67.0577 0 27.5332 a b 1.55112 3 0
0 0 67.0865 0 27.5284 a b 1.55278 3 0
0 0 67.115 0 27.5322 a b 1.55553 3 0
0 0 67.1384 0 27.532 a b 1.55852 3 0
0 0 67.1616 0 27.5292 a b 1.56094 3 0
0 0 67.1875 0 27.5304 a b 1.56562 3 0
0 0 67.2157 0 27.5294 a b 1.57201 3 0
0 0 67.2421 0 27.5288 a b 1.57785 3 0
0 0 67.2695 0 27.5274 a b 1.58084 3 0
0 0 67.2993 0 27.5256 a b 1.58289 3 0
0 0 67.3247 0 27.527 a b 1.58688 3 0
0 0 67.3547 0 27.5245 a b 1.59066 3 0
0 0 67.3871 0 27.5201 a b 1.58899 3 0
0 0 67.4208 0 27.523 a b 1.58907 3 0
0 0 67.4543 0 27.5254 a b 1.59025 3 0
0 0 67.4872 0 27.522 a b 1.59148 3 0
0 0 67.5184 0 27.5205 a b 1.58968 3 0
0 0 67.5508 0 27.522 a b 1.58933 3 0
0 0 67.5853 0 27.523 a b 1.59053 3 0
0 0 67.6129 0 27.5207 a b 1.58823 3 0
0 0 67.636 0 27.5236 a b 1.58763 3 0
0 0 67.6613 0 27.523 a b 1.58745 3 0
0 0 67.6894 0 27.5225 a b 1.58801 3 0
0 0 67.7166 0 27.5193 a b 1.58643 3 0
0 0 67.7408 0 27.5233 a b 1.5862 3 0
0 0 67.7675 0 27.5264 a b 1.58789 3 0
0 0 67.7977 0 27.5258 a b 1.58678 3 0
0 0 67.8281 0 27.5235 a b 1.58548 3 0
0 0 67.8587 0 27.5268 a b 1.58647 3 0
0 0 67.8937 0 27.5269 a b 1.58599 3 0
0 0 67.9259 0 27.5249 a b 1.58433 3 0
0 0 67.9566 0 27.5247 a b 1.5839 3 0
0 0 67.9887 0 27.524 a b 1.58345 3 0
0 0 68.0222 0 27.5233 a b 1.58492 3 0
0 0 68.0499 0 27.5252 a b 1.58496 3 0
0 0 68.078 0 27.5252 a b 1.58178 3 0
0 0 68.1072 0 27.5235 a b 1.58118 3 0
0 0 68.1318 0 27.5259 a b 1.58352 3 0
0 0 68.1614 0 27.5266 a b 1.58202 3 0
0 0 68.1898 0 27.5246 a b 1.57898 3 0
0 0 68.2111 0 27.5231 a b 1.57963 3 0
0 0 68.2372 0 27.5228 a b 1.57993 3 0
0 0 68.2641 0 27.5248 a b 1.57827 3 0
0 0 68.2927 0 27.525 a b 1.57832 3 0
0 0 68.3255 0 27.5266 a b 1.57839 3 0
0 0 68.3566 0 27.5255 a b 1.57652 3 0
0 0 68.387 0 27.5238 a b 1.57578 3 0
0 0 68.4196 0 27.528 a b 1.57499 3 0
0 0 68.4553 0 27.525 a b 1.57302 3 0
0 0 68.4895 0 27.5201 a b 1.57283 3 0
0 0 68.5177 0 27.5185 a b 1.57169 3 0
0 0 68.546 0 27.5193 a b 1.57183 3 0
0 0 68.5789 0 27.5209 a b 1.57104 3 0
0 0 68.6066 0 27.5211 a b 1.56914 3 0
0 0 68.6335 0 27.5199 a b 1.56801 3 0
0 0 68.6589 0 27.5199 a b 1.56756 3 0
0 0 68.6852 0 27.518 a b 1.56608 3 0
0 0 68.7134 0 27.5175 a b 1.5654 3 0
0 0 68.7391 0 27.5187 a b 1.56474 3 0
0 0 68.7669 0 27.5186 a b 1.56278 3 0
0 0 68.8005 0 27.518 a b 1.56271 3 0
0 0 68.8292 0 27.5197 a b 1.56241 3 0
0 0 68.8592 0 27.5241 a b 1.56047 3 0
0 0 68.8894 0 27.5252 a b 1.55915 3 0
0 0 68.92 0 27.5236 a b 1.55937 3 0
0 0 68.9505 0 27.5253 a b 1.55882 3 0
0 0 68.9813 0 27.5257 a b 1.55647 3 0
0 0 69.0107 0 27.5239 a b 1.55562 3 0
0 0 69.0395 0 27.5259 a b 1.55596 3 0
0 0 69.0681 0 27.5251 a b 1.55639 3 0
0 0 69.0949 0 27.523 a b 1.55666 3 0
0 0 69.1225 0 27.5235 a b 1.55735 3 0
0 0 69.1492 0 27.5206 a b 1.55774 3 0
0 0 69.1732 0 27.5183 a b 1.55966 3 0
0 0 69.2027 0 27.5169 a b 1.56394 3 0
0 0 69.2264 0 27.5147 a b 1.56901 3 0
0 0 69.2504 0 27.5122 a b 1.57534 3 0
0 0 69.2723 0 27.509 a b 1.58188 3 0
0 0 69.3022 0 27.5074 a b 1.58743 3 0
0 0 69.3326 0 27.5055 a b 1.59418 3 0
0 0 69.3634 0 27.5042 a b 1.60057 3 0
0 0 69.3925 0 27.5065 a b 1.60397 3 0
0 0 69.4226 0 27.509 a b 1.60379 3 0
0 0 69.4589 0 27.5083 a b 1.60444 3 0
0 0 69.4911 0 27.5048 a b 1.60587 3 0
0 0 69.5215 0 27.5059 a b 1.60573 3 0
0 0 69.5522 0 27.5056 a b 1.60629 3 0
0 0 69.5811 0 27.5058 a b 1.60461 3 0
0 0 69.6103 0 27.5014 a b 1.60495 3 0
0 0 69.6376 0 27.4998 a b 1.60475 3 0
0 0 69.6643 0 27.4992 a b 1.60325 3 0
0 0 69.6927 0 27.4993 a b 1.60385 3 0
0 0 69.7191 0 27.4994 a b 1.60443 3 0
0 0 69.7483 0 27.4977 a b 1.60284 3 0
0 0 69.7778 0 27.4987 a b 1.60295 3 0
0 0 69.8036 0 27.4962 a b 1.60264 3 0
0 0 69.8288 0 27.4963 a b 1.60205 3 0
0 0 69.853 0 27.4982 a b 1.60162 3 0
0 0 69.883 0 27.4958 a b 1.60064 3 0
0 0 69.9156 0 27.4937 a b 1.59983 3 0
0 0 69.9448 0 27.4939 a b 1.5988 3 0
0 0 69.978 0 27.4913 a b 1.59778 3 0
0 0 70.0111 0 27.4899 a b 1.59653 3 0
0 0 70.0398 0 27.4888 a b 1.59581 3 0
0 0 70.0682 0 27.4841 a b 1.59553 3 0
0 0 70.1006 0 27.4802 a b 1.59332 3 0
0 0 70.1304 0 27.4807 a b 1.59304 3 0
0 0 70.1606 0 27.4797 a b 1.59301 3 0
0 0 70.1889 0 27.4794 a b 1.59259 3 0
0 0 70.2195 0 27.4804 a b 1.58994 3 0
0 0 70.2493 0 27.4798 a b 1.58812 3 0
0 0 70.2804 0 27.4773 a b 1.58768 3 0
0 0 70.3062 0 27.4767 a b 1.5867 3 0
0 0 70.3345 0 27.4769 a b 1.58333 3 0
0 0 70.3598 0 27.479 a b 1.58273 3 0
0 0 70.3886 0 27.4783 a b 1.58166 3 0
0 0 70.4174 0 27.4753 a b 1.579 3 0
0 0 70.4484 0 27.4787 a b 1.57817 3 0
0 0 70.4731 0 27.4803 a b 1.5757 3 0
0 0 70.5025 0 27.4797 a b 1.57425 3 0
0 0 70.537 0 27.4776 a b 1.57376 3 0
0 0 70.5691 0 27.4763 a b 1.57162 3 0
0 0 70.5993 0 27.4778 a b 1.57027 3 0
0 0 70.6233 0 27.479 a b 1.57031 3 0
0 0 70.6554 0 27.4787 a b 1.57039 3 0
0 0 70.6844 0 27.4793 a b 1.56893 3 0
0 0 70.7156 0 27.4788 a b 1.56668 3 0
0 0 70.7493 0 27.4752 a b 1.56517 3 0
0 0 70.7735 0 27.477 a b 1.56388 3 0
0 0 70.8007 0 27.4769 a b 1.5628 3 0
0 0 70.8272 0 27.4767 a b 1.56115 3 0
0 0 70.8573 0 27.4761 a b 1.5602 3 0
0 0 70.8856 0 27.4778 a b 1.55935 3 0
0 0 70.918 0 27.4777 a b 1.55896 3 0
0 0 70.9496 0 27.478 a b 1.55772 3 0
0 0 70.9797 0 27.4806 a b 1.5573 3 0
0 0 71.0083 0 27.4799 a b 1.55488 3 0
0 0 71.0358 0 27.4823 a b 1.55476 3 0
0 0 71.0644 0 27.4841 a b 1.55301 3 0
0 0 71.0913 0 27.4833 a b 1.55324 3 0
0 0 71.1183 0 27.483 a b 1.55409 3 0
0 0 71.1427 0 27.4819 a b 1.55532 3 0
0 0 71.1715 0 27.4824 a b 1.5623 3 0
0 0 71.1991 0 27.4811 a b 1.57044 3 0
0 0 71.2262 0 27.4801 a b 1.57512 3 0
0 0 71.2513 0 27.4785 a b 1.5815 3 0
0 0 71.2745 0 27.4782 a b 1.59037 3 0
0 0 71.3004 0 27.4759 a b 1.59708 3 0
0 0 71.3271 0 27.4722 a b 1.60417 3 0
0 0 71.3549 0 27.4704 a b 1.60697 3 0
0 0 71.3851 0 27.4718 a b 1.60555 3 0
0 0 71.4163 0 27.4731 a b 1.60602 3 0
0 0 71.4459 0 27.47 a b 1.60716 3 0
0 0 71.48 0 27.4688 a b 1.60708 3 0
0 0 71.5117 0 27.4697 a b 1.607 3 0
0 0 71.5397 0 27.4675 a b 1.60675 3 0
0 0 71.5723 0 27.4661 a b 1.60738 3 0
0 0 71.6055 0 27.465 a b 1.60692 3 0
0 0 71.6384 0 27.4645 a b 1.60604 3 0
0 0 71.6661 0 27.4635 a b 1.6057 3 0
0 0 71.6962 0 27.4611 a b 1.6046 3 0
0 0 71.7264 0 27.4602 a b 1.60481 3 0
0 0 71.7571 0 27.46 a b 1.60357 3 0
0 0 71.787 0 27.4591 a b 1.60224 3 0
0 0 71.8123 0 27.4564 a b 1.59961 3 0
0 0 71.8384 0 27.4554 a b 1.59861 3 0
0 0 71.8665 0 27.4559 a b 1.59814 3 0
0 0 71.8943 0 27.4534 a b 1.59678 3 0
0 0 71.9234 0 27.4527 a b 1.59538 3 0
0 0 71.9508 0 27.4523 a b 1.59301 3 0
0 0 71.98 0 27.4505 a b 1.59191 3 0
0 0 72.0102 0 27.4504 a b 1.59075 3 0
0 0 72.0392 0 27.4523 a b 1.58952 3 0
0 0 72.069 0 27.4503 a b 1.58785 3 0
0 0 72.0984 0 27.4462 a b 1.58655 3 0
0 0 72.1284 0 27.4449 a b 1.58547 3 0
0 0 72.155 0 27.4457 a b 1.5845 3 0
0 0 72.1854 0 27.4426 a b 1.58309 3 0
0 0 72.2155 0 27.4432 a b 1.58302 3 0
0 0 72.2463 0 27.4442 a b 1.58164 3 0
0 0 72.2767 0 27.4442 a b 1.58026 3 0
0 0 72.3036 0 27.4436 a b 1.57842 3 0
0 0 72.329 0 27.439 a b 1.57598 3 0
0 0 72.3565 0 27.4381 a b 1.57557 3 0
0 0 72.386 0 27.442 a b 1.57441 3 0
0 0 72.41 0 27.4404 a b 1.57132 3 0
0 0 72.4347 0 27.4384 a b 1.57104 3 0
0 0 72.4641 0 27.4371 a b 1.5695 3 0
0 0 72.4951 0 27.4387 a b 1.56851 3 0
0 0 72.5265 0 27.4404 a b 1.5685 3 0
0 0 72.5587 0 27.4387 a b 1.56736 3 0
0 0 72.5921 0 27.4367 a b 1.56525 3 0
0 0 72.6214 0 27.4388 a b 1.56408 3 0
0 0 72.6537 0 27.4376 a b 1.56299 3 0
0 0 72.6846 0 27.4365 a b 1.56179 3 0
0 0 72.7141 0 27.4369 a b 1.5607 3 0
0 0 72.7383 0 27.438 a b 1.55888 3 0
0 0 72.7691 0 27.4374 a b 1.55759 3 0
0 0 72.7986 0 27.4387 a b 1.55682 3 0
0 0 72.8306 0 27.4376 a b 1.55635 3 0
0 0 72.8593 0 27.4379 a b 1.55499 3 0
0 0 72.8862 0 27.4385 a b 1.55464 3 0
0 0 72.9142 0 27.4391 a b 1.5528 3 0
0 0 72.9447 0 27.4384 a b 1.55134 3 0
0 0 72.9729 0 27.4383 a b 1.55264 3 0
0 0 73.001 0 27.4399 a b 1.5515 3 0
0 0 73.0318 0 27.4401 a b 1.54926 3 0
0 0 73.0614 0 27.4396 a b 1.54929 3 0
0 0 73.0913 0 27.4401 a b 1.54812 3 0
0 0 73.1224 0 27.4403 a b 1.54649 3 0
0 0 73.1518 0 27.4401 a b 1.54567 3 0
0 0 73.179 0 27.4398 a b 1.54419 3 0
0 0 73.2124 0 27.441 a b 1.54263 3 0
0 0 73.2419 0 27.4413 a b 1.54337 3 0
0 0 73.271 0 27.4413 a b 1.5416 3 0
0 0 73.3046 0 27.4418 a b 1.5402 3 0
0 0 73.3333 0 27.4403 a b 1.54036 3 0
0 0 73.3615 0 27.4418 a b 1.54015 3 0
0 0 73.3912 0 27.4446 a b 1.53761 3 0
0 0 73.4224 0 27.4451 a b 1.53516 3 0
0 0 73.4473 0 27.4458 a b 1.53586 3 0
0 0 73.4727 0 27.4453 a b 1.53519 3 0
0 0 73.5044 0 27.4479 a b 1.53367 3 0
0 0 73.5364 0 27.4486 a b 1.53037 3 0
0 0 73.5627 0 27.4489 a b 1.53024 3 0
0 0 73.5909 0 27.4496 a b 1.53002 3 0
0 0 73.616 0 27.4507 a b 1.52856 3 0
0 0 73.6426 0 27.4549 a b 1.52742 3 0
0 0 73.6706 0 27.4546 a b 1.52614 3 0
0 0 73.7012 0 27.452 a b 1.52562 3 0
0 0 73.735 0 27.4532 a b 1.52378 3 0
0 0 73.767 0 27.456 a b 1.524 3 0
0 0 73.7954 0 27.4585 a b 1.52309 3 0
0 0 73.8278 0 27.4605 a b 1.52432 3 0
0 0 73.8567 0 27.4606 a b 1.52573 3 0
0 0 73.8833 0 27.4609 a b 1.5258 3 0
0 0 73.9095 0 27.4621 a b 1.52709 3 0
0 0 73.9352 0 27.4637 a b 1.52962 3 0
0 0 73.968 0 27.4642 a b 1.53462 3 0
0 0 73.9923 0 27.4626 a b 1.53891 3 0
0 0 74.0145 0 27.4623 a b 1.5426 3 0
0 0 74.0385 0 27.4618 a b 1.5482 3 0
0 0 74.0664 0 27.4628 a b 1.55245 3 0
0 0 74.0935 0 27.4634 a b 1.55607 3 0
0 0 74.1264 0 27.4618 a b 1.56049 3 0
0 0 74.158 0 27.4623 a b 1.56184 3 0
0 0 74.1897 0 27.46 a b 1.56277 3 0
0 0 74.2215 0 27.4582 a b 1.56245 3 0
0 0 74.2522 0 27.4583 a b 1.56238 3 0
0 0 74.2851 0 27.457 a b 1.56274 3 0
0 0 74.318 0 27.4569 a b 1.56111 3 0
0 0 74.3533 0 27.458 a b 1.55752 3 0
0 0 74.3822 0 27.4613 a b 1.55768 3 0
0 0 74.4113 0 27.4624 a b 1.56058 3 0
0 0 74.439 0 27.459 a b 1.55855 3 0
0 0 74.466 0 27.4624 a b 1.55508 3 0
0 0 74.4954 0 27.462 a b 1.55599 3 0
0 0 74.5232 0 27.4593 a b 1.55611 3 0
0 0 74.5488 0 27.4604 a b 1.5541 3 0
0 0 74.5727 0 27.4628 a b 1.55417 3 0
0 0 74.6019 0 27.4661 a b 1.5545 3 0
0 0 74.626 0 27.4682 a b 1.55303 3 0
0 0 74.6546 0 27.467 a b 1.55174 3 0
0 0 74.6876 0 27.4683 a b 1.55078 3 0
0 0 74.7161 0 27.4695 a b 1.54962 3 0
0 0 74.7444 0 27.4701 a b 1.54945 3 0
0 0 74.7782 0 27.4722 a b 1.54859 3 0
0 0 74.8074 0 27.4733 a b 1.54609 3 0
0 0 74.8371 0 27.4729 a b 1.54525 3 0
0 0 74.8721 0 27.4724 a b 1.54396 3 0
0 0 74.9059 0 27.4742 a b 1.54356 3 0
0 0 74.9376 0 27.4761 a b 1.54233 3 0
0 0 74.9685 0 27.4787 a b 1.54025 3 0
0 0 74.9925 0 27.4788 a b 1.5373 3 0
0 0 75.0167 0 27.477 a b 1.53641 3 0
0 0 75.0445 0 27.4779 a b 1.53699 3 0
0 0 75.0693 0 27.48 a b 1.53559 3 0
0 0 75.0945 0 27.4808 a b 1.53121 3 0
0 0 75.1173 0 27.4809 a b 1.5293 3 0
0 0 75.1421 0 27.4824 a b 1.53071 3 0
0 0 75.1708 0 27.4849 a b 1.53017 3 0
0 0 75.2031 0 27.4885 a b 1.52817 3 0
0 0 75.2334 0 27.49 a b 1.52585 3 0
0 0 75.2629 0 27.4894 a b 1.52604 3 0
0 0 75.2959 0 27.4908 a b 1.52462 3 0
0 0 75.3305 0 27.4927 a b 1.52285 3 0
0 0 75.3621 0 27.4962 a b 1.52247 3 0
0 0 75.3966 0 27.4997 a b 1.52128 3 0
0 0 75.4274 0 27.4997 a b 1.51851 3 0
0 0 75.4534 0 27.5009 a b 1.517 3 0
0 0 75.4826 0 27.5008 a b 1.51535 3 0
0 0 75.5062 0 27.5027 a b 1.51333 3 0
0 0 75.53 0 27.5035 a b 1.51263 3 0
0 0 75.5587 0 27.5047 a b 1.51125 3 0
0 0 75.587 0 27.5057 a b 1.50944 3 0
0 0 75.6105 0 27.5071 a b 1.5087 3 0
0 0 75.6405 0 27.5079 a b 1.5075 3 0
0 0 75.6738 0 27.5091 a b 1.50591 3 0
0 0 75.703 0 27.5102 a b 1.5059 3 0
0 0 75.7333 0 27.5157 a b 1.50527 3 0
0 0 75.7689 0 27.5206 a b 1.50065 3 0
0 0 75.8016 0 27.5212 a b 1.49879 3 0
0 0 75.8313 0 27.521 a b 1.49892 3 0
0 0 75.8613 0 27.5244 a b 1.49872 3 0
0 0 75.8885 0 27.5314 a b 1.49459 3 0
0 0 75.9137 0 27.5291 a b 1.4933 3 0
0 0 75.9405 0 27.5282 a b 1.49848 3 0
0 0 75.965 0 27.5285 a b 1.50227 3 0
0 0 75.9897 0 27.5353 a b 1.50169 3 0
0 0 76.0152 0 27.5368 a b 1.49984 3 0
0 0 76.0357 0 27.5323 a b 1.50422 3 0
0 0 76.0601 0 27.5336 a b 1.51062 3 0
0 0 76.0856 0 27.5349 a b 1.51259 3 0
0 0 76.1114 0 27.5331 a b 1.51579 3 0
0 0 76.1398 0 27.5358 a b 1.52215 3 0
0 0 76.1661 0 27.5361 a b 1.52637 3 0
0 0 76.1952 0 27.5347 a b 1.53072 3 0
0 0 76.2212 0 27.5345 a b 1.53657 3 0
0 0 76.2518 0 27.5361 a b 1.54118 3 0
0 0 76.2821 0 27.5349 a b 1.54586 3 0
0 0 76.3144 0 27.5336 a b 1.5512 3 0
0 0 76.3445 0 27.5351 a b 1.55756 3 0
0 0 76.3744 0 27.5338 a b 1.56191 3 0
0 0 76.4031 0 27.5321 a b 1.56654 3 0
0 0 76.4321 0 27.5328 a b 1.57257 3 0
0 0 76.4603 0 27.5321 a b 1.57679 3 0
0 0 76.4895 0 27.5298 a b 1.58174 3 0
0 0 76.5173 0 27.5298 a b 1.58591 3 0
0 0 76.5503 0 27.5288 a b 1.59024 3 0
0 0 76.5763 0 27.5266 a b 1.59463 3 0
0 0 76.5985 0 27.5252 a b 1.59849 3 0
0 0 76.6237 0 27.5251 a b 1.60248 3 0
0 0 76.6509 0 27.5252 a b 1.60619 3 0
0 0 76.6815 0 27.5247 a b 1.6077 3 0
0 0 76.7084 0 27.522 a b 1.61002 3 0
0 0 76.7395 0 27.5212 a b 1.61234 3 0
0 0 76.7682 0 27.5197 a b 1.61305 3 0
0 0 76.7957 0 27.5188 a b 1.61289 3 0
0 0 76.8268 0 27.5189 a b 1.61337 3 0
0 0 76.8568 0 27.5171 a b 1.61414 3 0
0 0 76.8856 0 27.5165 a b 1.61458 3 0
0 0 76.9128 0 27.5152 a b 1.61443 3 0
0 0 76.9463 0 27.513 a b 1.61495 3 0
0 0 76.976 0 27.5138 a b 1.61448 3 0
0 0 77.0071 0 27.5115 a b 1.61343 3 0
0 0 77.036 0 27.5085 a b 1.61467 3 0
0 0 77.0618 0 27.5083 a b 1.61486 3 0
0 0 77.0921 0 27.507 a b 1.61428 3 0
0 0 77.1221 0 27.505 a b 1.61461 3 0
0 0 77.1506 0 27.5052 a b 1.61555 3 0
0 0 77.1781 0 27.5051 a b 1.61357 3 0
0 0 77.2061 0 27.5021 a b 1.61296 3 0
0 0 77.2366 0 27.4998 a b 1.61481 3 0
0 0 77.2652 0 27.4998 a b 1.61401 3 0
0 0 77.293 0 27.4989 a b 1.61133 3 0
0 0 77.3243 0 27.4996 a b 1.61213 3 0
0 0 77.3498 0 27.4959 a b 1.61224 3 0
0 0 77.3743 0 27.4954 a b 1.60966 3 0
0 0 77.4017 0 27.4953 a b 1.60987 3 0
0 0 77.4378 0 27.4924 a b 1.61057 3 0
0 0 77.4666 0 27.4897 a b 1.60877 3 0
0 0 77.494 0 27.4899 a b 1.60813 3 0
0 0 77.5196 0 27.4912 a b 1.60879 3 0
0 0 77.5486 0 27.4887 a b 1.60913 3 0
0 0 77.5789 0 27.4861 a b 1.60837 3 0
0 0 77.609 0 27.4847 a b 1.60751 3 0
0 0 77.6371 0 27.4852 a b 1.60743 3 0
0 0 77.6629 0 27.4833 a b 1.60764 3 0
0 0 77.6911 0 27.4815 a b 1.60671 3 0
0 0 77.7198 0 27.4824 a b 1.6063 3 0
0 0 77.7519 0 27.4794 a b 1.60651 3 0
0 0 77.781 0 27.478 a b 1.60463 3 0
0 0 77.8108 0 27.4793 a b 1.60433 3 0
0 0 77.8367 0 27.477 a b 1.60422 3 0
0 0 77.8619 0 27.4771 a b 1.60268 3 0
0 0 77.8908 0 27.478 a b 1.60313 3 0
0 0 77.9214 0 27.4757 a b 1.60396 3 0
0 0 77.9502 0 27.4716 a b 1.60169 3 0
0 0 77.9814 0 27.4741 a b 1.60034 3 0
0 0 78.0099 0 27.4729 a b 1.60161 3 0
0 0 78.0399 0 27.4705 a b 1.60123 3 0
0 0 78.0692 0 27.4686 a b 1.59943 3 0
0 0 78.1006 0 27.4686 a b 1.59879 3 0
0 0 78.1307 0 27.4685 a b 1.59909 3 0
0 0 78.1606 0 27.4662 a b 1.59778 3 0
0 0 78.1897 0 27.4666 a b 1.5967 3 0
0 0 78.218 0 27.4675 a b 1.59706 3 0
0 0 78.2455 0 27.4664 a b 1.59677 3 0
0 0 78.2756 0 27.4644 a b 1.59477 3 0
0 0 78.3008 0 27.464 a b 1.59405 3 0
0 0 78.3278 0 27.4639 a b 1.59439 3 0
0 0 78.3569 0 27.4638 a b 1.59402 3 0
0 0 78.386 0 27.464 a b 1.59288 3 0
0 0 78.4135 0 27.4623 a b 1.59239 3 0
0 0 78.4411 0 27.4616 a b 1.59235 3 0
0 0 78.4705 0 27.4616 a b 1.59168 3 0
0 0 78.4979 0 27.4617 a b 1.59149 3 0
0 0 78.5247 0 27.4611 a b 1.59153 3 0
0 0 78.5552 0 27.4594 a b 1.58961 3 0
0 0 78.582 0 27.4583 a b 1.5891 3 0
0 0 78.61 0 27.4587 a b 1.58951 3 0
0 0 78.6399 0 27.4571 a b 1.58826 3 0
0 0 78.6663 0 27.457 a b 1.58821 3 0
0 0 78.6977 0 27.4586 a b 1.58967 3 0
0 0 78.7282 0 27.4588 a b 1.58761 3 0
0 0 78.7587 0 27.4554 a b 1.58562 3 0
0 0 78.789 0 27.4553 a b 1.58679 3 0
0 0 78.8213 0 27.4553 a b 1.5856 3 0
0 0 78.8558 0 27.4559 a b 1.58495 3 0
0 0 78.8872 0 27.4556 a b 1.58432 3 0
0 0 78.9187 0 27.4567 a b 1.58349 3 0
0 0 78.9466 0 27.4553 a b 1.5819 3 0
0 0 78.9757 0 27.4527 a b 1.58079 3 0
0 0 79.003 0 27.4551 a b 1.5814 3 0
0 0 79.0287 0 27.455 a b 1.58131 3 0
0 0 79.055 0 27.455 a b 1.57907 3 0
0 0 79.0855 0 27.4538 a b 1.5783 3 0
0 0 79.115 0 27.4523 a b 1.57836 3 0
0 0 79.1423 0 27.4545 a b 1.57865 3 0
0 0 79.1689 0 27.4553 a b 1.57704 3 0
0 0 79.1984 0 27.4534 a b 1.57685 3 0
0 0 79.2291 0 27.4534 a b 1.57751 3 0
0 0 79.2609 0 27.4537 a b 1.57548 3 0
0 0 79.29 0 27.4533 a b 1.57464 3 0
0 0 79.3159 0 27.4536 a b 1.57556 3 0
0 0 79.3469 0 27.4541 a b 1.57425 3 0
0 0 79.3804 0 27.4532 a b 1.57231 3 0
0 0 79.4111 0 27.4521 a b 1.57167 3 0
0 0 79.4364 0 27.4514 a b 1.57188 3 0
0 0 79.4636 0 27.4513 a b 1.57109 3 0
0 0 79.492 0 27.4512 a b 1.5706 3 0
0 0 79.5222 0 27.4523 a b 1.56947 3 0
0 0 79.5508 0 27.4503 a b 1.56912 3 0
0 0 79.5801 0 27.4509 a b 1.56858 3 0
0 0 79.6123 0 27.4512 a b 1.56689 3 0
0 0 79.6405 0 27.4502 a b 1.56672 3 0
0 0 79.6677 0 27.4518 a b 1.56556 3 0
0 0 79.697 0 27.4507 a b 1.56453 3 0
0 0 79.7257 0 27.4505 a b 1.56297 3 0
0 0 79.7517 0 27.4519 a b 1.5619 3 0
0 0 79.7772 0 27.4513 a b 1.562 3 0
0 0 79.8072 0 27.4519 a b 1.56092 3 0
0 0 79.8337 0 27.4517 a b 1.55955 3 0
0 0 79.86 0 27.4522 a b 1.55845 3 0
0 0 79.8922 0 27.4511 a b 1.55861 3 0
0 0 79.9243 0 27.4518 a b 1.55828 3 0
0 0 79.9526 0 27.452 a b 1.55702 3 0
0 0 79.9836 0 27.4517 a b 1.55574 3 0
0 0 80.0132 0 27.4513 a b 1.55555 3 0
0 0 80.0406 0 27.4518 a b 1.55546 3 0
0 0 80.0689 0 27.453 a b 1.55434 3 0
0 0 80.0928 0 27.4525 a b 1.55522 3 0
0 0 80.1222 0 27.4544 a b 1.55444 3 0
0 0 80.1538 0 27.4534 a b 1.55235 3 0
0 0 80.185 0 27.4518 a b 1.5519 3 0
0 0 80.2123 0 27.45 a b 1.55436 3 0
0 0 80.2375 0 27.4537 a b 1.55631 3 0
0 0 80.2627 0 27.4536 a b 1.55588 3 0
0 0 80.2878 0 27.4525 a b 1.55747 3 0
0 0 80.3161 0 27.4506 a b 1.55936 3 0
0 0 80.3525 0 27.4511 a b 1.56333 3 0
0 0 80.3827 0 27.4509 a b 1.56944 3 0
0 0 80.4101 0 27.451 a b 1.57274 3 0
0 0 80.4379 0 27.4493 a b 1.57676 3 0
0 0 80.4624 0 27.4481 a b 1.58216 3 0
0 0 80.4887 0 27.4472 a b 1.58755 3 0
0 0 80.5204 0 27.4454 a b 1.59056 3 0
0 0 80.5488 0 27.4444 a b 1.59502 3 0
0 0 80.5775 0 27.4433 a b 1.59972 3 0
0 0 80.606 0 27.4409 a b 1.60265 3 0
0 0 80.6295 0 27.4415 a b 1.60442 3 0
0 0 80.6628 0 27.4411 a b 1.60173 3 0
0 0 80.6964 0 27.4388 a b 1.60317 3 0
0 0 80.725 0 27.4379 a b 1.60432 3 0
0 0 80.7506 0 27.4369 a b 1.60173 3 0
0 0 80.7813 0 27.4367 a b 1.60078 3 0
0 0 80.816 0 27.4355 a b 1.60126 3 0
0 0 80.8474 0 27.4348 a b 1.5997 3 0
0 0 80.8769 0 27.4334 a b 1.59894 3 0
0 0 80.9024 0 27.4323 a b 1.5987 3 0
0 0 80.9275 0 27.4308 a b 1.59756 3 0
0 0 80.9559 0 27.429 a b 1.59656 3 0
0 0 80.9834 0 27.4275 a b 1.5966 3 0
0 0 81.0133 0 27.4277 a b 1.59658 3 0
0 0 81.0394 0 27.4268 a b 1.59583 3 0
0 0 81.0682 0 27.4278 a b 1.59429 3 0
0 0 81.102 0 27.4257 a b 1.59445 3 0
0 0 81.1286 0 27.4248 a b 1.59189 3 0
0 0 81.1536 0 27.426 a b 1.59283 3 0
0 0 81.1864 0 27.4227 a b 1.59169 3 0
0 0 81.2198 0 27.423 a b 1.58939 3 0
0 0 81.2572 0 27.4231 a b 1.58917 3 0
0 0 81.2911 0 27.4207 a b 1.58757 3 0
0 0 81.3216 0 27.4195 a b 1.58537 3 0
0 0 81.3501 0 27.4222 a b 1.58496 3 0
0 0 81.3762 0 27.4221 a b 1.58571 3 0
0 0 81.4032 0 27.4207 a b 1.5858 3 0
0 0 81.4299 0 27.4191 a b 1.58452 3 0
0 0 81.4509 0 27.4181 a b 1.58562 3 0
0 0 81.4738 0 27.4186 a b 1.59214 3 0
0 0 81.495 0 27.4155 a b 1.59672 3 0
0 0 81.5196 0 27.4136 a b 1.60039 3 0
0 0 81.5453 0 27.4136 a b 1.60407 3 0
0 0 81.5739 0 27.4138 a b 1.60905 3 0
0 0 81.6017 0 27.4085 a b 1.61147 3 0
0 0 81.6276 0 27.4038 a b 1.61287 3 0
0 0 81.6517 0 27.403 a b 1.62223 3 0
0 0 81.6799 0 27.4022 a b 1.62892 3 0
0 0 81.7128 0 27.3998 a b 1.62939 3 0
0 0 81.7393 0 27.3978 a b 1.63482 3 0
0 0 81.7728 0 27.3965 a b 1.64368 3 0
0 0 81.8087 0 27.3928 a b 1.64761 3 0
0 0 81.8329 0 27.3903 a b 1.64937 3 0
0 0 81.8613 0 27.3869 a b 1.65343 3 0
0 0 81.8889 0 27.3841 a b 1.65732 3 0
0 0 81.9213 0 27.3818 a b 1.65572 3 0
0 0 81.9517 0 27.3788 a b 1.65614 3 0
0 0 81.9794 0 27.3754 a b 1.65721 3 0
0 0 82.0085 0 27.373 a b 1.65709 3 0
0 0 82.0351 0 27.3717 a b 1.65727 3 0
0 0 82.0631 0 27.3688 a b 1.65627 3 0
0 0 82.0882 0 27.3666 a b 1.65592 3 0
0 0 82.1113 0 27.3618 a b 1.65634 3 0
0 0 82.1389 0 27.36 a b 1.65691 3 0
0 0 82.166 0 27.3583 a b 1.65651 3 0
0 0 82.1956 0 27.3564 a b 1.65565 3 0
0 0 82.2256 0 27.3522 a b 1.6552 3 0
0 0 82.2546 0 27.3505 a b 1.65537 3 0
0 0 82.2854 0 27.3485 a b 1.6562 3 0
0 0 82.3187 0 27.3459 a b 1.65586 3 0
0 0 82.3477 0 27.3428 a b 1.6551 3 0
0 0 82.3803 0 27.3395 a b 1.6546 3 0
0 0 82.4119 0 27.3355 a b 1.65606 3 0
0 0 82.4443 0 27.334 a b 1.65538 3 0
0 0 82.4768 0 27.3325 a b 1.6536 3 0
0 0 82.5061 0 27.3286 a b 1.65296 3 0
0 0 82.5362 0 27.3269 a b 1.65274 3 0
0 0 82.5584 0 27.3268 a b 1.65133 3 0
0 0 82.5824 0 27.3241 a b 1.6496 3 0
0 0 82.606 0 27.3204 a b 1.64768 3 0
0 0 82.6334 0 27.3182 a b 1.64704 3 0
0 0 82.6592 0 27.3173 a b 1.64687 3 0
0 0 82.6863 0 27.3169 a b 1.64433 3 0
0 0 82.7141 0 27.3163 a b 1.64094 3 0
0 0 82.7399 0 27.3112 a b 1.64083 3 0
0 0 82.7718 0 27.31 a b 1.63652 3 0
0 0 82.8055 0 27.3059 a b 1.63419 3 0
0 0 82.8359 0 27.3038 a b 1.63271 3 0
0 0 82.8727 0 27.3027 a b 1.62961 3 0
0 0 82.9083 0 27.2995 a b 1.62657 3 0
0 0 82.9429 0 27.2943 a b 1.62561 3 0
0 0 82.9762 0 27.294 a b 1.62415 3 0
0 0 83.0034 0 27.293 a b 1.62143 3 0
0 0 83.03 0 27.2909 a b 1.61974 3 0
0 0 83.0554 0 27.2895 a b 1.61915 3 0
0 0 83.0786 0 27.2899 a b 1.61814 3 0
0 0 83.1017 0 27.289 a b 1.61475 3 0
0 0 83.1273 0 27.2844 a b 1.61262 3 0
0 0 83.1485 0 27.2833 a b 1.61313 3 0
0 0 83.1754 0 27.2825 a b 1.61084 3 0
0 0 83.2019 0 27.2801 a b 1.60701 3 0
0 0 83.2309 0 27.2784 a b 1.60635 3 0
0 0 83.26 0 27.2773 a b 1.60435 3 0
0 0 83.2911 0 27.2754 a b 1.60127 3 0
0 0 83.3251 0 27.275 a b 1.60179 3 0
0 0 83.3601 0 27.2772 a b 1.59933 3 0
0 0 83.3926 0 27.2762 a b 1.59662 3 0
0 0 83.4278 0 27.2765 a b 1.59381 3 0
0 0 83.459 0 27.2773 a b 1.59427 3 0
0 0 83.4845 0 27.2765 a b 1.59171 3 0
0 0 83.5151 0 27.2758 a b 1.58709 3 0
0 0 83.5465 0 27.2739 a b 1.58568 3 0
0 0 83.5724 0 27.2719 a b 1.58444 3 0
0 0 83.6013 0 27.2722 a b 1.58168 3 0
0 0 83.6302 0 27.2728 a b 1.57953 3 0
0 0 83.654 0 27.2735 a b 1.5786 3 0
0 0 83.6786 0 27.2719 a b 1.57548 3 0
0 0 83.7056 0 27.271 a b 1.5737 3 0
0 0 83.7369 0 27.2727 a b 1.57269 3 0
0 0 83.7685 0 27.2734 a b 1.57033 3 0
0 0 83.7994 0 27.2728 a b 1.56733 3 0
0 0 83.826 0 27.2715 a b 1.56633 3 0
0 0 83.8527 0 27.2709 a b 1.5656 3 0
0 0 83.8853 0 27.2755 a b 1.5638 3 0
0 0 83.9125 0 27.277 a b 1.56093 3 0
0 0 83.9418 0 27.2761 a b 1.55895 3 0
0 0 83.9729 0 27.2754 a b 1.55893 3 0
0 0 83.9979 0 27.2733 a b 1.56022 3 0
0 0 84.0231 0 27.2736 a b 1.56183 3 0
0 0 84.0486 0 27.2753 a b 1.56186 3 0
0 0 84.0767 0 27.2715 a b 1.56461 3 0
0 0 84.1055 0 27.2711 a b 1.56806 3 0
0 0 84.1376 0 27.2711 a b 1.57573 3 0
0 0 84.1686 0 27.2701 a b 1.58183 3 0
0 0 84.1953 0 27.2701 a b 1.58767 3 0
0 0 84.2216 0 27.2676 a b 1.59734 3 0
0 0 84.2491 0 27.2679 a b 1.60611 3 0
0 0 84.2789 0 27.2707 a b 1.61122 3 0
0 0 84.3073 0 27.267 a b 1.61843 3 0
0 0 84.3404 0 27.2616 a b 1.62544 3 0
0 0 84.3711 0 27.2568 a b 1.62648 3 0
0 0 84.3945 0 27.2549 a b 1.62544 3 0
0 0 84.4212 0 27.2569 a b 1.6253 3 0
0 0 84.4516 0 27.2541 a b 1.62583 3 0
0 0 84.4827 0 27.2513 a b 1.62463 3 0
0 0 84.5143 0 27.2507 a b 1.62409 3 0
0 0 84.5392 0 27.2488 a b 1.6237 3 0
0 0 84.5675 0 27.247 a b 1.62271 3 0
0 0 84.5999 0 27.2456 a b 1.62074 3 0
0 0 84.6326 0 27.2454 a b 1.62215 3 0
0 0 84.6627 0 27.243 a b 1.62238 3 0
0 0 84.687 0 27.2412 a b 1.61886 3 0
0 0 84.715 0 27.2423 a b 1.61627 3 0
0 0 84.7445 0 27.2425 a b 1.61598 3 0
0 0 84.7742 0 27.2385 a b 1.61505 3 0
0 0 84.8007 0 27.2373 a b 1.61295 3 0
0 0 84.8262 0 27.2374 a b 1.61219 3 0
0 0 84.8514 0 27.2366 a b 1.61181 3 0
0 0 84.878 0 27.2346 a b 1.60961 3 0
0 0 84.9045 0 27.236 a b 1.60899 3 0
0 0 84.9333 0 27.2335 a b 1.6076 3 0
0 0 84.964 0 27.2311 a b 1.6054 3 0
0 0 84.9905 0 27.2298 a b 1.60467 3 0
0 0 85.0189 0 27.226 a b 1.60439 3 0
0 0 85.0479 0 27.2245 a b 1.60138 3 0
0 0 85.0742 0 27.2268 a b 1.59862 3 0
0 0 85.1051 0 27.2268 a b 1.5973 3 0
0 0 85.1379 0 27.2266 a b 1.59648 3 0
0 0 85.1682 0 27.2278 a b 1.59433 3 0
0 0 85.2019 0 27.2269 a b 1.59239 3 0
0 0 85.2335 0 27.2265 a b 1.58989 3 0
0 0 85.2643 0 27.2281 a b 1.58837 3 0
0 0 85.2963 0 27.2269 a b 1.58765 3 0
0 0 85.3277 0 27.2261 a b 1.58509 3 0
0 0 85.359 0 27.2234 a b 1.58331 3 0
0 0 85.3861 0 27.2239 a b 1.58207 3 0
0 0 85.4114 0 27.2225 a b 1.58179 3 0
0 0 85.4403 0 27.2222 a b 1.58019 3 0
0 0 85.4643 0 27.221 a b 1.57768 3 0
0 0 85.4877 0 27.2213 a b 1.57714 3 0
0 0 85.5148 0 27.2186 a b 1.57631 3 0
0 0 85.5387 0 27.216 a b 1.57392 3 0
0 0 85.5617 0 27.2138 a b 1.57264 3 0
0 0 85.5883 0 27.2137 a b 1.57219 3 0
0 0 85.6178 0 27.2147 a b 1.57084 3 0
0 0 85.6485 0 27.2155 a b 1.56969 3 0
0 0 85.6796 0 27.2184 a b 1.56907 3 0
0 0 85.718 0 27.2194 a b 1.56777 3 0
0 0 85.7504 0 27.2192 a b 1.56582 3 0
0 0 85.7819 0 27.2198 a b 1.56623 3 0
0 0 85.8243 0 27.2226 a b 1.56351 3 0
0 0 85.8596 0 27.2229 a b 1.55934 3 0
0 0 85.8904 0 27.2215 a b 1.55879 3 0
0 0 85.9196 0 27.2213 a b 1.55768 3 0
0 0 85.9499 0 27.2221 a b 1.55518 3 0
0 0 85.9752 0 27.221 a b 1.55425 3 0
0 0 85.9996 0 27.2245 a b 1.55306 3 0
0 0 86.0229 0 27.2254 a b 1.54983 3 0
0 0 86.0465 0 27.2211 a b 1.54831 3 0
0 0 86.0733 0 27.2209 a b 1.54929 3 0
0 0 86.1036 0 27.2199 a b 1.54908 3 0
0 0 86.1289 0 27.2209 a b 1.54901 3 0
0 0 86.1545 0 27.221 a b 1.55125 3 0
0 0 86.1841 0 27.2184 a b 1.55721 3 0
0 0 86.2103 0 27.217 a b 1.56479 3 0
0 0 86.2445 0 27.219 a b 1.56946 3 0
0 0 86.2704 0 27.22 a b 1.57184 3 0
0 0 86.2974 0 27.2151 a b 1.57755 3 0
0 0 86.33 0 27.2164 a b 1.58247 3 0
0 0 86.3556 0 27.2164 a b 1.58508 3 0
0 0 86.3808 0 27.2135 a b 1.58852 3 0
0 0 86.4106 0 27.2163 a b 1.59201 3 0
0 0 86.4371 0 27.2172 a b 1.59191 3 0
0 0 86.4572 0 27.2175 a b 1.5922 3 0
0 0 86.484 0 27.2149 a b 1.59376 3 0
0 0 86.5137 0 27.2148 a b 1.59234 3 0
0 0 86.5439 0 27.2126 a b 1.59241 3 0
0 0 86.5772 0 27.2168 a b 1.5934 3 0
0 0 86.6113 0 27.2157 a b 1.5922 3 0
0 0 86.6446 0 27.2123 a b 1.5907 3 0
0 0 86.6754 0 27.2127 a b 1.59199 3 0
0 0 86.6977 0 27.2165 a b 1.59268 3 0
0 0 86.7281 0 27.217 a b 1.59043 3 0
0 0 86.759 0 27.2136 a b 1.5896 3 0
0 0 86.7804 0 27.2126 a b 1.59093 3 0
0 0 86.8051 0 27.2132 a b 1.58926 3 0
0 0 86.8276 0 27.2124 a b 1.58793 3 0
0 0 86.8566 0 27.2094 a b 1.58861 3 0
0 0 86.8819 0 27.2108 a b 1.58767 3 0
0 0 86.9096 0 27.2112 a b 1.58594 3 0
0 0 86.9408 0 27.2099 a b 1.58577 3 0
0 0 86.9687 0 27.2087 a b 1.58655 3 0
0 0 87.0054 0 27.2075 a b 1.5844 3 0
0 0 87.0386 0 27.2071 a b 1.58441 3 0
0 0 87.0704 0 27.2068 a b 1.5843 3 0
0 0 87.1018 0 27.2051 a b 1.58318 3 0
0 0 87.1327 0 27.2048 a b 1.58115 3 0
0 0 87.1662 0 27.1998 a b 1.5815 3 0
0 0 87.1924 0 27.2017 a b 1.58374 3 0
0 0 87.2193 0 27.2066 a b 1.58233 3 0
0 0 87.2449 0 27.205 a b 1.58033 3 0
0 0 87.2743 0 27.2039 a b 1.5808 3 0
0 0 87.3011 0 27.2034 a b 1.5808 3 0
0 0 87.3301 0 27.2048 a b 1.57984 3 0
0 0 87.3586 0 27.2049 a b 1.57942 3 0
0 0 87.3854 0 27.2083 a b 1.57854 3 0
0 0 87.4171 0 27.2084 a b 1.57748 3 0
0 0 87.447 0 27.2049 a b 1.5764 3 0
0 0 87.4747 0 27.2054 a b 1.5762 3 0
0 0 87.5048 0 27.2059 a b 1.57501 3 0
0 0 87.5356 0 27.2043 a b 1.57531 3 0
0 0 87.5621 0 27.2066 a b 1.57279 3 0
0 0 87.5917 0 27.2064 a b 1.57198 3 0
0 0 87.6206 0 27.2053 a b 1.57109 3 0
0 0 87.6496 0 27.2033 a b 1.57068 3 0
0 0 87.6779 0 27.201 a b 1.57068 3 0
0 0 87.7054 0 27.201 a b 1.56988 3 0
0 0 87.7347 0 27.2008 a b 1.56949 3 0
0 0 87.7617 0 27.1972 a b 1.56957 3 0
0 0 87.7933 0 27.1964 a b 1.56874 3 0
0 0 87.8232 0 27.2005 a b 1.56823 3 0
0 0 87.8557 0 27.2001 a b 1.56759 3 0
0 0 87.8832 0 27.1972 a b 1.56638 3 0
0 0 87.9136 0 27.1966 a b 1.56469 3 0
0 0 87.9356 0 27.2 a b 1.56493 3 0
0 0 87.9592 0 27.2006 a b 1.56474 3 0
0 0 87.9851 0 27.199 a b 1.56362 3 0
0 0 88.0117 0 27.2019 a b 1.56359 3 0
0 0 88.0384 0 27.1995 a b 1.56276 3 0
0 0 88.066 0 27.2022 a b 1.56171 3 0
0 0 88.096 0 27.2012 a b 1.56089 3 0
0 0 88.1296 0 27.2003 a b 1.56009 3 0
0 0 88.1657 0 27.2036 a b 1.55954 3 0
0 0 88.2016 0 27.201 a b 1.55805 3 0
0 0 88.238 0 27.2014 a b 1.55718 3 0
0 0 88.2723 0 27.2018 a b 1.55691 3 0
0 0 88.3049 0 27.2024 a b 1.55695 3 0
0 0 88.3365 0 27.2031 a b 1.55553 3 0
0 0 88.3611 0 27.203 a b 1.55453 3 0
0 0 88.3859 0 27.2038 a b 1.55397 3 0
0 0 88.414 0 27.2052 a b 1.55224 3 0
0 0 88.4388 0 27.2079 a b 1.55178 3 0
0 0 88.4635 0 27.2044 a b 1.55164 3 0
0 0 88.4892 0 27.2041 a b 1.55019 3 0
0 0 88.5151 0 27.2053 a b 1.5492 3 0
0 0 88.5408 0 27.2081 a b 1.55157 3 0
0 0 88.5738 0 27.2071 a b 1.55338 3 0
0 0 88.6061 0 27.2069 a b 1.55485 3 0
0 0 88.637 0 27.2085 a b 1.55837 3 0
0 0 88.6701 0 27.2102 a b 1.56235 3 0
0 0 88.7027 0 27.2104 a b 1.56473 3 0
0 0 88.7316 0 27.2057 a b 1.56959 3 0
0 0 88.7575 0 27.2059 a b 1.5744 3 0
0 0 88.7909 0 27.2067 a b 1.57709 3 0
0 0 88.8151 0 27.2075 a b 1.57755 3 0
0 0 88.8361 0 27.2059 a b 1.58044 3 0
0 0 88.8657 0 27.202 a b 1.58487 3 0
0 0 88.8929 0 27.2008 a b 1.58708 3 0
0 0 88.9186 0 27.2005 a b 1.58925 3 0
0 0 88.9467 0 27.1977 a b 1.59224 3 0
0 0 88.9752 0 27.1942 a b 1.59634 3 0
0 0 89.0069 0 27.1913 a b 1.59988 3 0
0 0 89.0363 0 27.1903 a b 1.60293 3 0
0 0 89.0677 0 27.1851 a b 1.60699 3 0
0 0 89.0992 0 27.1835 a b 1.61156 3 0
0 0 89.13 0 27.1804 a b 1.61476 3 0
0 0 89.1591 0 27.18 a b 1.61748 3 0
0 0 89.1883 0 27.1763 a b 1.61998 3 0
0 0 89.2192 0 27.1747 a b 1.62179 3 0
0 0 89.2466 0 27.1721 a b 1.62289 3 0
0 0 89.2732 0 27.1702 a b 1.62394 3 0
0 0 89.3009 0 27.1697 a b 1.6249 3 0
0 0 89.3303 0 27.1699 a b 1.62362 3 0
0 0 89.3571 0 27.1657 a b 1.62313 3 0
0 0 89.3821 0 27.1642 a b 1.62429 3 0
0 0 89.4101 0 27.1678 a b 1.62472 3 0
0 0 89.4414 0 27.1677 a b 1.62299 3 0
0 0 89.4714 0 27.1614 a b 1.62252 3 0
0 0 89.4978 0 27.1595 a b 1.62396 3 0
0 0 89.5269 0 27.1583 a b 1.62353 3 0
0 0 89.5565 0 27.1586 a b 1.62374 3 0
0 0 89.5843 0 27.1612 a b 1.62367 3 0
0 0 89.6099 0 27.1574 a b 1.62115 3 0
0 0 89.6374 0 27.1543 a b 1.62182 3 0
0 0 89.6654 0 27.1561 a b 1.6217 3 0
0 0 89.6972 0 27.1549 a b 1.62002 3 0
0 0 89.7279 0 27.1517 a b 1.61956 3 0
0 0 89.7573 0 27.1515 a b 1.61899 3 0
0 0 89.7876 0 27.1476 a b 1.61876 3 0
0 0 89.8166 0 27.1462 a b 1.61856 3 0
0 0 89.8465 0 27.1439 a b 1.6182 3 0
0 0 89.8774 0 27.1442 a b 1.61749 3 0
0 0 89.9081 0 27.1417 a b 1.61689 3 0
0 0 89.9356 0 27.1369 a b 1.61709 3 0
0 0 89.961 0 27.1392 a b 1.61614 3 0
0 0 89.987 0 27.1385 a b 1.61378 3 0
0 0 90.0153 0 27.1354 a b 1.61331 3 0
0 0 90.0422 0 27.1309 a b 1.61501 3 0
0 0 90.0678 0 27.1323 a b 1.61481 3 0
0 0 90.0969 0 27.1353 a b 1.61281 3 0
0 0 90.1235 0 27.1313 a b 1.61165 3 0
0 0 90.1476 0 27.1313 a b 1.61291 3 0
0 0 90.1706 0 27.1357 a b 1.61244 3 0
0 0 90.1953 0 27.1344 a b 1.61113 3 0
0 0 90.2265 0 27.1313 a b 1.61085 3 0
0 0 90.256 0 27.1281 a b 1.6114 3 0
0 0 90.2869 0 27.1249 a b 1.61005 3 0
0 0 90.318 0 27.1225 a b 1.61006 3 0
0 0 90.3496 0 27.1183 a b 1.611 3 0
0 0 90.3796 0 27.1208 a b 1.60931 3 0
0 0 90.4117 0 27.1159 a b 1.6083 3 0
0 0 90.4445 0 27.1165 a b 1.60815 3 0
0 0 90.4764 0 27.1144 a b 1.60608 3 0
0 0 90.5154 0 27.1069 a b 1.60361 3 0
0 0 90.553 0 27.0988 a b 1.60407 3 0
0 0 90.5857 0 27.0986 a b 1.60273 3 0
0 0 90.6245 0 27.0957 a b 1.59995 3 0
0 0 90.6601 0 27.0901 a b 1.60094 3 0
0 0 90.6946 0 27.09 a b 1.59902 3 0
0 0 90.7213 0 27.0888 a b 1.59845 3 0
0 0 90.7518 0 27.085 a b 1.59662 3 0
0 0 90.7731 0 27.0802 a b 1.5945 3 0
0 0 90.7932 0 27.0803 a b 1.59057 3 0
0 0 90.8198 0 27.0761 a b 1.59013 3 0
0 0 90.8414 0 27.0761 a b 1.59044 3 0
0 0 90.8645 0 27.0753 a b 1.59055 3 0
0 0 90.8888 0 27.0705 a b 1.58782 3 0
0 0 90.9226 0 27.0709 a b 1.58539 3 0
0 0 90.9622 0 27.071 a b 1.58568 3 0
0 0 90.9954 0 27.0668 a b 1.58642 3 0
0 0 91.0291 0 27.0632 a b 1.58454 3 0
0 0 91.0643 0 27.0676 a b 1.58295 3 0
0 0 91.1022 0 27.0603 a b 1.58306 3 0
0 0 91.1359 0 27.0612 a b 1.58251 3 0
0 0 91.164 0 27.0586 a b 1.57991 3 0
0 0 91.1919 0 27.059 a b 1.57875 3 0
0 0 91.2146 0 27.0558 a b 1.57841 3 0
0 0 91.2343 0 27.0555 a b 1.57796 3 0
0 0 91.2545 0 27.0544 a b 1.58116 3 0
0 0 91.274 0 27.0501 a b 1.576 3 0
0 0 91.2919 0 27.0579 a b 1.57256 3 0
0 0 91.3101 0 27.0623 a b 1.57642 3 0
0 0 91.3271 0 27.0596 a b 1.57754 3 0
0 0 91.3448 0 27.0613 a b 1.57914 3 0
0 0 91.3646 0 27.0632 a b 1.57781 3 0
0 0 91.383 0 27.0648 a b 1.57153 3 0
0 0 91.4053 0 27.0721 a b 1.57163 3 0
0 0 91.433 0 27.0718 a b 1.57271 3 0
0 0 91.4694 0 27.0702 a b 1.57183 3 0
0 0 91.5019 0 27.073 a b 1.57091 3 0
0 0 91.5464 0 27.0731 a b 1.56999 3 0
0 0 91.589 0 27.0778 a b 1.56732 3 0
0 0 91.6304 0 27.0738 a b 1.56724 3 0
0 0 91.6762 0 27.0683 a b 1.56452 3 0
0 0 91.7125 0 27.0653 a b 1.56211 3 0
0 0 91.7465 0 27.0686 a b 1.56501 3 0
0 0 91.7824 0 27.0695 a b 1.56636 3 0
0 0 91.8113 0 27.073 a b 1.56447 3 0
0 0 91.8319 0 27.0723 a b 1.56494 3 0
0 0 91.8513 0 27.0777 a b 1.5696 3 0
0 0 91.8746 0 27.0747 a b 1.56937 3 0
0 0 91.8907 0 27.0722 a b 1.56409 3 0
0 0 91.9053 0 27.0768 a b 1.56403 3 0
0 0 91.9261 0 27.0769 a b 1.5639 3 0
0 0 91.9508 0 27.0733 a b 1.56089 3 0
0 0 91.977 0 27.077 a b 1.56255 3 0
0 0 92.0079 0 27.079 a b 1.56302 3 0
0 0 92.0458 0 27.0794 a b 1.55803 3 0
0 0 92.0817 0 27.0827 a b 1.55743 3 0
0 0 92.126 0 27.0827 a b 1.55809 3 0
0 0 92.1664 0 27.0787 a b 1.55496 3 0
0 0 92.207 0 27.0815 a b 1.55351 3 0
0 0 92.2491 0 27.0797 a b 1.55406 3 0
0 0 92.2871 0 27.0786 a b 1.55368 3 0
0 0 92.3215 0 27.0799 a b 1.55275 3 0
0 0 92.35 0 27.0795 a b 1.55059 3 0
0 0 92.3728 0 27.0796 a b 1.55093 3 0
0 0 92.3932 0 27.0807 a b 1.55234 3 0
0 0 92.4127 0 27.0821 a b 1.55163 3 0
0 0 92.4304 0 27.0815 a b 1.54874 3 0
0 0 92.447 0 27.0808 a b 1.54626 3 0
0 0 92.4608 0 27.0806 a b 1.54573 3 0
0 0 92.4828 0 27.0818 a b 1.54525 3 0
0 0 92.5078 0 27.083 a b 1.54453 3 0
0 0 92.5347 0 27.0838 a b 1.54393 3 0
0 0 92.5698 0 27.0848 a b 1.542 3 0
0 0 92.6028 0 27.0835 a b 1.54286 3 0
0 0 92.6367 0 27.0868 a b 1.54176 3 0
0 0 92.6738 0 27.0877 a b 1.54242 3 0
0 0 92.7125 0 27.086 a b 1.54505 3 0
0 0 92.7499 0 27.0896 a b 1.54481 3 0
0 0 92.7847 0 27.0891 a b 1.54501 3 0
0 0 92.8169 0 27.0913 a b 1.54707 3 0
0 0 92.8438 0 27.0918 a b 1.54758 3 0
0 0 92.8742 0 27.0932 a b 1.54635 3 0
0 0 92.9001 0 27.0895 a b 1.54644 3 0
0 0 92.9236 0 27.0892 a b 1.5486 3 0
0 0 92.9424 0 27.0939 a b 1.54992 3 0
0 0 92.9674 0 27.0935 a b 1.5489 3 0
0 0 92.9909 0 27.0913 a b 1.55151 3 0
0 0 93.0155 0 27.0932 a b 1.55278 3 0
0 0 93.0435 0 27.0926 a b 1.5529 3 0
0 0 93.0721 0 27.0918 a b 1.55513 3 0
0 0 93.1002 0 27.0922 a b 1.55779 3 0
0 0 93.1312 0 27.0909 a b 1.5586 3 0
0 0 93.1627 0 27.087 a b 1.56008 3 0
0 0 93.1935 0 27.0822 a b 1.5636 3 0
0 0 93.2241 0 27.0831 a b 1.56644 3 0
0 0 93.2516 0 27.0835 a b 1.56694 3 0
0 0 93.2841 0 27.0821 a b 1.56915 3 0
0 0 93.3106 0 27.0783 a b 1.573 3 0
0 0 93.3359 0 27.0768 a b 1.57546 3 0
0 0 93.3646 0 27.0763 a b 1.57653 3 0
0 0 93.3916 0 27.0774 a b 1.57852 3 0
0 0 93.4174 0 27.0762 a b 1.5809 3 0
0 0 93.4411 0 27.0754 a b 1.58021 3 0
0 0 93.4685 0 27.0716 a b 1.57984 3 0
0 0 93.4972 0 27.0731 a b 1.58091 3 0
0 0 93.5245 0 27.0745 a b 1.58069 3 0
0 0 93.5553 0 27.0736 a b 1.58037 3 0
0 0 93.5837 0 27.0722 a b 1.58019 3 0
0 0 93.6123 0 27.0748 a b 1.57861 3 0
0 0 93.6458 0 27.0734 a b 1.57806 3 0
0 0 93.6748 0 27.0731 a b 1.57846 3 0
0 0 93.7044 0 27.0728 a b 1.57762 3 0
0 0 93.7339 0 27.0732 a b 1.57728 3 0
0 0 93.7643 0 27.0727 a b 1.57673 3 0
0 0 93.7925 0 27.0733 a b 1.57576 3 0
0 0 93.8238 0 27.0728 a b 1.57527 3 0
0 0 93.8551 0 27.073 a b 1.57577 3 0
0 0 93.8814 0 27.0709 a b 1.5745 3 0
0 0 93.9102 0 27.0695 a b 1.57277 3 0
0 0 93.9387 0 27.0686 a b 1.57252 3 0
0 0 93.966 0 27.0683 a b 1.57178 3 0
0 0 93.9952 0 27.0682 a b 1.57121 3 0
0 0 94.0234 0 27.0682 a b 1.57017 3 0
0 0 94.0513 0 27.0668 a b 1.56934 3 0
0 0 94.0772 0 27.0663 a b 1.56834 3 0
0 0 94.1033 0 27.0667 a b 1.56828 3 0
0 0 94.1355 0 27.0656 a b 1.56794 3 0
0 0 94.1628 0 27.0647 a b 1.56799 3 0
0 0 94.1902 0 27.0664 a b 1.56642 3 0
0 0 94.2213 0 27.0688 a b 1.56551 3 0
0 0 94.2516 0 27.0664 a b 1.56534 3 0
0 0 94.2813 0 27.067 a b 1.56534 3 0
0 0 94.3104 0 27.0703 a b 1.56553 3 0
0 0 94.3366 0 27.07 a b 1.56379 3 0
0 0 94.3638 0 27.0714 a b 1.56226 3 0
0 0 94.3922 0 27.0694 a b 1.56101 3 0
0 0 94.423 0 27.0728 a b 1.56 3 0
0 0 94.4559 0 27.0723 a b 1.55971 3 0
0 0 94.4873 0 27.0729 a b 1.55897 3 0
0 0 94.5178 0 27.0757 a b 1.56015 3 0
0 0 94.5484 0 27.0737 a b 1.55737 3 0
0 0 94.5794 0 27.0732 a b 1.55627 3 0
0 0 94.6107 0 27.0721 a b 1.55577 3 0
0 0 94.6453 0 27.0699 a b 1.55639 3 0
0 0 94.6765 0 27.0683 a b 1.55535 3 0
0 0 94.7057 0 27.071 a b 1.55338 3 0
0 0 94.7321 0 27.0729 a b 1.55257 3 0
0 0 94.7561 0 27.072 a b 1.55334 3 0
0 0 94.7843 0 27.0685 a b 1.55265 3 0
0 0 94.809 0 27.071 a b 1.55141 3 0
0 0 94.835 0 27.0751 a b 1.55118 3 0
0 0 94.8598 0 27.0734 a b 1.55059 3 0
0 0 94.8865 0 27.0725 a b 1.54985 3 0
0 0 94.9194 0 27.0716 a b 1.54822 3 0
0 0 94.9483 0 27.0749 a b 1.54836 3 0
0 0 94.9785 0 27.0748 a b 1.54938 3 0
0 0 95.0083 0 27.0778 a b 1.54908 3 0
0 0 95.0401 0 27.0783 a b 1.54843 3 0
