0 0 100.712 0 27.0364 a b -1.58591 3 0
0 0 100.685 0 27.038 a b -1.58601 3 0
0 0 100.657 0 27.0359 a b -1.58414 3 0
0 0 100.63 0 27.0338 a b -1.58414 3 0
0 0 100.601 0 27.0334 a b -1.58418 3 0
0 0 100.571 0 27.0351 a b -1.58319 3 0
0 0 100.541 0 27.0366 a b -1.58309 3 0
0 0 100.511 0 27.0357 a b -1.58281 3 0
0 0 100.482 0 27.0368 a b -1.58181 3 0
0 0 100.455 0 27.0354 a b -1.5811 3 0
0 0 100.422 0 27.0346 a b -1.58123 3 0
0 0 100.39 0 27.0331 a b -1.58087 3 0
0 0 100.362 0 27.0336 a b -1.58015 3 0
0 0 100.335 0 27.0356 a b -1.57872 3 0
0 0 100.304 0 27.0377 a b -1.57953 3 0
0 0 100.275 0 27.037 a b -1.58056 3 0
0 0 100.245 0 27.0369 a b -1.57754 3 0
0 0 100.221 0 27.0365 a b -1.57563 3 0
0 0 100.19 0 27.0388 a b -1.57674 3 0
0 0 100.15 0 27.039 a b -1.57694 3 0
0 0 100.116 0 27.0389 a b -1.57661 3 0
0 0 100.086 0 27.0416 a b -1.57458 3 0
0 0 100.059 0 27.0413 a b -1.57619 3 0
0 0 100.028 0 27.0414 a b -1.5768 3 0
0 0 99.9972 0 27.0407 a b -1.57579 3 0
0 0 99.9702 0 27.0409 a b -1.57499 3 0
0 0 99.9409 0 27.0402 a b -1.57473 3 0
0 0 99.9113 0 27.0385 a b -1.57505 3 0
0 0 99.8815 0 27.0388 a b -1.57532 3 0
0 0 99.8491 0 27.0415 a b -1.57467 3 0
0 0 99.821 0 27.0381 a b -1.57342 3 0
0 0 99.7944 0 27.0367 a b -1.57696 3 0
0 0 99.765 0 27.0365 a b -1.57651 3 0
0 0 99.7355 0 27.0363 a b -1.57631 3 0
0 0 99.7078 0 27.0403 a b -1.57892 3 0
0 0 99.6777 0 27.0366 a b -1.58099 3 0
0 0 99.6477 0 27.0355 a b -1.58479 3 0
0 0 99.6172 0 27.0395 a b -1.58985 3 0
0 0 99.5889 0 27.0418 a b -1.59297 3 0
0 0 99.5582 0 27.0378 a b -1.59426 3 0
0 0 99.5334 0 27.0383 a b -1.59724 3 0
0 0 99.5044 0 27.0422 a b -1.60083 3 0
0 0 99.4761 0 27.0425 a b -1.60134 3 0
0 0 99.4541 0 27.0418 a b -1.60217 3 0
0 0 99.429 0 27.0437 a b -1.60211 3 0
0 0 99.4047 0 27.0423 a b -1.60039 3 0
0 0 99.3814 0 27.041 a b -1.59934 3 0
0 0 99.3581 0 27.041 a b -1.5991 3 0
0 0 99.3312 0 27.0433 a b -1.59762 3 0
0 0 99.3047 0 27.0417 a b -1.59478 3 0
0 0 99.2766 0 27.0435 a b -1.59448 3 0
0 0 99.2472 0 27.0438 a b -1.5941 3 0
0 0 99.2155 0 27.0402 a b -1.59249 3 0
0 0 99.1807 0 27.0367 a b -1.59059 3 0
0 0 99.1473 0 27.0379 a b -1.58995 3 0
0 0 99.1176 0 27.0391 a b -1.58983 3 0
0 0 99.0836 0 27.0394 a b -1.58812 3 0
0 0 99.0538 0 27.0362 a b -1.58612 3 0
0 0 99.0236 0 27.0351 a b -1.58478 3 0
0 0 98.9932 0 27.0355 a b -1.58369 3 0
0 0 98.9701 0 27.036 a b -1.5829 3 0
0 0 98.9436 0 27.0389 a b -1.58166 3 0
0 0 98.9172 0 27.0375 a b -1.57952 3 0
0 0 98.8929 0 27.0362 a b -1.57798 3 0
0 0 98.8683 0 27.0341 a b -1.57789 3 0
0 0 98.8441 0 27.0355 a b -1.57743 3 0
0 0 98.8187 0 27.0371 a b -1.57495 3 0
0 0 98.7846 0 27.0361 a b -1.57166 3 0
0 0 98.7533 0 27.036 a b -1.57169 3 0
0 0 98.7257 0 27.0396 a b -1.57262 3 0
0 0 98.6945 0 27.0381 a b -1.57091 3 0
0 0 98.659 0 27.0365 a b -1.56853 3 0
0 0 98.6259 0 27.0352 a b -1.56749 3 0
0 0 98.5943 0 27.0368 a b -1.56622 3 0
0 0 98.5672 0 27.0392 a b -1.56499 3 0
0 0 98.5374 0 27.0392 a b -1.56282 3 0
0 0 98.5098 0 27.0405 a b -1.56125 3 0
0 0 98.4837 0 27.0405 a b -1.56075 3 0
0 0 98.455 0 27.0403 a b -1.55949 3 0
0 0 98.4234 0 27.0406 a b -1.55724 3 0
0 0 98.3948 0 27.0396 a b -1.55634 3 0
0 0 98.3698 0 27.039 a b -1.55635 3 0
0 0 98.3399 0 27.0421 a b -1.55606 3 0
0 0 98.3106 0 27.0411 a b -1.55244 3 0
0 0 98.2771 0 27.0416 a b -1.55172 3 0
0 0 98.2489 0 27.0404 a b -1.55159 3 0
0 0 98.2201 0 27.0405 a b -1.55004 3 0
0 0 98.1894 0 27.0426 a b -1.54868 3 0
0 0 98.159 0 27.0431 a b -1.54702 3 0
0 0 98.1292 0 27.0433 a b -1.54541 3 0
0 0 98.098 0 27.0408 a b -1.54417 3 0
0 0 98.071 0 27.0427 a b -1.5446 3 0
0 0 98.0439 0 27.0473 a b -1.54407 3 0
0 0 98.0153 0 27.0469 a b -1.54233 3 0
0 0 97.9862 0 27.0484 a b -1.54206 3 0
0 0 97.9566 0 27.0477 a b -1.54155 3 0
0 0 97.9284 0 27.0517 a b -1.54095 3 0
0 0 97.9002 0 27.0549 a b -1.54028 3 0
0 0 97.8687 0 27.0532 a b -1.53999 3 0
0 0 97.8371 0 27.056 a b -1.5395 3 0
0 0 97.8081 0 27.056 a b -1.54091 3 0
0 0 97.7771 0 27.0541 a b -1.54105 3 0
0 0 97.7475 0 27.0587 a b -1.54246 3 0
0 0 97.7202 0 27.0605 a b -1.54867 3 0
0 0 97.6961 0 27.0645 a b -1.5533 3 0
0 0 97.6662 0 27.0684 a b -1.55907 3 0
0 0 97.6381 0 27.0697 a b -1.56637 3 0
0 0 97.6165 0 27.0716 a b -1.57129 3 0
0 0 97.5903 0 27.077 a b -1.57797 3 0
0 0 97.5592 0 27.0758 a b -1.58688 3 0
0 0 97.53 0 27.0721 a b -1.59272 3 0
0 0 97.5014 0 27.0692 a b -1.59054 3 0
0 0 97.47 0 27.0698 a b -1.58884 3 0
0 0 97.4338 0 27.0694 a b -1.58978 3 0
0 0 97.404 0 27.0652 a b -1.58833 3 0
0 0 97.3729 0 27.0651 a b -1.58565 3 0
0 0 97.3424 0 27.0636 a b -1.58454 3 0
0 0 97.3142 0 27.0631 a b -1.5839 3 0
0 0 97.2858 0 27.0643 a b -1.58299 3 0
0 0 97.2541 0 27.064 a b -1.5816 3 0
0 0 97.227 0 27.0623 a b -1.57982 3 0
0 0 97.1993 0 27.0618 a b -1.5777 3 0
0 0 97.1717 0 27.0644 a b -1.57587 3 0
0 0 97.144 0 27.064 a b -1.57457 3 0
0 0 97.1157 0 27.0641 a b -1.5734 3 0
0 0 97.0882 0 27.0659 a b -1.57147 3 0
0 0 97.0589 0 27.0692 a b -1.57069 3 0
0 0 97.027 0 27.0642 a b -1.56943 3 0
0 0 96.9944 0 27.063 a b -1.56638 3 0
0 0 96.9664 0 27.0672 a b -1.56525 3 0
0 0 96.933 0 27.069 a b -1.56603 3 0
0 0 96.9 0 27.068 a b -1.56322 3 0
0 0 96.8708 0 27.0682 a b -1.56082 3 0
0 0 96.8426 0 27.0698 a b -1.56024 3 0
0 0 96.8121 0 27.0704 a b -1.56033 3 0
0 0 96.7842 0 27.0697 a b -1.55899 3 0
0 0 96.7591 0 27.0678 a b -1.55757 3 0
0 0 96.7326 0 27.07 a b -1.55703 3 0
0 0 96.7052 0 27.0743 a b -1.5556 3 0
0 0 96.6797 0 27.0708 a b -1.55408 3 0
0 0 96.6526 0 27.0713 a b -1.55368 3 0
0 0 96.6279 0 27.0705 a b -1.55431 3 0
0 0 96.5988 0 27.072 a b -1.55514 3 0
0 0 96.5718 0 27.0734 a b -1.55817 3 0
0 0 96.546 0 27.0719 a b -1.56458 3 0
0 0 96.5119 0 27.0751 a b -1.57278 3 0
0 0 96.4741 0 27.0772 a b -1.57753 3 0
0 0 96.4369 0 27.0748 a b -1.5797 3 0
0 0 96.4019 0 27.0788 a b -1.57686 3 0
0 0 96.3746 0 27.078 a b -1.57454 3 0
0 0 96.3492 0 27.0755 a b -1.57356 3 0
0 0 96.3199 0 27.0748 a b -1.57368 3 0
0 0 96.2945 0 27.076 a b -1.5713 3 0
0 0 96.2704 0 27.077 a b -1.57007 3 0
0 0 96.2475 0 27.0758 a b -1.5691 3 0
0 0 96.2207 0 27.0774 a b -1.56782 3 0
0 0 96.1938 0 27.0789 a b -1.5654 3 0
0 0 96.1656 0 27.0765 a b -1.56558 3 0
0 0 96.14 0 27.0794 a b -1.56492 3 0
0 0 96.1109 0 27.0793 a b -1.56321 3 0
0 0 96.0824 0 27.0785 a b -1.5613 3 0
0 0 96.0528 0 27.0776 a b -1.56078 3 0
0 0 96.0226 0 27.0775 a b -1.55914 3 0
0 0 95.9904 0 27.0796 a b -1.55761 3 0
0 0 95.9592 0 27.0787 a b -1.55695 3 0
0 0 95.9293 0 27.0774 a b -1.55566 3 0
0 0 95.8968 0 27.0767 a b -1.55515 3 0
0 0 95.8692 0 27.0739 a b -1.55556 3 0
0 0 95.8394 0 27.0736 a b -1.55497 3 0
0 0 95.8103 0 27.0754 a b -1.55475 3 0
0 0 95.7827 0 27.0767 a b -1.55446 3 0
0 0 95.756 0 27.0781 a b -1.55474 3 0
0 0 95.7307 0 27.075 a b -1.55441 3 0
0 0 95.7028 0 27.076 a b -1.55472 3 0
0 0 95.6749 0 27.077 a b -1.55689 3 0
0 0 95.6429 0 27.077 a b -1.55943 3 0
0 0 95.6171 0 27.0784 a b -1.56496 3 0
0 0 95.587 0 27.0779 a b -1.56877 3 0
0 0 95.554 0 27.0814 a b -1.57371 3 0
0 0 95.5235 0 27.0839 a b -1.57894 3 0
0 0 95.4927 0 27.0869 a b -1.58201 3 0
0 0 95.4622 0 27.0869 a b -1.58638 3 0
0 0 95.4332 0 27.086 a b -1.59067 3 0
0 0 95.4056 0 27.0898 a b -1.59458 3 0
0 0 95.3753 0 27.0916 a b -1.5971 3 0
0 0 95.3471 0 27.0919 a b -1.59852 3 0
0 0 95.3208 0 27.0921 a b -1.59716 3 0
0 0 95.295 0 27.0883 a b -1.59721 3 0
0 0 95.2739 0 27.0856 a b -1.59797 3 0
0 0 95.2472 0 27.0863 a b -1.59789 3 0
0 0 95.221 0 27.0865 a b -1.59748 3 0
0 0 95.1937 0 27.085 a b -1.59627 3 0
0 0 95.1647 0 27.0837 a b -1.59575 3 0
0 0 95.1394 0 27.0816 a b -1.59406 3 0
0 0 95.1059 0 27.0808 a b -1.59357 3 0
0 0 95.0732 0 27.0798 a b -1.59391 3 0
