0 0 115.766 0 26.7472 a b 1.66882 3 0
0 0 115.795 0 26.7462 a b 1.66892 3 0
0 0 115.823 0 26.7466 a b 1.67008 3 0
0 0 115.856 0 26.7462 a b 1.66972 3 0
0 0 115.886 0 26.7419 a b 1.66935 3 0
0 0 115.912 0 26.7318 a b 1.67014 3 0
0 0 115.943 0 26.7288 a b 1.67024 3 0
0 0 115.97 0 26.7274 a b 1.67104 3 0
0 0 116.001 0 26.7278 a b 1.67084 3 0
0 0 116.029 0 26.7242 a b 1.67103 3 0
0 0 116.055 0 26.7195 a b 1.67054 3 0
0 0 116.088 0 26.7168 a b 1.67107 3 0
0 0 116.122 0 26.715 a b 1.67161 3 0
0 0 116.152 0 26.7166 a b 1.67134 3 0
0 0 116.183 0 26.7114 a b 1.67122 3 0
0 0 116.212 0 26.7081 a b 1.67079 3 0
0 0 116.244 0 26.7044 a b 1.67082 3 0
0 0 116.275 0 26.7014 a b 1.67148 3 0
0 0 116.305 0 26.6988 a b 1.67203 3 0
0 0 116.337 0 26.6974 a b 1.67185 3 0
0 0 116.365 0 26.6932 a b 1.67218 3 0
0 0 116.395 0 26.6894 a b 1.67121 3 0
0 0 116.423 0 26.6892 a b 1.67196 3 0
0 0 116.45 0 26.6869 a b 1.67274 3 0
0 0 116.479 0 26.6833 a b 1.67204 3 0
0 0 116.507 0 26.6816 a b 1.67136 3 0
0 0 116.536 0 26.6762 a b 1.67327 3 0
0 0 116.563 0 26.6729 a b 1.67351 3 0
0 0 116.59 0 26.672 a b 1.67321 3 0
0 0 116.624 0 26.67 a b 1.67321 3 0
0 0 116.654 0 26.665 a b 1.67341 3 0
0 0 116.682 0 26.6623 a b 1.67159 3 0
0 0 116.716 0 26.663 a b 1.67183 3 0
0 0 116.744 0 26.6586 a b 1.67298 3 0
0 0 116.772 0 26.6561 a b 1.6735 3 0
0 0 116.797 0 26.6526 a b 1.67277 3 0
0 0 116.825 0 26.6505 a b 1.67118 3 0
0 0 116.857 0 26.6488 a b 1.67312 3 0
0 0 116.882 0 26.6465 a b 1.67353 3 0
0 0 116.91 0 26.6406 a b 1.67232 3 0
0 0 116.939 0 26.6377 a b 1.67312 3 0
0 0 116.964 0 26.6355 a b 1.67335 3 0
0 0 116.991 0 26.6304 a b 1.6718 3 0
0 0 117.019 0 26.627 a b 1.67291 3 0
0 0 117.049 0 26.6264 a b 1.67369 3 0
0 0 117.079 0 26.6239 a b 1.67328 3 0
0 0 117.112 0 26.6211 a b 1.67281 3 0
0 0 117.144 0 26.6182 a b 1.67307 3 0
0 0 117.175 0 26.6147 a b 1.67262 3 0
0 0 117.202 0 26.612 a b 1.67332 3 0
0 0 117.23 0 26.6098 a b 1.67365 3 0
0 0 117.259 0 26.607 a b 1.67226 3 0
0 0 117.285 0 26.6044 a b 1.67072 3 0
0 0 117.313 0 26.6014 a b 1.67221 3 0
0 0 117.337 0 26.5983 a b 1.6734 3 0
0 0 117.363 0 26.593 a b 1.67184 3 0
0 0 117.388 0 26.5933 a b 1.6705 3 0
0 0 117.415 0 26.5929 a b 1.67112 3 0
0 0 117.439 0 26.5908 a b 1.6703 3 0
0 0 117.469 0 26.5886 a b 1.66988 3 0
0 0 117.498 0 26.5886 a b 1.67037 3 0
0 0 117.528 0 26.585 a b 1.67097 3 0
0 0 117.562 0 26.579 a b 1.67195 3 0
0 0 117.595 0 26.5755 a b 1.67134 3 0
0 0 117.634 0 26.5746 a b 1.67094 3 0
0 0 117.664 0 26.5697 a b 1.6732 3 0
0 0 117.698 0 26.5662 a b 1.67254 3 0
0 0 117.729 0 26.5624 a b 1.67155 3 0
0 0 117.758 0 26.5588 a b 1.66994 3 0
0 0 117.786 0 26.5568 a b 1.66949 3 0
0 0 117.815 0 26.5563 a b 1.66971 3 0
0 0 117.84 0 26.5526 a b 1.66997 3 0
0 0 117.863 0 26.5479 a b 1.66886 3 0
0 0 117.885 0 26.5466 a b 1.66818 3 0
0 0 117.909 0 26.5456 a b 1.66794 3 0
0 0 117.934 0 26.5446 a b 1.66771 3 0
0 0 117.956 0 26.5389 a b 1.66741 3 0
0 0 117.989 0 26.5369 a b 1.66712 3 0
0 0 118.02 0 26.5375 a b 1.668 3 0
0 0 118.053 0 26.5333 a b 1.66658 3 0
0 0 118.085 0 26.5291 a b 1.66527 3 0
0 0 118.119 0 26.527 a b 1.66571 3 0
0 0 118.15 0 26.5257 a b 1.66618 3 0
0 0 118.183 0 26.5227 a b 1.66485 3 0
0 0 118.219 0 26.516 a b 1.65848 3 0
0 0 118.251 0 26.5133 a b 1.64813 3 0
0 0 118.279 0 26.5134 a b 1.63874 3 0
0 0 118.308 0 26.5118 a b 1.6325 3 0
0 0 118.336 0 26.5124 a b 1.62542 3 0
0 0 118.367 0 26.5133 a b 1.61736 3 0
0 0 118.392 0 26.5127 a b 1.61077 3 0
0 0 118.408 0 26.513 a b 1.60624 3 0
0 0 118.435 0 26.5124 a b 1.60283 3 0
0 0 118.464 0 26.5118 a b 1.59747 3 0
0 0 118.493 0 26.5095 a b 1.59381 3 0
0 0 118.524 0 26.5125 a b 1.59129 3 0
0 0 118.557 0 26.5133 a b 1.58761 3 0
0 0 118.588 0 26.5148 a b 1.58316 3 0
0 0 118.619 0 26.5154 a b 1.58244 3 0
0 0 118.652 0 26.516 a b 1.58032 3 0
0 0 118.683 0 26.5148 a b 1.57806 3 0
0 0 118.71 0 26.5159 a b 1.5763 3 0
0 0 118.738 0 26.517 a b 1.57443 3 0
0 0 118.764 0 26.5167 a b 1.57321 3 0
0 0 118.789 0 26.5162 a b 1.57191 3 0
0 0 118.815 0 26.5173 a b 1.57045 3 0
0 0 118.843 0 26.5133 a b 1.56775 3 0
0 0 118.87 0 26.5078 a b 1.57058 3 0
0 0 118.897 0 26.507 a b 1.57392 3 0
0 0 118.922 0 26.5052 a b 1.57741 3 0
0 0 118.947 0 26.502 a b 1.58246 3 0
0 0 118.974 0 26.5022 a b 1.58778 3 0
0 0 119.003 0 26.4994 a b 1.592 3 0
0 0 119.031 0 26.4972 a b 1.59755 3 0
0 0 119.059 0 26.4962 a b 1.60369 3 0
0 0 119.088 0 26.5004 a b 1.60361 3 0
0 0 119.113 0 26.4999 a b 1.60247 3 0
0 0 119.14 0 26.4991 a b 1.60326 3 0
0 0 119.167 0 26.4969 a b 1.6021 3 0
0 0 119.197 0 26.4986 a b 1.60169 3 0
0 0 119.228 0 26.5025 a b 1.60162 3 0
0 0 119.262 0 26.5002 a b 1.59876 3 0
0 0 119.292 0 26.4996 a b 1.59781 3 0
0 0 119.325 0 26.4989 a b 1.59751 3 0
0 0 119.357 0 26.5006 a b 1.59495 3 0
0 0 119.391 0 26.4967 a b 1.59194 3 0
0 0 119.419 0 26.494 a b 1.5921 3 0
0 0 119.448 0 26.4942 a b 1.59155 3 0
0 0 119.479 0 26.4932 a b 1.59031 3 0
0 0 119.507 0 26.4946 a b 1.58788 3 0
0 0 119.535 0 26.4973 a b 1.5871 3 0
0 0 119.559 0 26.4924 a b 1.58764 3 0
0 0 119.582 0 26.4928 a b 1.58842 3 0
0 0 119.603 0 26.494 a b 1.58605 3 0
0 0 119.632 0 26.4943 a b 1.58354 3 0
0 0 119.66 0 26.4925 a b 1.58399 3 0
0 0 119.687 0 26.4932 a b 1.58453 3 0
0 0 119.714 0 26.4951 a b 1.58235 3 0
0 0 119.744 0 26.4964 a b 1.5804 3 0
0 0 119.776 0 26.4965 a b 1.57943 3 0
0 0 119.809 0 26.4954 a b 1.57826 3 0
0 0 119.841 0 26.4941 a b 1.57734 3 0
0 0 119.877 0 26.4933 a b 1.5754 3 0
0 0 119.911 0 26.4928 a b 1.57317 3 0
0 0 119.945 0 26.4912 a b 1.57167 3 0
0 0 119.973 0 26.4886 a b 1.57075 3 0
0 0 120.003 0 26.4895 a b 1.57031 3 0
0 0 120.031 0 26.4872 a b 1.56749 3 0
0 0 120.062 0 26.4879 a b 1.56697 3 0
0 0 120.086 0 26.493 a b 1.56622 3 0
0 0 120.108 0 26.4919 a b 1.56412 3 0
0 0 120.134 0 26.4926 a b 1.56185 3 0
0 0 120.157 0 26.4916 a b 1.56167 3 0
0 0 120.184 0 26.4903 a b 1.56167 3 0
0 0 120.215 0 26.4923 a b 1.56014 3 0
0 0 120.244 0 26.4953 a b 1.558 3 0
0 0 120.273 0 26.4962 a b 1.55673 3 0
0 0 120.303 0 26.4943 a b 1.55508 3 0
0 0 120.338 0 26.4973 a b 1.55486 3 0
0 0 120.367 0 26.5021 a b 1.5553 3 0
0 0 120.394 0 26.5016 a b 1.55294 3 0
0 0 120.429 0 26.5002 a b 1.5505 3 0
0 0 120.464 0 26.4981 a b 1.54923 3 0
0 0 120.493 0 26.4971 a b 1.55012 3 0
0 0 120.521 0 26.4982 a b 1.54811 3 0
0 0 120.551 0 26.4965 a b 1.54533 3 0
0 0 120.581 0 26.498 a b 1.54338 3 0
0 0 120.609 0 26.5 a b 1.54298 3 0
0 0 120.638 0 26.5001 a b 1.54337 3 0
0 0 120.662 0 26.4983 a b 1.54059 3 0
0 0 120.694 0 26.5008 a b 1.54042 3 0
0 0 120.722 0 26.5007 a b 1.54051 3 0
0 0 120.749 0 26.5052 a b 1.53728 3 0
0 0 120.778 0 26.5089 a b 1.53762 3 0
0 0 120.81 0 26.5113 a b 1.53888 3 0
0 0 120.837 0 26.5087 a b 1.53704 3 0
0 0 120.867 0 26.5108 a b 1.53414 3 0
0 0 120.898 0 26.5159 a b 1.53387 3 0
0 0 120.93 0 26.5193 a b 1.53354 3 0
0 0 120.961 0 26.5167 a b 1.53111 3 0
0 0 120.993 0 26.5196 a b 1.53092 3 0
0 0 121.024 0 26.5213 a b 1.53177 3 0
0 0 121.055 0 26.5214 a b 1.52948 3 0
0 0 121.087 0 26.5226 a b 1.52761 3 0
0 0 121.118 0 26.5248 a b 1.52662 3 0
0 0 121.142 0 26.5254 a b 1.52579 3 0
0 0 121.169 0 26.5264 a b 1.52553 3 0
0 0 121.196 0 26.5275 a b 1.52322 3 0
0 0 121.221 0 26.5318 a b 1.52053 3 0
0 0 121.247 0 26.5344 a b 1.52117 3 0
0 0 121.274 0 26.5362 a b 1.52119 3 0
0 0 121.303 0 26.5368 a b 1.51954 3 0
0 0 121.328 0 26.5387 a b 1.51894 3 0
0 0 121.356 0 26.5396 a b 1.51682 3 0
0 0 121.388 0 26.5422 a b 1.5165 3 0
0 0 121.421 0 26.5415 a b 1.51542 3 0
0 0 121.455 0 26.5418 a b 1.51501 3 0
0 0 121.49 0 26.5458 a b 1.51436 3 0
0 0 121.524 0 26.5492 a b 1.51454 3 0
0 0 121.555 0 26.5495 a b 1.51256 3 0
0 0 121.587 0 26.553 a b 1.50904 3 0
0 0 121.62 0 26.5538 a b 1.50918 3 0
0 0 121.65 0 26.5567 a b 1.50859 3 0
0 0 121.678 0 26.5584 a b 1.5064 3 0
0 0 121.705 0 26.5603 a b 1.50607 3 0
0 0 121.731 0 26.5622 a b 1.50531 3 0
0 0 121.754 0 26.5607 a b 1.50512 3 0
0 0 121.776 0 26.561 a b 1.50602 3 0
0 0 121.799 0 26.5606 a b 1.5103 3 0
0 0 121.823 0 26.5628 a b 1.51388 3 0
0 0 121.847 0 26.5683 a b 1.51702 3 0
0 0 121.873 0 26.5735 a b 1.52254 3 0
0 0 121.902 0 26.5749 a b 1.53177 3 0
0 0 121.934 0 26.5746 a b 1.53843 3 0
0 0 121.962 0 26.5753 a b 1.54584 3 0
0 0 121.992 0 26.5765 a b 1.55206 3 0
0 0 122.022 0 26.5748 a b 1.55987 3 0
0 0 122.052 0 26.5737 a b 1.56838 3 0
0 0 122.084 0 26.5729 a b 1.57477 3 0
0 0 122.112 0 26.5719 a b 1.58061 3 0
0 0 122.139 0 26.5715 a b 1.58736 3 0
0 0 122.165 0 26.5705 a b 1.59266 3 0
0 0 122.193 0 26.5664 a b 1.59876 3 0
0 0 122.221 0 26.5621 a b 1.60632 3 0
0 0 122.249 0 26.5594 a b 1.61204 3 0
0 0 122.279 0 26.561 a b 1.6174 3 0
0 0 122.309 0 26.5618 a b 1.61871 3 0
0 0 122.342 0 26.561 a b 1.61598 3 0
0 0 122.372 0 26.5605 a b 1.61382 3 0
0 0 122.404 0 26.5552 a b 1.61371 3 0
0 0 122.434 0 26.5553 a b 1.61551 3 0
0 0 122.462 0 26.5563 a b 1.61484 3 0
0 0 122.495 0 26.5566 a b 1.61224 3 0
0 0 122.527 0 26.5564 a b 1.6109 3 0
0 0 122.557 0 26.5547 a b 1.61298 3 0
0 0 122.588 0 26.5541 a b 1.61119 3 0
0 0 122.613 0 26.5495 a b 1.61148 3 0
0 0 122.639 0 26.5481 a b 1.61149 3 0
0 0 122.664 0 26.5457 a b 1.60884 3 0
0 0 122.694 0 26.5469 a b 1.6106 3 0
0 0 122.723 0 26.5444 a b 1.61199 3 0
0 0 122.754 0 26.544 a b 1.61268 3 0
0 0 122.78 0 26.5448 a b 1.61216 3 0
0 0 122.807 0 26.5463 a b 1.60674 3 0
0 0 122.837 0 26.5407 a b 1.60895 3 0
0 0 122.864 0 26.536 a b 1.61365 3 0
0 0 122.89 0 26.5387 a b 1.61174 3 0
0 0 122.917 0 26.5372 a b 1.60704 3 0
0 0 122.949 0 26.5381 a b 1.60873 3 0
0 0 122.975 0 26.5363 a b 1.61007 3 0
0 0 123.005 0 26.5363 a b 1.60814 3 0
0 0 123.034 0 26.5315 a b 1.60704 3 0
0 0 123.064 0 26.5293 a b 1.60606 3 0
0 0 123.093 0 26.5298 a b 1.60632 3 0
0 0 123.119 0 26.5333 a b 1.60746 3 0
0 0 123.148 0 26.5327 a b 1.60493 3 0
0 0 123.183 0 26.5281 a b 1.60451 3 0
0 0 123.215 0 26.5278 a b 1.60616 3 0
0 0 123.244 0 26.526 a b 1.60452 3 0
0 0 123.277 0 26.5277 a b 1.60489 3 0
0 0 123.307 0 26.5265 a b 1.60426 3 0
0 0 123.335 0 26.5239 a b 1.60381 3 0
0 0 123.367 0 26.521 a b 1.60362 3 0
0 0 123.397 0 26.5194 a b 1.60324 3 0
0 0 123.426 0 26.5179 a b 1.60234 3 0
0 0 123.455 0 26.5158 a b 1.60248 3 0
0 0 123.482 0 26.5164 a b 1.60275 3 0
0 0 123.508 0 26.5159 a b 1.60225 3 0
0 0 123.536 0 26.5135 a b 1.60203 3 0
0 0 123.568 0 26.515 a b 1.60176 3 0
0 0 123.597 0 26.5151 a b 1.6014 3 0
0 0 123.627 0 26.5132 a b 1.60147 3 0
0 0 123.657 0 26.5131 a b 1.60302 3 0
0 0 123.686 0 26.5154 a b 1.6012 3 0
0 0 123.717 0 26.5149 a b 1.60044 3 0
0 0 123.745 0 26.5145 a b 1.60078 3 0
0 0 123.775 0 26.5167 a b 1.60121 3 0
0 0 123.806 0 26.517 a b 1.60104 3 0
0 0 123.831 0 26.5141 a b 1.59984 3 0
0 0 123.858 0 26.5079 a b 1.59904 3 0
0 0 123.888 0 26.5096 a b 1.60012 3 0
0 0 123.92 0 26.508 a b 1.59884 3 0
0 0 123.949 0 26.5059 a b 1.59754 3 0
0 0 123.977 0 26.5073 a b 1.5964 3 0
0 0 124.007 0 26.5078 a b 1.599 3 0
0 0 124.038 0 26.5054 a b 1.59947 3 0
0 0 124.071 0 26.5076 a b 1.59804 3 0
0 0 124.1 0 26.5079 a b 1.59687 3 0
0 0 124.132 0 26.5084 a b 1.59761 3 0
0 0 124.164 0 26.5066 a b 1.59994 3 0
0 0 124.19 0 26.5063 a b 1.59884 3 0
0 0 124.216 0 26.507 a b 1.5979 3 0
0 0 124.245 0 26.5057 a b 1.59993 3 0
0 0 124.276 0 26.5031 a b 1.59891 3 0
0 0 124.3 0 26.5006 a b 1.5967 3 0
0 0 124.33 0 26.5015 a b 1.59759 3 0
0 0 124.358 0 26.5012 a b 1.59771 3 0
0 0 124.385 0 26.4972 a b 1.59601 3 0
0 0 124.411 0 26.4959 a b 1.59554 3 0
0 0 124.438 0 26.497 a b 1.59587 3 0
0 0 124.468 0 26.5006 a b 1.59656 3 0
0 0 124.498 0 26.497 a b 1.59419 3 0
0 0 124.53 0 26.4955 a b 1.59504 3 0
0 0 124.559 0 26.4955 a b 1.59487 3 0
0 0 124.594 0 26.4977 a b 1.59356 3 0
0 0 124.626 0 26.497 a b 1.59403 3 0
0 0 124.657 0 26.4946 a b 1.59294 3 0
0 0 124.689 0 26.4952 a b 1.59333 3 0
0 0 124.72 0 26.4956 a b 1.59306 3 0
0 0 124.751 0 26.4952 a b 1.59042 3 0
0 0 124.778 0 26.4958 a b 1.59001 3 0
0 0 124.809 0 26.4951 a b 1.5917 3 0
0 0 124.838 0 26.4924 a b 1.59079 3 0
0 0 124.865 0 26.495 a b 1.58942 3 0
0 0 124.894 0 26.4941 a b 1.58892 3 0
0 0 124.923 0 26.4949 a b 1.58934 3 0
0 0 124.948 0 26.4957 a b 1.58904 3 0
0 0 124.976 0 26.4953 a b 1.59042 3 0
0 0 125.009 0 26.4948 a b 1.59154 3 0
0 0 125.039 0 26.494 a b 1.59272 3 0
0 0 125.066 0 26.491 a b 1.59447 3 0
0 0 125.094 0 26.487 a b 1.59585 3 0
0 0 125.127 0 26.4871 a b 1.59928 3 0
0 0 125.155 0 26.4822 a b 1.59979 3 0
0 0 125.181 0 26.4851 a b 1.60141 3 0
0 0 125.208 0 26.4813 a b 1.60418 3 0
0 0 125.233 0 26.4804 a b 1.60468 3 0
0 0 125.258 0 26.4773 a b 1.60663 3 0
0 0 125.286 0 26.4748 a b 1.60941 3 0
0 0 125.312 0 26.4733 a b 1.61108 3 0
0 0 125.334 0 26.4754 a b 1.6138 3 0
0 0 125.367 0 26.479 a b 1.61707 3 0
0 0 125.398 0 26.4758 a b 1.61843 3 0
0 0 125.428 0 26.4702 a b 1.62018 3 0
0 0 125.455 0 26.4687 a b 1.62455 3 0
0 0 125.487 0 26.4685 a b 1.62685 3 0
0 0 125.518 0 26.469 a b 1.62938 3 0
0 0 125.548 0 26.4651 a b 1.63063 3 0
0 0 125.576 0 26.4632 a b 1.63294 3 0
0 0 125.609 0 26.4605 a b 1.63383 3 0
0 0 125.638 0 26.462 a b 1.6352 3 0
0 0 125.667 0 26.4579 a b 1.63595 3 0
0 0 125.698 0 26.4553 a b 1.63566 3 0
0 0 125.727 0 26.4563 a b 1.63731 3 0
0 0 125.758 0 26.4551 a b 1.63829 3 0
0 0 125.787 0 26.4547 a b 1.63822 3 0
0 0 125.817 0 26.4502 a b 1.63945 3 0
0 0 125.851 0 26.4474 a b 1.64042 3 0
0 0 125.88 0 26.448 a b 1.64134 3 0
0 0 125.91 0 26.4474 a b 1.63966 3 0
0 0 125.936 0 26.4449 a b 1.63871 3 0
0 0 125.967 0 26.443 a b 1.6426 3 0
0 0 125.993 0 26.4453 a b 1.64266 3 0
0 0 126.018 0 26.4469 a b 1.63769 3 0
0 0 126.045 0 26.4435 a b 1.63904 3 0
0 0 126.072 0 26.4355 a b 1.64185 3 0
0 0 126.097 0 26.4335 a b 1.63981 3 0
0 0 126.125 0 26.4318 a b 1.63749 3 0
0 0 126.152 0 26.4332 a b 1.64027 3 0
0 0 126.181 0 26.4316 a b 1.64044 3 0
0 0 126.212 0 26.4305 a b 1.63971 3 0
0 0 126.247 0 26.4286 a b 1.64049 3 0
0 0 126.283 0 26.4312 a b 1.6405 3 0
0 0 126.314 0 26.4279 a b 1.63853 3 0
0 0 126.344 0 26.4262 a b 1.63959 3 0
0 0 126.376 0 26.4214 a b 1.63858 3 0
0 0 126.407 0 26.4225 a b 1.63753 3 0
0 0 126.436 0 26.4195 a b 1.63823 3 0
0 0 126.464 0 26.4162 a b 1.63823 3 0
0 0 126.49 0 26.4146 a b 1.63723 3 0
0 0 126.515 0 26.4142 a b 1.63744 3 0
0 0 126.541 0 26.4117 a b 1.63643 3 0
0 0 126.568 0 26.4123 a b 1.63433 3 0
0 0 126.599 0 26.412 a b 1.63524 3 0
0 0 126.629 0 26.4089 a b 1.63612 3 0
0 0 126.662 0 26.4037 a b 1.63726 3 0
0 0 126.693 0 26.4009 a b 1.63685 3 0
0 0 126.726 0 26.4001 a b 1.6361 3 0
0 0 126.756 0 26.3949 a b 1.63676 3 0
0 0 126.787 0 26.3939 a b 1.63977 3 0
0 0 126.824 0 26.3967 a b 1.63963 3 0
0 0 126.857 0 26.3935 a b 1.63618 3 0
0 0 126.888 0 26.3895 a b 1.64119 3 0
0 0 126.919 0 26.384 a b 1.64453 3 0
0 0 126.949 0 26.3826 a b 1.64557 3 0
0 0 126.98 0 26.3787 a b 1.64275 3 0
0 0 127.011 0 26.3761 a b 1.64374 3 0
0 0 127.039 0 26.3749 a b 1.64668 3 0
0 0 127.073 0 26.3766 a b 1.64566 3 0
0 0 127.102 0 26.3758 a b 1.64142 3 0
0 0 127.135 0 26.3699 a b 1.64492 3 0
0 0 127.167 0 26.3695 a b 1.64399 3 0
0 0 127.194 0 26.3666 a b 1.64341 3 0
0 0 127.228 0 26.3633 a b 1.64251 3 0
0 0 127.257 0 26.3623 a b 1.641 3 0
0 0 127.291 0 26.3601 a b 1.644 3 0
0 0 127.319 0 26.362 a b 1.64619 3 0
0 0 127.345 0 26.3608 a b 1.64428 3 0
0 0 127.378 0 26.361 a b 1.64213 3 0
0 0 127.41 0 26.3575 a b 1.64418 3 0
0 0 127.441 0 26.3546 a b 1.6486 3 0
0 0 127.472 0 26.3497 a b 1.64629 3 0
0 0 127.501 0 26.3496 a b 1.64334 3 0
0 0 127.535 0 26.3527 a b 1.64196 3 0
0 0 127.562 0 26.3516 a b 1.64874 3 0
0 0 127.589 0 26.3507 a b 1.65421 3 0
0 0 127.609 0 26.3446 a b 1.64583 3 0
0 0 127.628 0 26.344 a b 1.63861 3 0
0 0 127.642 0 26.3499 a b 1.64374 3 0
0 0 127.654 0 26.3443 a b 1.65021 3 0
