0 0 126.125 0 26.181 a b 1.58329 6 0
0 0 126.14 0 26.1871 a b 1.58871 6 0
0 0 126.156 0 26.1911 a b 1.58758 6 0
0 0 126.172 0 26.1902 a b 1.58417 6 0
0 0 126.195 0 26.1918 a b 1.57879 6 0
0 0 126.217 0 26.1894 a b 1.57077 6 0
0 0 126.24 0 26.1882 a b 1.56197 6 0
0 0 126.259 0 26.1861 a b 1.55594 6 0
0 0 126.277 0 26.1854 a b 1.55203 6 0
0 0 126.293 0 26.1852 a b 1.54888 6 0
0 0 126.309 0 26.1895 a b 1.54451 6 0
0 0 126.323 0 26.189 a b 1.53667 6 0
0 0 126.334 0 26.1894 a b 1.52967 6 0
0 0 126.351 0 26.1834 a b 1.52732 6 0
0 0 126.364 0 26.1851 a b 1.53216 6 0
0 0 126.377 0 26.1839 a b 1.53764 6 0
0 0 126.39 0 26.185 a b 1.54139 6 0
0 0 126.408 0 26.1842 a b 1.54345 6 0
0 0 126.426 0 26.1826 a b 1.54508 6 0
0 0 126.445 0 26.1846 a b 1.5458 6 0
0 0 126.469 0 26.1871 a b 1.54757 6 0
0 0 126.49 0 26.1878 a b 1.54883 6 0
0 0 126.512 0 26.1874 a b 1.55089 6 0
0 0 126.537 0 26.1908 a b 1.55426 6 0
0 0 126.562 0 26.1911 a b 1.55785 6 0
0 0 126.585 0 26.191 a b 1.55947 6 0
0 0 126.607 0 26.1959 a b 1.56135 6 0
0 0 126.632 0 26.1954 a b 1.56563 6 0
0 0 126.654 0 26.1957 a b 1.5702 6 0
0 0 126.674 0 26.1963 a b 1.57525 6 0
0 0 126.697 0 26.1966 a b 1.5798 6 0
0 0 126.72 0 26.1984 a b 1.58285 6 0
0 0 126.742 0 26.198 a b 1.58696 6 0
0 0 126.76 0 26.1994 a b 1.59027 6 0
0 0 126.776 0 26.1982 a b 1.59345 6 0
0 0 126.792 0 26.2018 a b 1.59796 6 0
0 0 126.802 0 26.203 a b 1.6006 6 0
0 0 126.819 0 26.2014 a b 1.60441 6 0
0 0 126.831 0 26.2006 a b 1.61202 6 0
0 0 126.845 0 26.1982 a b 1.61657 6 0
0 0 126.858 0 26.2026 a b 1.61421 6 0
0 0 126.872 0 26.1999 a b 1.61603 6 0
0 0 126.889 0 26.2022 a b 1.62275 6 0
0 0 126.906 0 26.1997 a b 1.62993 6 0
0 0 126.927 0 26.197 a b 1.62894 6 0
0 0 126.957 0 26.1968 a b 1.62348 6 0
0 0 126.986 0 26.1976 a b 1.62079 6 0
0 0 127.014 0 26.1977 a b 1.61992 6 0
0 0 127.042 0 26.1961 a b 1.62145 6 0
0 0 127.071 0 26.1956 a b 1.61958 6 0
0 0 127.103 0 26.1944 a b 1.61679 6 0
0 0 127.134 0 26.1925 a b 1.61773 6 0
0 0 127.159 0 26.1916 a b 1.61794 6 0
0 0 127.183 0 26.1902 a b 1.61825 6 0
0 0 127.206 0 26.1893 a b 1.61875 6 0
0 0 127.227 0 26.1871 a b 1.61936 6 0
0 0 127.246 0 26.1835 a b 1.61847 6 0
0 0 127.263 0 26.1809 a b 1.61908 6 0
0 0 127.279 0 26.1791 a b 1.61934 6 0
0 0 127.292 0 26.179 a b 1.62101 6 0
0 0 127.303 0 26.1808 a b 1.62181 6 0
0 0 127.317 0 26.1771 a b 1.62349 6 0
0 0 127.327 0 26.1756 a b 1.62475 6 0
0 0 127.337 0 26.1772 a b 1.62497 6 0
0 0 127.349 0 26.1776 a b 1.62571 6 0
0 0 127.366 0 26.1723 a b 1.62584 6 0
0 0 127.382 0 26.1771 a b 1.62378 6 0
0 0 127.408 0 26.1787 a b 1.62034 6 0
0 0 127.435 0 26.1833 a b 1.61935 6 0
0 0 127.467 0 26.1789 a b 1.61785 6 0
0 0 127.505 0 26.1791 a b 1.61368 6 0
0 0 127.546 0 26.1772 a b 1.61515 6 0
0 0 127.586 0 26.178 a b 1.61719 6 0
0 0 127.626 0 26.1762 a b 1.61743 6 0
0 0 127.664 0 26.1713 a b 1.61652 6 0
0 0 127.701 0 26.168 a b 1.61918 6 0
0 0 127.742 0 26.1671 a b 1.6191 6 0
0 0 127.781 0 26.1665 a b 1.61846 6 0
0 0 127.817 0 26.166 a b 1.6195 6 0
0 0 127.854 0 26.1653 a b 1.61949 6 0
0 0 127.894 0 26.1621 a b 1.61958 6 0
0 0 127.934 0 26.1561 a b 1.62056 6 0
0 0 127.969 0 26.1528 a b 1.62186 6 0
0 0 128.009 0 26.1509 a b 1.62232 6 0
0 0 128.046 0 26.1502 a b 1.62156 6 0
0 0 128.085 0 26.1487 a b 1.6228 6 0
0 0 128.118 0 26.1462 a b 1.62342 6 0
0 0 128.157 0 26.1454 a b 1.62296 6 0
0 0 128.194 0 26.144 a b 1.62288 6 0
0 0 128.231 0 26.1419 a b 1.62471 6 0
0 0 128.267 0 26.1406 a b 1.62564 6 0
0 0 128.305 0 26.1396 a b 1.62335 6 0
0 0 128.346 0 26.1404 a b 1.62424 6 0
0 0 128.382 0 26.1402 a b 1.6248 6 0
0 0 128.42 0 26.1374 a b 1.62337 6 0
0 0 128.461 0 26.1383 a b 1.62408 6 0
0 0 128.502 0 26.1371 a b 1.62593 6 0
0 0 128.541 0 26.1346 a b 1.62472 6 0
0 0 128.579 0 26.1279 a b 1.62555 6 0
0 0 128.626 0 26.128 a b 1.6268 6 0
0 0 128.667 0 26.1265 a b 1.62916 6 0
0 0 128.703 0 26.1255 a b 1.62681 6 0
0 0 128.74 0 26.1223 a b 1.62841 6 0
0 0 128.777 0 26.1194 a b 1.62971 6 0
0 0 128.815 0 26.1159 a b 1.63095 6 0
0 0 128.851 0 26.1145 a b 1.63206 6 0
0 0 128.888 0 26.1118 a b 1.6326 6 0
0 0 128.925 0 26.1095 a b 1.63362 6 0
0 0 128.959 0 26.1108 a b 1.63361 6 0
0 0 128.994 0 26.1087 a b 1.63401 6 0
0 0 129.029 0 26.1039 a b 1.6347 6 0
0 0 129.068 0 26.1014 a b 1.63702 6 0
0 0 129.097 0 26.1015 a b 1.63673 6 0
0 0 129.135 0 26.1001 a b 1.63491 6 0
0 0 129.176 0 26.1008 a b 1.63532 6 0
0 0 129.216 0 26.0985 a b 1.63602 6 0
0 0 129.253 0 26.0942 a b 1.63513 6 0
0 0 129.294 0 26.0936 a b 1.63762 6 0
0 0 129.337 0 26.0926 a b 1.63871 6 0
0 0 129.378 0 26.0891 a b 1.63536 6 0
0 0 129.42 0 26.0849 a b 1.63797 6 0
0 0 129.465 0 26.0852 a b 1.63918 6 0
0 0 129.506 0 26.0806 a b 1.64039 6 0
0 0 129.55 0 26.078 a b 1.64101 6 0
0 0 129.593 0 26.0735 a b 1.64244 6 0
0 0 129.633 0 26.0685 a b 1.64694 6 0
0 0 129.672 0 26.0662 a b 1.64825 6 0
0 0 129.706 0 26.0641 a b 1.64842 6 0
0 0 129.738 0 26.0605 a b 1.64911 6 0
0 0 129.773 0 26.0584 a b 1.64846 6 0
0 0 129.807 0 26.0565 a b 1.65244 6 0
0 0 129.84 0 26.0532 a b 1.65281 6 0
0 0 129.872 0 26.0529 a b 1.65182 6 0
0 0 129.909 0 26.0496 a b 1.65371 6 0
0 0 129.946 0 26.0466 a b 1.6571 6 0
0 0 129.984 0 26.0423 a b 1.65703 6 0
0 0 130.024 0 26.0416 a b 1.65585 6 0
0 0 130.062 0 26.0388 a b 1.65916 6 0
0 0 130.106 0 26.0354 a b 1.66238 6 0
0 0 130.146 0 26.0315 a b 1.66239 6 0
0 0 130.183 0 26.0283 a b 1.66321 6 0
0 0 130.228 0 26.0234 a b 1.6663 6 0
0 0 130.269 0 26.0148 a b 1.66861 6 0
0 0 130.304 0 26.0134 a b 1.66921 6 0
0 0 130.343 0 26.0091 a b 1.67354 6 0
0 0 130.38 0 26.0027 a b 1.67543 6 0
0 0 130.413 0 25.9974 a b 1.67693 6 0
0 0 130.448 0 25.9939 a b 1.67884 6 0
0 0 130.483 0 25.9918 a b 1.6812 6 0
0 0 130.514 0 25.9874 a b 1.68365 6 0
0 0 130.547 0 25.9822 a b 1.68424 6 0
0 0 130.583 0 25.9773 a b 1.68557 6 0
0 0 130.62 0 25.9773 a b 1.68727 6 0
0 0 130.662 0 25.9731 a b 1.68967 6 0
0 0 130.699 0 25.9694 a b 1.69161 6 0
0 0 130.739 0 25.9627 a b 1.6914 6 0
0 0 130.778 0 25.9604 a b 1.6914 6 0
0 0 130.816 0 25.9574 a b 1.69418 6 0
0 0 130.854 0 25.9503 a b 1.69985 6 0
0 0 130.895 0 25.9446 a b 1.70243 6 0
0 0 130.937 0 25.9418 a b 1.70303 6 0
0 0 130.974 0 25.9333 a b 1.70643 6 0
0 0 131.011 0 25.9289 a b 1.70773 6 0
0 0 131.048 0 25.9237 a b 1.71003 6 0
0 0 131.079 0 25.923 a b 1.71276 6 0
0 0 131.109 0 25.9166 a b 1.71642 6 0
0 0 131.151 0 25.9104 a b 1.72077 6 0
0 0 131.189 0 25.9052 a b 1.72193 6 0
0 0 131.23 0 25.8975 a b 1.72583 6 0
0 0 131.27 0 25.891 a b 1.72884 6 0
0 0 131.308 0 25.8848 a b 1.73116 6 0
0 0 131.348 0 25.8801 a b 1.73241 6 0
0 0 131.392 0 25.8741 a b 1.73614 6 0
0 0 131.431 0 25.8679 a b 1.73905 6 0
0 0 131.469 0 25.8668 a b 1.74097 6 0
0 0 131.51 0 25.8586 a b 1.74459 6 0
0 0 131.548 0 25.8483 a b 1.74835 6 0
0 0 131.59 0 25.8445 a b 1.74942 6 0
0 0 131.628 0 25.84 a b 1.75309 6 0
0 0 131.668 0 25.8354 a b 1.75545 6 0
0 0 131.705 0 25.8303 a b 1.75746 6 0
0 0 131.74 0 25.8238 a b 1.76039 6 0
0 0 131.779 0 25.8168 a b 1.76632 6 0
0 0 131.813 0 25.811 a b 1.77224 6 0
0 0 131.842 0 25.806 a b 1.77347 6 0
0 0 131.876 0 25.8017 a b 1.77126 6 0
0 0 131.918 0 25.7943 a b 1.7707 6 0
0 0 131.956 0 25.7851 a b 1.77533 6 0
0 0 131.994 0 25.7758 a b 1.78294 6 0
0 0 132.034 0 25.7689 a b 1.78823 6 0
0 0 132.071 0 25.7613 a b 1.79204 6 0
0 0 132.11 0 25.7548 a b 1.78769 6 0
0 0 132.147 0 25.7452 a b 1.78292 6 0
0 0 132.193 0 25.7382 a b 1.78181 6 0
0 0 132.236 0 25.7312 a b 1.78311 6 0
0 0 132.272 0 25.7237 a b 1.78353 6 0
0 0 132.312 0 25.7163 a b 1.7783 6 0
0 0 132.353 0 25.7127 a b 1.76211 6 0
0 0 132.39 0 25.7009 a b 1.7415 6 0
0 0 132.431 0 25.6936 a b 1.72159 6 0
0 0 132.464 0 25.6908 a b 1.69801 6 0
0 0 132.496 0 25.6863 a b 1.66474 6 0
0 0 132.536 0 25.6741 a b 1.63161 6 0
0 0 132.575 0 25.6699 a b 1.6082 6 0
0 0 132.614 0 25.6697 a b 1.57836 6 0
0 0 132.645 0 25.6657 a b 1.54558 6 0
0 0 132.677 0 25.661 a b 1.51502 6 0
0 0 132.71 0 25.6487 a b 1.49287 6 0
0 0 132.748 0 25.6414 a b 1.4853 6 0
0 0 132.784 0 25.6425 a b 1.48702 6 0
0 0 132.819 0 25.6492 a b 1.48941 6 0
0 0 132.856 0 25.6517 a b 1.48996 6 0
0 0 132.895 0 25.6564 a b 1.49218 6 0
0 0 132.935 0 25.6586 a b 1.4959 6 0
0 0 132.971 0 25.6637 a b 1.49716 6 0
0 0 133.002 0 25.6657 a b 1.49776 6 0
0 0 133.037 0 25.6714 a b 1.50038 6 0
0 0 133.07 0 25.6746 a b 1.50181 6 0
0 0 133.108 0 25.6764 a b 1.50396 6 0
0 0 133.144 0 25.6757 a b 1.50377 6 0
0 0 133.183 0 25.6765 a b 1.50685 6 0
0 0 133.222 0 25.6798 a b 1.51102 6 0
0 0 133.26 0 25.6835 a b 1.51429 6 0
0 0 133.297 0 25.688 a b 1.5155 6 0
0 0 133.342 0 25.6949 a b 1.51821 6 0
0 0 133.385 0 25.6984 a b 1.5204 6 0
0 0 133.428 0 25.7022 a b 1.52412 6 0
0 0 133.469 0 25.7044 a b 1.52542 6 0
0 0 133.507 0 25.7024 a b 1.5293 6 0
0 0 133.54 0 25.7022 a b 1.5322 6 0
0 0 133.569 0 25.7019 a b 1.53589 6 0
0 0 133.604 0 25.7054 a b 1.53913 6 0
0 0 133.637 0 25.7058 a b 1.54212 6 0
0 0 133.664 0 25.7022 a b 1.54494 6 0
0 0 133.698 0 25.704 a b 1.54939 6 0
0 0 133.734 0 25.7054 a b 1.5498 6 0
0 0 133.774 0 25.7087 a b 1.54931 6 0
0 0 133.812 0 25.7116 a b 1.55009 6 0
0 0 133.851 0 25.7122 a b 1.55418 6 0
0 0 133.894 0 25.7144 a b 1.55693 6 0
0 0 133.933 0 25.7142 a b 1.55949 6 0
0 0 133.977 0 25.7148 a b 1.56101 6 0
0 0 134.021 0 25.7147 a b 1.56305 6 0
0 0 134.06 0 25.7156 a b 1.56541 6 0
0 0 134.1 0 25.7158 a b 1.56934 6 0
0 0 134.14 0 25.7154 a b 1.57393 6 0
0 0 134.181 0 25.7142 a b 1.57696 6 0
0 0 134.218 0 25.7161 a b 1.57917 6 0
0 0 134.253 0 25.7154 a b 1.58126 6 0
0 0 134.288 0 25.7161 a b 1.58739 6 0
0 0 134.323 0 25.7139 a b 1.59228 6 0
0 0 134.36 0 25.7134 a b 1.59565 6 0
0 0 134.399 0 25.7115 a b 1.5988 6 0
0 0 134.433 0 25.7099 a b 1.60126 6 0
0 0 134.468 0 25.7107 a b 1.60191 6 0
0 0 134.511 0 25.7122 a b 1.60573 6 0
0 0 134.548 0 25.7094 a b 1.60847 6 0
0 0 134.585 0 25.7117 a b 1.61069 6 0
0 0 134.626 0 25.7115 a b 1.61327 6 0
0 0 134.661 0 25.7105 a b 1.61563 6 0
0 0 134.698 0 25.7097 a b 1.61567 6 0
0 0 134.726 0 25.7107 a b 1.61724 6 0
0 0 134.756 0 25.705 a b 1.61854 6 0
0 0 134.79 0 25.7023 a b 1.61998 6 0
0 0 134.822 0 25.7024 a b 1.62222 6 0
0 0 134.86 0 25.6998 a b 1.62489 6 0
0 0 134.898 0 25.6956 a b 1.62784 6 0
0 0 134.931 0 25.6923 a b 1.6289 6 0
0 0 134.969 0 25.6912 a b 1.63101 6 0
0 0 135.01 0 25.6862 a b 1.63274 6 0
0 0 135.044 0 25.6851 a b 1.63575 6 0
0 0 135.077 0 25.6828 a b 1.63951 6 0
0 0 135.109 0 25.6824 a b 1.6425 6 0
0 0 135.138 0 25.6783 a b 1.64152 6 0
0 0 135.169 0 25.6773 a b 1.64365 6 0
0 0 135.204 0 25.6795 a b 1.64685 6 0
0 0 135.236 0 25.676 a b 1.64988 6 0
0 0 135.269 0 25.6747 a b 1.65278 6 0
0 0 135.302 0 25.6745 a b 1.65238 6 0
0 0 135.337 0 25.6732 a b 1.65173 6 0
0 0 135.37 0 25.6733 a b 1.65356 6 0
0 0 135.408 0 25.6663 a b 1.65439 6 0
0 0 135.447 0 25.6663 a b 1.65239 6 0
0 0 135.488 0 25.6679 a b 1.65146 6 0
0 0 135.525 0 25.6687 a b 1.65468 6 0
0 0 135.562 0 25.6619 a b 1.65636 6 0
0 0 135.606 0 25.6588 a b 1.65565 6 0
0 0 135.645 0 25.6586 a b 1.65475 6 0
0 0 135.683 0 25.6562 a b 1.65667 6 0
0 0 135.72 0 25.6549 a b 1.65659 6 0
0 0 135.757 0 25.6526 a b 1.65844 6 0
0 0 135.791 0 25.6462 a b 1.65992 6 0
0 0 135.822 0 25.6412 a b 1.65912 6 0
0 0 135.86 0 25.6387 a b 1.65786 6 0
0 0 135.899 0 25.6403 a b 1.66108 6 0
0 0 135.931 0 25.6414 a b 1.66738 6 0
0 0 135.964 0 25.6394 a b 1.66932 6 0
0 0 135.999 0 25.6384 a b 1.66578 6 0
0 0 136.035 0 25.6364 a b 1.66216 6 0
0 0 136.067 0 25.6355 a b 1.66665 6 0
0 0 136.105 0 25.6316 a b 1.66746 6 0
0 0 136.141 0 25.6271 a b 1.66781 6 0
0 0 136.179 0 25.6271 a b 1.66918 6 0
0 0 136.216 0 25.6279 a b 1.66699 6 0
0 0 136.254 0 25.6233 a b 1.66511 6 0
0 0 136.289 0 25.617 a b 1.66809 6 0
0 0 136.326 0 25.6145 a b 1.66888 6 0
0 0 136.372 0 25.614 a b 1.6652 6 0
0 0 136.415 0 25.6114 a b 1.6664 6 0
0 0 136.451 0 25.6096 a b 1.67056 6 0
0 0 136.488 0 25.6093 a b 1.66951 6 0
0 0 136.526 0 25.6041 a b 1.66422 6 0
0 0 136.56 0 25.5971 a b 1.66345 6 0
0 0 136.6 0 25.5906 a b 1.66475 6 0
0 0 136.639 0 25.5908 a b 1.66527 6 0
0 0 136.675 0 25.5924 a b 1.66525 6 0
0 0 136.712 0 25.5904 a b 1.66408 6 0
0 0 136.749 0 25.5859 a b 1.66102 6 0
0 0 136.791 0 25.5849 a b 1.66095 6 0
0 0 136.831 0 25.5817 a b 1.66081 6 0
0 0 136.868 0 25.5803 a b 1.66198 6 0
0 0 136.9 0 25.578 a b 1.65941 6 0
0 0 136.933 0 25.5779 a b 1.66018 6 0
0 0 136.966 0 25.5736 a b 1.6599 6 0
0 0 137 0 25.5704 a b 1.65927 6 0
0 0 137.037 0 25.5689 a b 1.66067 6 0
0 0 137.073 0 25.5675 a b 1.66083 6 0
0 0 137.11 0 25.5641 a b 1.65943 6 0
0 0 137.149 0 25.5579 a b 1.65917 6 0
0 0 137.19 0 25.5521 a b 1.66024 6 0
0 0 137.232 0 25.5542 a b 1.6637 6 0
0 0 137.277 0 25.5532 a b 1.66498 6 0
0 0 137.316 0 25.551 a b 1.66352 6 0
0 0 137.355 0 25.5462 a b 1.66501 6 0
0 0 137.395 0 25.5439 a b 1.6663 6 0
0 0 137.435 0 25.5412 a b 1.66646 6 0
0 0 137.472 0 25.5373 a b 1.66659 6 0
0 0 137.512 0 25.5345 a b 1.66864 6 0
0 0 137.547 0 25.5352 a b 1.66793 6 0
0 0 137.584 0 25.5319 a b 1.66673 6 0
0 0 137.616 0 25.5278 a b 1.66642 6 0
0 0 137.65 0 25.5276 a b 1.66691 6 0
0 0 137.683 0 25.5238 a b 1.66354 6 0
0 0 137.717 0 25.5166 a b 1.66374 6 0
0 0 137.755 0 25.5172 a b 1.66607 6 0
0 0 137.791 0 25.5181 a b 1.66474 6 0
0 0 137.825 0 25.5154 a b 1.66033 6 0
0 0 137.865 0 25.5123 a b 1.65866 6 0
0 0 137.906 0 25.5052 a b 1.66062 6 0
0 0 137.947 0 25.5042 a b 1.65885 6 0
0 0 137.987 0 25.5012 a b 1.65824 6 0
0 0 138.028 0 25.4988 a b 1.66007 6 0
0 0 138.067 0 25.4964 a b 1.65927 6 0
0 0 138.106 0 25.4896 a b 1.65686 6 0
0 0 138.142 0 25.4853 a b 1.65403 6 0
0 0 138.18 0 25.4809 a b 1.65358 6 0
0 0 138.21 0 25.4771 a b 1.65272 6 0
0 0 138.246 0 25.4755 a b 1.65364 6 0
0 0 138.286 0 25.474 a b 1.65227 6 0
0 0 138.326 0 25.4734 a b 1.64959 6 0
0 0 138.363 0 25.47 a b 1.64898 6 0
0 0 138.404 0 25.4656 a b 1.64836 6 0
0 0 138.443 0 25.4625 a b 1.64767 6 0
0 0 138.479 0 25.4627 a b 1.64682 6 0
0 0 138.517 0 25.4619 a b 1.64726 6 0
0 0 138.56 0 25.4585 a b 1.6493 6 0
0 0 138.6 0 25.4582 a b 1.64662 6 0
0 0 138.635 0 25.4583 a b 1.6446 6 0
0 0 138.673 0 25.4543 a b 1.64517 6 0
0 0 138.713 0 25.4517 a b 1.64671 6 0
0 0 138.751 0 25.4516 a b 1.64633 6 0
0 0 138.791 0 25.4509 a b 1.64589 6 0
0 0 138.83 0 25.4493 a b 1.64634 6 0
0 0 138.867 0 25.4442 a b 1.64781 6 0
0 0 138.906 0 25.4418 a b 1.64626 6 0
0 0 138.942 0 25.4405 a b 1.64579 6 0
0 0 138.978 0 25.4373 a b 1.64645 6 0
0 0 139.018 0 25.4344 a b 1.64511 6 0
0 0 139.053 0 25.4312 a b 1.64499 6 0
0 0 139.094 0 25.4326 a b 1.64359 6 0
0 0 139.13 0 25.4323 a b 1.64148 6 0
0 0 139.178 0 25.4311 a b 1.63945 6 0
0 0 139.219 0 25.4292 a b 1.63682 6 0
0 0 139.263 0 25.4237 a b 1.63465 6 0
0 0 139.305 0 25.4205 a b 1.63101 6 0
0 0 139.35 0 25.4217 a b 1.62323 6 0
0 0 139.393 0 25.422 a b 1.61961 6 0
0 0 139.434 0 25.4239 a b 1.61853 6 0
0 0 139.468 0 25.4191 a b 1.6174 6 0
0 0 139.507 0 25.4107 a b 1.60782 6 0
0 0 139.546 0 25.4125 a b 1.59565 6 0
0 0 139.585 0 25.4074 a b 1.58493 6 0
0 0 139.617 0 25.3967 a b 1.56731 6 0
0 0 139.657 0 25.3994 a b 1.54123 6 0
0 0 139.703 0 25.4082 a b 1.52607 6 0
0 0 139.738 0 25.4074 a b 1.5208 6 0
0 0 139.776 0 25.4039 a b 1.50856 6 0
0 0 139.816 0 25.4113 a b 1.49674 6 0
0 0 139.848 0 25.4207 a b 1.49252 6 0
0 0 139.884 0 25.423 a b 1.49229 6 0
0 0 139.919 0 25.4263 a b 1.49223 6 0
0 0 139.953 0 25.4279 a b 1.49251 6 0
0 0 139.986 0 25.4299 a b 1.49331 6 0
0 0 140.02 0 25.4356 a b 1.49511 6 0
0 0 140.052 0 25.4354 a b 1.49725 6 0
0 0 140.087 0 25.437 a b 1.4995 6 0
0 0 140.124 0 25.4411 a b 1.49745 6 0
0 0 140.164 0 25.4467 a b 1.49808 6 0
0 0 140.204 0 25.4501 a b 1.503 6 0
0 0 140.245 0 25.4531 a b 1.50333 6 0
0 0 140.289 0 25.4597 a b 1.50245 6 0
0 0 140.329 0 25.4633 a b 1.50587 6 0
0 0 140.369 0 25.4684 a b 1.50969 6 0
0 0 140.413 0 25.4727 a b 1.5107 6 0
0 0 140.456 0 25.4756 a b 1.51229 6 0
0 0 140.494 0 25.4794 a b 1.51554 6 0
0 0 140.532 0 25.4827 a b 1.51975 6 0
0 0 140.571 0 25.4811 a b 1.52179 6 0
0 0 140.609 0 25.4843 a b 1.52519 6 0
0 0 140.646 0 25.4894 a b 1.52771 6 0
0 0 140.686 0 25.4929 a b 1.52862 6 0
0 0 140.722 0 25.4961 a b 1.53087 6 0
0 0 140.755 0 25.4957 a b 1.53339 6 0
0 0 140.793 0 25.4986 a b 1.53548 6 0
0 0 140.829 0 25.5015 a b 1.53487 6 0
0 0 140.868 0 25.503 a b 1.53691 6 0
0 0 140.9 0 25.5039 a b 1.53838 6 0
0 0 140.933 0 25.5064 a b 1.53736 6 0
0 0 140.97 0 25.5085 a b 1.53753 6 0
0 0 141.006 0 25.5098 a b 1.54247 6 0
0 0 141.04 0 25.5119 a b 1.54105 6 0
0 0 141.074 0 25.5119 a b 1.54158 6 0
0 0 141.111 0 25.5136 a b 1.54629 6 0
0 0 141.148 0 25.5158 a b 1.54734 6 0
0 0 141.189 0 25.5157 a b 1.54695 6 0
0 0 141.233 0 25.5177 a b 1.55129 6 0
0 0 141.273 0 25.519 a b 1.55353 6 0
0 0 141.313 0 25.5184 a b 1.55189 6 0
0 0 141.354 0 25.5173 a b 1.55387 6 0
0 0 141.39 0 25.5194 a b 1.55888 6 0
0 0 141.432 0 25.5207 a b 1.56127 6 0
0 0 141.469 0 25.5199 a b 1.56185 6 0
0 0 141.507 0 25.521 a b 1.56434 6 0
0 0 141.544 0 25.5224 a b 1.5695 6 0
0 0 141.582 0 25.5231 a b 1.57097 6 0
0 0 141.614 0 25.5219 a b 1.57269 6 0
0 0 141.65 0 25.5202 a b 1.57661 6 0
0 0 141.682 0 25.5228 a b 1.57898 6 0
0 0 141.716 0 25.5222 a b 1.57953 6 0
0 0 141.751 0 25.523 a b 1.58127 6 0
0 0 141.789 0 25.5226 a b 1.58289 6 0
0 0 141.824 0 25.5218 a b 1.58629 6 0
0 0 141.86 0 25.5189 a b 1.58992 6 0
0 0 141.899 0 25.5193 a b 1.59178 6 0
0 0 141.938 0 25.5229 a b 1.59606 6 0
0 0 141.983 0 25.5226 a b 1.59845 6 0
0 0 142.025 0 25.5192 a b 1.60202 6 0
0 0 142.069 0 25.5211 a b 1.60551 6 0
0 0 142.109 0 25.5214 a b 1.60717 6 0
0 0 142.149 0 25.5184 a b 1.60998 6 0
0 0 142.185 0 25.5175 a b 1.61204 6 0
0 0 142.224 0 25.5178 a b 1.61557 6 0
0 0 142.26 0 25.5177 a b 1.61596 6 0
0 0 142.293 0 25.5161 a b 1.61719 6 0
0 0 142.327 0 25.5158 a b 1.62047 6 0
0 0 142.364 0 25.5186 a b 1.62165 6 0
0 0 142.401 0 25.5164 a b 1.62039 6 0
0 0 142.44 0 25.5148 a b 1.62278 6 0
0 0 142.485 0 25.5154 a b 1.624 6 0
0 0 142.524 0 25.5159 a b 1.62602 6 0
0 0 142.564 0 25.5111 a b 1.62754 6 0
0 0 142.603 0 25.5107 a b 1.62825 6 0
0 0 142.644 0 25.5096 a b 1.63093 6 0
0 0 142.679 0 25.5053 a b 1.63615 6 0
0 0 142.717 0 25.5072 a b 1.63959 6 0
0 0 142.758 0 25.5093 a b 1.63496 6 0
0 0 142.794 0 25.5095 a b 1.63033 6 0
0 0 142.832 0 25.5052 a b 1.62569 6 0
0 0 142.878 0 25.5039 a b 1.62116 6 0
0 0 142.92 0 25.5002 a b 1.61142 6 0
0 0 142.961 0 25.4965 a b 1.60402 6 0
0 0 143.002 0 25.4939 a b 1.59446 6 0
0 0 143.042 0 25.4925 a b 1.58407 6 0
0 0 143.081 0 25.4948 a b 1.57749 6 0
0 0 143.118 0 25.491 a b 1.57698 6 0
0 0 143.157 0 25.4894 a b 1.57608 6 0
0 0 143.199 0 25.4883 a b 1.57439 6 0
0 0 143.232 0 25.4921 a b 1.57448 6 0
0 0 143.265 0 25.493 a b 1.57655 6 0
0 0 143.301 0 25.4945 a b 1.57575 6 0
0 0 143.336 0 25.4961 a b 1.57382 6 0
0 0 143.377 0 25.4981 a b 1.57742 6 0
0 0 143.417 0 25.4994 a b 1.57861 6 0
0 0 143.46 0 25.4978 a b 1.57879 6 0
0 0 143.499 0 25.4989 a b 1.57871 6 0
0 0 143.541 0 25.5005 a b 1.57984 6 0
0 0 143.584 0 25.5019 a b 1.57968 6 0
0 0 143.619 0 25.5023 a b 1.57985 6 0
0 0 143.657 0 25.4985 a b 1.57966 6 0
0 0 143.696 0 25.4973 a b 1.57822 6 0
0 0 143.735 0 25.4977 a b 1.57628 6 0
0 0 143.77 0 25.4996 a b 1.57545 6 0
0 0 143.805 0 25.5007 a b 1.57747 6 0
0 0 143.845 0 25.4972 a b 1.57737 6 0
0 0 143.883 0 25.4966 a b 1.57525 6 0
0 0 143.92 0 25.4969 a b 1.57543 6 0
0 0 143.96 0 25.4963 a b 1.57436 6 0
0 0 144 0 25.4968 a b 1.57221 6 0
0 0 144.038 0 25.4972 a b 1.57414 6 0
0 0 144.079 0 25.4965 a b 1.5741 6 0
0 0 144.114 0 25.497 a b 1.57258 6 0
0 0 144.146 0 25.5018 a b 1.57236 6 0
0 0 144.181 0 25.5036 a b 1.57509 6 0
0 0 144.217 0 25.4995 a b 1.57595 6 0
0 0 144.253 0 25.5025 a b 1.57269 6 0
0 0 144.285 0 25.5054 a b 1.57516 6 0
0 0 144.322 0 25.5047 a b 1.57931 6 0
0 0 144.357 0 25.5036 a b 1.57754 6 0
0 0 144.4 0 25.508 a b 1.57757 6 0
0 0 144.44 0 25.5057 a b 1.57944 6 0
0 0 144.482 0 25.5039 a b 1.57955 6 0
0 0 144.524 0 25.5031 a b 1.57797 6 0
0 0 144.563 0 25.5038 a b 1.58118 6 0
0 0 144.603 0 25.5026 a b 1.58485 6 0
0 0 144.643 0 25.5029 a b 1.5868 6 0
0 0 144.681 0 25.5036 a b 1.58659 6 0
0 0 144.718 0 25.5035 a b 1.58673 6 0
0 0 144.754 0 25.5008 a b 1.58946 6 0
0 0 144.79 0 25.5031 a b 1.58992 6 0
0 0 144.829 0 25.5076 a b 1.58975 6 0
0 0 144.864 0 25.5083 a b 1.5917 6 0
0 0 144.902 0 25.507 a b 1.59242 6 0
0 0 144.941 0 25.5073 a b 1.59229 6 0
0 0 144.98 0 25.5106 a b 1.59329 6 0
0 0 145.016 0 25.5092 a b 1.5943 6 0
0 0 145.051 0 25.5053 a b 1.5927 6 0
0 0 145.088 0 25.5029 a b 1.59433 6 0
0 0 145.127 0 25.5052 a b 1.59439 6 0
0 0 145.166 0 25.5051 a b 1.59256 6 0
0 0 145.201 0 25.5004 a b 1.59376 6 0
0 0 145.242 0 25.4973 a b 1.59159 6 0
0 0 145.281 0 25.4962 a b 1.58981 6 0
0 0 145.318 0 25.4956 a b 1.59104 6 0
0 0 145.357 0 25.4955 a b 1.59288 6 0
0 0 145.395 0 25.4952 a b 1.59241 6 0
0 0 145.431 0 25.4949 a b 1.5919 6 0
0 0 145.468 0 25.4967 a b 1.58818 6 0
0 0 145.509 0 25.4954 a b 1.58883 6 0
0 0 145.545 0 25.4931 a b 1.59077 6 0
0 0 145.58 0 25.4915 a b 1.59096 6 0
0 0 145.615 0 25.493 a b 1.59115 6 0
0 0 145.645 0 25.4927 a b 1.59067 6 0
0 0 145.678 0 25.4904 a b 1.58932 6 0
0 0 145.715 0 25.4873 a b 1.59211 6 0
0 0 145.753 0 25.4895 a b 1.59329 6 0
0 0 145.79 0 25.488 a b 1.59198 6 0
0 0 145.825 0 25.4873 a b 1.5939 6 0
0 0 145.866 0 25.4878 a b 1.59652 6 0
0 0 145.907 0 25.4887 a b 1.59695 6 0
0 0 145.951 0 25.4865 a b 1.59653 6 0
0 0 145.996 0 25.4845 a b 1.60017 6 0
0 0 146.041 0 25.4871 a b 1.60074 6 0
0 0 146.084 0 25.4858 a b 1.60053 6 0
0 0 146.129 0 25.4826 a b 1.60101 6 0
0 0 146.17 0 25.4805 a b 1.60423 6 0
0 0 146.204 0 25.4835 a b 1.60459 6 0
0 0 146.241 0 25.4831 a b 1.60385 6 0
0 0 146.282 0 25.4797 a b 1.60527 6 0
0 0 146.319 0 25.4791 a b 1.6064 6 0
0 0 146.352 0 25.4804 a b 1.60577 6 0
0 0 146.387 0 25.4793 a b 1.60643 6 0
0 0 146.419 0 25.4816 a b 1.60873 6 0
0 0 146.449 0 25.4806 a b 1.60583 6 0
0 0 146.483 0 25.4775 a b 1.60354 6 0
0 0 146.521 0 25.4781 a b 1.6075 6 0
0 0 146.556 0 25.4809 a b 1.60772 6 0
0 0 146.594 0 25.4773 a b 1.60343 6 0
0 0 146.633 0 25.472 a b 1.60245 6 0
0 0 146.676 0 25.4721 a b 1.60577 6 0
0 0 146.714 0 25.4737 a b 1.60412 6 0
0 0 146.755 0 25.4714 a b 1.60264 6 0
0 0 146.796 0 25.4731 a b 1.6031 6 0
0 0 146.838 0 25.473 a b 1.60172 6 0
0 0 146.877 0 25.4704 a b 1.59998 6 0
0 0 146.92 0 25.4663 a b 1.60087 6 0
0 0 146.957 0 25.4683 a b 1.60274 6 0
0 0 146.998 0 25.4687 a b 1.60252 6 0
0 0 147.033 0 25.4673 a b 1.60072 6 0
0 0 147.071 0 25.4656 a b 1.60073 6 0
0 0 147.114 0 25.4664 a b 1.6007 6 0
0 0 147.153 0 25.4657 a b 1.60065 6 0
0 0 147.189 0 25.4633 a b 1.59993 6 0
0 0 147.229 0 25.4625 a b 1.60157 6 0
0 0 147.269 0 25.4631 a b 1.60009 6 0
0 0 147.303 0 25.4603 a b 1.60018 6 0
0 0 147.341 0 25.4592 a b 1.60108 6 0
0 0 147.379 0 25.4602 a b 1.59944 6 0
0 0 147.414 0 25.4591 a b 1.59907 6 0
0 0 147.45 0 25.4593 a b 1.6005 6 0
0 0 147.491 0 25.4579 a b 1.603 6 0
0 0 147.532 0 25.4574 a b 1.60207 6 0
0 0 147.568 0 25.4577 a b 1.60304 6 0
0 0 147.609 0 25.4546 a b 1.60366 6 0
0 0 147.65 0 25.4516 a b 1.60369 6 0
0 0 147.688 0 25.4491 a b 1.60455 6 0
0 0 147.726 0 25.448 a b 1.60565 6 0
0 0 147.767 0 25.4476 a b 1.60753 6 0
0 0 147.807 0 25.4478 a b 1.60779 6 0
0 0 147.846 0 25.4456 a b 1.60887 6 0
0 0 147.884 0 25.447 a b 1.60894 6 0
0 0 147.923 0 25.4483 a b 1.61149 6 0
0 0 147.956 0 25.446 a b 1.61094 6 0
0 0 147.993 0 25.4473 a b 1.61148 6 0
0 0 148.028 0 25.4467 a b 1.61283 6 0
0 0 148.063 0 25.4434 a b 1.61087 6 0
0 0 148.097 0 25.4449 a b 1.60813 6 0
0 0 148.133 0 25.4435 a b 1.60907 6 0
0 0 148.173 0 25.4397 a b 1.60727 6 0
0 0 148.218 0 25.4401 a b 1.60365 6 0
0 0 148.255 0 25.4378 a b 1.60544 6 0
0 0 148.292 0 25.4363 a b 1.60236 6 0
0 0 148.33 0 25.4359 a b 1.59967 6 0
0 0 148.368 0 25.4372 a b 1.59617 6 0
0 0 148.403 0 25.4313 a b 1.59477 6 0
0 0 148.438 0 25.4288 a b 1.59105 6 0
0 0 148.478 0 25.4269 a b 1.58628 6 0
0 0 148.515 0 25.4257 a b 1.58148 6 0
0 0 148.552 0 25.4249 a b 1.57758 6 0
0 0 148.587 0 25.4245 a b 1.57242 6 0
0 0 148.623 0 25.4252 a b 1.5683 6 0
0 0 148.662 0 25.4257 a b 1.56654 6 0
0 0 148.7 0 25.4278 a b 1.5671 6 0
0 0 148.74 0 25.4274 a b 1.56686 6 0
0 0 148.78 0 25.4295 a b 1.56761 6 0
0 0 148.813 0 25.4268 a b 1.56725 6 0
0 0 148.848 0 25.4292 a b 1.56592 6 0
0 0 148.884 0 25.4306 a b 1.56694 6 0
0 0 148.916 0 25.4304 a b 1.56965 6 0
0 0 148.95 0 25.4292 a b 1.56901 6 0
0 0 148.99 0 25.4301 a b 1.56605 6 0
0 0 149.03 0 25.432 a b 1.5675 6 0
0 0 149.068 0 25.4285 a b 1.56982 6 0
0 0 149.107 0 25.4283 a b 1.57002 6 0
0 0 149.147 0 25.4305 a b 1.56968 6 0
0 0 149.183 0 25.4309 a b 1.5685 6 0
0 0 149.221 0 25.4264 a b 1.56839 6 0
0 0 149.264 0 25.4265 a b 1.56937 6 0
0 0 149.307 0 25.428 a b 1.57063 6 0
0 0 149.345 0 25.4257 a b 1.57258 6 0
0 0 149.387 0 25.4267 a b 1.57502 6 0
0 0 149.427 0 25.4285 a b 1.57628 6 0
0 0 149.463 0 25.4289 a b 1.57427 6 0
0 0 149.5 0 25.425 a b 1.57541 6 0
0 0 149.537 0 25.4252 a b 1.57731 6 0
0 0 149.58 0 25.4261 a b 1.57787 6 0
0 0 149.614 0 25.43 a b 1.58177 6 0
0 0 149.646 0 25.4279 a b 1.58087 6 0
0 0 149.686 0 25.4263 a b 1.57982 6 0
0 0 149.721 0 25.4254 a b 1.58213 6 0
0 0 149.748 0 25.4236 a b 1.58332 6 0
0 0 149.78 0 25.4228 a b 1.58285 6 0
0 0 149.816 0 25.4215 a b 1.58328 6 0
0 0 149.851 0 25.4206 a b 1.58652 6 0
0 0 149.888 0 25.4229 a b 1.58594 6 0
0 0 149.93 0 25.421 a b 1.58663 6 0
0 0 149.97 0 25.4202 a b 1.5897 6 0
0 0 150.014 0 25.4175 a b 1.5884 6 0
0 0 150.06 0 25.4134 a b 1.58857 6 0
0 0 150.1 0 25.4147 a b 1.59224 6 0
0 0 150.138 0 25.4168 a b 1.59408 6 0
0 0 150.17 0 25.4155 a b 1.59351 6 0
0 0 150.206 0 25.4147 a b 1.59309 6 0
0 0 150.239 0 25.4137 a b 1.59473 6 0
0 0 150.273 0 25.4106 a b 1.59636 6 0
0 0 150.31 0 25.4106 a b 1.5966 6 0
0 0 150.345 0 25.409 a b 1.59839 6 0
0 0 150.38 0 25.4089 a b 1.59609 6 0
0 0 150.414 0 25.4036 a b 1.59678 6 0
0 0 150.451 0 25.4021 a b 1.60071 6 0
0 0 150.488 0 25.4055 a b 1.60042 6 0
0 0 150.523 0 25.4021 a b 1.59744 6 0
0 0 150.563 0 25.3974 a b 1.5983 6 0
0 0 150.601 0 25.3983 a b 1.60336 6 0
0 0 150.643 0 25.4007 a b 1.60188 6 0
0 0 150.686 0 25.398 a b 1.60219 6 0
0 0 150.729 0 25.3974 a b 1.60345 6 0
0 0 150.769 0 25.3951 a b 1.6031 6 0
0 0 150.811 0 25.3934 a b 1.60425 6 0
0 0 150.85 0 25.391 a b 1.60557 6 0
0 0 150.884 0 25.3893 a b 1.60781 6 0
0 0 150.919 0 25.3895 a b 1.60981 6 0
0 0 150.954 0 25.388 a b 1.61174 6 0
0 0 150.989 0 25.3896 a b 1.60942 6 0
0 0 151.027 0 25.3839 a b 1.6097 6 0
0 0 151.063 0 25.3813 a b 1.61177 6 0
0 0 151.095 0 25.3811 a b 1.61206 6 0
0 0 151.134 0 25.379 a b 1.61477 6 0
0 0 151.174 0 25.3785 a b 1.61473 6 0
0 0 151.212 0 25.3758 a b 1.61163 6 0
0 0 151.251 0 25.375 a b 1.61523 6 0
0 0 151.296 0 25.3755 a b 1.61798 6 0
0 0 151.337 0 25.3733 a b 1.61485 6 0
0 0 151.377 0 25.3681 a b 1.61477 6 0
0 0 151.421 0 25.3675 a b 1.61883 6 0
0 0 151.461 0 25.3706 a b 1.61865 6 0
0 0 151.495 0 25.3697 a b 1.61843 6 0
0 0 151.533 0 25.3643 a b 1.61789 6 0
0 0 151.573 0 25.3635 a b 1.6194 6 0
0 0 151.611 0 25.3627 a b 1.61928 6 0
0 0 151.648 0 25.3586 a b 1.62035 6 0
0 0 151.682 0 25.3576 a b 1.62106 6 0
0 0 151.714 0 25.3573 a b 1.61937 6 0
0 0 151.746 0 25.3527 a b 1.61951 6 0
0 0 151.781 0 25.3511 a b 1.61917 6 0
0 0 151.819 0 25.3495 a b 1.61884 6 0
0 0 151.853 0 25.349 a b 1.62067 6 0
0 0 151.888 0 25.3481 a b 1.61912 6 0
0 0 151.929 0 25.3443 a b 1.61675 6 0
0 0 151.968 0 25.3449 a b 1.61395 6 0
0 0 152.004 0 25.3445 a b 1.61636 6 0
0 0 152.049 0 25.3379 a b 1.61772 6 0
0 0 152.092 0 25.3371 a b 1.61181 6 0
0 0 152.125 0 25.3387 a b 1.61198 6 0
0 0 152.162 0 25.335 a b 1.61521 6 0
0 0 152.199 0 25.3316 a b 1.61442 6 0
0 0 152.237 0 25.3315 a b 1.61224 6 0
0 0 152.273 0 25.3332 a b 1.61048 6 0
0 0 152.309 0 25.3308 a b 1.61064 6 0
0 0 152.345 0 25.3253 a b 1.61089 6 0
0 0 152.384 0 25.3225 a b 1.60914 6 0
0 0 152.421 0 25.3207 a b 1.60775 6 0
0 0 152.459 0 25.3203 a b 1.60952 6 0
0 0 152.498 0 25.3179 a b 1.61238 6 0
0 0 152.537 0 25.3159 a b 1.61064 6 0
0 0 152.579 0 25.3132 a b 1.60938 6 0
0 0 152.619 0 25.3127 a b 1.60943 6 0
0 0 152.656 0 25.3132 a b 1.61087 6 0
0 0 152.692 0 25.3129 a b 1.61219 6 0
0 0 152.731 0 25.3077 a b 1.61113 6 0
0 0 152.776 0 25.3079 a b 1.60788 6 0
0 0 152.814 0 25.3101 a b 1.60931 6 0
0 0 152.848 0 25.307 a b 1.61222 6 0
0 0 152.883 0 25.3016 a b 1.6093 6 0
0 0 152.918 0 25.3022 a b 1.60769 6 0
0 0 152.952 0 25.3028 a b 1.60809 6 0
0 0 152.99 0 25.3008 a b 1.60781 6 0
0 0 153.028 0 25.3006 a b 1.60696 6 0
0 0 153.066 0 25.2984 a b 1.60466 6 0
0 0 153.103 0 25.2971 a b 1.60402 6 0
0 0 153.14 0 25.2926 a b 1.60103 6 0
0 0 153.181 0 25.2909 a b 1.59784 6 0
0 0 153.223 0 25.2916 a b 1.59796 6 0
0 0 153.259 0 25.288 a b 1.5975 6 0
0 0 153.302 0 25.2847 a b 1.59496 6 0
0 0 153.344 0 25.2841 a b 1.58969 6 0
0 0 153.385 0 25.2823 a b 1.58665 6 0
0 0 153.424 0 25.2814 a b 1.58463 6 0
0 0 153.461 0 25.2807 a b 1.58253 6 0
0 0 153.496 0 25.28 a b 1.57684 6 0
0 0 153.528 0 25.282 a b 1.57236 6 0
0 0 153.563 0 25.2842 a b 1.56764 6 0
0 0 153.596 0 25.2871 a b 1.56511 6 0
0 0 153.63 0 25.2853 a b 1.56049 6 0
0 0 153.668 0 25.2831 a b 1.55336 6 0
0 0 153.704 0 25.2806 a b 1.54803 6 0
0 0 153.74 0 25.2809 a b 1.54498 6 0
0 0 153.775 0 25.2819 a b 1.54536 6 0
0 0 153.81 0 25.2807 a b 1.54327 6 0
0 0 153.85 0 25.2792 a b 1.54094 6 0
0 0 153.887 0 25.28 a b 1.54018 6 0
0 0 153.922 0 25.2792 a b 1.54027 6 0
0 0 153.962 0 25.2795 a b 1.5418 6 0
0 0 154.001 0 25.2809 a b 1.54363 6 0
0 0 154.038 0 25.2825 a b 1.5427 6 0
0 0 154.074 0 25.2846 a b 1.54469 6 0
0 0 154.109 0 25.286 a b 1.54509 6 0
0 0 154.141 0 25.2864 a b 1.54338 6 0
0 0 154.176 0 25.2864 a b 1.54502 6 0
0 0 154.216 0 25.2863 a b 1.54403 6 0
0 0 154.255 0 25.2886 a b 1.54552 6 0
0 0 154.291 0 25.2923 a b 1.54396 6 0
0 0 154.33 0 25.2922 a b 1.54433 6 0
0 0 154.366 0 25.2926 a b 1.5451 6 0
0 0 154.402 0 25.2951 a b 1.54647 6 0
0 0 154.44 0 25.296 a b 1.54563 6 0
0 0 154.482 0 25.2964 a b 1.54482 6 0
0 0 154.522 0 25.3006 a b 1.54511 6 0
0 0 154.563 0 25.3009 a b 1.54605 6 0
0 0 154.604 0 25.2988 a b 1.5439 6 0
0 0 154.646 0 25.299 a b 1.54304 6 0
0 0 154.685 0 25.299 a b 1.54356 6 0
0 0 154.724 0 25.2988 a b 1.54526 6 0
0 0 154.76 0 25.2971 a b 1.54538 6 0
0 0 154.8 0 25.295 a b 1.54396 6 0
0 0 154.836 0 25.2982 a b 1.54516 6 0
0 0 154.873 0 25.2995 a b 1.54928 6 0
0 0 154.909 0 25.3014 a b 1.55066 6 0
0 0 154.948 0 25.3006 a b 1.54895 6 0
0 0 154.988 0 25.3007 a b 1.54769 6 0
0 0 155.026 0 25.3061 a b 1.5503 6 0
0 0 155.065 0 25.3052 a b 1.55102 6 0
0 0 155.103 0 25.3026 a b 1.55082 6 0
0 0 155.141 0 25.3015 a b 1.55104 6 0
0 0 155.178 0 25.3026 a b 1.55237 6 0
0 0 155.216 0 25.3044 a b 1.55372 6 0
0 0 155.255 0 25.3012 a b 1.55373 6 0
0 0 155.293 0 25.3001 a b 1.55493 6 0
0 0 155.333 0 25.3022 a b 1.55597 6 0
0 0 155.376 0 25.303 a b 1.55699 6 0
0 0 155.416 0 25.3034 a b 1.55713 6 0
0 0 155.456 0 25.3037 a b 1.55706 6 0
0 0 155.498 0 25.3016 a b 1.55579 6 0
0 0 155.541 0 25.303 a b 1.55766 6 0
0 0 155.586 0 25.3036 a b 1.55831 6 0
0 0 155.626 0 25.3065 a b 1.55762 6 0
0 0 155.665 0 25.3019 a b 1.55525 6 0
0 0 155.702 0 25.3004 a b 1.55567 6 0
0 0 155.74 0 25.3011 a b 1.55725 6 0
0 0 155.774 0 25.303 a b 1.55704 6 0
0 0 155.81 0 25.3018 a b 1.55774 6 0
0 0 155.847 0 25.3 a b 1.5571 6 0
0 0 155.882 0 25.3031 a b 1.55313 6 0
0 0 155.918 0 25.3019 a b 1.55364 6 0
0 0 155.962 0 25.304 a b 1.55519 6 0
0 0 156.004 0 25.3056 a b 1.5558 6 0
0 0 156.039 0 25.3045 a b 1.55446 6 0
0 0 156.074 0 25.3042 a b 1.55178 6 0
0 0 156.105 0 25.3045 a b 1.5532 6 0
0 0 156.141 0 25.304 a b 1.55539 6 0
0 0 156.176 0 25.3029 a b 1.55595 6 0
0 0 156.209 0 25.302 a b 1.55536 6 0
0 0 156.244 0 25.3017 a b 1.55622 6 0
0 0 156.283 0 25.3011 a b 1.55764 6 0
0 0 156.321 0 25.3022 a b 1.56006 6 0
0 0 156.361 0 25.3018 a b 1.55946 6 0
0 0 156.402 0 25.3011 a b 1.56042 6 0
0 0 156.446 0 25.3 a b 1.56228 6 0
0 0 156.487 0 25.3005 a b 1.563 6 0
0 0 156.526 0 25.2993 a b 1.56244 6 0
0 0 156.569 0 25.2975 a b 1.5642 6 0
0 0 156.606 0 25.2967 a b 1.56705 6 0
0 0 156.641 0 25.2954 a b 1.56562 6 0
0 0 156.676 0 25.2934 a b 1.56715 6 0
0 0 156.71 0 25.2929 a b 1.56611 6 0
0 0 156.746 0 25.2959 a b 1.56635 6 0
0 0 156.78 0 25.2957 a b 1.56779 6 0
0 0 156.817 0 25.2933 a b 1.56717 6 0
0 0 156.856 0 25.2951 a b 1.56621 6 0
0 0 156.894 0 25.295 a b 1.56748 6 0
0 0 156.934 0 25.2968 a b 1.5681 6 0
0 0 156.974 0 25.2961 a b 1.56701 6 0
0 0 157.018 0 25.2938 a b 1.5652 6 0
0 0 157.059 0 25.2951 a b 1.56305 6 0
0 0 157.1 0 25.2918 a b 1.56399 6 0
0 0 157.139 0 25.2909 a b 1.56479 6 0
0 0 157.178 0 25.2914 a b 1.56232 6 0
0 0 157.213 0 25.291 a b 1.56415 6 0
0 0 157.247 0 25.2908 a b 1.56535 6 0
0 0 157.28 0 25.2904 a b 1.56445 6 0
0 0 157.32 0 25.2907 a b 1.56185 6 0
0 0 157.355 0 25.2907 a b 1.56218 6 0
0 0 157.386 0 25.2906 a b 1.56501 6 0
0 0 157.421 0 25.2893 a b 1.56366 6 0
0 0 157.458 0 25.2892 a b 1.56068 6 0
0 0 157.496 0 25.2904 a b 1.56028 6 0
0 0 157.542 0 25.2898 a b 1.5612 6 0
0 0 157.583 0 25.2908 a b 1.55973 6 0
0 0 157.624 0 25.2911 a b 1.55888 6 0
0 0 157.669 0 25.2892 a b 1.55958 6 0
0 0 157.708 0 25.2902 a b 1.55639 6 0
0 0 157.747 0 25.2918 a b 1.55803 6 0
0 0 157.779 0 25.2915 a b 1.55828 6 0
0 0 157.817 0 25.2908 a b 1.55653 6 0
0 0 157.853 0 25.2881 a b 1.55614 6 0
0 0 157.891 0 25.2868 a b 1.55566 6 0
0 0 157.929 0 25.2866 a b 1.55656 6 0
0 0 157.962 0 25.2883 a b 1.55551 6 0
0 0 158.001 0 25.2859 a b 1.55364 6 0
0 0 158.04 0 25.2871 a b 1.55269 6 0
0 0 158.081 0 25.287 a b 1.55189 6 0
0 0 158.123 0 25.2886 a b 1.5498 6 0
0 0 158.168 0 25.2862 a b 1.55008 6 0
0 0 158.21 0 25.2883 a b 1.54828 6 0
0 0 158.251 0 25.2865 a b 1.54641 6 0
0 0 158.294 0 25.2886 a b 1.54446 6 0
0 0 158.328 0 25.2905 a b 1.54225 6 0
0 0 158.364 0 25.2883 a b 1.5396 6 0
0 0 158.402 0 25.2902 a b 1.5364 6 0
0 0 158.439 0 25.2914 a b 1.53455 6 0
0 0 158.476 0 25.2926 a b 1.53118 6 0
0 0 158.511 0 25.2922 a b 1.52616 6 0
0 0 158.544 0 25.291 a b 1.52308 6 0
0 0 158.581 0 25.2942 a b 1.51871 6 0
0 0 158.617 0 25.2986 a b 1.51462 6 0
0 0 158.657 0 25.3022 a b 1.51107 6 0
0 0 158.7 0 25.3064 a b 1.50732 6 0
0 0 158.745 0 25.3076 a b 1.50203 6 0
0 0 158.791 0 25.3072 a b 1.49974 6 0
0 0 158.836 0 25.3086 a b 1.49942 6 0
0 0 158.874 0 25.316 a b 1.49472 6 0
0 0 158.917 0 25.3203 a b 1.49181 6 0
0 0 158.955 0 25.3207 a b 1.49087 6 0
0 0 158.99 0 25.3262 a b 1.48928 6 0
0 0 159.018 0 25.3279 a b 1.4869 6 0
0 0 159.047 0 25.3306 a b 1.48524 6 0
0 0 159.084 0 25.3319 a b 1.48771 6 0
0 0 159.119 0 25.3348 a b 1.49028 6 0
0 0 159.148 0 25.336 a b 1.4912 6 0
0 0 159.177 0 25.3395 a b 1.49176 6 0
0 0 159.208 0 25.343 a b 1.49339 6 0
0 0 159.242 0 25.3464 a b 1.49323 6 0
0 0 159.286 0 25.3521 a b 1.49341 6 0
0 0 159.328 0 25.3567 a b 1.49492 6 0
0 0 159.366 0 25.3584 a b 1.49488 6 0
0 0 159.407 0 25.3596 a b 1.4921 6 0
0 0 159.459 0 25.3619 a b 1.49502 6 0
0 0 159.508 0 25.3675 a b 1.49394 6 0
0 0 159.548 0 25.3709 a b 1.49222 6 0
0 0 159.587 0 25.3744 a b 1.49259 6 0
0 0 159.63 0 25.3746 a b 1.49587 6 0
0 0 159.672 0 25.3791 a b 1.49666 6 0
0 0 159.711 0 25.3841 a b 1.49586 6 0
0 0 159.742 0 25.3846 a b 1.49561 6 0
0 0 159.78 0 25.3864 a b 1.49697 6 0
0 0 159.819 0 25.3903 a b 1.49771 6 0
0 0 159.853 0 25.3928 a b 1.50006 6 0
0 0 159.895 0 25.3955 a b 1.50087 6 0
0 0 159.933 0 25.3996 a b 1.50091 6 0
0 0 159.977 0 25.4049 a b 1.50139 6 0
0 0 160.022 0 25.4093 a b 1.50134 6 0
0 0 160.065 0 25.4142 a b 1.50074 6 0
0 0 160.109 0 25.4146 a b 1.50148 6 0
0 0 160.153 0 25.4146 a b 1.50395 6 0
0 0 160.195 0 25.4199 a b 1.50594 6 0
0 0 160.236 0 25.4214 a b 1.50452 6 0
0 0 160.276 0 25.4173 a b 1.50572 6 0
0 0 160.318 0 25.422 a b 1.50768 6 0
0 0 160.354 0 25.4262 a b 1.51052 6 0
0 0 160.388 0 25.4252 a b 1.50943 6 0
0 0 160.419 0 25.4235 a b 1.51056 6 0
0 0 160.457 0 25.4276 a b 1.51269 6 0
0 0 160.495 0 25.4309 a b 1.51291 6 0
0 0 160.528 0 25.4367 a b 1.51085 6 0
0 0 160.564 0 25.4385 a b 1.5111 6 0
0 0 160.61 0 25.4429 a b 1.51164 6 0
0 0 160.652 0 25.4498 a b 1.51039 6 0
0 0 160.696 0 25.4511 a b 1.50869 6 0
0 0 160.74 0 25.456 a b 1.50819 6 0
0 0 160.781 0 25.4614 a b 1.50803 6 0
0 0 160.825 0 25.464 a b 1.50758 6 0
0 0 160.867 0 25.4674 a b 1.50674 6 0
0 0 160.904 0 25.4719 a b 1.50511 6 0
0 0 160.945 0 25.4776 a b 1.50305 6 0
0 0 160.993 0 25.4773 a b 1.49868 6 0
0 0 161.039 0 25.4815 a b 1.48917 6 0
0 0 161.074 0 25.485 a b 1.48004 6 0
0 0 161.113 0 25.4885 a b 1.47211 6 0
0 0 161.152 0 25.4855 a b 1.46515 6 0
0 0 161.191 0 25.4859 a b 1.45474 6 0
0 0 161.227 0 25.4852 a b 1.44561 6 0
0 0 161.265 0 25.4852 a b 1.43971 6 0
0 0 161.299 0 25.4943 a b 1.43309 6 0
0 0 161.337 0 25.4997 a b 1.42946 6 0
0 0 161.373 0 25.499 a b 1.42738 6 0
0 0 161.412 0 25.5055 a b 1.42395 6 0
0 0 161.446 0 25.5157 a b 1.42183 6 0
0 0 161.479 0 25.5225 a b 1.42174 6 0
0 0 161.512 0 25.5271 a b 1.42168 6 0
0 0 161.547 0 25.5319 a b 1.41929 6 0
0 0 161.579 0 25.5393 a b 1.41876 6 0
0 0 161.611 0 25.5451 a b 1.41934 6 0
0 0 161.648 0 25.5499 a b 1.41955 6 0
0 0 161.682 0 25.5536 a b 1.42086 6 0
0 0 161.718 0 25.5575 a b 1.42089 6 0
0 0 161.756 0 25.5635 a b 1.42159 6 0
0 0 161.792 0 25.5634 a b 1.4237 6 0
0 0 161.832 0 25.5659 a b 1.42463 6 0
0 0 161.876 0 25.5672 a b 1.4261 6 0
0 0 161.92 0 25.5768 a b 1.42637 6 0
0 0 161.957 0 25.579 a b 1.42733 6 0
0 0 162 0 25.5848 a b 1.42895 6 0
0 0 162.039 0 25.5874 a b 1.43001 6 0
0 0 162.081 0 25.5958 a b 1.4296 6 0
0 0 162.122 0 25.6041 a b 1.43178 6 0
0 0 162.162 0 25.607 a b 1.43176 6 0
0 0 162.204 0 25.6132 a b 1.42849 6 0
0 0 162.249 0 25.6231 a b 1.43024 6 0
0 0 162.294 0 25.6303 a b 1.4339 6 0
0 0 162.34 0 25.6408 a b 1.43206 6 0
0 0 162.386 0 25.649 a b 1.43211 6 0
0 0 162.435 0 25.6626 a b 1.43563 6 0
0 0 162.471 0 25.661 a b 1.44161 6 0
0 0 162.512 0 25.6647 a b 1.439 6 0
0 0 162.558 0 25.6738 a b 1.43724 6 0
0 0 162.602 0 25.6741 a b 1.44109 6 0
0 0 162.642 0 25.6835 a b 1.44603 6 0
0 0 162.678 0 25.6899 a b 1.4507 6 0
0 0 162.708 0 25.6941 a b 1.45648 6 0
0 0 162.741 0 25.6964 a b 1.46338 6 0
0 0 162.777 0 25.7002 a b 1.46878 6 0
0 0 162.814 0 25.7055 a b 1.47534 6 0
0 0 162.847 0 25.711 a b 1.48669 6 0
0 0 162.876 0 25.7149 a b 1.49872 6 0
0 0 162.909 0 25.7134 a b 1.5099 6 0
0 0 162.944 0 25.7204 a b 1.52198 6 0
0 0 162.975 0 25.7266 a b 1.53653 6 0
0 0 163.009 0 25.7276 a b 1.55365 6 0
0 0 163.032 0 25.7263 a b 1.56407 6 0
0 0 163.062 0 25.7219 a b 1.56213 6 0
0 0 163.104 0 25.7223 a b 1.55893 6 0
0 0 163.14 0 25.7257 a b 1.55744 6 0
0 0 163.176 0 25.7248 a b 1.55631 6 0
0 0 163.22 0 25.7276 a b 1.55239 6 0
0 0 163.263 0 25.7306 a b 1.54973 6 0
0 0 163.302 0 25.729 a b 1.5468 6 0
0 0 163.341 0 25.7313 a b 1.54565 6 0
0 0 163.383 0 25.7311 a b 1.54263 6 0
0 0 163.437 0 25.7325 a b 1.53861 6 0
0 0 163.485 0 25.7368 a b 1.53611 6 0
0 0 163.525 0 25.7433 a b 1.53385 6 0
0 0 163.573 0 25.7405 a b 1.53055 6 0
0 0 163.616 0 25.7376 a b 1.52945 6 0
0 0 163.656 0 25.7416 a b 1.52715 6 0
0 0 163.701 0 25.7454 a b 1.52294 6 0
0 0 163.747 0 25.7476 a b 1.52171 6 0
0 0 163.79 0 25.7522 a b 1.51902 6 0
0 0 163.828 0 25.7498 a b 1.51677 6 0
0 0 163.859 0 25.7551 a b 1.51684 6 0
0 0 163.895 0 25.7577 a b 1.51421 6 0
0 0 163.922 0 25.7569 a b 1.51299 6 0
0 0 163.949 0 25.7585 a b 1.5144 6 0
0 0 163.974 0 25.7582 a b 1.51396 6 0
0 0 163.998 0 25.7617 a b 1.51301 6 0
0 0 164.025 0 25.7638 a b 1.51185 6 0
0 0 164.055 0 25.768 a b 1.51244 6 0
0 0 164.086 0 25.7717 a b 1.51113 6 0
0 0 164.113 0 25.7744 a b 1.51095 6 0
0 0 164.145 0 25.7708 a b 1.50935 6 0
0 0 164.179 0 25.7701 a b 1.50972 6 0
0 0 164.218 0 25.7744 a b 1.50824 6 0
0 0 164.259 0 25.7812 a b 1.50789 6 0
0 0 164.302 0 25.7838 a b 1.50734 6 0
0 0 164.348 0 25.7816 a b 1.504 6 0
0 0 164.397 0 25.7844 a b 1.50339 6 0
0 0 164.448 0 25.7884 a b 1.50209 6 0
0 0 164.509 0 25.7943 a b 1.49975 6 0
0 0 164.568 0 25.8014 a b 1.49914 6 0
0 0 164.631 0 25.8101 a b 1.49646 6 0
0 0 164.694 0 25.8022 a b 1.49237 6 0
0 0 164.759 0 25.7928 a b 1.49115 6 0
0 0 164.817 0 25.7998 a b 1.49137 6 0
0 0 164.869 0 25.8078 a b 1.49738 6 0
0 0 164.924 0 25.816 a b 1.49905 6 0
0 0 164.965 0 25.8206 a b 1.49476 6 0
0 0 164.986 0 25.8203 a b 1.49229 6 0
0 0 165.007 0 25.8219 a b 1.49815 6 0
0 0 165.037 0 25.8192 a b 1.50652 6 0
0 0 165.047 0 25.8164 a b 1.50692 6 0
0 0 165.062 0 25.8155 a b 1.50846 6 0
0 0 165.071 0 25.8223 a b 1.51814 6 0
0 0 165.065 0 25.8194 a b 1.54704 6 0
0 0 165.06 0 25.8154 a b 1.57461 6 0
0 0 165.06 0 25.8104 a b 1.59776 6 0
0 0 165.057 0 25.811 a b 1.63283 6 0
0 0 165.059 0 25.8016 a b 1.66894 6 0
0 0 165.06 0 25.7935 a b 1.69227 6 0
0 0 165.05 0 25.7984 a b 1.68116 6 0
0 0 165.043 0 25.8039 a b 1.6529 6 0
0 0 165.042 0 25.8074 a b 1.63435 6 0
0 0 165.052 0 25.799 a b 1.62749 6 0
0 0 165.057 0 25.7786 a b 1.64917 6 0
