0 0 125.267 0 2.4293 a b 1.5804 6 0
0 0 125.27 0 2.41676 a b 1.57893 6 0
0 0 125.281 0 2.40885 a b 1.57508 6 0
0 0 125.303 0 2.40787 a b 1.57281 6 0
0 0 125.323 0 2.40592 a b 1.57074 6 0
0 0 125.346 0 2.40535 a b 1.57223 6 0
0 0 125.38 0 2.40571 a b 1.5708 6 0
0 0 125.425 0 2.40715 a b 1.56685 6 0
0 0 125.467 0 2.40374 a b 1.5662 6 0
0 0 125.52 0 2.40419 a b 1.56559 6 0
0 0 125.569 0 2.40783 a b 1.56444 6 0
0 0 125.621 0 2.40663 a b 1.5614 6 0
0 0 125.664 0 2.39931 a b 1.55707 6 0
0 0 125.7 0 2.39716 a b 1.5548 6 0
0 0 125.734 0 2.39597 a b 1.55374 6 0
0 0 125.769 0 2.39478 a b 1.55269 6 0
0 0 125.801 0 2.4013 a b 1.55083 6 0
0 0 125.827 0 2.40339 a b 1.54559 6 0
0 0 125.86 0 2.39745 a b 1.54222 6 0
0 0 125.889 0 2.39561 a b 1.54432 6 0
0 0 125.912 0 2.39041 a b 1.54739 6 0
0 0 125.931 0 2.39451 a b 1.54942 6 0
0 0 125.95 0 2.40014 a b 1.54607 6 0
0 0 125.965 0 2.39964 a b 1.53971 6 0
0 0 125.988 0 2.39706 a b 1.53709 6 0
0 0 126.01 0 2.39364 a b 1.53851 6 0
0 0 126.021 0 2.39529 a b 1.54082 6 0
0 0 126.036 0 2.3975 a b 1.54145 6 0
0 0 126.063 0 2.39971 a b 1.5353 6 0
0 0 126.094 0 2.40173 a b 1.53134 6 0
0 0 126.124 0 2.39918 a b 1.53192 6 0
0 0 126.152 0 2.40205 a b 1.5329 6 0
0 0 126.183 0 2.40383 a b 1.53121 6 0
0 0 126.219 0 2.40208 a b 1.52858 6 0
0 0 126.253 0 2.40068 a b 1.52793 6 0
0 0 126.287 0 2.40198 a b 1.5273 6 0
0 0 126.317 0 2.40329 a b 1.52411 6 0
0 0 126.351 0 2.40072 a b 1.52124 6 0
0 0 126.381 0 2.39856 a b 1.51775 6 0
0 0 126.412 0 2.39516 a b 1.51754 6 0
0 0 126.442 0 2.39913 a b 1.51811 6 0
0 0 126.47 0 2.4042 a b 1.51757 6 0
0 0 126.497 0 2.40687 a b 1.5159 6 0
0 0 126.523 0 2.40967 a b 1.51696 6 0
0 0 126.545 0 2.4102 a b 1.51629 6 0
0 0 126.566 0 2.41061 a b 1.51064 6 0
0 0 126.593 0 2.41424 a b 1.50511 6 0
0 0 126.626 0 2.41526 a b 1.50128 6 0
0 0 126.663 0 2.41199 a b 1.50393 6 0
0 0 126.696 0 2.41649 a b 1.5037 6 0
0 0 126.734 0 2.42031 a b 1.50042 6 0
0 0 126.777 0 2.41636 a b 1.4955 6 0
0 0 126.82 0 2.4207 a b 1.49426 6 0
0 0 126.867 0 2.42057 a b 1.49378 6 0
0 0 126.912 0 2.42378 a b 1.49211 6 0
0 0 126.958 0 2.42406 a b 1.49082 6 0
0 0 127.001 0 2.42738 a b 1.49002 6 0
0 0 127.046 0 2.43355 a b 1.48943 6 0
0 0 127.089 0 2.43843 a b 1.48928 6 0
0 0 127.139 0 2.44185 a b 1.4956 6 0
0 0 127.183 0 2.44349 a b 1.51057 6 0
0 0 127.216 0 2.43933 a b 1.524 6 0
0 0 127.242 0 2.43981 a b 1.53251 6 0
0 0 127.272 0 2.44323 a b 1.53556 6 0
0 0 127.309 0 2.44379 a b 1.54117 6 0
0 0 127.341 0 2.44294 a b 1.55167 6 0
0 0 127.372 0 2.44129 a b 1.55974 6 0
0 0 127.4 0 2.44212 a b 1.56481 6 0
0 0 127.436 0 2.43841 a b 1.57135 6 0
0 0 127.469 0 2.43938 a b 1.5765 6 0
0 0 127.504 0 2.43583 a b 1.58024 6 0
0 0 127.547 0 2.43433 a b 1.58205 6 0
0 0 127.589 0 2.4365 a b 1.58399 6 0
0 0 127.628 0 2.43978 a b 1.58695 6 0
0 0 127.676 0 2.4382 a b 1.59003 6 0
0 0 127.719 0 2.43855 a b 1.59174 6 0
0 0 127.763 0 2.43276 a b 1.59283 6 0
0 0 127.808 0 2.4349 a b 1.59233 6 0
0 0 127.85 0 2.43591 a b 1.59391 6 0
0 0 127.891 0 2.4396 a b 1.59507 6 0
0 0 127.926 0 2.43709 a b 1.59409 6 0
0 0 127.962 0 2.4342 a b 1.59463 6 0
0 0 128.002 0 2.43568 a b 1.5951 6 0
0 0 128.042 0 2.43327 a b 1.59483 6 0
0 0 128.078 0 2.43435 a b 1.59438 6 0
0 0 128.109 0 2.43009 a b 1.59447 6 0
0 0 128.144 0 2.43166 a b 1.59538 6 0
0 0 128.179 0 2.42887 a b 1.59344 6 0
0 0 128.214 0 2.42822 a b 1.59079 6 0
0 0 128.252 0 2.42847 a b 1.59106 6 0
0 0 128.291 0 2.42855 a b 1.59019 6 0
0 0 128.351 0 2.42984 a b 1.58932 6 0
0 0 128.401 0 2.43484 a b 1.58865 6 0
0 0 128.447 0 2.44291 a b 1.5888 6 0
0 0 128.503 0 2.44959 a b 1.59123 6 0
0 0 128.58 0 2.45694 a b 1.59233 6 0
0 0 128.656 0 2.45583 a b 1.58346 6 0
0 0 128.704 0 2.45517 a b 1.56852 6 0
0 0 128.738 0 2.44387 a b 1.56728 6 0
0 0 128.772 0 2.43348 a b 1.57554 6 0
0 0 128.806 0 2.42768 a b 1.57002 6 0
0 0 128.854 0 2.43142 a b 1.55499 6 0
0 0 128.884 0 2.44233 a b 1.54012 6 0
0 0 128.906 0 2.45085 a b 1.53971 6 0
0 0 128.923 0 2.45682 a b 1.55061 6 0
0 0 128.963 0 2.46139 a b 1.55642 6 0
0 0 129.012 0 2.45095 a b 1.5522 6 0
0 0 129.042 0 2.44631 a b 1.54528 6 0
0 0 129.058 0 2.44829 a b 1.53841 6 0
0 0 129.068 0 2.46206 a b 1.5321 6 0
0 0 129.086 0 2.47354 a b 1.5399 6 0
0 0 129.1 0 2.45499 a b 1.5434 6 0
0 0 129.11 0 2.44704 a b 1.54041 6 0
0 0 129.124 0 2.44596 a b 1.53621 6 0
0 0 129.141 0 2.45157 a b 1.53195 6 0
0 0 129.162 0 2.45558 a b 1.5312 6 0
0 0 129.198 0 2.45887 a b 1.53111 6 0
0 0 129.227 0 2.45872 a b 1.53872 6 0
0 0 129.251 0 2.45403 a b 1.55716 6 0
0 0 129.279 0 2.44522 a b 1.58614 6 0
0 0 129.319 0 2.43562 a b 1.62105 6 0
0 0 129.361 0 2.43616 a b 1.65752 6 0
0 0 129.402 0 2.42652 a b 1.69046 6 0
0 0 129.449 0 2.41517 a b 1.72602 6 0
0 0 129.503 0 2.40744 a b 1.75833 6 0
0 0 129.563 0 2.40413 a b 1.76536 6 0
0 0 129.608 0 2.39206 a b 1.77477 6 0
0 0 129.66 0 2.3799 a b 1.779 6 0
0 0 129.713 0 2.37263 a b 1.77762 6 0
0 0 129.755 0 2.36844 a b 1.77143 6 0
0 0 129.795 0 2.36927 a b 1.75704 6 0
0 0 129.843 0 2.36757 a b 1.73505 6 0
0 0 129.888 0 2.36362 a b 1.7097 6 0
0 0 129.924 0 2.36168 a b 1.68166 6 0
0 0 129.963 0 2.35903 a b 1.65399 6 0
0 0 130.001 0 2.35764 a b 1.63075 6 0
0 0 130.042 0 2.35398 a b 1.61237 6 0
0 0 130.079 0 2.34811 a b 1.59606 6 0
0 0 130.12 0 2.34347 a b 1.5883 6 0
0 0 130.152 0 2.34534 a b 1.58649 6 0
0 0 130.19 0 2.34433 a b 1.58202 6 0
0 0 130.222 0 2.34395 a b 1.57491 6 0
0 0 130.26 0 2.33993 a b 1.56948 6 0
0 0 130.295 0 2.34091 a b 1.5653 6 0
0 0 130.329 0 2.342 a b 1.55973 6 0
0 0 130.365 0 2.33928 a b 1.55646 6 0
0 0 130.4 0 2.3383 a b 1.55571 6 0
0 0 130.435 0 2.33528 a b 1.55629 6 0
0 0 130.473 0 2.33738 a b 1.55608 6 0
0 0 130.513 0 2.33751 a b 1.55348 6 0
0 0 130.55 0 2.33751 a b 1.54705 6 0
0 0 130.584 0 2.33629 a b 1.54281 6 0
0 0 130.625 0 2.33354 a b 1.54253 6 0
0 0 130.662 0 2.33481 a b 1.53917 6 0
0 0 130.708 0 2.33329 a b 1.53686 6 0
0 0 130.745 0 2.33535 a b 1.53541 6 0
0 0 130.785 0 2.33691 a b 1.53229 6 0
0 0 130.83 0 2.33623 a b 1.53078 6 0
0 0 130.872 0 2.3339 a b 1.53007 6 0
0 0 130.911 0 2.33439 a b 1.52743 6 0
0 0 130.952 0 2.33668 a b 1.52578 6 0
0 0 130.988 0 2.33945 a b 1.52519 6 0
0 0 131.025 0 2.3393 a b 1.5234 6 0
0 0 131.062 0 2.33897 a b 1.5218 6 0
0 0 131.097 0 2.34063 a b 1.52029 6 0
0 0 131.136 0 2.34206 a b 1.51977 6 0
0 0 131.167 0 2.34467 a b 1.51922 6 0
0 0 131.201 0 2.34487 a b 1.51621 6 0
0 0 131.243 0 2.34687 a b 1.51522 6 0
0 0 131.287 0 2.34872 a b 1.51614 6 0
0 0 131.327 0 2.34991 a b 1.51914 6 0
0 0 131.357 0 2.34748 a b 1.52261 6 0
0 0 131.395 0 2.34963 a b 1.52619 6 0
0 0 131.435 0 2.34975 a b 1.52992 6 0
0 0 131.472 0 2.35151 a b 1.53324 6 0
0 0 131.513 0 2.35171 a b 1.53595 6 0
0 0 131.549 0 2.35251 a b 1.53628 6 0
0 0 131.587 0 2.35676 a b 1.53687 6 0
0 0 131.628 0 2.36076 a b 1.53971 6 0
0 0 131.667 0 2.35758 a b 1.54073 6 0
0 0 131.7 0 2.35723 a b 1.53988 6 0
0 0 131.741 0 2.35769 a b 1.5405 6 0
0 0 131.778 0 2.36163 a b 1.54264 6 0
0 0 131.816 0 2.36108 a b 1.54379 6 0
0 0 131.853 0 2.36365 a b 1.54413 6 0
0 0 131.895 0 2.36539 a b 1.54641 6 0
0 0 131.93 0 2.36209 a b 1.54726 6 0
0 0 131.966 0 2.36771 a b 1.54791 6 0
0 0 132.004 0 2.36415 a b 1.54857 6 0
0 0 132.041 0 2.36444 a b 1.54869 6 0
0 0 132.076 0 2.36956 a b 1.54969 6 0
0 0 132.116 0 2.36715 a b 1.55145 6 0
0 0 132.155 0 2.36653 a b 1.55012 6 0
0 0 132.192 0 2.36747 a b 1.55009 6 0
0 0 132.227 0 2.36761 a b 1.55178 6 0
0 0 132.267 0 2.36989 a b 1.55241 6 0
0 0 132.307 0 2.36904 a b 1.55372 6 0
0 0 132.344 0 2.37074 a b 1.55386 6 0
0 0 132.383 0 2.37357 a b 1.55525 6 0
0 0 132.42 0 2.37535 a b 1.55658 6 0
0 0 132.461 0 2.37253 a b 1.55782 6 0
0 0 132.497 0 2.3734 a b 1.55803 6 0
0 0 132.536 0 2.37341 a b 1.55788 6 0
0 0 132.576 0 2.37348 a b 1.56002 6 0
0 0 132.616 0 2.3758 a b 1.56124 6 0
0 0 132.655 0 2.37684 a b 1.56122 6 0
0 0 132.691 0 2.37489 a b 1.56208 6 0
0 0 132.727 0 2.37224 a b 1.56195 6 0
0 0 132.764 0 2.37126 a b 1.56255 6 0
0 0 132.803 0 2.37094 a b 1.56271 6 0
0 0 132.839 0 2.37519 a b 1.56288 6 0
0 0 132.876 0 2.37473 a b 1.56376 6 0
0 0 132.918 0 2.37529 a b 1.5639 6 0
0 0 132.96 0 2.37378 a b 1.5623 6 0
0 0 133 0 2.37336 a b 1.56314 6 0
0 0 133.04 0 2.37023 a b 1.56488 6 0
0 0 133.079 0 2.37329 a b 1.56472 6 0
0 0 133.118 0 2.37789 a b 1.5649 6 0
0 0 133.158 0 2.37576 a b 1.56754 6 0
0 0 133.2 0 2.37798 a b 1.56613 6 0
0 0 133.235 0 2.37575 a b 1.56698 6 0
0 0 133.27 0 2.37602 a b 1.56869 6 0
0 0 133.309 0 2.37672 a b 1.56665 6 0
0 0 133.351 0 2.38002 a b 1.56642 6 0
0 0 133.388 0 2.38188 a b 1.56901 6 0
0 0 133.425 0 2.38265 a b 1.5697 6 0
0 0 133.464 0 2.3836 a b 1.56774 6 0
0 0 133.506 0 2.37615 a b 1.56719 6 0
0 0 133.537 0 2.37782 a b 1.5679 6 0
0 0 133.575 0 2.38123 a b 1.56686 6 0
0 0 133.614 0 2.38048 a b 1.56628 6 0
0 0 133.655 0 2.37893 a b 1.56652 6 0
0 0 133.696 0 2.3817 a b 1.56615 6 0
0 0 133.736 0 2.38102 a b 1.56664 6 0
0 0 133.768 0 2.38049 a b 1.56448 6 0
0 0 133.805 0 2.3771 a b 1.56542 6 0
0 0 133.845 0 2.37721 a b 1.56422 6 0
0 0 133.878 0 2.37534 a b 1.5644 6 0
0 0 133.918 0 2.3793 a b 1.5641 6 0
0 0 133.96 0 2.38298 a b 1.56313 6 0
0 0 133.997 0 2.38374 a b 1.56364 6 0
0 0 134.033 0 2.3841 a b 1.56227 6 0
0 0 134.074 0 2.38234 a b 1.56191 6 0
0 0 134.115 0 2.38067 a b 1.56224 6 0
0 0 134.156 0 2.3814 a b 1.56345 6 0
0 0 134.191 0 2.38207 a b 1.56471 6 0
0 0 134.229 0 2.38574 a b 1.56293 6 0
0 0 134.267 0 2.38535 a b 1.56382 6 0
0 0 134.302 0 2.3839 a b 1.5634 6 0
0 0 134.336 0 2.38237 a b 1.56327 6 0
0 0 134.376 0 2.38446 a b 1.5622 6 0
0 0 134.414 0 2.37873 a b 1.56047 6 0
0 0 134.451 0 2.38111 a b 1.56003 6 0
0 0 134.488 0 2.37978 a b 1.55886 6 0
0 0 134.524 0 2.37787 a b 1.55841 6 0
0 0 134.564 0 2.37732 a b 1.55758 6 0
0 0 134.607 0 2.3772 a b 1.55776 6 0
0 0 134.652 0 2.37741 a b 1.55601 6 0
0 0 134.688 0 2.37659 a b 1.55669 6 0
0 0 134.724 0 2.37737 a b 1.55601 6 0
0 0 134.762 0 2.37863 a b 1.55485 6 0
0 0 134.803 0 2.38068 a b 1.5545 6 0
0 0 134.841 0 2.38375 a b 1.55717 6 0
0 0 134.875 0 2.38367 a b 1.55714 6 0
0 0 134.912 0 2.38643 a b 1.55455 6 0
0 0 134.955 0 2.38647 a b 1.55606 6 0
0 0 134.988 0 2.38293 a b 1.55711 6 0
0 0 135.02 0 2.38056 a b 1.55506 6 0
0 0 135.054 0 2.3819 a b 1.55368 6 0
0 0 135.09 0 2.3749 a b 1.55234 6 0
0 0 135.13 0 2.38022 a b 1.55329 6 0
0 0 135.166 0 2.38359 a b 1.55265 6 0
0 0 135.203 0 2.3841 a b 1.55204 6 0
0 0 135.24 0 2.38372 a b 1.55038 6 0
0 0 135.278 0 2.38581 a b 1.55095 6 0
0 0 135.316 0 2.38791 a b 1.55055 6 0
0 0 135.355 0 2.3859 a b 1.54997 6 0
0 0 135.399 0 2.38789 a b 1.54941 6 0
0 0 135.437 0 2.38687 a b 1.54925 6 0
0 0 135.474 0 2.3889 a b 1.54856 6 0
0 0 135.513 0 2.38553 a b 1.54682 6 0
0 0 135.553 0 2.38328 a b 1.54632 6 0
0 0 135.591 0 2.38626 a b 1.54654 6 0
0 0 135.628 0 2.39063 a b 1.54992 6 0
0 0 135.667 0 2.39587 a b 1.54997 6 0
0 0 135.705 0 2.39728 a b 1.54898 6 0
0 0 135.741 0 2.39738 a b 1.54929 6 0
0 0 135.777 0 2.39519 a b 1.54911 6 0
0 0 135.813 0 2.40196 a b 1.54957 6 0
0 0 135.852 0 2.40334 a b 1.54827 6 0
0 0 135.889 0 2.40185 a b 1.54782 6 0
0 0 135.93 0 2.40239 a b 1.5484 6 0
0 0 135.97 0 2.39801 a b 1.54734 6 0
0 0 136.008 0 2.39991 a b 1.54625 6 0
0 0 136.047 0 2.39948 a b 1.54602 6 0
0 0 136.082 0 2.39809 a b 1.54452 6 0
0 0 136.12 0 2.39771 a b 1.54416 6 0
0 0 136.157 0 2.4009 a b 1.54534 6 0
0 0 136.197 0 2.39923 a b 1.54295 6 0
0 0 136.236 0 2.40168 a b 1.54229 6 0
0 0 136.271 0 2.40195 a b 1.54234 6 0
0 0 136.307 0 2.40276 a b 1.5414 6 0
0 0 136.347 0 2.40525 a b 1.53962 6 0
0 0 136.389 0 2.40873 a b 1.5413 6 0
0 0 136.43 0 2.41315 a b 1.54259 6 0
0 0 136.467 0 2.41238 a b 1.54109 6 0
0 0 136.505 0 2.41639 a b 1.53857 6 0
0 0 136.544 0 2.41412 a b 1.53935 6 0
0 0 136.585 0 2.41379 a b 1.54029 6 0
0 0 136.621 0 2.41551 a b 1.5395 6 0
0 0 136.656 0 2.41863 a b 1.53865 6 0
0 0 136.692 0 2.41761 a b 1.53788 6 0
0 0 136.728 0 2.41765 a b 1.53845 6 0
0 0 136.766 0 2.41473 a b 1.53718 6 0
0 0 136.803 0 2.41503 a b 1.53502 6 0
0 0 136.843 0 2.41803 a b 1.53512 6 0
0 0 136.884 0 2.4185 a b 1.53555 6 0
0 0 136.921 0 2.42037 a b 1.53503 6 0
0 0 136.955 0 2.42308 a b 1.53663 6 0
0 0 136.994 0 2.42432 a b 1.5362 6 0
0 0 137.038 0 2.42761 a b 1.53556 6 0
0 0 137.082 0 2.42994 a b 1.53371 6 0
0 0 137.12 0 2.42981 a b 1.53216 6 0
0 0 137.163 0 2.42922 a b 1.53123 6 0
0 0 137.203 0 2.43297 a b 1.53369 6 0
0 0 137.243 0 2.43414 a b 1.53375 6 0
0 0 137.284 0 2.43449 a b 1.53102 6 0
0 0 137.322 0 2.43813 a b 1.53041 6 0
0 0 137.357 0 2.43911 a b 1.53266 6 0
0 0 137.395 0 2.43859 a b 1.53275 6 0
0 0 137.431 0 2.4438 a b 1.53196 6 0
0 0 137.464 0 2.44284 a b 1.53058 6 0
0 0 137.501 0 2.44405 a b 1.53051 6 0
0 0 137.534 0 2.44321 a b 1.52956 6 0
0 0 137.573 0 2.44392 a b 1.52652 6 0
0 0 137.607 0 2.44521 a b 1.52549 6 0
0 0 137.645 0 2.4439 a b 1.52548 6 0
0 0 137.688 0 2.44512 a b 1.52475 6 0
0 0 137.724 0 2.44428 a b 1.52297 6 0
0 0 137.764 0 2.44744 a b 1.52273 6 0
0 0 137.811 0 2.44622 a b 1.52269 6 0
0 0 137.843 0 2.44938 a b 1.52174 6 0
0 0 137.882 0 2.45305 a b 1.52119 6 0
0 0 137.926 0 2.45581 a b 1.52015 6 0
0 0 137.966 0 2.4566 a b 1.52088 6 0
0 0 137.998 0 2.45829 a b 1.52165 6 0
0 0 138.037 0 2.46391 a b 1.52128 6 0
0 0 138.079 0 2.46376 a b 1.51781 6 0
0 0 138.111 0 2.46315 a b 1.51972 6 0
0 0 138.144 0 2.46488 a b 1.52142 6 0
0 0 138.186 0 2.47208 a b 1.51827 6 0
0 0 138.218 0 2.47063 a b 1.51697 6 0
0 0 138.251 0 2.47043 a b 1.51813 6 0
0 0 138.29 0 2.47257 a b 1.51772 6 0
0 0 138.324 0 2.47618 a b 1.51599 6 0
0 0 138.361 0 2.47427 a b 1.51468 6 0
0 0 138.4 0 2.47995 a b 1.5135 6 0
0 0 138.443 0 2.47797 a b 1.51213 6 0
0 0 138.477 0 2.47677 a b 1.51145 6 0
0 0 138.514 0 2.47861 a b 1.51071 6 0
0 0 138.554 0 2.48175 a b 1.51143 6 0
0 0 138.59 0 2.48566 a b 1.51147 6 0
0 0 138.624 0 2.48871 a b 1.51144 6 0
0 0 138.663 0 2.49445 a b 1.51045 6 0
0 0 138.705 0 2.50309 a b 1.509 6 0
0 0 138.736 0 2.50199 a b 1.50859 6 0
0 0 138.773 0 2.50339 a b 1.50966 6 0
0 0 138.813 0 2.50952 a b 1.50823 6 0
0 0 138.852 0 2.5087 a b 1.50599 6 0
0 0 138.892 0 2.50576 a b 1.50714 6 0
0 0 138.927 0 2.50513 a b 1.50708 6 0
0 0 138.966 0 2.50887 a b 1.50482 6 0
0 0 138.999 0 2.51382 a b 1.50482 6 0
0 0 139.036 0 2.51367 a b 1.50642 6 0
0 0 139.069 0 2.52073 a b 1.50528 6 0
0 0 139.108 0 2.52224 a b 1.5036 6 0
0 0 139.146 0 2.52146 a b 1.50188 6 0
0 0 139.188 0 2.52621 a b 1.50148 6 0
0 0 139.229 0 2.52475 a b 1.50047 6 0
0 0 139.267 0 2.53024 a b 1.50015 6 0
0 0 139.308 0 2.53454 a b 1.49847 6 0
0 0 139.348 0 2.53622 a b 1.49785 6 0
0 0 139.387 0 2.53717 a b 1.49853 6 0
0 0 139.429 0 2.54226 a b 1.5013 6 0
0 0 139.472 0 2.5476 a b 1.506 6 0
0 0 139.507 0 2.55001 a b 1.50665 6 0
0 0 139.546 0 2.55489 a b 1.507 6 0
0 0 139.587 0 2.56214 a b 1.50674 6 0
0 0 139.622 0 2.565 a b 1.50549 6 0
0 0 139.658 0 2.5639 a b 1.50664 6 0
0 0 139.698 0 2.56014 a b 1.50982 6 0
0 0 139.733 0 2.56387 a b 1.51282 6 0
0 0 139.764 0 2.56432 a b 1.51562 6 0
0 0 139.798 0 2.57042 a b 1.51355 6 0
0 0 139.833 0 2.56971 a b 1.51426 6 0
0 0 139.874 0 2.57194 a b 1.51273 6 0
0 0 139.909 0 2.57251 a b 1.51466 6 0
0 0 139.95 0 2.57453 a b 1.51637 6 0
0 0 139.988 0 2.57465 a b 1.51364 6 0
0 0 140.028 0 2.58024 a b 1.51222 6 0
0 0 140.069 0 2.58553 a b 1.51253 6 0
0 0 140.109 0 2.58808 a b 1.51349 6 0
0 0 140.152 0 2.5942 a b 1.51231 6 0
0 0 140.192 0 2.59431 a b 1.51235 6 0
0 0 140.233 0 2.59739 a b 1.51167 6 0
0 0 140.273 0 2.60016 a b 1.51119 6 0
0 0 140.315 0 2.60433 a b 1.51158 6 0
0 0 140.355 0 2.60636 a b 1.51242 6 0
0 0 140.395 0 2.60866 a b 1.51418 6 0
0 0 140.43 0 2.61469 a b 1.5164 6 0
0 0 140.466 0 2.61576 a b 1.51901 6 0
0 0 140.495 0 2.61449 a b 1.52053 6 0
0 0 140.532 0 2.61342 a b 1.52128 6 0
0 0 140.57 0 2.61958 a b 1.52293 6 0
0 0 140.605 0 2.62098 a b 1.5274 6 0
0 0 140.641 0 2.62809 a b 1.52924 6 0
0 0 140.673 0 2.62326 a b 1.53263 6 0
0 0 140.713 0 2.62597 a b 1.53558 6 0
0 0 140.747 0 2.62279 a b 1.53672 6 0
0 0 140.78 0 2.62316 a b 1.53853 6 0
0 0 140.819 0 2.62141 a b 1.54082 6 0
0 0 140.854 0 2.62345 a b 1.54262 6 0
0 0 140.884 0 2.61844 a b 1.54175 6 0
0 0 140.93 0 2.62005 a b 1.53962 6 0
0 0 140.973 0 2.62893 a b 1.54366 6 0
0 0 141.013 0 2.62893 a b 1.5483 6 0
0 0 141.055 0 2.62406 a b 1.54997 6 0
0 0 141.089 0 2.61966 a b 1.5482 6 0
0 0 141.133 0 2.62265 a b 1.54478 6 0
0 0 141.172 0 2.62789 a b 1.54691 6 0
0 0 141.211 0 2.63362 a b 1.54666 6 0
0 0 141.246 0 2.63467 a b 1.54581 6 0
0 0 141.287 0 2.63311 a b 1.54619 6 0
0 0 141.326 0 2.63224 a b 1.54375 6 0
0 0 141.366 0 2.63507 a b 1.54141 6 0
0 0 141.406 0 2.63991 a b 1.54345 6 0
0 0 141.44 0 2.64337 a b 1.54316 6 0
0 0 141.475 0 2.64325 a b 1.54121 6 0
0 0 141.51 0 2.64394 a b 1.5406 6 0
0 0 141.547 0 2.64181 a b 1.53974 6 0
0 0 141.585 0 2.64176 a b 1.53805 6 0
0 0 141.618 0 2.64213 a b 1.53638 6 0
0 0 141.651 0 2.64128 a b 1.53515 6 0
0 0 141.688 0 2.64837 a b 1.53516 6 0
0 0 141.73 0 2.65317 a b 1.53329 6 0
0 0 141.769 0 2.65729 a b 1.53203 6 0
0 0 141.811 0 2.65932 a b 1.53204 6 0
0 0 141.854 0 2.6614 a b 1.5303 6 0
0 0 141.891 0 2.66431 a b 1.52992 6 0
0 0 141.932 0 2.66881 a b 1.53017 6 0
0 0 141.972 0 2.66711 a b 1.52966 6 0
0 0 142.011 0 2.67231 a b 1.53086 6 0
0 0 142.049 0 2.67274 a b 1.5355 6 0
0 0 142.087 0 2.67113 a b 1.539 6 0
0 0 142.13 0 2.67136 a b 1.54143 6 0
0 0 142.167 0 2.67146 a b 1.54219 6 0
0 0 142.201 0 2.66853 a b 1.54598 6 0
0 0 142.239 0 2.6738 a b 1.54973 6 0
0 0 142.278 0 2.67176 a b 1.55231 6 0
0 0 142.316 0 2.67366 a b 1.55291 6 0
0 0 142.351 0 2.67381 a b 1.55547 6 0
0 0 142.391 0 2.67416 a b 1.5561 6 0
0 0 142.421 0 2.67673 a b 1.55987 6 0
0 0 142.46 0 2.67508 a b 1.56299 6 0
0 0 142.507 0 2.67853 a b 1.56222 6 0
0 0 142.551 0 2.67951 a b 1.56072 6 0
0 0 142.593 0 2.67998 a b 1.56187 6 0
0 0 142.638 0 2.6811 a b 1.56145 6 0
0 0 142.681 0 2.68236 a b 1.5628 6 0
0 0 142.726 0 2.68057 a b 1.56267 6 0
0 0 142.771 0 2.6814 a b 1.5624 6 0
0 0 142.807 0 2.68361 a b 1.56325 6 0
0 0 142.846 0 2.68539 a b 1.5627 6 0
0 0 142.887 0 2.68369 a b 1.56264 6 0
0 0 142.928 0 2.68756 a b 1.56193 6 0
0 0 142.968 0 2.68599 a b 1.56074 6 0
0 0 142.995 0 2.69219 a b 1.56125 6 0
0 0 143.03 0 2.6983 a b 1.55951 6 0
0 0 143.062 0 2.69854 a b 1.55868 6 0
0 0 143.098 0 2.69725 a b 1.55867 6 0
0 0 143.132 0 2.70183 a b 1.55746 6 0
0 0 143.171 0 2.70692 a b 1.55436 6 0
0 0 143.213 0 2.70844 a b 1.54905 6 0
0 0 143.256 0 2.70568 a b 1.5442 6 0
0 0 143.303 0 2.70634 a b 1.54004 6 0
0 0 143.354 0 2.70692 a b 1.53721 6 0
0 0 143.423 0 2.70644 a b 1.53144 6 0
0 0 143.511 0 2.70461 a b 1.52991 6 0
0 0 143.598 0 2.70263 a b 1.52469 6 0
0 0 143.667 0 2.6953 a b 1.51841 6 0
0 0 143.721 0 2.68567 a b 1.51069 6 0
0 0 143.772 0 2.68686 a b 1.49949 6 0
0 0 143.828 0 2.68756 a b 1.49664 6 0
0 0 143.868 0 2.69306 a b 1.50074 6 0
0 0 143.9 0 2.70183 a b 1.50492 6 0
0 0 143.927 0 2.70903 a b 1.50429 6 0
0 0 143.955 0 2.71211 a b 1.49639 6 0
0 0 143.985 0 2.71382 a b 1.48583 6 0
0 0 144.007 0 2.71072 a b 1.4784 6 0
0 0 144.03 0 2.70955 a b 1.4757 6 0
0 0 144.049 0 2.70468 a b 1.47697 6 0
0 0 144.071 0 2.69494 a b 1.47022 6 0
0 0 144.103 0 2.69217 a b 1.46602 6 0
0 0 144.14 0 2.69842 a b 1.46487 6 0
0 0 144.164 0 2.70577 a b 1.46235 6 0
0 0 144.186 0 2.70874 a b 1.45533 6 0
0 0 144.226 0 2.70864 a b 1.45302 6 0
0 0 144.261 0 2.71429 a b 1.45518 6 0
0 0 144.291 0 2.72045 a b 1.45442 6 0
0 0 144.314 0 2.72268 a b 1.4515 6 0
0 0 144.352 0 2.72915 a b 1.44812 6 0
0 0 144.379 0 2.73256 a b 1.4525 6 0
0 0 144.393 0 2.73947 a b 1.46072 6 0
0 0 144.394 0 2.75556 a b 1.46349 6 0
0 0 144.371 0 2.76291 a b 1.46285 6 0
0 0 144.371 0 2.77561 a b 1.46904 6 0
0 0 144.4 0 2.78528 a b 1.47894 6 0
0 0 144.438 0 2.78661 a b 1.48467 6 0
0 0 144.475 0 2.7942 a b 1.49117 6 0
0 0 144.516 0 2.79859 a b 1.50057 6 0
0 0 144.562 0 2.79936 a b 1.50937 6 0
0 0 144.613 0 2.80026 a b 1.51866 6 0
0 0 144.668 0 2.80364 a b 1.53327 6 0
0 0 144.732 0 2.80268 a b 1.54452 6 0
0 0 144.789 0 2.80254 a b 1.55731 6 0
0 0 144.859 0 2.80302 a b 1.57538 6 0
0 0 144.92 0 2.80929 a b 1.5831 6 0
0 0 144.94 0 2.82077 a b 1.58692 6 0
0 0 144.97 0 2.82539 a b 1.59447 6 0
0 0 145.01 0 2.82611 a b 1.60196 6 0
0 0 145.057 0 2.8219 a b 1.60507 6 0
0 0 145.097 0 2.82042 a b 1.60553 6 0
0 0 145.137 0 2.82295 a b 1.6094 6 0
0 0 145.178 0 2.82217 a b 1.61288 6 0
0 0 145.222 0 2.8166 a b 1.61399 6 0
0 0 145.265 0 2.81467 a b 1.61666 6 0
0 0 145.303 0 2.81235 a b 1.61802 6 0
0 0 145.342 0 2.81343 a b 1.61992 6 0
0 0 145.382 0 2.80984 a b 1.62338 6 0
0 0 145.423 0 2.80937 a b 1.62363 6 0
0 0 145.459 0 2.81021 a b 1.62215 6 0
0 0 145.501 0 2.80734 a b 1.6198 6 0
0 0 145.537 0 2.80574 a b 1.61944 6 0
0 0 145.574 0 2.80636 a b 1.62402 6 0
0 0 145.609 0 2.8033 a b 1.62498 6 0
0 0 145.649 0 2.8034 a b 1.62551 6 0
0 0 145.691 0 2.80495 a b 1.62443 6 0
0 0 145.723 0 2.80266 a b 1.6231 6 0
0 0 145.761 0 2.79807 a b 1.62068 6 0
0 0 145.799 0 2.79615 a b 1.62135 6 0
0 0 145.839 0 2.79713 a b 1.62623 6 0
0 0 145.881 0 2.79467 a b 1.63083 6 0
0 0 145.929 0 2.79143 a b 1.62957 6 0
0 0 145.967 0 2.7862 a b 1.62547 6 0
0 0 146.002 0 2.79042 a b 1.62474 6 0
0 0 146.039 0 2.79365 a b 1.62728 6 0
0 0 146.071 0 2.78807 a b 1.62784 6 0
0 0 146.103 0 2.78428 a b 1.62635 6 0
0 0 146.137 0 2.78212 a b 1.62809 6 0
0 0 146.175 0 2.78434 a b 1.62892 6 0
0 0 146.218 0 2.77874 a b 1.62654 6 0
0 0 146.262 0 2.7768 a b 1.62486 6 0
0 0 146.301 0 2.7685 a b 1.62576 6 0
0 0 146.335 0 2.76486 a b 1.6249 6 0
0 0 146.369 0 2.76366 a b 1.62457 6 0
0 0 146.413 0 2.76244 a b 1.62203 6 0
0 0 146.452 0 2.76258 a b 1.62132 6 0
0 0 146.495 0 2.76696 a b 1.62126 6 0
0 0 146.534 0 2.76502 a b 1.62105 6 0
0 0 146.577 0 2.76129 a b 1.61928 6 0
0 0 146.622 0 2.75959 a b 1.61761 6 0
0 0 146.664 0 2.75969 a b 1.61816 6 0
0 0 146.704 0 2.76196 a b 1.61881 6 0
0 0 146.747 0 2.76215 a b 1.61564 6 0
0 0 146.779 0 2.76021 a b 1.61374 6 0
0 0 146.821 0 2.76045 a b 1.61622 6 0
0 0 146.87 0 2.75808 a b 1.6135 6 0
0 0 146.906 0 2.7535 a b 1.61095 6 0
0 0 146.942 0 2.75518 a b 1.61364 6 0
0 0 146.977 0 2.75736 a b 1.61331 6 0
0 0 147.018 0 2.75611 a b 1.61125 6 0
0 0 147.053 0 2.76028 a b 1.61001 6 0
0 0 147.084 0 2.75529 a b 1.60776 6 0
0 0 147.117 0 2.75293 a b 1.60781 6 0
0 0 147.152 0 2.74972 a b 1.60731 6 0
0 0 147.188 0 2.75288 a b 1.60705 6 0
0 0 147.224 0 2.75105 a b 1.60302 6 0
0 0 147.256 0 2.74928 a b 1.59955 6 0
0 0 147.291 0 2.74407 a b 1.59983 6 0
0 0 147.331 0 2.74209 a b 1.60207 6 0
0 0 147.374 0 2.74667 a b 1.59964 6 0
0 0 147.419 0 2.7434 a b 1.59778 6 0
0 0 147.455 0 2.74481 a b 1.59714 6 0
0 0 147.499 0 2.75071 a b 1.59514 6 0
0 0 147.542 0 2.75192 a b 1.59433 6 0
0 0 147.587 0 2.75272 a b 1.59428 6 0
0 0 147.628 0 2.75169 a b 1.5942 6 0
0 0 147.663 0 2.75369 a b 1.59157 6 0
0 0 147.701 0 2.7559 a b 1.59151 6 0
0 0 147.739 0 2.75746 a b 1.59281 6 0
0 0 147.772 0 2.75204 a b 1.59162 6 0
0 0 147.806 0 2.75375 a b 1.59098 6 0
0 0 147.842 0 2.75075 a b 1.58956 6 0
0 0 147.874 0 2.74879 a b 1.58939 6 0
0 0 147.914 0 2.7442 a b 1.58841 6 0
0 0 147.955 0 2.74587 a b 1.58781 6 0
0 0 147.982 0 2.74939 a b 1.58518 6 0
0 0 148.02 0 2.74984 a b 1.58236 6 0
0 0 148.056 0 2.75121 a b 1.58214 6 0
0 0 148.095 0 2.74919 a b 1.58419 6 0
0 0 148.131 0 2.75206 a b 1.58281 6 0
0 0 148.174 0 2.74944 a b 1.57827 6 0
0 0 148.214 0 2.75062 a b 1.57851 6 0
0 0 148.25 0 2.75147 a b 1.58009 6 0
0 0 148.286 0 2.751 a b 1.57849 6 0
0 0 148.326 0 2.75523 a b 1.5751 6 0
0 0 148.369 0 2.76023 a b 1.57698 6 0
0 0 148.411 0 2.76032 a b 1.58202 6 0
0 0 148.448 0 2.75675 a b 1.58721 6 0
0 0 148.485 0 2.75604 a b 1.59518 6 0
0 0 148.516 0 2.75015 a b 1.60156 6 0
0 0 148.552 0 2.74691 a b 1.60666 6 0
0 0 148.587 0 2.744 a b 1.60787 6 0
0 0 148.625 0 2.74314 a b 1.6078 6 0
0 0 148.662 0 2.73956 a b 1.60784 6 0
0 0 148.699 0 2.73861 a b 1.6097 6 0
0 0 148.73 0 2.73758 a b 1.6137 6 0
0 0 148.762 0 2.7364 a b 1.61635 6 0
0 0 148.795 0 2.73257 a b 1.61772 6 0
0 0 148.834 0 2.73402 a b 1.61791 6 0
0 0 148.877 0 2.73276 a b 1.62037 6 0
0 0 148.92 0 2.7306 a b 1.61792 6 0
0 0 148.956 0 2.72611 a b 1.61738 6 0
0 0 148.99 0 2.72308 a b 1.61893 6 0
0 0 149.027 0 2.72385 a b 1.61786 6 0
0 0 149.068 0 2.723 a b 1.61782 6 0
0 0 149.112 0 2.72001 a b 1.61837 6 0
0 0 149.148 0 2.7159 a b 1.61657 6 0
0 0 149.186 0 2.71391 a b 1.61561 6 0
0 0 149.225 0 2.71636 a b 1.61635 6 0
0 0 149.27 0 2.71936 a b 1.61637 6 0
0 0 149.311 0 2.71975 a b 1.61499 6 0
0 0 149.349 0 2.71981 a b 1.614 6 0
0 0 149.39 0 2.71818 a b 1.61231 6 0
0 0 149.423 0 2.712 a b 1.612 6 0
0 0 149.456 0 2.70717 a b 1.61125 6 0
0 0 149.497 0 2.70926 a b 1.61102 6 0
0 0 149.531 0 2.70833 a b 1.61023 6 0
0 0 149.571 0 2.70716 a b 1.61087 6 0
0 0 149.608 0 2.70304 a b 1.60936 6 0
0 0 149.646 0 2.70504 a b 1.60934 6 0
0 0 149.684 0 2.70522 a b 1.60867 6 0
0 0 149.726 0 2.70256 a b 1.60886 6 0
0 0 149.767 0 2.69647 a b 1.60879 6 0
0 0 149.805 0 2.70105 a b 1.61084 6 0
0 0 149.841 0 2.70632 a b 1.60937 6 0
0 0 149.879 0 2.70605 a b 1.60951 6 0
0 0 149.924 0 2.70276 a b 1.61019 6 0
0 0 149.961 0 2.70328 a b 1.60923 6 0
0 0 149.999 0 2.7028 a b 1.60844 6 0
0 0 150.032 0 2.70312 a b 1.61024 6 0
0 0 150.066 0 2.69886 a b 1.61063 6 0
0 0 150.1 0 2.69219 a b 1.60956 6 0
0 0 150.139 0 2.6918 a b 1.60639 6 0
0 0 150.178 0 2.69115 a b 1.60722 6 0
0 0 150.213 0 2.69097 a b 1.60753 6 0
0 0 150.253 0 2.68988 a b 1.60569 6 0
0 0 150.296 0 2.691 a b 1.60285 6 0
0 0 150.33 0 2.69096 a b 1.60236 6 0
0 0 150.366 0 2.69055 a b 1.60237 6 0
0 0 150.409 0 2.6918 a b 1.59872 6 0
0 0 150.444 0 2.68935 a b 1.59863 6 0
0 0 150.484 0 2.68629 a b 1.60023 6 0
0 0 150.525 0 2.68787 a b 1.59867 6 0
0 0 150.566 0 2.68709 a b 1.59683 6 0
0 0 150.604 0 2.69018 a b 1.59638 6 0
0 0 150.642 0 2.68906 a b 1.59604 6 0
0 0 150.682 0 2.68949 a b 1.5953 6 0
0 0 150.717 0 2.69029 a b 1.59532 6 0
0 0 150.753 0 2.6845 a b 1.59336 6 0
0 0 150.797 0 2.68595 a b 1.59215 6 0
0 0 150.832 0 2.68481 a b 1.59226 6 0
0 0 150.869 0 2.68742 a b 1.59336 6 0
0 0 150.905 0 2.68808 a b 1.59028 6 0
0 0 150.937 0 2.68771 a b 1.58923 6 0
0 0 150.976 0 2.68971 a b 1.58802 6 0
0 0 151.014 0 2.68892 a b 1.58638 6 0
0 0 151.048 0 2.68854 a b 1.58568 6 0
0 0 151.082 0 2.6864 a b 1.58608 6 0
0 0 151.122 0 2.68693 a b 1.58562 6 0
0 0 151.166 0 2.68681 a b 1.58414 6 0
0 0 151.206 0 2.6871 a b 1.58224 6 0
0 0 151.249 0 2.68804 a b 1.58285 6 0
0 0 151.291 0 2.6881 a b 1.58156 6 0
0 0 151.333 0 2.68466 a b 1.58047 6 0
0 0 151.369 0 2.68351 a b 1.58014 6 0
0 0 151.409 0 2.68551 a b 1.58095 6 0
0 0 151.45 0 2.68998 a b 1.57869 6 0
0 0 151.485 0 2.69097 a b 1.57869 6 0
0 0 151.52 0 2.68862 a b 1.57901 6 0
0 0 151.562 0 2.69352 a b 1.57799 6 0
0 0 151.601 0 2.69241 a b 1.57632 6 0
0 0 151.634 0 2.69318 a b 1.57681 6 0
0 0 151.669 0 2.69297 a b 1.57599 6 0
0 0 151.709 0 2.69234 a b 1.57496 6 0
0 0 151.744 0 2.69405 a b 1.57239 6 0
0 0 151.78 0 2.69654 a b 1.57041 6 0
0 0 151.817 0 2.69426 a b 1.56649 6 0
0 0 151.851 0 2.69405 a b 1.56531 6 0
0 0 151.891 0 2.69244 a b 1.56708 6 0
0 0 151.927 0 2.69429 a b 1.56647 6 0
0 0 151.964 0 2.69534 a b 1.56452 6 0
0 0 152 0 2.69225 a b 1.56295 6 0
0 0 152.036 0 2.69682 a b 1.56374 6 0
0 0 152.079 0 2.69662 a b 1.56401 6 0
0 0 152.117 0 2.70004 a b 1.56316 6 0
0 0 152.161 0 2.70006 a b 1.56615 6 0
0 0 152.197 0 2.69742 a b 1.56837 6 0
0 0 152.232 0 2.7026 a b 1.56953 6 0
0 0 152.273 0 2.70485 a b 1.56947 6 0
0 0 152.308 0 2.7025 a b 1.57169 6 0
0 0 152.347 0 2.70294 a b 1.5757 6 0
0 0 152.388 0 2.70141 a b 1.57827 6 0
0 0 152.422 0 2.70269 a b 1.57874 6 0
0 0 152.457 0 2.70168 a b 1.57984 6 0
0 0 152.497 0 2.70357 a b 1.57873 6 0
0 0 152.529 0 2.70451 a b 1.58008 6 0
0 0 152.564 0 2.70225 a b 1.57981 6 0
0 0 152.601 0 2.70362 a b 1.58044 6 0
0 0 152.64 0 2.7029 a b 1.58286 6 0
0 0 152.68 0 2.70505 a b 1.58639 6 0
0 0 152.712 0 2.70301 a b 1.58691 6 0
0 0 152.753 0 2.69867 a b 1.58489 6 0
0 0 152.796 0 2.6988 a b 1.58591 6 0
0 0 152.838 0 2.70339 a b 1.58984 6 0
0 0 152.873 0 2.70135 a b 1.5896 6 0
0 0 152.911 0 2.69902 a b 1.58826 6 0
0 0 152.951 0 2.69826 a b 1.59058 6 0
0 0 152.985 0 2.69723 a b 1.58942 6 0
0 0 153.032 0 2.69985 a b 1.58817 6 0
0 0 153.068 0 2.69681 a b 1.59019 6 0
0 0 153.103 0 2.69945 a b 1.58968 6 0
0 0 153.141 0 2.7016 a b 1.58963 6 0
0 0 153.181 0 2.70055 a b 1.59016 6 0
0 0 153.215 0 2.69976 a b 1.58969 6 0
0 0 153.249 0 2.70012 a b 1.589 6 0
0 0 153.289 0 2.69979 a b 1.58846 6 0
0 0 153.332 0 2.70107 a b 1.58784 6 0
0 0 153.364 0 2.69699 a b 1.58668 6 0
0 0 153.399 0 2.69525 a b 1.58431 6 0
0 0 153.434 0 2.6939 a b 1.58398 6 0
0 0 153.477 0 2.69661 a b 1.58451 6 0
0 0 153.513 0 2.69264 a b 1.58358 6 0
0 0 153.552 0 2.69338 a b 1.58067 6 0
0 0 153.595 0 2.69583 a b 1.57857 6 0
0 0 153.635 0 2.6996 a b 1.57833 6 0
0 0 153.674 0 2.70153 a b 1.57644 6 0
0 0 153.715 0 2.7029 a b 1.57673 6 0
0 0 153.758 0 2.70085 a b 1.5776 6 0
0 0 153.798 0 2.7016 a b 1.579 6 0
0 0 153.841 0 2.7092 a b 1.57794 6 0
0 0 153.879 0 2.70851 a b 1.57495 6 0
0 0 153.919 0 2.71198 a b 1.56995 6 0
0 0 153.96 0 2.71465 a b 1.56833 6 0
0 0 153.996 0 2.71734 a b 1.5699 6 0
0 0 154.037 0 2.71738 a b 1.5705 6 0
0 0 154.069 0 2.71709 a b 1.56856 6 0
0 0 154.106 0 2.71512 a b 1.56782 6 0
0 0 154.142 0 2.71877 a b 1.56726 6 0
0 0 154.177 0 2.71635 a b 1.5639 6 0
0 0 154.215 0 2.71795 a b 1.56185 6 0
0 0 154.253 0 2.72001 a b 1.56307 6 0
0 0 154.29 0 2.72401 a b 1.56668 6 0
0 0 154.33 0 2.72152 a b 1.5647 6 0
0 0 154.363 0 2.71595 a b 1.56188 6 0
0 0 154.403 0 2.72238 a b 1.5603 6 0
0 0 154.45 0 2.72598 a b 1.56077 6 0
0 0 154.493 0 2.72827 a b 1.56145 6 0
0 0 154.527 0 2.72714 a b 1.56104 6 0
0 0 154.565 0 2.72671 a b 1.56045 6 0
0 0 154.605 0 2.73434 a b 1.55997 6 0
0 0 154.646 0 2.73616 a b 1.55926 6 0
0 0 154.687 0 2.73897 a b 1.55814 6 0
0 0 154.725 0 2.73479 a b 1.5559 6 0
0 0 154.762 0 2.74 a b 1.55648 6 0
0 0 154.797 0 2.74152 a b 1.55535 6 0
0 0 154.83 0 2.74226 a b 1.55347 6 0
0 0 154.867 0 2.74084 a b 1.5519 6 0
0 0 154.901 0 2.7449 a b 1.55147 6 0
0 0 154.94 0 2.74384 a b 1.54864 6 0
0 0 154.973 0 2.74485 a b 1.54744 6 0
0 0 155.001 0 2.74502 a b 1.54691 6 0
0 0 155.04 0 2.74508 a b 1.54829 6 0
0 0 155.083 0 2.75152 a b 1.54661 6 0
0 0 155.123 0 2.75328 a b 1.543 6 0
0 0 155.16 0 2.75553 a b 1.54098 6 0
0 0 155.196 0 2.75679 a b 1.54149 6 0
0 0 155.243 0 2.76048 a b 1.53986 6 0
0 0 155.282 0 2.76236 a b 1.53819 6 0
0 0 155.321 0 2.76078 a b 1.53785 6 0
0 0 155.361 0 2.76393 a b 1.53864 6 0
0 0 155.404 0 2.76747 a b 1.53596 6 0
0 0 155.438 0 2.77152 a b 1.53318 6 0
0 0 155.475 0 2.77518 a b 1.53199 6 0
0 0 155.513 0 2.7775 a b 1.53045 6 0
0 0 155.55 0 2.77627 a b 1.52844 6 0
0 0 155.587 0 2.77891 a b 1.52789 6 0
0 0 155.624 0 2.78173 a b 1.52645 6 0
0 0 155.658 0 2.78711 a b 1.52474 6 0
0 0 155.695 0 2.79133 a b 1.52131 6 0
0 0 155.735 0 2.79307 a b 1.51712 6 0
0 0 155.77 0 2.79671 a b 1.51606 6 0
0 0 155.806 0 2.7959 a b 1.51727 6 0
0 0 155.846 0 2.79842 a b 1.517 6 0
0 0 155.89 0 2.80071 a b 1.51537 6 0
0 0 155.93 0 2.80562 a b 1.51109 6 0
0 0 155.97 0 2.80462 a b 1.50765 6 0
0 0 156.011 0 2.80786 a b 1.5067 6 0
0 0 156.054 0 2.8122 a b 1.50688 6 0
0 0 156.096 0 2.81465 a b 1.50808 6 0
0 0 156.139 0 2.81705 a b 1.50752 6 0
0 0 156.18 0 2.82159 a b 1.50493 6 0
0 0 156.215 0 2.82934 a b 1.50151 6 0
0 0 156.254 0 2.83552 a b 1.49931 6 0
0 0 156.293 0 2.83879 a b 1.49758 6 0
0 0 156.334 0 2.84604 a b 1.49505 6 0
0 0 156.371 0 2.84753 a b 1.49336 6 0
0 0 156.407 0 2.84968 a b 1.49334 6 0
0 0 156.445 0 2.85306 a b 1.49033 6 0
0 0 156.482 0 2.85907 a b 1.48832 6 0
0 0 156.524 0 2.85708 a b 1.49434 6 0
0 0 156.557 0 2.85202 a b 1.51178 6 0
0 0 156.591 0 2.84855 a b 1.52687 6 0
0 0 156.625 0 2.85198 a b 1.53622 6 0
0 0 156.661 0 2.85019 a b 1.55678 6 0
0 0 156.7 0 2.84733 a b 1.58179 6 0
0 0 156.732 0 2.84541 a b 1.59715 6 0
0 0 156.77 0 2.84298 a b 1.61263 6 0
0 0 156.803 0 2.84107 a b 1.62646 6 0
0 0 156.837 0 2.84364 a b 1.63159 6 0
0 0 156.88 0 2.84063 a b 1.63055 6 0
0 0 156.919 0 2.83948 a b 1.63192 6 0
0 0 156.956 0 2.83731 a b 1.6331 6 0
0 0 156.999 0 2.83692 a b 1.63309 6 0
0 0 157.038 0 2.83513 a b 1.63472 6 0
0 0 157.074 0 2.83304 a b 1.63259 6 0
0 0 157.11 0 2.8309 a b 1.62775 6 0
0 0 157.144 0 2.8274 a b 1.61944 6 0
0 0 157.179 0 2.82934 a b 1.60878 6 0
0 0 157.218 0 2.82591 a b 1.60274 6 0
0 0 157.243 0 2.82293 a b 1.59095 6 0
0 0 157.28 0 2.82519 a b 1.57553 6 0
0 0 157.32 0 2.82972 a b 1.56136 6 0
0 0 157.359 0 2.83247 a b 1.55062 6 0
0 0 157.399 0 2.83333 a b 1.54407 6 0
0 0 157.434 0 2.83837 a b 1.54015 6 0
0 0 157.463 0 2.84021 a b 1.5354 6 0
0 0 157.497 0 2.84013 a b 1.52606 6 0
0 0 157.535 0 2.83813 a b 1.51768 6 0
0 0 157.579 0 2.83934 a b 1.51316 6 0
0 0 157.617 0 2.84542 a b 1.50953 6 0
0 0 157.655 0 2.84745 a b 1.50425 6 0
0 0 157.696 0 2.84883 a b 1.50212 6 0
0 0 157.732 0 2.84945 a b 1.49821 6 0
0 0 157.772 0 2.85576 a b 1.4927 6 0
0 0 157.827 0 2.86614 a b 1.49516 6 0
0 0 157.877 0 2.87329 a b 1.51213 6 0
0 0 157.913 0 2.86921 a b 1.52409 6 0
0 0 157.947 0 2.86706 a b 1.53337 6 0
0 0 157.986 0 2.87271 a b 1.54573 6 0
0 0 158.023 0 2.87249 a b 1.55573 6 0
0 0 158.055 0 2.86873 a b 1.56432 6 0
0 0 158.084 0 2.86977 a b 1.57105 6 0
0 0 158.119 0 2.86632 a b 1.57479 6 0
0 0 158.155 0 2.8636 a b 1.57544 6 0
0 0 158.188 0 2.86297 a b 1.57646 6 0
0 0 158.229 0 2.86308 a b 1.57842 6 0
0 0 158.27 0 2.8659 a b 1.58266 6 0
0 0 158.31 0 2.86534 a b 1.58603 6 0
0 0 158.344 0 2.86017 a b 1.59009 6 0
0 0 158.38 0 2.85703 a b 1.58913 6 0
0 0 158.422 0 2.85961 a b 1.58808 6 0
0 0 158.466 0 2.86268 a b 1.59101 6 0
0 0 158.504 0 2.86256 a b 1.59156 6 0
0 0 158.538 0 2.8579 a b 1.59112 6 0
0 0 158.577 0 2.85915 a b 1.59126 6 0
0 0 158.623 0 2.86261 a b 1.59247 6 0
0 0 158.664 0 2.85987 a b 1.59166 6 0
0 0 158.699 0 2.86013 a b 1.5914 6 0
0 0 158.733 0 2.86064 a b 1.59301 6 0
0 0 158.774 0 2.85816 a b 1.59314 6 0
0 0 158.808 0 2.85723 a b 1.59281 6 0
0 0 158.845 0 2.85807 a b 1.59141 6 0
0 0 158.878 0 2.85438 a b 1.58934 6 0
0 0 158.915 0 2.85276 a b 1.58936 6 0
0 0 158.952 0 2.85408 a b 1.58941 6 0
0 0 158.992 0 2.85515 a b 1.58853 6 0
0 0 159.028 0 2.85508 a b 1.58634 6 0
0 0 159.066 0 2.85468 a b 1.58484 6 0
0 0 159.101 0 2.85231 a b 1.58452 6 0
0 0 159.14 0 2.85466 a b 1.58535 6 0
0 0 159.187 0 2.85535 a b 1.58564 6 0
0 0 159.223 0 2.85654 a b 1.58528 6 0
0 0 159.261 0 2.85395 a b 1.58305 6 0
0 0 159.297 0 2.85573 a b 1.58351 6 0
0 0 159.329 0 2.85207 a b 1.58499 6 0
0 0 159.367 0 2.85276 a b 1.58498 6 0
0 0 159.422 0 2.85653 a b 1.58452 6 0
0 0 159.46 0 2.85581 a b 1.58129 6 0
0 0 159.493 0 2.8549 a b 1.58104 6 0
0 0 159.53 0 2.8557 a b 1.58243 6 0
0 0 159.566 0 2.85405 a b 1.5831 6 0
0 0 159.604 0 2.85307 a b 1.58188 6 0
0 0 159.637 0 2.85133 a b 1.58014 6 0
0 0 159.671 0 2.85044 a b 1.58051 6 0
0 0 159.707 0 2.85196 a b 1.582 6 0
0 0 159.747 0 2.8497 a b 1.58081 6 0
0 0 159.783 0 2.8535 a b 1.58003 6 0
0 0 159.82 0 2.85279 a b 1.58042 6 0
0 0 159.855 0 2.85371 a b 1.58054 6 0
0 0 159.901 0 2.85673 a b 1.57976 6 0
0 0 159.945 0 2.85742 a b 1.57861 6 0
0 0 159.99 0 2.85611 a b 1.57911 6 0
0 0 160.023 0 2.85829 a b 1.57969 6 0
0 0 160.07 0 2.85576 a b 1.57833 6 0
0 0 160.105 0 2.85322 a b 1.57694 6 0
0 0 160.138 0 2.85492 a b 1.57943 6 0
0 0 160.18 0 2.85515 a b 1.57918 6 0
0 0 160.228 0 2.85482 a b 1.57631 6 0
0 0 160.261 0 2.85571 a b 1.57487 6 0
0 0 160.292 0 2.85511 a b 1.57652 6 0
0 0 160.326 0 2.8541 a b 1.57889 6 0
0 0 160.369 0 2.85401 a b 1.57853 6 0
0 0 160.407 0 2.85531 a b 1.57633 6 0
0 0 160.439 0 2.85643 a b 1.5737 6 0
0 0 160.472 0 2.85719 a b 1.57357 6 0
0 0 160.5 0 2.85621 a b 1.57339 6 0
0 0 160.542 0 2.85576 a b 1.57366 6 0
0 0 160.579 0 2.85668 a b 1.57379 6 0
0 0 160.617 0 2.85647 a b 1.57227 6 0
0 0 160.644 0 2.85644 a b 1.5727 6 0
0 0 160.684 0 2.85664 a b 1.57174 6 0
0 0 160.726 0 2.85721 a b 1.57108 6 0
0 0 160.766 0 2.85921 a b 1.57103 6 0
0 0 160.81 0 2.85939 a b 1.56976 6 0
0 0 160.854 0 2.86097 a b 1.56765 6 0
0 0 160.899 0 2.86093 a b 1.56776 6 0
0 0 160.932 0 2.86164 a b 1.56875 6 0
0 0 160.969 0 2.86155 a b 1.56894 6 0
0 0 161.016 0 2.86365 a b 1.5679 6 0
0 0 161.048 0 2.86341 a b 1.5665 6 0
0 0 161.084 0 2.85978 a b 1.56529 6 0
0 0 161.129 0 2.85914 a b 1.56789 6 0
0 0 161.171 0 2.85825 a b 1.56709 6 0
0 0 161.21 0 2.8581 a b 1.56332 6 0
0 0 161.251 0 2.85642 a b 1.56135 6 0
0 0 161.29 0 2.86021 a b 1.56157 6 0
0 0 161.332 0 2.85971 a b 1.56265 6 0
0 0 161.372 0 2.86021 a b 1.56333 6 0
0 0 161.408 0 2.86459 a b 1.56297 6 0
0 0 161.455 0 2.85826 a b 1.56216 6 0
0 0 161.498 0 2.86091 a b 1.55956 6 0
0 0 161.538 0 2.86286 a b 1.55838 6 0
0 0 161.575 0 2.86291 a b 1.55792 6 0
0 0 161.62 0 2.86666 a b 1.55834 6 0
0 0 161.668 0 2.86601 a b 1.55873 6 0
0 0 161.704 0 2.86522 a b 1.55771 6 0
0 0 161.743 0 2.86806 a b 1.55911 6 0
0 0 161.781 0 2.86871 a b 1.55904 6 0
0 0 161.815 0 2.87153 a b 1.55662 6 0
0 0 161.863 0 2.86893 a b 1.5572 6 0
0 0 161.899 0 2.87249 a b 1.55782 6 0
0 0 161.939 0 2.87505 a b 1.55886 6 0
0 0 161.975 0 2.87464 a b 1.55811 6 0
0 0 162.007 0 2.87599 a b 1.55519 6 0
0 0 162.037 0 2.87508 a b 1.55412 6 0
0 0 162.075 0 2.87618 a b 1.5553 6 0
0 0 162.113 0 2.87896 a b 1.55538 6 0
0 0 162.151 0 2.87782 a b 1.55631 6 0
0 0 162.186 0 2.87733 a b 1.55749 6 0
0 0 162.227 0 2.87805 a b 1.55396 6 0
0 0 162.264 0 2.88043 a b 1.5523 6 0
0 0 162.304 0 2.88044 a b 1.55187 6 0
0 0 162.349 0 2.87955 a b 1.55172 6 0
0 0 162.384 0 2.88368 a b 1.551 6 0
0 0 162.429 0 2.88368 a b 1.55201 6 0
0 0 162.471 0 2.88622 a b 1.54931 6 0
0 0 162.509 0 2.88549 a b 1.54871 6 0
0 0 162.553 0 2.88877 a b 1.54829 6 0
0 0 162.592 0 2.89045 a b 1.54797 6 0
0 0 162.632 0 2.89422 a b 1.54798 6 0
0 0 162.668 0 2.89657 a b 1.54691 6 0
0 0 162.71 0 2.89889 a b 1.54702 6 0
0 0 162.75 0 2.90076 a b 1.54763 6 0
0 0 162.78 0 2.90059 a b 1.54896 6 0
0 0 162.821 0 2.90363 a b 1.55285 6 0
0 0 162.867 0 2.90368 a b 1.55787 6 0
0 0 162.901 0 2.90048 a b 1.56132 6 0
0 0 162.934 0 2.89972 a b 1.56226 6 0
0 0 162.978 0 2.90158 a b 1.56413 6 0
0 0 163.016 0 2.90891 a b 1.56369 6 0
0 0 163.057 0 2.90686 a b 1.56646 6 0
0 0 163.088 0 2.90732 a b 1.56658 6 0
0 0 163.129 0 2.90605 a b 1.56645 6 0
0 0 163.169 0 2.90839 a b 1.56542 6 0
0 0 163.209 0 2.90871 a b 1.56654 6 0
0 0 163.252 0 2.90808 a b 1.5674 6 0
0 0 163.284 0 2.90993 a b 1.56569 6 0
0 0 163.332 0 2.91411 a b 1.56599 6 0
0 0 163.378 0 2.91475 a b 1.57024 6 0
0 0 163.415 0 2.91174 a b 1.57044 6 0
0 0 163.453 0 2.91306 a b 1.56616 6 0
0 0 163.491 0 2.91519 a b 1.56606 6 0
0 0 163.524 0 2.91587 a b 1.565 6 0
0 0 163.559 0 2.91442 a b 1.56341 6 0
0 0 163.593 0 2.91409 a b 1.56112 6 0
0 0 163.622 0 2.9153 a b 1.55942 6 0
0 0 163.67 0 2.91852 a b 1.55675 6 0
0 0 163.719 0 2.92312 a b 1.55449 6 0
0 0 163.755 0 2.92295 a b 1.55185 6 0
0 0 163.787 0 2.92054 a b 1.54965 6 0
0 0 163.824 0 2.91895 a b 1.54722 6 0
0 0 163.866 0 2.91979 a b 1.54348 6 0
0 0 163.912 0 2.92336 a b 1.54092 6 0
0 0 163.956 0 2.92797 a b 1.53501 6 0
0 0 163.998 0 2.9292 a b 1.52945 6 0
0 0 164.034 0 2.93138 a b 1.52527 6 0
0 0 164.074 0 2.93609 a b 1.52166 6 0
0 0 164.119 0 2.93746 a b 1.51848 6 0
0 0 164.152 0 2.94 a b 1.51582 6 0
0 0 164.194 0 2.94255 a b 1.51218 6 0
0 0 164.233 0 2.94611 a b 1.50601 6 0
0 0 164.268 0 2.94492 a b 1.49856 6 0
0 0 164.306 0 2.94944 a b 1.49316 6 0
0 0 164.336 0 2.95163 a b 1.48995 6 0
0 0 164.371 0 2.95194 a b 1.48626 6 0
0 0 164.411 0 2.95874 a b 1.47862 6 0
0 0 164.443 0 2.96012 a b 1.47168 6 0
0 0 164.484 0 2.95767 a b 1.46312 6 0
0 0 164.523 0 2.96422 a b 1.45953 6 0
0 0 164.559 0 2.957 a b 1.45852 6 0
0 0 164.601 0 2.96133 a b 1.45627 6 0
