0 0 164.601 0 2.96133 a b -1.68533 6 0
0 0 164.559 0 2.957 a b -1.68308 6 0
0 0 164.523 0 2.96422 a b -1.68206 6 0
0 0 164.484 0 2.95767 a b -1.67847 6 0
0 0 164.443 0 2.96012 a b -1.66991 6 0
0 0 164.411 0 2.95874 a b -1.66298 6 0
0 0 164.371 0 2.95194 a b -1.65533 6 0
0 0 164.336 0 2.95163 a b -1.65165 6 0
0 0 164.306 0 2.94944 a b -1.64843 6 0
0 0 164.268 0 2.94492 a b -1.64303 6 0
0 0 164.233 0 2.94611 a b -1.63559 6 0
0 0 164.194 0 2.94255 a b -1.62941 6 0
0 0 164.152 0 2.94 a b -1.62578 6 0
0 0 164.119 0 2.93746 a b -1.62311 6 0
0 0 164.074 0 2.93609 a b -1.61993 6 0
0 0 164.034 0 2.93138 a b -1.61632 6 0
0 0 163.998 0 2.9292 a b -1.61214 6 0
0 0 163.956 0 2.92797 a b -1.60658 6 0
0 0 163.912 0 2.92336 a b -1.60067 6 0
0 0 163.866 0 2.91979 a b -1.59811 6 0
0 0 163.824 0 2.91895 a b -1.59437 6 0
0 0 163.787 0 2.92054 a b -1.59195 6 0
0 0 163.755 0 2.92295 a b -1.58974 6 0
0 0 163.719 0 2.92312 a b -1.58711 6 0
0 0 163.67 0 2.91852 a b -1.58484 6 0
0 0 163.622 0 2.9153 a b -1.58217 6 0
0 0 163.593 0 2.91409 a b -1.58047 6 0
0 0 163.559 0 2.91442 a b -1.57818 6 0
0 0 163.524 0 2.91587 a b -1.57659 6 0
0 0 163.491 0 2.91519 a b -1.57554 6 0
0 0 163.453 0 2.91306 a b -1.57543 6 0
0 0 163.415 0 2.91174 a b -1.57115 6 0
0 0 163.378 0 2.91475 a b -1.57135 6 0
0 0 163.332 0 2.91411 a b -1.5756 6 0
0 0 163.284 0 2.90993 a b -1.5759 6 0
0 0 163.252 0 2.90808 a b -1.57419 6 0
0 0 163.209 0 2.90871 a b -1.57505 6 0
0 0 163.169 0 2.90839 a b -1.57618 6 0
0 0 163.129 0 2.90605 a b -1.57514 6 0
0 0 163.088 0 2.90732 a b -1.57502 6 0
0 0 163.057 0 2.90686 a b -1.57513 6 0
0 0 163.016 0 2.90891 a b -1.57791 6 0
0 0 162.978 0 2.90158 a b -1.57746 6 0
0 0 162.934 0 2.89972 a b -1.57933 6 0
0 0 162.901 0 2.90048 a b -1.58027 6 0
0 0 162.867 0 2.90368 a b -1.58372 6 0
0 0 162.821 0 2.90363 a b -1.58874 6 0
0 0 162.78 0 2.90059 a b -1.59264 6 0
0 0 162.75 0 2.90076 a b -1.59397 6 0
0 0 162.71 0 2.89889 a b -1.59457 6 0
0 0 162.668 0 2.89657 a b -1.59468 6 0
0 0 162.632 0 2.89422 a b -1.59361 6 0
0 0 162.592 0 2.89045 a b -1.59363 6 0
0 0 162.553 0 2.88877 a b -1.59331 6 0
0 0 162.509 0 2.88549 a b -1.59288 6 0
0 0 162.471 0 2.88622 a b -1.59228 6 0
0 0 162.429 0 2.88368 a b -1.58958 6 0
0 0 162.384 0 2.88368 a b -1.59059 6 0
0 0 162.349 0 2.87955 a b -1.58987 6 0
0 0 162.304 0 2.88044 a b -1.58973 6 0
0 0 162.264 0 2.88043 a b -1.58929 6 0
0 0 162.227 0 2.87805 a b -1.58763 6 0
0 0 162.186 0 2.87733 a b -1.58411 6 0
0 0 162.151 0 2.87782 a b -1.58528 6 0
0 0 162.113 0 2.87896 a b -1.58621 6 0
0 0 162.075 0 2.87618 a b -1.58629 6 0
0 0 162.037 0 2.87508 a b -1.58747 6 0
0 0 162.007 0 2.87599 a b -1.5864 6 0
0 0 161.975 0 2.87464 a b -1.58349 6 0
0 0 161.939 0 2.87505 a b -1.58274 6 0
0 0 161.899 0 2.87249 a b -1.58377 6 0
0 0 161.863 0 2.86893 a b -1.58439 6 0
0 0 161.815 0 2.87153 a b -1.58497 6 0
0 0 161.781 0 2.86871 a b -1.58255 6 0
0 0 161.743 0 2.86806 a b -1.58248 6 0
0 0 161.704 0 2.86522 a b -1.58388 6 0
0 0 161.668 0 2.86601 a b -1.58286 6 0
0 0 161.62 0 2.86666 a b -1.58325 6 0
0 0 161.575 0 2.86291 a b -1.58367 6 0
0 0 161.538 0 2.86286 a b -1.58321 6 0
0 0 161.498 0 2.86091 a b -1.58204 6 0
0 0 161.455 0 2.85826 a b -1.57944 6 0
0 0 161.408 0 2.86459 a b -1.57863 6 0
0 0 161.372 0 2.86021 a b -1.57826 6 0
0 0 161.332 0 2.85971 a b -1.57894 6 0
0 0 161.29 0 2.86021 a b -1.58003 6 0
0 0 161.251 0 2.85642 a b -1.58024 6 0
0 0 161.21 0 2.8581 a b -1.57827 6 0
0 0 161.171 0 2.85825 a b -1.5745 6 0
0 0 161.129 0 2.85914 a b -1.5737 6 0
0 0 161.084 0 2.85978 a b -1.5763 6 0
0 0 161.048 0 2.86341 a b -1.57509 6 0
0 0 161.016 0 2.86365 a b -1.57369 6 0
0 0 160.969 0 2.86155 a b -1.57265 6 0
0 0 160.932 0 2.86164 a b -1.57284 6 0
0 0 160.899 0 2.86093 a b -1.57383 6 0
0 0 160.854 0 2.86097 a b -1.57395 6 0
0 0 160.81 0 2.85939 a b -1.57184 6 0
0 0 160.766 0 2.85921 a b -1.57057 6 0
0 0 160.726 0 2.85721 a b -1.57052 6 0
0 0 160.684 0 2.85664 a b -1.56986 6 0
0 0 160.644 0 2.85644 a b -1.56889 6 0
0 0 160.617 0 2.85647 a b -1.56932 6 0
0 0 160.579 0 2.85668 a b -1.5678 6 0
0 0 160.542 0 2.85576 a b -1.56793 6 0
0 0 160.5 0 2.85621 a b -1.56821 6 0
0 0 160.472 0 2.85719 a b -1.56802 6 0
0 0 160.439 0 2.85643 a b -1.56789 6 0
0 0 160.407 0 2.85531 a b -1.56527 6 0
0 0 160.369 0 2.85401 a b -1.56307 6 0
0 0 160.326 0 2.8541 a b -1.56271 6 0
0 0 160.292 0 2.85511 a b -1.56507 6 0
0 0 160.261 0 2.85571 a b -1.56672 6 0
0 0 160.228 0 2.85482 a b -1.56528 6 0
0 0 160.18 0 2.85515 a b -1.56242 6 0
0 0 160.138 0 2.85492 a b -1.56217 6 0
0 0 160.105 0 2.85322 a b -1.56465 6 0
0 0 160.07 0 2.85576 a b -1.56326 6 0
0 0 160.023 0 2.85829 a b -1.5619 6 0
0 0 159.99 0 2.85611 a b -1.56249 6 0
0 0 159.945 0 2.85742 a b -1.56298 6 0
0 0 159.901 0 2.85673 a b -1.56183 6 0
0 0 159.855 0 2.85371 a b -1.56105 6 0
0 0 159.82 0 2.85279 a b -1.56117 6 0
0 0 159.783 0 2.8535 a b -1.56156 6 0
0 0 159.747 0 2.8497 a b -1.56079 6 0
0 0 159.707 0 2.85196 a b -1.55959 6 0
0 0 159.671 0 2.85044 a b -1.56109 6 0
0 0 159.637 0 2.85133 a b -1.56145 6 0
0 0 159.604 0 2.85307 a b -1.55971 6 0
0 0 159.566 0 2.85405 a b -1.55849 6 0
0 0 159.53 0 2.8557 a b -1.55917 6 0
0 0 159.493 0 2.8549 a b -1.56056 6 0
0 0 159.46 0 2.85581 a b -1.5603 6 0
0 0 159.422 0 2.85653 a b -1.55707 6 0
0 0 159.367 0 2.85276 a b -1.55662 6 0
0 0 159.329 0 2.85207 a b -1.5566 6 0
0 0 159.297 0 2.85573 a b -1.55808 6 0
0 0 159.261 0 2.85395 a b -1.55855 6 0
0 0 159.223 0 2.85654 a b -1.55631 6 0
0 0 159.187 0 2.85535 a b -1.55595 6 0
0 0 159.14 0 2.85466 a b -1.55625 6 0
0 0 159.101 0 2.85231 a b -1.55707 6 0
0 0 159.066 0 2.85468 a b -1.55675 6 0
0 0 159.028 0 2.85508 a b -1.55525 6 0
0 0 158.992 0 2.85515 a b -1.55306 6 0
0 0 158.952 0 2.85408 a b -1.55218 6 0
0 0 158.915 0 2.85276 a b -1.55224 6 0
0 0 158.878 0 2.85438 a b -1.55226 6 0
0 0 158.845 0 2.85807 a b -1.55018 6 0
0 0 158.808 0 2.85723 a b -1.54878 6 0
0 0 158.774 0 2.85816 a b -1.54846 6 0
0 0 158.733 0 2.86064 a b -1.54859 6 0
0 0 158.699 0 2.86013 a b -1.55019 6 0
0 0 158.664 0 2.85987 a b -1.54993 6 0
0 0 158.623 0 2.86261 a b -1.54913 6 0
0 0 158.577 0 2.85915 a b -1.55033 6 0
0 0 158.538 0 2.8579 a b -1.55048 6 0
0 0 158.504 0 2.86256 a b -1.55004 6 0
0 0 158.466 0 2.86268 a b -1.55058 6 0
0 0 158.422 0 2.85961 a b -1.55351 6 0
0 0 158.38 0 2.85703 a b -1.55246 6 0
0 0 158.344 0 2.86017 a b -1.5515 6 0
0 0 158.31 0 2.86534 a b -1.55556 6 0
0 0 158.27 0 2.8659 a b -1.55893 6 0
0 0 158.229 0 2.86308 a b -1.56318 6 0
0 0 158.188 0 2.86297 a b -1.56514 6 0
0 0 158.155 0 2.8636 a b -1.56615 6 0
0 0 158.119 0 2.86632 a b -1.5668 6 0
0 0 158.084 0 2.86977 a b -1.57054 6 0
0 0 158.055 0 2.86873 a b -1.57727 6 0
0 0 158.023 0 2.87249 a b -1.58586 6 0
0 0 157.986 0 2.87271 a b -1.59586 6 0
0 0 157.947 0 2.86706 a b -1.60822 6 0
0 0 157.913 0 2.86921 a b -1.6175 6 0
0 0 157.877 0 2.87329 a b -1.62946 6 0
0 0 157.827 0 2.86614 a b -1.64644 6 0
0 0 157.772 0 2.85576 a b -1.64889 6 0
0 0 157.732 0 2.84945 a b -1.64339 6 0
0 0 157.696 0 2.84883 a b -1.63948 6 0
0 0 157.655 0 2.84745 a b -1.63734 6 0
0 0 157.617 0 2.84542 a b -1.63206 6 0
0 0 157.579 0 2.83934 a b -1.62843 6 0
0 0 157.535 0 2.83813 a b -1.62391 6 0
0 0 157.497 0 2.84013 a b -1.61553 6 0
0 0 157.463 0 2.84021 a b -1.60619 6 0
0 0 157.434 0 2.83837 a b -1.60144 6 0
0 0 157.399 0 2.83333 a b -1.59752 6 0
0 0 157.359 0 2.83247 a b -1.59097 6 0
0 0 157.32 0 2.82972 a b -1.58023 6 0
0 0 157.28 0 2.82519 a b -1.56606 6 0
0 0 157.243 0 2.82293 a b -1.55065 6 0
0 0 157.218 0 2.82591 a b -1.53885 6 0
0 0 157.179 0 2.82934 a b -1.53281 6 0
0 0 157.144 0 2.8274 a b -1.52215 6 0
0 0 157.11 0 2.8309 a b -1.51384 6 0
0 0 157.074 0 2.83304 a b -1.509 6 0
0 0 157.038 0 2.83513 a b -1.50687 6 0
0 0 156.999 0 2.83692 a b -1.5085 6 0
0 0 156.956 0 2.83731 a b -1.5085 6 0
0 0 156.919 0 2.83948 a b -1.50967 6 0
0 0 156.88 0 2.84063 a b -1.51104 6 0
0 0 156.837 0 2.84364 a b -1.51 6 0
0 0 156.803 0 2.84107 a b -1.51514 6 0
0 0 156.77 0 2.84298 a b -1.52896 6 0
0 0 156.732 0 2.84541 a b -1.54444 6 0
0 0 156.7 0 2.84733 a b -1.5598 6 0
0 0 156.661 0 2.85019 a b -1.58481 6 0
0 0 156.625 0 2.85198 a b -1.60537 6 0
0 0 156.591 0 2.84855 a b -1.61472 6 0
0 0 156.557 0 2.85202 a b -1.62981 6 0
0 0 156.524 0 2.85708 a b -1.64725 6 0
0 0 156.482 0 2.85907 a b -1.65328 6 0
0 0 156.445 0 2.85306 a b -1.65127 6 0
0 0 156.407 0 2.84968 a b -1.64825 6 0
0 0 156.371 0 2.84753 a b -1.64824 6 0
0 0 156.334 0 2.84604 a b -1.64655 6 0
0 0 156.293 0 2.83879 a b -1.64401 6 0
0 0 156.254 0 2.83552 a b -1.64228 6 0
0 0 156.215 0 2.82934 a b -1.64009 6 0
0 0 156.18 0 2.82159 a b -1.63667 6 0
0 0 156.139 0 2.81705 a b -1.63407 6 0
0 0 156.096 0 2.81465 a b -1.63351 6 0
0 0 156.054 0 2.8122 a b -1.63472 6 0
0 0 156.011 0 2.80786 a b -1.63489 6 0
0 0 155.97 0 2.80462 a b -1.63394 6 0
0 0 155.93 0 2.80562 a b -1.63051 6 0
0 0 155.89 0 2.80071 a b -1.62622 6 0
0 0 155.846 0 2.79842 a b -1.62459 6 0
0 0 155.806 0 2.7959 a b -1.62432 6 0
0 0 155.77 0 2.79671 a b -1.62553 6 0
0 0 155.735 0 2.79307 a b -1.62447 6 0
0 0 155.695 0 2.79133 a b -1.62028 6 0
0 0 155.658 0 2.78711 a b -1.61686 6 0
0 0 155.624 0 2.78173 a b -1.61514 6 0
0 0 155.587 0 2.77891 a b -1.6137 6 0
0 0 155.55 0 2.77627 a b -1.61315 6 0
0 0 155.513 0 2.7775 a b -1.61114 6 0
0 0 155.475 0 2.77518 a b -1.6096 6 0
0 0 155.438 0 2.77152 a b -1.60841 6 0
0 0 155.404 0 2.76747 a b -1.60564 6 0
0 0 155.361 0 2.76393 a b -1.60296 6 0
0 0 155.321 0 2.76078 a b -1.60374 6 0
0 0 155.282 0 2.76236 a b -1.60341 6 0
0 0 155.243 0 2.76048 a b -1.60173 6 0
0 0 155.196 0 2.75679 a b -1.60011 6 0
0 0 155.16 0 2.75553 a b -1.60061 6 0
0 0 155.123 0 2.75328 a b -1.59859 6 0
0 0 155.083 0 2.75152 a b -1.59498 6 0
0 0 155.04 0 2.74508 a b -1.5933 6 0
0 0 155.001 0 2.74502 a b -1.59468 6 0
0 0 154.973 0 2.74485 a b -1.59415 6 0
0 0 154.94 0 2.74384 a b -1.59295 6 0
0 0 154.901 0 2.7449 a b -1.59012 6 0
0 0 154.867 0 2.74084 a b -1.5897 6 0
0 0 154.83 0 2.74226 a b -1.58812 6 0
0 0 154.797 0 2.74152 a b -1.58624 6 0
0 0 154.762 0 2.74 a b -1.58511 6 0
0 0 154.725 0 2.73479 a b -1.58569 6 0
0 0 154.687 0 2.73897 a b -1.58345 6 0
0 0 154.646 0 2.73616 a b -1.58233 6 0
0 0 154.605 0 2.73434 a b -1.58162 6 0
0 0 154.565 0 2.72671 a b -1.58115 6 0
0 0 154.527 0 2.72714 a b -1.58055 6 0
0 0 154.493 0 2.72827 a b -1.58015 6 0
0 0 154.45 0 2.72598 a b -1.58082 6 0
0 0 154.403 0 2.72238 a b -1.58129 6 0
0 0 154.363 0 2.71595 a b -1.57972 6 0
0 0 154.33 0 2.72152 a b -1.57689 6 0
0 0 154.29 0 2.72401 a b -1.57491 6 0
0 0 154.253 0 2.72001 a b -1.57852 6 0
0 0 154.215 0 2.71795 a b -1.57974 6 0
0 0 154.177 0 2.71635 a b -1.5777 6 0
0 0 154.142 0 2.71877 a b -1.57434 6 0
0 0 154.106 0 2.71512 a b -1.57377 6 0
0 0 154.069 0 2.71709 a b -1.57303 6 0
0 0 154.037 0 2.71738 a b -1.57109 6 0
0 0 153.996 0 2.71734 a b -1.5717 6 0
0 0 153.96 0 2.71465 a b -1.57327 6 0
0 0 153.919 0 2.71198 a b -1.57164 6 0
0 0 153.879 0 2.70851 a b -1.56664 6 0
0 0 153.841 0 2.7092 a b -1.56365 6 0
0 0 153.798 0 2.7016 a b -1.56259 6 0
0 0 153.758 0 2.70085 a b -1.56399 6 0
0 0 153.715 0 2.7029 a b -1.56487 6 0
0 0 153.674 0 2.70153 a b -1.56516 6 0
0 0 153.635 0 2.6996 a b -1.56326 6 0
0 0 153.595 0 2.69583 a b -1.56302 6 0
0 0 153.552 0 2.69338 a b -1.56093 6 0
0 0 153.513 0 2.69264 a b -1.55801 6 0
0 0 153.477 0 2.69661 a b -1.55709 6 0
0 0 153.434 0 2.6939 a b -1.55761 6 0
0 0 153.399 0 2.69525 a b -1.55728 6 0
0 0 153.364 0 2.69699 a b -1.55492 6 0
0 0 153.332 0 2.70107 a b -1.55376 6 0
0 0 153.289 0 2.69979 a b -1.55313 6 0
0 0 153.249 0 2.70012 a b -1.55259 6 0
0 0 153.215 0 2.69976 a b -1.5519 6 0
0 0 153.181 0 2.70055 a b -1.55143 6 0
0 0 153.141 0 2.7016 a b -1.55196 6 0
0 0 153.103 0 2.69945 a b -1.55192 6 0
0 0 153.068 0 2.69681 a b -1.5514 6 0
0 0 153.032 0 2.69985 a b -1.55342 6 0
0 0 152.985 0 2.69723 a b -1.55218 6 0
0 0 152.951 0 2.69826 a b -1.55102 6 0
0 0 152.911 0 2.69902 a b -1.55333 6 0
0 0 152.873 0 2.70135 a b -1.552 6 0
0 0 152.838 0 2.70339 a b -1.55176 6 0
0 0 152.796 0 2.6988 a b -1.55569 6 0
0 0 152.753 0 2.69867 a b -1.5567 6 0
0 0 152.712 0 2.70301 a b -1.55468 6 0
0 0 152.68 0 2.70505 a b -1.55521 6 0
0 0 152.64 0 2.7029 a b -1.55873 6 0
0 0 152.601 0 2.70362 a b -1.56115 6 0
0 0 152.564 0 2.70225 a b -1.56178 6 0
0 0 152.529 0 2.70451 a b -1.56151 6 0
0 0 152.497 0 2.70357 a b -1.56287 6 0
0 0 152.457 0 2.70168 a b -1.56175 6 0
0 0 152.422 0 2.70269 a b -1.56286 6 0
0 0 152.388 0 2.70141 a b -1.56332 6 0
0 0 152.347 0 2.70294 a b -1.56589 6 0
0 0 152.308 0 2.7025 a b -1.5699 6 0
0 0 152.273 0 2.70485 a b -1.57212 6 0
0 0 152.232 0 2.7026 a b -1.57207 6 0
0 0 152.197 0 2.69742 a b -1.57322 6 0
0 0 152.161 0 2.70006 a b -1.57544 6 0
0 0 152.117 0 2.70004 a b -1.57843 6 0
0 0 152.079 0 2.69662 a b -1.57758 6 0
0 0 152.036 0 2.69682 a b -1.57785 6 0
0 0 152 0 2.69225 a b -1.57864 6 0
0 0 151.964 0 2.69534 a b -1.57707 6 0
0 0 151.927 0 2.69429 a b -1.57512 6 0
0 0 151.891 0 2.69244 a b -1.57451 6 0
0 0 151.851 0 2.69405 a b -1.57628 6 0
0 0 151.817 0 2.69426 a b -1.5751 6 0
0 0 151.78 0 2.69654 a b -1.57118 6 0
0 0 151.744 0 2.69405 a b -1.5692 6 0
0 0 151.709 0 2.69234 a b -1.56663 6 0
0 0 151.669 0 2.69297 a b -1.5656 6 0
0 0 151.634 0 2.69318 a b -1.56478 6 0
0 0 151.601 0 2.69241 a b -1.56527 6 0
0 0 151.562 0 2.69352 a b -1.5636 6 0
0 0 151.52 0 2.68862 a b -1.56258 6 0
0 0 151.485 0 2.69097 a b -1.56291 6 0
0 0 151.45 0 2.68998 a b -1.5629 6 0
0 0 151.409 0 2.68551 a b -1.56065 6 0
0 0 151.369 0 2.68351 a b -1.56145 6 0
0 0 151.333 0 2.68466 a b -1.56113 6 0
0 0 151.291 0 2.6881 a b -1.56004 6 0
0 0 151.249 0 2.68804 a b -1.55874 6 0
0 0 151.206 0 2.6871 a b -1.55935 6 0
0 0 151.166 0 2.68681 a b -1.55745 6 0
0 0 151.122 0 2.68693 a b -1.55598 6 0
0 0 151.082 0 2.6864 a b -1.55551 6 0
0 0 151.048 0 2.68854 a b -1.55591 6 0
0 0 151.014 0 2.68892 a b -1.55521 6 0
0 0 150.976 0 2.68971 a b -1.55357 6 0
0 0 150.937 0 2.68771 a b -1.55236 6 0
0 0 150.905 0 2.68808 a b -1.55132 6 0
0 0 150.869 0 2.68742 a b -1.54824 6 0
0 0 150.832 0 2.68481 a b -1.54934 6 0
0 0 150.797 0 2.68595 a b -1.54944 6 0
0 0 150.753 0 2.6845 a b -1.54824 6 0
0 0 150.717 0 2.69029 a b -1.54627 6 0
0 0 150.682 0 2.68949 a b -1.54629 6 0
0 0 150.642 0 2.68906 a b -1.54555 6 0
0 0 150.604 0 2.69018 a b -1.54521 6 0
0 0 150.566 0 2.68709 a b -1.54477 6 0
0 0 150.525 0 2.68787 a b -1.54292 6 0
0 0 150.484 0 2.68629 a b -1.54136 6 0
0 0 150.444 0 2.68935 a b -1.54296 6 0
0 0 150.409 0 2.6918 a b -1.54287 6 0
0 0 150.366 0 2.69055 a b -1.53922 6 0
0 0 150.33 0 2.69096 a b -1.53923 6 0
0 0 150.296 0 2.691 a b -1.53874 6 0
0 0 150.253 0 2.68988 a b -1.5359 6 0
0 0 150.213 0 2.69097 a b -1.53406 6 0
0 0 150.178 0 2.69115 a b -1.53438 6 0
0 0 150.139 0 2.6918 a b -1.53521 6 0
0 0 150.1 0 2.69219 a b -1.53203 6 0
0 0 150.066 0 2.69886 a b -1.53096 6 0
0 0 150.032 0 2.70312 a b -1.53136 6 0
0 0 149.999 0 2.7028 a b -1.53315 6 0
0 0 149.961 0 2.70328 a b -1.53236 6 0
0 0 149.924 0 2.70276 a b -1.5314 6 0
0 0 149.879 0 2.70605 a b -1.53208 6 0
0 0 149.841 0 2.70632 a b -1.53222 6 0
0 0 149.805 0 2.70105 a b -1.53075 6 0
0 0 149.767 0 2.69647 a b -1.53281 6 0
0 0 149.726 0 2.70256 a b -1.53273 6 0
0 0 149.684 0 2.70522 a b -1.53292 6 0
0 0 149.646 0 2.70504 a b -1.53226 6 0
0 0 149.608 0 2.70304 a b -1.53224 6 0
0 0 149.571 0 2.70716 a b -1.53073 6 0
0 0 149.531 0 2.70833 a b -1.53136 6 0
0 0 149.497 0 2.70926 a b -1.53057 6 0
0 0 149.456 0 2.70717 a b -1.53034 6 0
0 0 149.423 0 2.712 a b -1.52959 6 0
0 0 149.39 0 2.71818 a b -1.52928 6 0
0 0 149.349 0 2.71981 a b -1.52759 6 0
0 0 149.311 0 2.71975 a b -1.52661 6 0
0 0 149.27 0 2.71936 a b -1.52523 6 0
0 0 149.225 0 2.71636 a b -1.52525 6 0
0 0 149.186 0 2.71391 a b -1.52598 6 0
0 0 149.148 0 2.7159 a b -1.52503 6 0
0 0 149.112 0 2.72001 a b -1.52322 6 0
0 0 149.068 0 2.723 a b -1.52378 6 0
0 0 149.027 0 2.72385 a b -1.52374 6 0
0 0 148.99 0 2.72308 a b -1.52266 6 0
0 0 148.956 0 2.72611 a b -1.52421 6 0
0 0 148.92 0 2.7306 a b -1.52368 6 0
0 0 148.877 0 2.73276 a b -1.52122 6 0
0 0 148.834 0 2.73402 a b -1.52368 6 0
0 0 148.795 0 2.73257 a b -1.52387 6 0
0 0 148.762 0 2.7364 a b -1.52524 6 0
0 0 148.73 0 2.73758 a b -1.52789 6 0
0 0 148.699 0 2.73861 a b -1.53189 6 0
0 0 148.662 0 2.73956 a b -1.53376 6 0
0 0 148.625 0 2.74314 a b -1.53379 6 0
0 0 148.587 0 2.744 a b -1.53372 6 0
0 0 148.552 0 2.74691 a b -1.53494 6 0
0 0 148.516 0 2.75015 a b -1.54003 6 0
0 0 148.485 0 2.75604 a b -1.54641 6 0
0 0 148.448 0 2.75675 a b -1.55438 6 0
0 0 148.411 0 2.76032 a b -1.55957 6 0
0 0 148.369 0 2.76023 a b -1.56461 6 0
0 0 148.326 0 2.75523 a b -1.56649 6 0
0 0 148.286 0 2.751 a b -1.5631 6 0
0 0 148.25 0 2.75147 a b -1.5615 6 0
0 0 148.214 0 2.75062 a b -1.56309 6 0
0 0 148.174 0 2.74944 a b -1.56333 6 0
0 0 148.131 0 2.75206 a b -1.55878 6 0
0 0 148.095 0 2.74919 a b -1.5574 6 0
0 0 148.056 0 2.75121 a b -1.55945 6 0
0 0 148.02 0 2.74984 a b -1.55923 6 0
0 0 147.982 0 2.74939 a b -1.55641 6 0
0 0 147.955 0 2.74587 a b -1.55378 6 0
0 0 147.914 0 2.7442 a b -1.55319 6 0
0 0 147.874 0 2.74879 a b -1.55221 6 0
0 0 147.842 0 2.75075 a b -1.55203 6 0
0 0 147.806 0 2.75375 a b -1.55061 6 0
0 0 147.772 0 2.75204 a b -1.54997 6 0
0 0 147.739 0 2.75746 a b -1.54878 6 0
0 0 147.701 0 2.7559 a b -1.55008 6 0
0 0 147.663 0 2.75369 a b -1.55003 6 0
0 0 147.628 0 2.75169 a b -1.54739 6 0
0 0 147.587 0 2.75272 a b -1.54732 6 0
0 0 147.542 0 2.75192 a b -1.54727 6 0
0 0 147.499 0 2.75071 a b -1.54645 6 0
0 0 147.455 0 2.74481 a b -1.54445 6 0
0 0 147.419 0 2.7434 a b -1.54381 6 0
0 0 147.374 0 2.74667 a b -1.54195 6 0
0 0 147.331 0 2.74209 a b -1.53952 6 0
0 0 147.291 0 2.74407 a b -1.54176 6 0
0 0 147.256 0 2.74928 a b -1.54205 6 0
0 0 147.224 0 2.75105 a b -1.53857 6 0
0 0 147.188 0 2.75288 a b -1.53454 6 0
0 0 147.152 0 2.74972 a b -1.53429 6 0
0 0 147.117 0 2.75293 a b -1.53379 6 0
0 0 147.084 0 2.75529 a b -1.53383 6 0
0 0 147.053 0 2.76028 a b -1.53158 6 0
0 0 147.018 0 2.75611 a b -1.53034 6 0
0 0 146.977 0 2.75736 a b -1.52829 6 0
0 0 146.942 0 2.75518 a b -1.52796 6 0
0 0 146.906 0 2.7535 a b -1.53065 6 0
0 0 146.87 0 2.75808 a b -1.52809 6 0
0 0 146.821 0 2.76045 a b -1.52538 6 0
0 0 146.779 0 2.76021 a b -1.52785 6 0
0 0 146.747 0 2.76215 a b -1.52595 6 0
0 0 146.704 0 2.76196 a b -1.52279 6 0
0 0 146.664 0 2.75969 a b -1.52343 6 0
0 0 146.622 0 2.75959 a b -1.52398 6 0
0 0 146.577 0 2.76129 a b -1.52231 6 0
0 0 146.534 0 2.76502 a b -1.52054 6 0
0 0 146.495 0 2.76696 a b -1.52034 6 0
0 0 146.452 0 2.76258 a b -1.52027 6 0
0 0 146.413 0 2.76244 a b -1.51956 6 0
0 0 146.369 0 2.76366 a b -1.51702 6 0
0 0 146.335 0 2.76486 a b -1.5167 6 0
0 0 146.301 0 2.7685 a b -1.51583 6 0
0 0 146.262 0 2.7768 a b -1.51673 6 0
0 0 146.218 0 2.77874 a b -1.51505 6 0
0 0 146.175 0 2.78434 a b -1.51268 6 0
0 0 146.137 0 2.78212 a b -1.5135 6 0
0 0 146.103 0 2.78428 a b -1.51524 6 0
0 0 146.071 0 2.78807 a b -1.51375 6 0
0 0 146.039 0 2.79365 a b -1.51432 6 0
0 0 146.002 0 2.79042 a b -1.51686 6 0
0 0 145.967 0 2.7862 a b -1.51613 6 0
0 0 145.929 0 2.79143 a b -1.51202 6 0
0 0 145.881 0 2.79467 a b -1.51077 6 0
0 0 145.839 0 2.79713 a b -1.51536 6 0
0 0 145.799 0 2.79615 a b -1.52024 6 0
0 0 145.761 0 2.79807 a b -1.52091 6 0
0 0 145.723 0 2.80266 a b -1.51849 6 0
0 0 145.691 0 2.80495 a b -1.51716 6 0
0 0 145.649 0 2.8034 a b -1.51608 6 0
0 0 145.609 0 2.8033 a b -1.51661 6 0
0 0 145.574 0 2.80636 a b -1.51757 6 0
0 0 145.537 0 2.80574 a b -1.52215 6 0
0 0 145.501 0 2.80734 a b -1.52179 6 0
0 0 145.459 0 2.81021 a b -1.51944 6 0
0 0 145.423 0 2.80937 a b -1.51797 6 0
0 0 145.382 0 2.80984 a b -1.51822 6 0
0 0 145.342 0 2.81343 a b -1.52168 6 0
0 0 145.303 0 2.81235 a b -1.52357 6 0
0 0 145.265 0 2.81467 a b -1.52493 6 0
0 0 145.222 0 2.8166 a b -1.52761 6 0
0 0 145.178 0 2.82217 a b -1.52871 6 0
0 0 145.137 0 2.82295 a b -1.53219 6 0
0 0 145.097 0 2.82042 a b -1.53606 6 0
0 0 145.057 0 2.8219 a b -1.53652 6 0
0 0 145.01 0 2.82611 a b -1.53963 6 0
0 0 144.97 0 2.82539 a b -1.54712 6 0
0 0 144.94 0 2.82077 a b -1.55468 6 0
0 0 144.92 0 2.80929 a b -1.55849 6 0
0 0 144.859 0 2.80302 a b -1.56621 6 0
0 0 144.789 0 2.80254 a b -1.58428 6 0
0 0 144.732 0 2.80268 a b -1.59708 6 0
0 0 144.668 0 2.80364 a b -1.60832 6 0
0 0 144.613 0 2.80026 a b -1.62294 6 0
0 0 144.562 0 2.79936 a b -1.63222 6 0
0 0 144.516 0 2.79859 a b -1.64102 6 0
0 0 144.475 0 2.7942 a b -1.65042 6 0
0 0 144.438 0 2.78661 a b -1.65693 6 0
0 0 144.4 0 2.78528 a b -1.66265 6 0
0 0 144.371 0 2.77561 a b -1.67255 6 0
0 0 144.371 0 2.76291 a b -1.67874 6 0
0 0 144.394 0 2.75556 a b -1.6781 6 0
0 0 144.393 0 2.73947 a b -1.68088 6 0
0 0 144.379 0 2.73256 a b -1.68909 6 0
0 0 144.352 0 2.72915 a b -1.69347 6 0
0 0 144.314 0 2.72268 a b -1.69009 6 0
0 0 144.291 0 2.72045 a b -1.68717 6 0
0 0 144.261 0 2.71429 a b -1.68642 6 0
0 0 144.226 0 2.70864 a b -1.68857 6 0
0 0 144.186 0 2.70874 a b -1.68626 6 0
0 0 144.164 0 2.70577 a b -1.67924 6 0
0 0 144.14 0 2.69842 a b -1.67672 6 0
0 0 144.103 0 2.69217 a b -1.67558 6 0
0 0 144.071 0 2.69494 a b -1.67137 6 0
0 0 144.049 0 2.70468 a b -1.66462 6 0
0 0 144.03 0 2.70955 a b -1.66589 6 0
0 0 144.007 0 2.71072 a b -1.66319 6 0
0 0 143.985 0 2.71382 a b -1.65576 6 0
0 0 143.955 0 2.71211 a b -1.6452 6 0
0 0 143.927 0 2.70903 a b -1.6373 6 0
0 0 143.9 0 2.70183 a b -1.63667 6 0
0 0 143.868 0 2.69306 a b -1.64085 6 0
0 0 143.828 0 2.68756 a b -1.64495 6 0
0 0 143.772 0 2.68686 a b -1.6421 6 0
0 0 143.721 0 2.68567 a b -1.6309 6 0
0 0 143.667 0 2.6953 a b -1.62318 6 0
0 0 143.598 0 2.70263 a b -1.6169 6 0
0 0 143.511 0 2.70461 a b -1.61168 6 0
0 0 143.423 0 2.70644 a b -1.61016 6 0
0 0 143.354 0 2.70692 a b -1.60438 6 0
0 0 143.303 0 2.70634 a b -1.60156 6 0
0 0 143.256 0 2.70568 a b -1.59739 6 0
0 0 143.213 0 2.70844 a b -1.59254 6 0
0 0 143.171 0 2.70692 a b -1.58723 6 0
0 0 143.132 0 2.70183 a b -1.58414 6 0
0 0 143.098 0 2.69725 a b -1.58293 6 0
0 0 143.062 0 2.69854 a b -1.58291 6 0
0 0 143.03 0 2.6983 a b -1.58209 6 0
0 0 142.995 0 2.69219 a b -1.58034 6 0
0 0 142.968 0 2.68599 a b -1.58085 6 0
0 0 142.928 0 2.68756 a b -1.57966 6 0
0 0 142.887 0 2.68369 a b -1.57895 6 0
0 0 142.846 0 2.68539 a b -1.57889 6 0
0 0 142.807 0 2.68361 a b -1.57834 6 0
0 0 142.771 0 2.6814 a b -1.57919 6 0
0 0 142.726 0 2.68057 a b -1.57892 6 0
0 0 142.681 0 2.68236 a b -1.57879 6 0
0 0 142.638 0 2.6811 a b -1.58014 6 0
0 0 142.593 0 2.67998 a b -1.57972 6 0
0 0 142.551 0 2.67951 a b -1.58087 6 0
0 0 142.507 0 2.67853 a b -1.57937 6 0
0 0 142.46 0 2.67508 a b -1.57861 6 0
0 0 142.421 0 2.67673 a b -1.58172 6 0
0 0 142.391 0 2.67416 a b -1.5855 6 0
0 0 142.351 0 2.67381 a b -1.58612 6 0
0 0 142.316 0 2.67366 a b -1.58868 6 0
0 0 142.278 0 2.67176 a b -1.58928 6 0
0 0 142.239 0 2.6738 a b -1.59186 6 0
0 0 142.201 0 2.66853 a b -1.59561 6 0
0 0 142.167 0 2.67146 a b -1.5994 6 0
0 0 142.13 0 2.67136 a b -1.60017 6 0
0 0 142.087 0 2.67113 a b -1.60259 6 0
0 0 142.049 0 2.67274 a b -1.6061 6 0
0 0 142.011 0 2.67231 a b -1.61073 6 0
0 0 141.972 0 2.66711 a b -1.61193 6 0
0 0 141.932 0 2.66881 a b -1.61142 6 0
0 0 141.891 0 2.66431 a b -1.61167 6 0
0 0 141.854 0 2.6614 a b -1.6113 6 0
0 0 141.811 0 2.65932 a b -1.60955 6 0
0 0 141.769 0 2.65729 a b -1.60956 6 0
0 0 141.73 0 2.65317 a b -1.6083 6 0
0 0 141.688 0 2.64837 a b -1.60644 6 0
0 0 141.651 0 2.64128 a b -1.60645 6 0
0 0 141.618 0 2.64213 a b -1.60521 6 0
0 0 141.585 0 2.64176 a b -1.60354 6 0
0 0 141.547 0 2.64181 a b -1.60185 6 0
0 0 141.51 0 2.64394 a b -1.60099 6 0
0 0 141.475 0 2.64325 a b -1.60039 6 0
0 0 141.44 0 2.64337 a b -1.59843 6 0
0 0 141.406 0 2.63991 a b -1.59814 6 0
0 0 141.366 0 2.63507 a b -1.60018 6 0
0 0 141.326 0 2.63224 a b -1.59785 6 0
0 0 141.287 0 2.63311 a b -1.5954 6 0
0 0 141.246 0 2.63467 a b -1.59579 6 0
0 0 141.211 0 2.63362 a b -1.59493 6 0
0 0 141.172 0 2.62789 a b -1.59469 6 0
0 0 141.133 0 2.62265 a b -1.59681 6 0
0 0 141.089 0 2.61966 a b -1.59339 6 0
0 0 141.055 0 2.62406 a b -1.59163 6 0
0 0 141.013 0 2.62893 a b -1.59329 6 0
0 0 140.973 0 2.62893 a b -1.59793 6 0
0 0 140.93 0 2.62005 a b -1.60197 6 0
0 0 140.884 0 2.61844 a b -1.59984 6 0
0 0 140.854 0 2.62345 a b -1.59897 6 0
0 0 140.819 0 2.62141 a b -1.60078 6 0
0 0 140.78 0 2.62316 a b -1.60307 6 0
0 0 140.747 0 2.62279 a b -1.60487 6 0
0 0 140.713 0 2.62597 a b -1.60601 6 0
0 0 140.673 0 2.62326 a b -1.60896 6 0
0 0 140.641 0 2.62809 a b -1.61236 6 0
0 0 140.605 0 2.62098 a b -1.61419 6 0
0 0 140.57 0 2.61958 a b -1.61866 6 0
0 0 140.532 0 2.61342 a b -1.62031 6 0
0 0 140.495 0 2.61449 a b -1.62106 6 0
0 0 140.466 0 2.61576 a b -1.62259 6 0
0 0 140.43 0 2.61469 a b -1.62519 6 0
0 0 140.395 0 2.60866 a b -1.62741 6 0
0 0 140.355 0 2.60636 a b -1.62917 6 0
0 0 140.315 0 2.60433 a b -1.63002 6 0
0 0 140.273 0 2.60016 a b -1.6304 6 0
0 0 140.233 0 2.59739 a b -1.62992 6 0
0 0 140.192 0 2.59431 a b -1.62925 6 0
0 0 140.152 0 2.5942 a b -1.62928 6 0
0 0 140.109 0 2.58808 a b -1.6281 6 0
0 0 140.069 0 2.58553 a b -1.62906 6 0
0 0 140.028 0 2.58024 a b -1.62937 6 0
0 0 139.988 0 2.57465 a b -1.62795 6 0
0 0 139.95 0 2.57453 a b -1.62522 6 0
0 0 139.909 0 2.57251 a b -1.62694 6 0
0 0 139.874 0 2.57194 a b -1.62886 6 0
0 0 139.833 0 2.56971 a b -1.62733 6 0
0 0 139.798 0 2.57042 a b -1.62805 6 0
0 0 139.764 0 2.56432 a b -1.62597 6 0
0 0 139.733 0 2.56387 a b -1.62878 6 0
0 0 139.698 0 2.56014 a b -1.63177 6 0
0 0 139.658 0 2.5639 a b -1.63495 6 0
0 0 139.622 0 2.565 a b -1.6361 6 0
0 0 139.587 0 2.56214 a b -1.63486 6 0
0 0 139.546 0 2.55489 a b -1.63459 6 0
0 0 139.507 0 2.55001 a b -1.63495 6 0
0 0 139.472 0 2.5476 a b -1.63559 6 0
0 0 139.429 0 2.54226 a b -1.64029 6 0
0 0 139.387 0 2.53717 a b -1.64307 6 0
0 0 139.348 0 2.53622 a b -1.64374 6 0
0 0 139.308 0 2.53454 a b -1.64312 6 0
0 0 139.267 0 2.53024 a b -1.64144 6 0
0 0 139.229 0 2.52475 a b -1.64112 6 0
0 0 139.188 0 2.52621 a b -1.64011 6 0
0 0 139.146 0 2.52146 a b -1.63971 6 0
0 0 139.108 0 2.52224 a b -1.638 6 0
0 0 139.069 0 2.52073 a b -1.63632 6 0
0 0 139.036 0 2.51367 a b -1.63517 6 0
0 0 138.999 0 2.51382 a b -1.63677 6 0
0 0 138.966 0 2.50887 a b -1.63677 6 0
0 0 138.927 0 2.50513 a b -1.63452 6 0
0 0 138.892 0 2.50576 a b -1.63445 6 0
0 0 138.852 0 2.5087 a b -1.6356 6 0
0 0 138.813 0 2.50952 a b -1.63336 6 0
0 0 138.773 0 2.50339 a b -1.63193 6 0
0 0 138.736 0 2.50199 a b -1.633 6 0
0 0 138.705 0 2.50309 a b -1.63259 6 0
0 0 138.663 0 2.49445 a b -1.63114 6 0
0 0 138.624 0 2.48871 a b -1.63015 6 0
0 0 138.59 0 2.48566 a b -1.63012 6 0
0 0 138.554 0 2.48175 a b -1.63016 6 0
0 0 138.514 0 2.47861 a b -1.63088 6 0
0 0 138.477 0 2.47677 a b -1.63015 6 0
0 0 138.443 0 2.47797 a b -1.62946 6 0
0 0 138.4 0 2.47995 a b -1.62809 6 0
0 0 138.361 0 2.47427 a b -1.62692 6 0
0 0 138.324 0 2.47618 a b -1.6256 6 0
0 0 138.29 0 2.47257 a b -1.62388 6 0
0 0 138.251 0 2.47043 a b -1.62347 6 0
0 0 138.218 0 2.47063 a b -1.62462 6 0
0 0 138.186 0 2.47208 a b -1.62333 6 0
0 0 138.144 0 2.46488 a b -1.62017 6 0
0 0 138.111 0 2.46315 a b -1.62188 6 0
0 0 138.079 0 2.46376 a b -1.62378 6 0
0 0 138.037 0 2.46391 a b -1.62032 6 0
0 0 137.998 0 2.45829 a b -1.61994 6 0
0 0 137.966 0 2.4566 a b -1.62071 6 0
0 0 137.926 0 2.45581 a b -1.62144 6 0
0 0 137.882 0 2.45305 a b -1.6204 6 0
0 0 137.843 0 2.44938 a b -1.61985 6 0
0 0 137.811 0 2.44622 a b -1.6189 6 0
0 0 137.764 0 2.44744 a b -1.61886 6 0
0 0 137.724 0 2.44428 a b -1.61863 6 0
0 0 137.688 0 2.44512 a b -1.61685 6 0
0 0 137.645 0 2.4439 a b -1.61612 6 0
0 0 137.607 0 2.44521 a b -1.6161 6 0
0 0 137.573 0 2.44392 a b -1.61507 6 0
0 0 137.534 0 2.44321 a b -1.61203 6 0
0 0 137.501 0 2.44405 a b -1.61108 6 0
0 0 137.464 0 2.44284 a b -1.61101 6 0
0 0 137.431 0 2.4438 a b -1.60963 6 0
0 0 137.395 0 2.43859 a b -1.60884 6 0
0 0 137.357 0 2.43911 a b -1.60893 6 0
0 0 137.322 0 2.43813 a b -1.61118 6 0
0 0 137.284 0 2.43449 a b -1.61057 6 0
0 0 137.243 0 2.43414 a b -1.60784 6 0
0 0 137.203 0 2.43297 a b -1.6079 6 0
0 0 137.163 0 2.42922 a b -1.61036 6 0
0 0 137.12 0 2.42981 a b -1.60943 6 0
0 0 137.082 0 2.42994 a b -1.60788 6 0
0 0 137.038 0 2.42761 a b -1.60603 6 0
0 0 136.994 0 2.42432 a b -1.60539 6 0
0 0 136.955 0 2.42308 a b -1.60496 6 0
0 0 136.921 0 2.42037 a b -1.60656 6 0
0 0 136.884 0 2.4185 a b -1.60604 6 0
0 0 136.843 0 2.41803 a b -1.60647 6 0
0 0 136.803 0 2.41503 a b -1.60658 6 0
0 0 136.766 0 2.41473 a b -1.60441 6 0
0 0 136.728 0 2.41765 a b -1.60315 6 0
0 0 136.692 0 2.41761 a b -1.60371 6 0
0 0 136.656 0 2.41863 a b -1.60294 6 0
0 0 136.621 0 2.41551 a b -1.6021 6 0
0 0 136.585 0 2.41379 a b -1.6013 6 0
0 0 136.544 0 2.41412 a b -1.60224 6 0
0 0 136.505 0 2.41639 a b -1.60303 6 0
0 0 136.467 0 2.41238 a b -1.6005 6 0
0 0 136.43 0 2.41315 a b -1.59901 6 0
0 0 136.389 0 2.40873 a b -1.6003 6 0
0 0 136.347 0 2.40525 a b -1.60197 6 0
0 0 136.307 0 2.40276 a b -1.60019 6 0
0 0 136.271 0 2.40195 a b -1.59925 6 0
0 0 136.236 0 2.40168 a b -1.5993 6 0
0 0 136.197 0 2.39923 a b -1.59864 6 0
0 0 136.157 0 2.4009 a b -1.59625 6 0
0 0 136.12 0 2.39771 a b -1.59743 6 0
0 0 136.082 0 2.39809 a b -1.59707 6 0
0 0 136.047 0 2.39948 a b -1.59557 6 0
0 0 136.008 0 2.39991 a b -1.59534 6 0
0 0 135.97 0 2.39801 a b -1.59425 6 0
0 0 135.93 0 2.40239 a b -1.59319 6 0
0 0 135.889 0 2.40185 a b -1.59378 6 0
0 0 135.852 0 2.40334 a b -1.59332 6 0
0 0 135.813 0 2.40196 a b -1.59202 6 0
0 0 135.777 0 2.39519 a b -1.59248 6 0
0 0 135.741 0 2.39738 a b -1.59231 6 0
0 0 135.705 0 2.39728 a b -1.59261 6 0
0 0 135.667 0 2.39587 a b -1.59163 6 0
0 0 135.628 0 2.39063 a b -1.59167 6 0
0 0 135.591 0 2.38626 a b -1.59505 6 0
0 0 135.553 0 2.38328 a b -1.59527 6 0
0 0 135.513 0 2.38553 a b -1.59477 6 0
0 0 135.474 0 2.3889 a b -1.59303 6 0
0 0 135.437 0 2.38687 a b -1.59234 6 0
0 0 135.399 0 2.38789 a b -1.59218 6 0
0 0 135.355 0 2.3859 a b -1.59162 6 0
0 0 135.316 0 2.38791 a b -1.59104 6 0
0 0 135.278 0 2.38581 a b -1.59064 6 0
0 0 135.24 0 2.38372 a b -1.59121 6 0
0 0 135.203 0 2.3841 a b -1.58956 6 0
0 0 135.166 0 2.38359 a b -1.58894 6 0
0 0 135.13 0 2.38022 a b -1.5883 6 0
0 0 135.09 0 2.3749 a b -1.58925 6 0
0 0 135.054 0 2.3819 a b -1.58791 6 0
0 0 135.02 0 2.38056 a b -1.58653 6 0
0 0 134.988 0 2.38293 a b -1.58448 6 0
0 0 134.955 0 2.38647 a b -1.58553 6 0
0 0 134.912 0 2.38643 a b -1.58704 6 0
0 0 134.875 0 2.38367 a b -1.58445 6 0
0 0 134.841 0 2.38375 a b -1.58442 6 0
0 0 134.803 0 2.38068 a b -1.5871 6 0
0 0 134.762 0 2.37863 a b -1.58674 6 0
0 0 134.724 0 2.37737 a b -1.58558 6 0
0 0 134.688 0 2.37659 a b -1.5849 6 0
0 0 134.652 0 2.37741 a b -1.58559 6 0
0 0 134.607 0 2.3772 a b -1.58384 6 0
0 0 134.564 0 2.37732 a b -1.58401 6 0
0 0 134.524 0 2.37787 a b -1.58318 6 0
0 0 134.488 0 2.37978 a b -1.58273 6 0
0 0 134.451 0 2.38111 a b -1.58157 6 0
0 0 134.414 0 2.37873 a b -1.58113 6 0
0 0 134.376 0 2.38446 a b -1.57939 6 0
0 0 134.336 0 2.38237 a b -1.57833 6 0
0 0 134.302 0 2.3839 a b -1.57819 6 0
0 0 134.267 0 2.38535 a b -1.57777 6 0
0 0 134.229 0 2.38574 a b -1.57866 6 0
0 0 134.191 0 2.38207 a b -1.57688 6 0
0 0 134.156 0 2.3814 a b -1.57814 6 0
0 0 134.115 0 2.38067 a b -1.57936 6 0
0 0 134.074 0 2.38234 a b -1.57968 6 0
0 0 134.033 0 2.3841 a b -1.57932 6 0
0 0 133.997 0 2.38374 a b -1.57795 6 0
0 0 133.96 0 2.38298 a b -1.57846 6 0
0 0 133.918 0 2.3793 a b -1.57749 6 0
0 0 133.878 0 2.37534 a b -1.57719 6 0
0 0 133.845 0 2.37721 a b -1.57737 6 0
0 0 133.805 0 2.3771 a b -1.57617 6 0
0 0 133.768 0 2.38049 a b -1.57711 6 0
0 0 133.736 0 2.38102 a b -1.57495 6 0
0 0 133.696 0 2.3817 a b -1.57544 6 0
0 0 133.655 0 2.37893 a b -1.57507 6 0
0 0 133.614 0 2.38048 a b -1.57532 6 0
0 0 133.575 0 2.38123 a b -1.57474 6 0
0 0 133.537 0 2.37782 a b -1.57369 6 0
0 0 133.506 0 2.37615 a b -1.5744 6 0
0 0 133.464 0 2.3836 a b -1.57385 6 0
0 0 133.425 0 2.38265 a b -1.5719 6 0
0 0 133.388 0 2.38188 a b -1.57258 6 0
0 0 133.351 0 2.38002 a b -1.57517 6 0
0 0 133.309 0 2.37672 a b -1.57495 6 0
0 0 133.27 0 2.37602 a b -1.5729 6 0
0 0 133.235 0 2.37575 a b -1.57461 6 0
0 0 133.2 0 2.37798 a b -1.57546 6 0
0 0 133.158 0 2.37576 a b -1.57406 6 0
0 0 133.118 0 2.37789 a b -1.57669 6 0
0 0 133.079 0 2.37329 a b -1.57687 6 0
0 0 133.04 0 2.37023 a b -1.57671 6 0
0 0 133 0 2.37336 a b -1.57845 6 0
0 0 132.96 0 2.37378 a b -1.57929 6 0
0 0 132.918 0 2.37529 a b -1.57769 6 0
0 0 132.876 0 2.37473 a b -1.57783 6 0
0 0 132.839 0 2.37519 a b -1.57871 6 0
0 0 132.803 0 2.37094 a b -1.57888 6 0
0 0 132.764 0 2.37126 a b -1.57904 6 0
0 0 132.727 0 2.37224 a b -1.57964 6 0
0 0 132.691 0 2.37489 a b -1.57951 6 0
0 0 132.655 0 2.37684 a b -1.58037 6 0
0 0 132.616 0 2.3758 a b -1.58035 6 0
0 0 132.576 0 2.37348 a b -1.58158 6 0
0 0 132.536 0 2.37341 a b -1.58371 6 0
0 0 132.497 0 2.3734 a b -1.58356 6 0
0 0 132.461 0 2.37253 a b -1.58377 6 0
0 0 132.42 0 2.37535 a b -1.58501 6 0
0 0 132.383 0 2.37357 a b -1.58635 6 0
0 0 132.344 0 2.37074 a b -1.58774 6 0
0 0 132.307 0 2.36904 a b -1.58787 6 0
0 0 132.267 0 2.36989 a b -1.58918 6 0
0 0 132.227 0 2.36761 a b -1.58982 6 0
0 0 132.192 0 2.36747 a b -1.5915 6 0
0 0 132.155 0 2.36653 a b -1.59148 6 0
0 0 132.116 0 2.36715 a b -1.59014 6 0
0 0 132.076 0 2.36956 a b -1.5919 6 0
0 0 132.041 0 2.36444 a b -1.5929 6 0
0 0 132.004 0 2.36415 a b -1.59302 6 0
0 0 131.966 0 2.36771 a b -1.59368 6 0
0 0 131.93 0 2.36209 a b -1.59433 6 0
0 0 131.895 0 2.36539 a b -1.59518 6 0
0 0 131.853 0 2.36365 a b -1.59747 6 0
0 0 131.816 0 2.36108 a b -1.5978 6 0
0 0 131.778 0 2.36163 a b -1.59895 6 0
0 0 131.741 0 2.35769 a b -1.60109 6 0
0 0 131.7 0 2.35723 a b -1.60172 6 0
0 0 131.667 0 2.35758 a b -1.60086 6 0
0 0 131.628 0 2.36076 a b -1.60188 6 0
0 0 131.587 0 2.35676 a b -1.60472 6 0
0 0 131.549 0 2.35251 a b -1.60531 6 0
0 0 131.513 0 2.35171 a b -1.60564 6 0
0 0 131.472 0 2.35151 a b -1.60835 6 0
0 0 131.435 0 2.34975 a b -1.61167 6 0
0 0 131.395 0 2.34963 a b -1.61541 6 0
0 0 131.357 0 2.34748 a b -1.61898 6 0
0 0 131.327 0 2.34991 a b -1.62245 6 0
0 0 131.287 0 2.34872 a b -1.62545 6 0
0 0 131.243 0 2.34687 a b -1.62637 6 0
0 0 131.201 0 2.34487 a b -1.62538 6 0
0 0 131.167 0 2.34467 a b -1.62237 6 0
0 0 131.136 0 2.34206 a b -1.62182 6 0
0 0 131.097 0 2.34063 a b -1.6213 6 0
0 0 131.062 0 2.33897 a b -1.6198 6 0
0 0 131.025 0 2.3393 a b -1.6182 6 0
0 0 130.988 0 2.33945 a b -1.61641 6 0
0 0 130.952 0 2.33668 a b -1.61581 6 0
0 0 130.911 0 2.33439 a b -1.61416 6 0
0 0 130.872 0 2.3339 a b -1.61153 6 0
0 0 130.83 0 2.33623 a b -1.61081 6 0
0 0 130.785 0 2.33691 a b -1.6093 6 0
0 0 130.745 0 2.33535 a b -1.60618 6 0
0 0 130.708 0 2.33329 a b -1.60474 6 0
0 0 130.662 0 2.33481 a b -1.60243 6 0
0 0 130.625 0 2.33354 a b -1.59906 6 0
0 0 130.584 0 2.33629 a b -1.59879 6 0
0 0 130.55 0 2.33751 a b -1.59454 6 0
0 0 130.513 0 2.33751 a b -1.58811 6 0
0 0 130.473 0 2.33738 a b -1.58552 6 0
0 0 130.435 0 2.33528 a b -1.5853 6 0
0 0 130.4 0 2.3383 a b -1.58589 6 0
0 0 130.365 0 2.33928 a b -1.58513 6 0
0 0 130.329 0 2.342 a b -1.58187 6 0
0 0 130.295 0 2.34091 a b -1.57629 6 0
0 0 130.26 0 2.33993 a b -1.57211 6 0
0 0 130.222 0 2.34395 a b -1.56669 6 0
0 0 130.19 0 2.34433 a b -1.55957 6 0
0 0 130.152 0 2.34534 a b -1.5551 6 0
0 0 130.12 0 2.34347 a b -1.55329 6 0
0 0 130.079 0 2.34811 a b -1.54553 6 0
0 0 130.042 0 2.35398 a b -1.52922 6 0
0 0 130.001 0 2.35764 a b -1.51084 6 0
0 0 129.963 0 2.35903 a b -1.48761 6 0
0 0 129.924 0 2.36168 a b -1.45993 6 0
0 0 129.888 0 2.36362 a b -1.43189 6 0
0 0 129.843 0 2.36757 a b -1.40654 6 0
0 0 129.795 0 2.36927 a b -1.38456 6 0
0 0 129.755 0 2.36844 a b -1.37016 6 0
0 0 129.713 0 2.37263 a b -1.36397 6 0
0 0 129.66 0 2.3799 a b -1.3626 6 0
0 0 129.608 0 2.39206 a b -1.36682 6 0
0 0 129.563 0 2.40413 a b -1.37623 6 0
0 0 129.503 0 2.40744 a b -1.38326 6 0
0 0 129.449 0 2.41517 a b -1.41557 6 0
0 0 129.402 0 2.42652 a b -1.45114 6 0
0 0 129.361 0 2.43616 a b -1.48407 6 0
0 0 129.319 0 2.43562 a b -1.52055 6 0
0 0 129.279 0 2.44522 a b -1.55545 6 0
0 0 129.251 0 2.45403 a b -1.58444 6 0
0 0 129.227 0 2.45872 a b -1.60287 6 0
0 0 129.198 0 2.45887 a b -1.61048 6 0
0 0 129.162 0 2.45558 a b -1.61039 6 0
0 0 129.141 0 2.45157 a b -1.60964 6 0
0 0 129.124 0 2.44596 a b -1.60538 6 0
0 0 129.11 0 2.44704 a b -1.60118 6 0
0 0 129.1 0 2.45499 a b -1.59819 6 0
0 0 129.086 0 2.47354 a b -1.60169 6 0
0 0 129.068 0 2.46206 a b -1.60949 6 0
0 0 129.058 0 2.44829 a b -1.60318 6 0
0 0 129.042 0 2.44631 a b -1.59632 6 0
0 0 129.012 0 2.45095 a b -1.58939 6 0
0 0 128.963 0 2.46139 a b -1.58517 6 0
0 0 128.923 0 2.45682 a b -1.59098 6 0
0 0 128.906 0 2.45085 a b -1.60188 6 0
0 0 128.884 0 2.44233 a b -1.60147 6 0
0 0 128.854 0 2.43142 a b -1.5866 6 0
0 0 128.806 0 2.42768 a b -1.57157 6 0
0 0 128.772 0 2.43348 a b -1.56605 6 0
0 0 128.738 0 2.44387 a b -1.57431 6 0
0 0 128.704 0 2.45517 a b -1.57307 6 0
0 0 128.656 0 2.45583 a b -1.55813 6 0
0 0 128.58 0 2.45694 a b -1.54926 6 0
0 0 128.503 0 2.44959 a b -1.55036 6 0
0 0 128.447 0 2.44291 a b -1.5528 6 0
0 0 128.401 0 2.43484 a b -1.55294 6 0
0 0 128.351 0 2.42984 a b -1.55227 6 0
0 0 128.291 0 2.42855 a b -1.5514 6 0
0 0 128.252 0 2.42847 a b -1.55053 6 0
0 0 128.214 0 2.42822 a b -1.5508 6 0
0 0 128.179 0 2.42887 a b -1.54815 6 0
0 0 128.144 0 2.43166 a b -1.54621 6 0
0 0 128.109 0 2.43009 a b -1.54713 6 0
0 0 128.078 0 2.43435 a b -1.54722 6 0
0 0 128.042 0 2.43327 a b -1.54677 6 0
0 0 128.002 0 2.43568 a b -1.54649 6 0
0 0 127.962 0 2.4342 a b -1.54696 6 0
0 0 127.926 0 2.43709 a b -1.5475 6 0
0 0 127.891 0 2.4396 a b -1.54652 6 0
0 0 127.85 0 2.43591 a b -1.54769 6 0
0 0 127.808 0 2.4349 a b -1.54926 6 0
0 0 127.763 0 2.43276 a b -1.54877 6 0
0 0 127.719 0 2.43855 a b -1.54985 6 0
0 0 127.676 0 2.4382 a b -1.55156 6 0
0 0 127.628 0 2.43978 a b -1.55464 6 0
0 0 127.589 0 2.4365 a b -1.5576 6 0
0 0 127.547 0 2.43433 a b -1.55955 6 0
0 0 127.504 0 2.43583 a b -1.56136 6 0
0 0 127.469 0 2.43938 a b -1.56509 6 0
0 0 127.436 0 2.43841 a b -1.57025 6 0
0 0 127.4 0 2.44212 a b -1.57678 6 0
0 0 127.372 0 2.44129 a b -1.58185 6 0
0 0 127.341 0 2.44294 a b -1.58992 6 0
0 0 127.309 0 2.44379 a b -1.60042 6 0
0 0 127.272 0 2.44323 a b -1.60604 6 0
0 0 127.242 0 2.43981 a b -1.60908 6 0
0 0 127.216 0 2.43933 a b -1.61759 6 0
0 0 127.183 0 2.44349 a b -1.63102 6 0
0 0 127.139 0 2.44185 a b -1.64599 6 0
0 0 127.089 0 2.43843 a b -1.65231 6 0
0 0 127.046 0 2.43355 a b -1.65216 6 0
0 0 127.001 0 2.42738 a b -1.65157 6 0
0 0 126.958 0 2.42406 a b -1.65078 6 0
0 0 126.912 0 2.42378 a b -1.64948 6 0
0 0 126.867 0 2.42057 a b -1.64781 6 0
0 0 126.82 0 2.4207 a b -1.64734 6 0
0 0 126.777 0 2.41636 a b -1.64609 6 0
0 0 126.734 0 2.42031 a b -1.64117 6 0
0 0 126.696 0 2.41649 a b -1.63789 6 0
0 0 126.663 0 2.41199 a b -1.63766 6 0
0 0 126.626 0 2.41526 a b -1.64031 6 0
0 0 126.593 0 2.41424 a b -1.63649 6 0
0 0 126.566 0 2.41061 a b -1.63095 6 0
0 0 126.545 0 2.4102 a b -1.6253 6 0
0 0 126.523 0 2.40967 a b -1.62463 6 0
0 0 126.497 0 2.40687 a b -1.62569 6 0
0 0 126.47 0 2.4042 a b -1.62403 6 0
0 0 126.442 0 2.39913 a b -1.62348 6 0
0 0 126.412 0 2.39516 a b -1.62406 6 0
0 0 126.381 0 2.39856 a b -1.62384 6 0
0 0 126.351 0 2.40072 a b -1.62036 6 0
0 0 126.317 0 2.40329 a b -1.61748 6 0
0 0 126.287 0 2.40198 a b -1.6143 6 0
0 0 126.253 0 2.40068 a b -1.61366 6 0
0 0 126.219 0 2.40208 a b -1.61302 6 0
0 0 126.183 0 2.40383 a b -1.61038 6 0
0 0 126.152 0 2.40205 a b -1.60869 6 0
0 0 126.124 0 2.39918 a b -1.60967 6 0
0 0 126.094 0 2.40173 a b -1.61025 6 0
0 0 126.063 0 2.39971 a b -1.6063 6 0
0 0 126.036 0 2.3975 a b -1.60014 6 0
0 0 126.021 0 2.39529 a b -1.60077 6 0
0 0 126.01 0 2.39364 a b -1.60308 6 0
0 0 125.988 0 2.39706 a b -1.6045 6 0
0 0 125.965 0 2.39964 a b -1.60188 6 0
0 0 125.95 0 2.40014 a b -1.59552 6 0
0 0 125.931 0 2.39451 a b -1.59217 6 0
0 0 125.912 0 2.39041 a b -1.5942 6 0
0 0 125.889 0 2.39561 a b -1.59728 6 0
0 0 125.86 0 2.39745 a b -1.59937 6 0
0 0 125.827 0 2.40339 a b -1.596 6 0
0 0 125.801 0 2.4013 a b -1.59076 6 0
0 0 125.769 0 2.39478 a b -1.58891 6 0
0 0 125.734 0 2.39597 a b -1.58785 6 0
0 0 125.7 0 2.39716 a b -1.58679 6 0
0 0 125.664 0 2.39931 a b -1.58452 6 0
0 0 125.621 0 2.40663 a b -1.5802 6 0
0 0 125.569 0 2.40783 a b -1.57715 6 0
0 0 125.52 0 2.40419 a b -1.576 6 0
0 0 125.467 0 2.40374 a b -1.57539 6 0
0 0 125.425 0 2.40715 a b -1.57474 6 0
0 0 125.38 0 2.40571 a b -1.5708 6 0
0 0 125.346 0 2.40535 a b -1.56937 6 0
0 0 125.323 0 2.40592 a b -1.57085 6 0
0 0 125.303 0 2.40787 a b -1.56878 6 0
0 0 125.281 0 2.40885 a b -1.56651 6 0
0 0 125.27 0 2.41676 a b -1.56266 6 0
0 0 125.267 0 2.4293 a b -1.5612 6 0
