0 0 164.314 0 25.7844 a b 0.22793 6 0
0 0 164.299 0 25.7863 a b 0.255176 6 0
0 0 164.296 0 25.7992 a b 0.254626 6 0
0 0 164.312 0 25.8091 a b 0.252688 6 0
0 0 164.311 0 25.8192 a b 0.250971 6 0
0 0 164.317 0 25.8276 a b 0.250052 6 0
0 0 164.323 0 25.8418 a b 0.245919 6 0
0 0 164.321 0 25.8528 a b 0.245386 6 0
0 0 164.322 0 25.8632 a b 0.245639 6 0
0 0 164.332 0 25.8736 a b 0.245406 6 0
0 0 164.338 0 25.8847 a b 0.245912 6 0
0 0 164.332 0 25.8981 a b 0.247677 6 0
0 0 164.334 0 25.9094 a b 0.24786 6 0
0 0 164.34 0 25.922 a b 0.24748 6 0
0 0 164.344 0 25.9357 a b 0.246284 6 0
0 0 164.347 0 25.9501 a b 0.245247 6 0
0 0 164.354 0 25.9591 a b 0.24475 6 0
0 0 164.361 0 25.9785 a b 0.242068 6 0
0 0 164.365 0 26.0041 a b 0.238919 6 0
0 0 164.374 0 26.0386 a b 0.237165 6 0
0 0 164.389 0 26.0799 a b 0.23415 6 0
0 0 164.405 0 26.1278 a b 0.229898 6 0
0 0 164.422 0 26.1913 a b 0.224933 6 0
0 0 164.437 0 26.2534 a b 0.222318 6 0
0 0 164.445 0 26.3182 a b 0.219167 6 0
0 0 164.452 0 26.3854 a b 0.213533 6 0
0 0 164.465 0 26.4535 a b 0.205284 6 0
0 0 164.473 0 26.5222 a b 0.195035 6 0
0 0 164.489 0 26.5874 a b 0.187284 6 0
0 0 164.503 0 26.6567 a b 0.187829 6 0
0 0 164.514 0 26.7273 a b 0.184556 6 0
0 0 164.529 0 26.7805 a b 0.175953 6 0
0 0 164.537 0 26.8243 a b 0.171306 6 0
0 0 164.543 0 26.8634 a b 0.167626 6 0
0 0 164.557 0 26.8983 a b 0.165455 6 0
0 0 164.564 0 26.932 a b 0.162378 6 0
0 0 164.569 0 26.9616 a b 0.15765 6 0
0 0 164.569 0 26.991 a b 0.15005 6 0
0 0 164.582 0 27.0226 a b 0.14173 6 0
0 0 164.59 0 27.0506 a b 0.142617 6 0
0 0 164.597 0 27.0864 a b 0.142787 6 0
0 0 164.597 0 27.1289 a b 0.142101 6 0
0 0 164.601 0 27.1683 a b 0.137338 6 0
0 0 164.608 0 27.2123 a b 0.133914 6 0
0 0 164.612 0 27.2603 a b 0.132146 6 0
0 0 164.615 0 27.3165 a b 0.127928 6 0
0 0 164.62 0 27.3709 a b 0.122717 6 0
0 0 164.627 0 27.4266 a b 0.118123 6 0
0 0 164.639 0 27.4841 a b 0.110827 6 0
0 0 164.647 0 27.542 a b 0.105048 6 0
0 0 164.649 0 27.6046 a b 0.0990255 6 0
0 0 164.654 0 27.6674 a b 0.095393 6 0
0 0 164.663 0 27.7345 a b 0.0959009 6 0
0 0 164.671 0 27.791 a b 0.0935881 6 0
0 0 164.671 0 27.8464 a b 0.0872203 6 0
0 0 164.68 0 27.8982 a b 0.0835407 6 0
0 0 164.683 0 27.948 a b 0.0811092 6 0
0 0 164.689 0 27.9912 a b 0.0772852 6 0
0 0 164.691 0 28.0312 a b 0.0727724 6 0
0 0 164.691 0 28.071 a b 0.0691827 6 0
0 0 164.697 0 28.1046 a b 0.0656133 6 0
0 0 164.695 0 28.1427 a b 0.0623645 6 0
0 0 164.697 0 28.1825 a b 0.0576747 6 0
0 0 164.7 0 28.2212 a b 0.0529962 6 0
0 0 164.703 0 28.2646 a b 0.0488243 6 0
0 0 164.705 0 28.3139 a b 0.0469083 6 0
0 0 164.708 0 28.363 a b 0.042555 6 0
0 0 164.712 0 28.414 a b 0.0389523 6 0
0 0 164.713 0 28.4682 a b 0.0357418 6 0
0 0 164.715 0 28.5286 a b 0.0321068 6 0
0 0 164.714 0 28.5878 a b 0.0278582 6 0
0 0 164.722 0 28.6489 a b 0.0256982 6 0
0 0 164.727 0 28.7015 a b 0.0254978 6 0
0 0 164.724 0 28.7526 a b 0.020838 6 0
0 0 164.718 0 28.798 a b 0.0162197 6 0
0 0 164.722 0 28.8419 a b 0.0134787 6 0
0 0 164.721 0 28.8845 a b 0.0127403 6 0
0 0 164.72 0 28.9259 a b 0.00836623 6 0
0 0 164.721 0 28.9689 a b 0.00352359 6 0
0 0 164.723 0 29.0114 a b -0.000645132 6 0
0 0 164.721 0 29.0552 a b -0.00462722 6 0
0 0 164.719 0 29.1027 a b -0.00682068 6 0
0 0 164.722 0 29.1528 a b -0.0100884 6 0
0 0 164.725 0 29.2006 a b -0.0121883 6 0
0 0 164.728 0 29.2528 a b -0.01173 6 0
0 0 164.726 0 29.3104 a b -0.000570886 6 0
0 0 164.731 0 29.3614 a b 0.0201346 6 0
0 0 164.738 0 29.4049 a b 0.0375146 6 0
0 0 164.742 0 29.4551 a b 0.0495216 6 0
0 0 164.745 0 29.5044 a b 0.0634605 6 0
0 0 164.744 0 29.5471 a b 0.0737133 6 0
0 0 164.748 0 29.5922 a b 0.0765864 6 0
0 0 164.75 0 29.6465 a b 0.081393 6 0
0 0 164.754 0 29.6976 a b 0.0855581 6 0
0 0 164.756 0 29.7504 a b 0.0883457 6 0
0 0 164.761 0 29.7964 a b 0.0897555 6 0
0 0 164.766 0 29.8513 a b 0.0900588 6 0
0 0 164.766 0 29.8984 a b 0.0921208 6 0
0 0 164.77 0 29.9482 a b 0.0926181 6 0
0 0 164.778 0 29.9969 a b 0.0929712 6 0
0 0 164.78 0 30.0427 a b 0.0919244 6 0
0 0 164.783 0 30.0933 a b 0.0908472 6 0
0 0 164.786 0 30.1432 a b 0.0894368 6 0
0 0 164.792 0 30.1904 a b 0.0885523 6 0
0 0 164.795 0 30.2374 a b 0.0865905 6 0
0 0 164.795 0 30.2841 a b 0.0876641 6 0
0 0 164.797 0 30.3319 a b 0.0854507 6 0
0 0 164.802 0 30.3808 a b 0.0832086 6 0
0 0 164.8 0 30.4313 a b 0.0835234 6 0
0 0 164.801 0 30.4816 a b 0.0837 6 0
0 0 164.805 0 30.5248 a b 0.0834237 6 0
0 0 164.811 0 30.5718 a b 0.0825923 6 0
0 0 164.815 0 30.6242 a b 0.0811727 6 0
0 0 164.819 0 30.6765 a b 0.0815542 6 0
0 0 164.828 0 30.7273 a b 0.08272 6 0
0 0 164.832 0 30.7742 a b 0.0817575 6 0
0 0 164.837 0 30.8251 a b 0.0819573 6 0
0 0 164.842 0 30.8731 a b 0.081128 6 0
0 0 164.844 0 30.9267 a b 0.0817637 6 0
0 0 164.848 0 30.9761 a b 0.0817247 6 0
0 0 164.852 0 31.0194 a b 0.0813401 6 0
0 0 164.854 0 31.07 a b 0.0816245 6 0
0 0 164.856 0 31.1228 a b 0.0804786 6 0
0 0 164.856 0 31.1697 a b 0.0795084 6 0
0 0 164.861 0 31.2145 a b 0.0788038 6 0
0 0 164.863 0 31.2632 a b 0.0759193 6 0
0 0 164.867 0 31.313 a b 0.0745078 6 0
0 0 164.867 0 31.3614 a b 0.0715623 6 0
0 0 164.866 0 31.4122 a b 0.0691427 6 0
0 0 164.871 0 31.4691 a b 0.0656854 6 0
0 0 164.877 0 31.5207 a b 0.0625207 6 0
0 0 164.881 0 31.5707 a b 0.0585742 6 0
0 0 164.883 0 31.6207 a b 0.056974 6 0
0 0 164.887 0 31.6699 a b 0.0541061 6 0
0 0 164.882 0 31.7231 a b 0.0499759 6 0
0 0 164.884 0 31.7724 a b 0.0479045 6 0
0 0 164.887 0 31.8198 a b 0.0481744 6 0
0 0 164.891 0 31.8699 a b 0.0469525 6 0
0 0 164.886 0 31.9208 a b 0.046647 6 0
0 0 164.885 0 31.9689 a b 0.0461064 6 0
0 0 164.883 0 32.0196 a b 0.0447578 6 0
0 0 164.883 0 32.0713 a b 0.0447382 6 0
0 0 164.883 0 32.1172 a b 0.0431925 6 0
0 0 164.882 0 32.1634 a b 0.0449513 6 0
0 0 164.887 0 32.2136 a b 0.0425847 6 0
0 0 164.891 0 32.2638 a b 0.04112 6 0
0 0 164.892 0 32.3086 a b 0.0442699 6 0
0 0 164.896 0 32.3565 a b 0.0450492 6 0
0 0 164.901 0 32.4073 a b 0.0445808 6 0
0 0 164.904 0 32.4577 a b 0.0440467 6 0
0 0 164.905 0 32.5089 a b 0.0454718 6 0
0 0 164.903 0 32.567 a b 0.0436738 6 0
0 0 164.904 0 32.6177 a b 0.0440755 6 0
0 0 164.903 0 32.6675 a b 0.0461724 6 0
0 0 164.909 0 32.72 a b 0.0440071 6 0
0 0 164.907 0 32.7638 a b 0.0424895 6 0
0 0 164.899 0 32.8128 a b 0.0430407 6 0
0 0 164.9 0 32.8581 a b 0.0406707 6 0
0 0 164.903 0 32.9059 a b 0.0386317 6 0
0 0 164.904 0 32.9521 a b 0.0356496 6 0
0 0 164.907 0 33.0003 a b 0.0340215 6 0
0 0 164.907 0 33.0508 a b 0.0322511 6 0
0 0 164.905 0 33.0989 a b 0.0300371 6 0
0 0 164.909 0 33.1503 a b 0.0276038 6 0
0 0 164.914 0 33.2046 a b 0.0240316 6 0
0 0 164.913 0 33.2578 a b 0.023501 6 0
0 0 164.912 0 33.3144 a b 0.0215843 6 0
0 0 164.915 0 33.3714 a b 0.0199736 6 0
0 0 164.911 0 33.424 a b 0.019749 6 0
0 0 164.912 0 33.4747 a b 0.0199916 6 0
0 0 164.913 0 33.5151 a b 0.0201486 6 0
0 0 164.912 0 33.5649 a b 0.0194248 6 0
0 0 164.911 0 33.6182 a b 0.0187782 6 0
0 0 164.908 0 33.6669 a b 0.0180283 6 0
0 0 164.909 0 33.719 a b 0.019112 6 0
0 0 164.91 0 33.7671 a b 0.0204782 6 0
0 0 164.907 0 33.8158 a b 0.0210624 6 0
0 0 164.911 0 33.8686 a b 0.0198437 6 0
0 0 164.912 0 33.9243 a b 0.0199918 6 0
0 0 164.913 0 33.9761 a b 0.0208981 6 0
0 0 164.918 0 34.0297 a b 0.0209857 6 0
0 0 164.918 0 34.0812 a b 0.020458 6 0
0 0 164.919 0 34.129 a b 0.0175296 6 0
0 0 164.92 0 34.179 a b 0.0178238 6 0
0 0 164.919 0 34.2278 a b 0.0180636 6 0
0 0 164.919 0 34.274 a b 0.0168112 6 0
0 0 164.917 0 34.321 a b 0.0142397 6 0
0 0 164.914 0 34.3687 a b 0.0120509 6 0
0 0 164.916 0 34.4153 a b 0.0115582 6 0
0 0 164.916 0 34.4649 a b 0.00925389 6 0
0 0 164.907 0 34.5187 a b 0.00824498 6 0
0 0 164.906 0 34.567 a b 0.00484005 6 0
0 0 164.906 0 34.6174 a b 0.00482236 6 0
0 0 164.908 0 34.6698 a b 0.00254341 6 0
0 0 164.908 0 34.7232 a b 0.00397102 6 0
0 0 164.91 0 34.7762 a b 0.00274821 6 0
0 0 164.909 0 34.8267 a b 0.00166251 6 0
0 0 164.909 0 34.8765 a b 0.00175482 6 0
0 0 164.906 0 34.9237 a b 0.00169106 6 0
0 0 164.906 0 34.9708 a b 0.000872833 6 0
0 0 164.905 0 35.0177 a b 0.000526402 6 0
0 0 164.904 0 35.0643 a b -0.000109369 6 0
0 0 164.901 0 35.1115 a b 0.000121381 6 0
0 0 164.901 0 35.1582 a b 0.000414998 6 0
0 0 164.898 0 35.2056 a b -0.000482363 6 0
0 0 164.895 0 35.2569 a b -0.00146156 6 0
0 0 164.895 0 35.3037 a b -0.00194003 6 0
0 0 164.898 0 35.3537 a b 0.000209747 6 0
0 0 164.898 0 35.4043 a b 0.000386008 6 0
0 0 164.897 0 35.4454 a b -0.00145212 6 0
0 0 164.896 0 35.4973 a b -0.0029634 6 0
0 0 164.896 0 35.5506 a b -0.00317356 6 0
0 0 164.901 0 35.5947 a b -0.00375417 6 0
0 0 164.903 0 35.6441 a b -0.00487567 6 0
0 0 164.899 0 35.6926 a b -0.00618128 6 0
0 0 164.899 0 35.7438 a b -0.00754894 6 0
0 0 164.899 0 35.7921 a b -0.0103314 6 0
0 0 164.9 0 35.8349 a b -0.0119816 6 0
0 0 164.898 0 35.8806 a b -0.0135243 6 0
0 0 164.897 0 35.9293 a b -0.0160458 6 0
0 0 164.892 0 35.9748 a b -0.0184976 6 0
0 0 164.891 0 36.0225 a b -0.018696 6 0
0 0 164.892 0 36.0744 a b -0.0218267 6 0
0 0 164.889 0 36.1241 a b -0.0237574 6 0
0 0 164.886 0 36.1762 a b -0.0241803 6 0
0 0 164.888 0 36.2252 a b -0.0258612 6 0
0 0 164.891 0 36.2753 a b -0.0242935 6 0
0 0 164.89 0 36.3284 a b -0.0256417 6 0
0 0 164.89 0 36.3756 a b -0.02626 6 0
0 0 164.89 0 36.4283 a b -0.0260999 6 0
0 0 164.889 0 36.4754 a b -0.0225006 6 0
0 0 164.886 0 36.5257 a b -0.0237962 6 0
0 0 164.881 0 36.5742 a b -0.0238388 6 0
0 0 164.877 0 36.6309 a b -0.0223077 6 0
0 0 164.877 0 36.6783 a b -0.0201261 6 0
0 0 164.878 0 36.7243 a b -0.0215986 6 0
0 0 164.876 0 36.7681 a b -0.0232044 6 0
0 0 164.872 0 36.8173 a b -0.0204718 6 0
0 0 164.869 0 36.8612 a b -0.0202558 6 0
0 0 164.867 0 36.9144 a b -0.021446 6 0
0 0 164.868 0 36.9621 a b -0.0203363 6 0
0 0 164.864 0 37.014 a b -0.0202536 6 0
0 0 164.866 0 37.064 a b -0.0218121 6 0
0 0 164.866 0 37.1122 a b -0.0225646 6 0
0 0 164.864 0 37.1599 a b -0.0235599 6 0
0 0 164.862 0 37.2139 a b -0.0239014 6 0
0 0 164.862 0 37.2691 a b -0.0240433 6 0
0 0 164.861 0 37.3194 a b -0.0264168 6 0
0 0 164.854 0 37.3647 a b -0.0260759 6 0
0 0 164.851 0 37.4156 a b -0.0254222 6 0
0 0 164.85 0 37.467 a b -0.0263885 6 0
0 0 164.85 0 37.5168 a b -0.02755 6 0
0 0 164.846 0 37.5661 a b -0.0284652 6 0
0 0 164.842 0 37.6129 a b -0.0297031 6 0
0 0 164.84 0 37.6665 a b -0.0300854 6 0
0 0 164.835 0 37.7169 a b -0.027762 6 0
0 0 164.833 0 37.7695 a b -0.0265167 6 0
0 0 164.834 0 37.821 a b -0.0279073 6 0
0 0 164.832 0 37.8688 a b -0.0282941 6 0
0 0 164.828 0 37.9199 a b -0.0250419 6 0
0 0 164.828 0 37.9662 a b -0.0213954 6 0
0 0 164.834 0 38.0175 a b -0.0203306 6 0
0 0 164.832 0 38.0677 a b -0.0187963 6 0
0 0 164.827 0 38.1179 a b -0.0195033 6 0
0 0 164.824 0 38.1658 a b -0.0183592 6 0
0 0 164.821 0 38.2146 a b -0.0178314 6 0
0 0 164.823 0 38.2622 a b -0.0191572 6 0
0 0 164.819 0 38.3144 a b -0.0200579 6 0
0 0 164.815 0 38.3582 a b -0.0195601 6 0
0 0 164.812 0 38.4054 a b -0.0210837 6 0
0 0 164.81 0 38.4519 a b -0.0199318 6 0
0 0 164.809 0 38.4979 a b -0.0177464 6 0
0 0 164.805 0 38.5478 a b -0.0191582 6 0
0 0 164.8 0 38.6037 a b -0.0218179 6 0
0 0 164.799 0 38.6519 a b -0.0223222 6 0
0 0 164.8 0 38.6976 a b -0.0200973 6 0
0 0 164.798 0 38.7522 a b -0.0200125 6 0
0 0 164.8 0 38.8045 a b -0.0216958 6 0
0 0 164.796 0 38.8532 a b -0.0211542 6 0
0 0 164.793 0 38.9053 a b -0.0209162 6 0
0 0 164.792 0 38.9576 a b -0.0217374 6 0
0 0 164.794 0 39.0114 a b -0.0195095 6 0
0 0 164.791 0 39.059 a b -0.0194661 6 0
0 0 164.787 0 39.1063 a b -0.0181257 6 0
0 0 164.785 0 39.1531 a b -0.0186144 6 0
0 0 164.783 0 39.1979 a b -0.019562 6 0
0 0 164.783 0 39.2464 a b -0.0192383 6 0
0 0 164.783 0 39.2946 a b -0.0177799 6 0
0 0 164.783 0 39.3424 a b -0.0152648 6 0
0 0 164.78 0 39.3852 a b -0.0161787 6 0
0 0 164.774 0 39.4373 a b -0.0148849 6 0
0 0 164.773 0 39.4866 a b -0.0146584 6 0
0 0 164.772 0 39.536 a b -0.0163329 6 0
0 0 164.772 0 39.5822 a b -0.0147496 6 0
0 0 164.774 0 39.6312 a b -0.0122812 6 0
0 0 164.772 0 39.6808 a b -0.0142137 6 0
0 0 164.767 0 39.7296 a b -0.0165777 6 0
0 0 164.766 0 39.7834 a b -0.0133931 6 0
0 0 164.765 0 39.8314 a b -0.0128808 6 0
0 0 164.763 0 39.8799 a b -0.0146582 6 0
0 0 164.762 0 39.9317 a b -0.0149085 6 0
0 0 164.759 0 39.9833 a b -0.0138094 6 0
0 0 164.754 0 40.0318 a b -0.0159366 6 0
0 0 164.753 0 40.0793 a b -0.0163605 6 0
0 0 164.752 0 40.1292 a b -0.0124384 6 0
0 0 164.749 0 40.1773 a b -0.0110289 6 0
0 0 164.749 0 40.2286 a b -0.0123293 6 0
0 0 164.745 0 40.2816 a b -0.0122762 6 0
0 0 164.745 0 40.3351 a b -0.00948248 6 0
0 0 164.746 0 40.3844 a b -0.00497866 6 0
0 0 164.744 0 40.4341 a b 0.00101375 6 0
0 0 164.743 0 40.4775 a b 0.00597782 6 0
0 0 164.744 0 40.5252 a b 0.00694099 6 0
0 0 164.741 0 40.5764 a b 0.0118529 6 0
0 0 164.737 0 40.6204 a b 0.0186155 6 0
0 0 164.736 0 40.667 a b 0.024177 6 0
0 0 164.736 0 40.7158 a b 0.0294354 6 0
0 0 164.739 0 40.7633 a b 0.0347423 6 0
0 0 164.741 0 40.8155 a b 0.0396777 6 0
0 0 164.743 0 40.8648 a b 0.0447014 6 0
0 0 164.745 0 40.9143 a b 0.0492617 6 0
0 0 164.749 0 40.967 a b 0.0558977 6 0
0 0 164.751 0 41.0131 a b 0.0631665 6 0
0 0 164.751 0 41.0579 a b 0.067513 6 0
0 0 164.752 0 41.1061 a b 0.068707 6 0
0 0 164.754 0 41.1541 a b 0.0744371 6 0
0 0 164.759 0 41.1997 a b 0.0790399 6 0
0 0 164.764 0 41.2488 a b 0.0805373 6 0
0 0 164.774 0 41.2978 a b 0.083515 6 0
0 0 164.778 0 41.3454 a b 0.0869751 6 0
0 0 164.786 0 41.3981 a b 0.0902469 6 0
0 0 164.788 0 41.4495 a b 0.0938922 6 0
0 0 164.786 0 41.5016 a b 0.0959944 6 0
0 0 164.788 0 41.551 a b 0.0999091 6 0
0 0 164.789 0 41.5978 a b 0.103807 6 0
0 0 164.794 0 41.6409 a b 0.103498 6 0
0 0 164.798 0 41.6895 a b 0.106253 6 0
0 0 164.805 0 41.7354 a b 0.10994 6 0
0 0 164.812 0 41.7808 a b 0.110221 6 0
0 0 164.822 0 41.827 a b 0.113589 6 0
0 0 164.827 0 41.8771 a b 0.118951 6 0
0 0 164.833 0 41.9246 a b 0.122415 6 0
0 0 164.838 0 41.9728 a b 0.124469 6 0
0 0 164.845 0 42.0208 a b 0.125538 6 0
0 0 164.849 0 42.0718 a b 0.128295 6 0
0 0 164.856 0 42.1197 a b 0.133121 6 0
0 0 164.863 0 42.1707 a b 0.136594 6 0
0 0 164.869 0 42.2234 a b 0.135928 6 0
0 0 164.877 0 42.2726 a b 0.136804 6 0
0 0 164.881 0 42.3191 a b 0.13881 6 0
0 0 164.889 0 42.3671 a b 0.140786 6 0
0 0 164.9 0 42.4198 a b 0.137477 6 0
0 0 164.904 0 42.4713 a b 0.136227 6 0
0 0 164.908 0 42.5217 a b 0.136592 6 0
0 0 164.916 0 42.5719 a b 0.13587 6 0
0 0 164.917 0 42.6175 a b 0.134027 6 0
0 0 164.923 0 42.6712 a b 0.130879 6 0
0 0 164.931 0 42.7225 a b 0.130356 6 0
0 0 164.937 0 42.77 a b 0.129082 6 0
0 0 164.943 0 42.8153 a b 0.124775 6 0
0 0 164.948 0 42.8618 a b 0.123586 6 0
0 0 164.953 0 42.9078 a b 0.124027 6 0
0 0 164.959 0 42.957 a b 0.122444 6 0
0 0 164.959 0 43.0056 a b 0.121898 6 0
0 0 164.968 0 43.0542 a b 0.121189 6 0
0 0 164.97 0 43.1031 a b 0.12095 6 0
0 0 164.972 0 43.1515 a b 0.122265 6 0
0 0 164.979 0 43.2002 a b 0.122875 6 0
0 0 164.981 0 43.2452 a b 0.119713 6 0
0 0 164.988 0 43.2887 a b 0.122236 6 0
0 0 164.99 0 43.3397 a b 0.124454 6 0
0 0 164.994 0 43.3863 a b 0.124837 6 0
0 0 164.998 0 43.4348 a b 0.121999 6 0
0 0 165.004 0 43.4788 a b 0.121315 6 0
0 0 165.006 0 43.5286 a b 0.124634 6 0
0 0 165.012 0 43.582 a b 0.12596 6 0
0 0 165.02 0 43.6351 a b 0.12341 6 0
0 0 165.027 0 43.682 a b 0.123102 6 0
0 0 165.03 0 43.7318 a b 0.124157 6 0
0 0 165.033 0 43.7813 a b 0.124627 6 0
0 0 165.037 0 43.8316 a b 0.125302 6 0
0 0 165.042 0 43.8815 a b 0.124161 6 0
0 0 165.046 0 43.9331 a b 0.123861 6 0
0 0 165.052 0 43.9838 a b 0.124043 6 0
0 0 165.054 0 44.0341 a b 0.122791 6 0
0 0 165.056 0 44.0826 a b 0.121351 6 0
0 0 165.062 0 44.1346 a b 0.120423 6 0
0 0 165.063 0 44.1866 a b 0.119634 6 0
0 0 165.068 0 44.2364 a b 0.116102 6 0
0 0 165.075 0 44.2858 a b 0.114982 6 0
0 0 165.082 0 44.3344 a b 0.114929 6 0
0 0 165.086 0 44.389 a b 0.112095 6 0
0 0 165.092 0 44.4383 a b 0.108859 6 0
0 0 165.099 0 44.4883 a b 0.108083 6 0
0 0 165.1 0 44.5333 a b 0.110153 6 0
0 0 165.104 0 44.5851 a b 0.111628 6 0
0 0 165.107 0 44.637 a b 0.108961 6 0
0 0 165.111 0 44.6856 a b 0.10726 6 0
0 0 165.114 0 44.7333 a b 0.109488 6 0
0 0 165.119 0 44.7787 a b 0.110335 6 0
0 0 165.121 0 44.8252 a b 0.109318 6 0
0 0 165.127 0 44.871 a b 0.108943 6 0
0 0 165.129 0 44.9189 a b 0.109397 6 0
0 0 165.134 0 44.9678 a b 0.112643 6 0
0 0 165.138 0 45.0134 a b 0.110723 6 0
0 0 165.143 0 45.0612 a b 0.110805 6 0
0 0 165.149 0 45.107 a b 0.110268 6 0
0 0 165.151 0 45.1518 a b 0.109921 6 0
0 0 165.159 0 45.2026 a b 0.109566 6 0
0 0 165.165 0 45.2513 a b 0.108393 6 0
0 0 165.168 0 45.3002 a b 0.108902 6 0
0 0 165.171 0 45.3453 a b 0.107944 6 0
0 0 165.17 0 45.3924 a b 0.109084 6 0
0 0 165.172 0 45.4397 a b 0.107662 6 0
0 0 165.175 0 45.4865 a b 0.105492 6 0
0 0 165.18 0 45.5343 a b 0.107477 6 0
0 0 165.183 0 45.5855 a b 0.105434 6 0
0 0 165.187 0 45.6327 a b 0.103755 6 0
0 0 165.19 0 45.6838 a b 0.103309 6 0
0 0 165.194 0 45.7324 a b 0.102857 6 0
0 0 165.195 0 45.7785 a b 0.10081 6 0
0 0 165.201 0 45.828 a b 0.0970987 6 0
0 0 165.208 0 45.8802 a b 0.095888 6 0
0 0 165.211 0 45.9317 a b 0.0968363 6 0
0 0 165.218 0 45.9789 a b 0.0964942 6 0
0 0 165.223 0 46.0346 a b 0.0930618 6 0
0 0 165.227 0 46.0828 a b 0.0927838 6 0
0 0 165.233 0 46.1324 a b 0.0941526 6 0
0 0 165.233 0 46.1879 a b 0.0968796 6 0
0 0 165.238 0 46.2352 a b 0.0963667 6 0
0 0 165.244 0 46.285 a b 0.0933999 6 0
0 0 165.248 0 46.3381 a b 0.0959179 6 0
0 0 165.248 0 46.386 a b 0.0996817 6 0
0 0 165.25 0 46.436 a b 0.0997678 6 0
0 0 165.255 0 46.4852 a b 0.0977158 6 0
0 0 165.258 0 46.5341 a b 0.0982276 6 0
0 0 165.259 0 46.5786 a b 0.100265 6 0
0 0 165.265 0 46.6259 a b 0.0997903 6 0
0 0 165.27 0 46.6756 a b 0.0977268 6 0
0 0 165.275 0 46.7286 a b 0.0986936 6 0
0 0 165.279 0 46.7748 a b 0.0995949 6 0
0 0 165.281 0 46.8232 a b 0.0978142 6 0
0 0 165.286 0 46.8752 a b 0.0977434 6 0
0 0 165.289 0 46.9258 a b 0.0974183 6 0
0 0 165.293 0 46.9731 a b 0.098095 6 0
0 0 165.296 0 47.0231 a b 0.0979453 6 0
0 0 165.295 0 47.0692 a b 0.0948255 6 0
0 0 165.297 0 47.1215 a b 0.0960776 6 0
0 0 165.299 0 47.1741 a b 0.0972299 6 0
0 0 165.303 0 47.2205 a b 0.0959166 6 0
0 0 165.309 0 47.2698 a b 0.0940796 6 0
0 0 165.312 0 47.3191 a b 0.0929535 6 0
0 0 165.317 0 47.3664 a b 0.0921316 6 0
0 0 165.321 0 47.4132 a b 0.0908388 6 0
0 0 165.322 0 47.4596 a b 0.0886459 6 0
0 0 165.326 0 47.5122 a b 0.0901942 6 0
0 0 165.332 0 47.5605 a b 0.0891805 6 0
0 0 165.336 0 47.6113 a b 0.0863025 6 0
0 0 165.339 0 47.6657 a b 0.0858802 6 0
0 0 165.341 0 47.7148 a b 0.0882355 6 0
0 0 165.345 0 47.7645 a b 0.0898688 6 0
0 0 165.35 0 47.812 a b 0.0889157 6 0
0 0 165.351 0 47.86 a b 0.0856872 6 0
0 0 165.352 0 47.9103 a b 0.0877929 6 0
0 0 165.356 0 47.9593 a b 0.090325 6 0
0 0 165.36 0 48.006 a b 0.0899981 6 0
0 0 165.361 0 48.0503 a b 0.0898704 6 0
0 0 165.364 0 48.1008 a b 0.0891909 6 0
0 0 165.368 0 48.1499 a b 0.0901356 6 0
0 0 165.374 0 48.198 a b 0.0905639 6 0
0 0 165.376 0 48.244 a b 0.0881051 6 0
0 0 165.377 0 48.2903 a b 0.087735 6 0
0 0 165.385 0 48.3404 a b 0.0894368 6 0
0 0 165.389 0 48.389 a b 0.0852601 6 0
0 0 165.393 0 48.437 a b 0.0859741 6 0
0 0 165.397 0 48.4905 a b 0.0867399 6 0
0 0 165.398 0 48.5365 a b 0.086161 6 0
0 0 165.401 0 48.5906 a b 0.0866432 6 0
0 0 165.403 0 48.6389 a b 0.0832442 6 0
0 0 165.403 0 48.6869 a b 0.0837837 6 0
0 0 165.406 0 48.7368 a b 0.0845533 6 0
0 0 165.41 0 48.7798 a b 0.0817938 6 0
0 0 165.411 0 48.8275 a b 0.0820713 6 0
0 0 165.413 0 48.8751 a b 0.0823821 6 0
0 0 165.413 0 48.9234 a b 0.0800192 6 0
0 0 165.417 0 48.9752 a b 0.0785982 6 0
0 0 165.421 0 49.0226 a b 0.0772443 6 0
0 0 165.423 0 49.0703 a b 0.0764147 6 0
0 0 165.425 0 49.1221 a b 0.0741897 6 0
0 0 165.427 0 49.1714 a b 0.0729938 6 0
0 0 165.433 0 49.2235 a b 0.0748422 6 0
0 0 165.436 0 49.2743 a b 0.0757179 6 0
0 0 165.438 0 49.3249 a b 0.0750473 6 0
0 0 165.441 0 49.3736 a b 0.0761288 6 0
0 0 165.445 0 49.4272 a b 0.0762479 6 0
0 0 165.442 0 49.4783 a b 0.0767044 6 0
0 0 165.449 0 49.5303 a b 0.0768155 6 0
0 0 165.45 0 49.5801 a b 0.0756734 6 0
0 0 165.45 0 49.6267 a b 0.0759218 6 0
0 0 165.456 0 49.6765 a b 0.0749345 6 0
0 0 165.457 0 49.7244 a b 0.076719 6 0
0 0 165.459 0 49.7764 a b 0.0763447 6 0
0 0 165.459 0 49.8269 a b 0.0735598 6 0
0 0 165.463 0 49.8717 a b 0.0731431 6 0
0 0 165.465 0 49.9193 a b 0.0745422 6 0
0 0 165.47 0 49.9707 a b 0.0722171 6 0
0 0 165.473 0 50.0209 a b 0.0691661 6 0
0 0 165.477 0 50.0685 a b 0.0696375 6 0
0 0 165.476 0 50.1194 a b 0.0695074 6 0
0 0 165.48 0 50.1692 a b 0.0674745 6 0
0 0 165.482 0 50.2227 a b 0.0654055 6 0
0 0 165.479 0 50.2713 a b 0.0640237 6 0
0 0 165.481 0 50.3203 a b 0.063713 6 0
0 0 165.483 0 50.371 a b 0.0610967 6 0
0 0 165.484 0 50.4154 a b 0.0600691 6 0
0 0 165.485 0 50.4667 a b 0.0585464 6 0
0 0 165.485 0 50.5161 a b 0.0558401 6 0
0 0 165.484 0 50.5628 a b 0.0544809 6 0
0 0 165.486 0 50.6092 a b 0.0523383 6 0
0 0 165.489 0 50.6566 a b 0.0507684 6 0
0 0 165.492 0 50.7072 a b 0.0512356 6 0
0 0 165.496 0 50.7571 a b 0.0506294 6 0
0 0 165.494 0 50.8061 a b 0.0486935 6 0
0 0 165.496 0 50.85 a b 0.0469094 6 0
0 0 165.499 0 50.8979 a b 0.0454134 6 0
0 0 165.5 0 50.9502 a b 0.0463031 6 0
0 0 165.5 0 51.0002 a b 0.0465 6 0
0 0 165.5 0 51.0487 a b 0.0459636 6 0
0 0 165.5 0 51.0949 a b 0.0451665 6 0
0 0 165.5 0 51.1449 a b 0.0440539 6 0
0 0 165.5 0 51.1957 a b 0.0428038 6 0
0 0 165.501 0 51.2424 a b 0.0429256 6 0
0 0 165.5 0 51.2913 a b 0.0408857 6 0
0 0 165.501 0 51.3369 a b 0.0400323 6 0
0 0 165.503 0 51.3886 a b 0.037755 6 0
0 0 165.504 0 51.4368 a b 0.0342827 6 0
0 0 165.506 0 51.4864 a b 0.03441 6 0
0 0 165.506 0 51.5348 a b 0.0349904 6 0
0 0 165.504 0 51.5849 a b 0.0329367 6 0
0 0 165.506 0 51.6348 a b 0.0309319 6 0
0 0 165.509 0 51.6851 a b 0.0330798 6 0
0 0 165.516 0 51.7392 a b 0.0449426 6 0
0 0 165.521 0 51.7852 a b 0.0645865 6 0
0 0 165.523 0 51.8287 a b 0.0743872 6 0
0 0 165.524 0 51.8753 a b 0.0812022 6 0
0 0 165.529 0 51.9186 a b 0.0913004 6 0
0 0 165.533 0 51.9621 a b 0.103504 6 0
0 0 165.537 0 52.0065 a b 0.110319 6 0
0 0 165.539 0 52.0502 a b 0.108522 6 0
0 0 165.542 0 52.0962 a b 0.110443 6 0
0 0 165.548 0 52.1456 a b 0.113768 6 0
0 0 165.553 0 52.1944 a b 0.115795 6 0
0 0 165.559 0 52.2436 a b 0.116576 6 0
0 0 165.566 0 52.2939 a b 0.120171 6 0
0 0 165.574 0 52.3432 a b 0.122652 6 0
0 0 165.577 0 52.3927 a b 0.119757 6 0
0 0 165.583 0 52.4477 a b 0.120595 6 0
0 0 165.59 0 52.4985 a b 0.122103 6 0
0 0 165.594 0 52.5484 a b 0.120887 6 0
0 0 165.597 0 52.5992 a b 0.119493 6 0
0 0 165.602 0 52.6497 a b 0.118556 6 0
0 0 165.606 0 52.697 a b 0.117208 6 0
0 0 165.606 0 52.7437 a b 0.115934 6 0
0 0 165.608 0 52.7956 a b 0.115316 6 0
0 0 165.613 0 52.8468 a b 0.112276 6 0
0 0 165.615 0 52.8915 a b 0.110996 6 0
0 0 165.619 0 52.9399 a b 0.110135 6 0
0 0 165.625 0 52.9921 a b 0.10813 6 0
0 0 165.628 0 53.042 a b 0.106297 6 0
0 0 165.634 0 53.0875 a b 0.107684 6 0
0 0 165.644 0 53.1434 a b 0.106569 6 0
0 0 165.646 0 53.1981 a b 0.102428 6 0
0 0 165.648 0 53.2446 a b 0.10392 6 0
0 0 165.653 0 53.2884 a b 0.105186 6 0
0 0 165.659 0 53.3315 a b 0.102748 6 0
0 0 165.661 0 53.3755 a b 0.101097 6 0
0 0 165.665 0 53.425 a b 0.10298 6 0
0 0 165.667 0 53.4753 a b 0.103627 6 0
0 0 165.672 0 53.5164 a b 0.103606 6 0
0 0 165.674 0 53.5641 a b 0.100018 6 0
0 0 165.676 0 53.6115 a b 0.0992274 6 0
0 0 165.679 0 53.6598 a b 0.0989058 6 0
0 0 165.68 0 53.7082 a b 0.0971055 6 0
0 0 165.685 0 53.7548 a b 0.0970651 6 0
0 0 165.69 0 53.8018 a b 0.0961043 6 0
0 0 165.698 0 53.8492 a b 0.0944642 6 0
0 0 165.705 0 53.8977 a b 0.094074 6 0
0 0 165.711 0 53.9535 a b 0.0915702 6 0
0 0 165.72 0 54.005 a b 0.0900947 6 0
0 0 165.726 0 54.0494 a b 0.0886342 6 0
0 0 165.726 0 54.1016 a b 0.0853937 6 0
0 0 165.724 0 54.149 a b 0.0831131 6 0
0 0 165.728 0 54.1972 a b 0.0822283 6 0
0 0 165.732 0 54.247 a b 0.0780453 6 0
0 0 165.732 0 54.2938 a b 0.0727791 6 0
0 0 165.731 0 54.3392 a b 0.0686336 6 0
0 0 165.731 0 54.3895 a b 0.0670507 6 0
0 0 165.735 0 54.4399 a b 0.0625394 6 0
0 0 165.736 0 54.4867 a b 0.0591924 6 0
0 0 165.74 0 54.5378 a b 0.0578815 6 0
0 0 165.742 0 54.5831 a b 0.0535181 6 0
0 0 165.743 0 54.6334 a b 0.0500293 6 0
0 0 165.744 0 54.6816 a b 0.0465026 6 0
0 0 165.746 0 54.7326 a b 0.0393659 6 0
0 0 165.747 0 54.7803 a b 0.0330898 6 0
0 0 165.748 0 54.8278 a b 0.0324442 6 0
0 0 165.751 0 54.8757 a b 0.0328657 6 0
0 0 165.75 0 54.9278 a b 0.0328856 6 0
0 0 165.75 0 54.9787 a b 0.0294758 6 0
0 0 165.749 0 55.0328 a b 0.0234918 6 0
0 0 165.749 0 55.0754 a b 0.019991 6 0
0 0 165.749 0 55.1211 a b 0.0202537 6 0
0 0 165.746 0 55.1713 a b 0.0191083 6 0
0 0 165.747 0 55.2237 a b 0.0143582 6 0
0 0 165.748 0 55.2658 a b 0.00892526 6 0
0 0 165.746 0 55.306 a b 0.00935093 6 0
0 0 165.746 0 55.3511 a b 0.00583777 6 0
0 0 165.748 0 55.3971 a b 0.000882746 6 0
0 0 165.748 0 55.4432 a b -0.00210149 6 0
0 0 165.748 0 55.4914 a b -0.005742 6 0
0 0 165.747 0 55.5365 a b -0.0100769 6 0
0 0 165.752 0 55.5838 a b -0.0123673 6 0
0 0 165.748 0 55.6322 a b -0.0159003 6 0
0 0 165.743 0 55.6815 a b -0.0194346 6 0
0 0 165.741 0 55.7309 a b -0.0194053 6 0
0 0 165.741 0 55.7761 a b -0.0241793 6 0
0 0 165.739 0 55.8198 a b -0.0279673 6 0
0 0 165.735 0 55.866 a b -0.0294519 6 0
0 0 165.732 0 55.9087 a b -0.0325433 6 0
0 0 165.729 0 55.9584 a b -0.0344454 6 0
0 0 165.728 0 56.0031 a b -0.0321331 6 0
0 0 165.732 0 56.0328 a b -0.0191815 6 0
0 0 165.731 0 56.071 a b -0.00508813 6 0
0 0 165.734 0 56.1207 a b 0.00681898 6 0
0 0 165.739 0 56.1687 a b 0.0173942 6 0
0 0 165.742 0 56.2122 a b 0.0288882 6 0
0 0 165.742 0 56.2569 a b 0.0376935 6 0
0 0 165.74 0 56.3012 a b 0.0399569 6 0
0 0 165.742 0 56.3468 a b 0.0416198 6 0
0 0 165.748 0 56.393 a b 0.0458586 6 0
0 0 165.747 0 56.4415 a b 0.0490046 6 0
0 0 165.745 0 56.4919 a b 0.0520582 6 0
0 0 165.746 0 56.5421 a b 0.0557387 6 0
0 0 165.743 0 56.594 a b 0.0539334 6 0
0 0 165.748 0 56.6487 a b 0.0533302 6 0
0 0 165.751 0 56.695 a b 0.0566177 6 0
0 0 165.754 0 56.7424 a b 0.0608174 6 0
0 0 165.754 0 56.7891 a b 0.0619846 6 0
0 0 165.753 0 56.8348 a b 0.0619193 6 0
0 0 165.752 0 56.8768 a b 0.0626109 6 0
0 0 165.749 0 56.9212 a b 0.0635326 6 0
0 0 165.747 0 56.9698 a b 0.0653643 6 0
0 0 165.747 0 57.0155 a b 0.0675665 6 0
0 0 165.746 0 57.0588 a b 0.0642712 6 0
0 0 165.749 0 57.1097 a b 0.0625633 6 0
0 0 165.753 0 57.155 a b 0.0621522 6 0
0 0 165.755 0 57.2063 a b 0.0643403 6 0
0 0 165.757 0 57.261 a b 0.0649245 6 0
0 0 165.756 0 57.3069 a b 0.0639252 6 0
0 0 165.752 0 57.3521 a b 0.0611248 6 0
0 0 165.753 0 57.4011 a b 0.0599715 6 0
0 0 165.756 0 57.4521 a b 0.0616386 6 0
0 0 165.753 0 57.5047 a b 0.0657096 6 0
0 0 165.753 0 57.5492 a b 0.0656077 6 0
0 0 165.747 0 57.5977 a b 0.0625665 6 0
0 0 165.75 0 57.6463 a b 0.0622403 6 0
0 0 165.753 0 57.6918 a b 0.0621381 6 0
0 0 165.756 0 57.7315 a b 0.0623155 6 0
0 0 165.76 0 57.7873 a b 0.0626446 6 0
0 0 165.761 0 57.8377 a b 0.0611361 6 0
0 0 165.763 0 57.8839 a b 0.0579641 6 0
0 0 165.769 0 57.9323 a b 0.0601705 6 0
0 0 165.777 0 57.9818 a b 0.062642 6 0
0 0 165.776 0 58.03 a b 0.0636383 6 0
0 0 165.777 0 58.0731 a b 0.0626094 6 0
0 0 165.775 0 58.1119 a b 0.0607023 6 0
0 0 165.771 0 58.1623 a b 0.0591726 6 0
0 0 165.772 0 58.2111 a b 0.0594557 6 0
0 0 165.776 0 58.2617 a b 0.0606811 6 0
0 0 165.779 0 58.3068 a b 0.0600524 6 0
0 0 165.782 0 58.3575 a b 0.0587357 6 0
0 0 165.781 0 58.4048 a b 0.058028 6 0
0 0 165.78 0 58.4479 a b 0.05673 6 0
0 0 165.785 0 58.4911 a b 0.0576913 6 0
0 0 165.786 0 58.5492 a b 0.0551335 6 0
0 0 165.792 0 58.5953 a b 0.0542382 6 0
0 0 165.799 0 58.6457 a b 0.0503477 6 0
0 0 165.796 0 58.6941 a b 0.0480554 6 0
0 0 165.798 0 58.7451 a b 0.0489573 6 0
0 0 165.8 0 58.7974 a b 0.0510181 6 0
0 0 165.805 0 58.8464 a b 0.0485968 6 0
0 0 165.805 0 58.8944 a b 0.0471432 6 0
0 0 165.803 0 58.9507 a b 0.0453336 6 0
0 0 165.801 0 59.0025 a b 0.0450892 6 0
0 0 165.801 0 59.055 a b 0.0461771 6 0
0 0 165.806 0 59.1053 a b 0.046719 6 0
0 0 165.807 0 59.1536 a b 0.0440413 6 0
0 0 165.811 0 59.2019 a b 0.0415535 6 0
0 0 165.808 0 59.252 a b 0.039607 6 0
0 0 165.808 0 59.3008 a b 0.0410393 6 0
0 0 165.81 0 59.3519 a b 0.0397494 6 0
0 0 165.813 0 59.4021 a b 0.0374351 6 0
0 0 165.82 0 59.4488 a b 0.0345905 6 0
0 0 165.823 0 59.4991 a b 0.0314497 6 0
0 0 165.825 0 59.542 a b 0.0316395 6 0
0 0 165.825 0 59.5916 a b 0.0332425 6 0
0 0 165.825 0 59.6464 a b 0.0306568 6 0
0 0 165.824 0 59.6886 a b 0.02862 6 0
0 0 165.819 0 59.7394 a b 0.0269998 6 0
0 0 165.812 0 59.7958 a b 0.0283684 6 0
0 0 165.806 0 59.8463 a b 0.0267781 6 0
0 0 165.806 0 59.8937 a b 0.0268466 6 0
0 0 165.809 0 59.9432 a b 0.0257929 6 0
0 0 165.81 0 59.9871 a b 0.0255839 6 0
0 0 165.807 0 60.036 a b 0.0239178 6 0
0 0 165.808 0 60.0844 a b 0.0235161 6 0
0 0 165.814 0 60.1328 a b 0.0219549 6 0
0 0 165.809 0 60.1832 a b 0.020591 6 0
0 0 165.81 0 60.2309 a b 0.0194851 6 0
0 0 165.813 0 60.281 a b 0.0186921 6 0
0 0 165.812 0 60.3294 a b 0.017627 6 0
0 0 165.811 0 60.3734 a b 0.0180716 6 0
0 0 165.81 0 60.4183 a b 0.0151575 6 0
0 0 165.808 0 60.4641 a b 0.0130415 6 0
0 0 165.803 0 60.5111 a b 0.0107303 6 0
0 0 165.798 0 60.5589 a b 0.00964034 6 0
0 0 165.799 0 60.609 a b 0.00963583 6 0
0 0 165.798 0 60.6569 a b 0.0110091 6 0
0 0 165.8 0 60.7037 a b 0.00992842 6 0
0 0 165.798 0 60.7546 a b 0.00770738 6 0
0 0 165.794 0 60.8068 a b 0.00661804 6 0
0 0 165.792 0 60.8511 a b 0.00546678 6 0
0 0 165.787 0 60.9012 a b 0.00352039 6 0
0 0 165.789 0 60.9488 a b 0.00275014 6 0
0 0 165.792 0 60.9991 a b 0.0025642 6 0
0 0 165.791 0 61.0517 a b -0.000397418 6 0
0 0 165.794 0 61.1003 a b -0.00181557 6 0
0 0 165.793 0 61.154 a b -0.00174947 6 0
0 0 165.798 0 61.202 a b -0.00333676 6 0
0 0 165.796 0 61.2489 a b -0.00400519 6 0
0 0 165.787 0 61.303 a b -0.00563283 6 0
0 0 165.783 0 61.3521 a b -0.00750848 6 0
0 0 165.782 0 61.3958 a b -0.00787933 6 0
0 0 165.783 0 61.4426 a b -0.00484017 6 0
0 0 165.782 0 61.4956 a b -0.0028638 6 0
0 0 165.782 0 61.545 a b -0.00401915 6 0
0 0 165.775 0 61.5948 a b -0.00727232 6 0
0 0 165.776 0 61.6433 a b -0.00919006 6 0
0 0 165.778 0 61.6889 a b -0.00950306 6 0
0 0 165.78 0 61.7385 a b -0.00776892 6 0
0 0 165.777 0 61.7887 a b -0.0069494 6 0
0 0 165.788 0 61.8448 a b -0.0102508 6 0
0 0 165.8 0 61.8897 a b -0.0153433 6 0
0 0 165.804 0 61.9251 a b -0.0150891 6 0
0 0 165.799 0 61.9821 a b -0.0138179 6 0
0 0 165.787 0 62.0392 a b -0.0146457 6 0
0 0 165.768 0 62.0859 a b -0.0160669 6 0
0 0 165.765 0 62.1366 a b -0.0170778 6 0
0 0 165.768 0 62.1898 a b -0.0165156 6 0
0 0 165.775 0 62.2421 a b -0.0152325 6 0
0 0 165.773 0 62.2902 a b -0.0145503 6 0
0 0 165.77 0 62.3327 a b -0.0190052 6 0
0 0 165.77 0 62.3847 a b -0.0218643 6 0
0 0 165.764 0 62.4318 a b -0.0223173 6 0
0 0 165.762 0 62.4842 a b -0.0214755 6 0
0 0 165.753 0 62.5393 a b -0.0215584 6 0
0 0 165.744 0 62.5822 a b -0.0243641 6 0
0 0 165.744 0 62.6296 a b -0.0299537 6 0
0 0 165.747 0 62.6741 a b -0.0327419 6 0
0 0 165.747 0 62.7194 a b -0.033973 6 0
0 0 165.746 0 62.7643 a b -0.0341131 6 0
0 0 165.744 0 62.8153 a b -0.0320977 6 0
0 0 165.732 0 62.8649 a b -0.0326124 6 0
0 0 165.726 0 62.9105 a b -0.0371935 6 0
0 0 165.724 0 62.9564 a b -0.0384398 6 0
0 0 165.724 0 63.0061 a b -0.0360799 6 0
0 0 165.715 0 63.0508 a b -0.0327633 6 0
0 0 165.71 0 63.0966 a b -0.031209 6 0
0 0 165.707 0 63.147 a b -0.0332031 6 0
0 0 165.709 0 63.1966 a b -0.0366086 6 0
0 0 165.705 0 63.2491 a b -0.0366158 6 0
0 0 165.706 0 63.3029 a b -0.0345956 6 0
0 0 165.706 0 63.3454 a b -0.0319964 6 0
0 0 165.704 0 63.3871 a b -0.0360654 6 0
0 0 165.706 0 63.441 a b -0.0432842 6 0
0 0 165.698 0 63.4968 a b -0.045534 6 0
0 0 165.703 0 63.5491 a b -0.0426919 6 0
0 0 165.705 0 63.6056 a b -0.0418823 6 0
0 0 165.699 0 63.6491 a b -0.0455254 6 0
0 0 165.691 0 63.7048 a b -0.0490064 6 0
0 0 165.681 0 63.7593 a b -0.052788 6 0
0 0 165.677 0 63.8214 a b -0.0524142 6 0
0 0 165.674 0 63.8686 a b -0.0491136 6 0
0 0 165.668 0 63.9243 a b -0.0493951 6 0
0 0 165.666 0 63.9759 a b -0.0530077 6 0
0 0 165.666 0 64.0271 a b -0.0606179 6 0
0 0 165.645 0 64.0805 a b -0.0628214 6 0
0 0 165.637 0 64.1227 a b -0.0675335 6 0
0 0 165.628 0 64.1523 a b -0.0786131 6 0
0 0 165.62 0 64.1648 a b -0.0676238 6 0
