0 0 165.057 0 25.7786 a b -1.49242 6 0
0 0 165.052 0 25.799 a b -1.5141 6 0
0 0 165.042 0 25.8074 a b -1.50724 6 0
0 0 165.043 0 25.8039 a b -1.48869 6 0
0 0 165.05 0 25.7984 a b -1.46043 6 0
0 0 165.06 0 25.7935 a b -1.44932 6 0
0 0 165.059 0 25.8016 a b -1.47265 6 0
0 0 165.057 0 25.811 a b -1.50876 6 0
0 0 165.06 0 25.8104 a b -1.54383 6 0
0 0 165.06 0 25.8154 a b -1.56699 6 0
0 0 165.065 0 25.8194 a b -1.59455 6 0
0 0 165.071 0 25.8223 a b -1.62346 6 0
0 0 165.062 0 25.8155 a b -1.63313 6 0
0 0 165.047 0 25.8164 a b -1.63467 6 0
0 0 165.037 0 25.8192 a b -1.63508 6 0
0 0 165.007 0 25.8219 a b -1.64344 6 0
0 0 164.986 0 25.8203 a b -1.6493 6 0
0 0 164.965 0 25.8206 a b -1.64684 6 0
0 0 164.924 0 25.816 a b -1.64255 6 0
0 0 164.869 0 25.8078 a b -1.64421 6 0
0 0 164.817 0 25.7998 a b -1.65022 6 0
0 0 164.759 0 25.7928 a b -1.65044 6 0
0 0 164.694 0 25.8022 a b -1.64922 6 0
0 0 164.631 0 25.8101 a b -1.64513 6 0
0 0 164.568 0 25.8014 a b -1.64245 6 0
0 0 164.509 0 25.7943 a b -1.64185 6 0
0 0 164.448 0 25.7884 a b -1.6395 6 0
0 0 164.397 0 25.7844 a b -1.6382 6 0
0 0 164.348 0 25.7816 a b -1.6376 6 0
0 0 164.302 0 25.7838 a b -1.63425 6 0
0 0 164.259 0 25.7812 a b -1.63371 6 0
0 0 164.218 0 25.7744 a b -1.63335 6 0
0 0 164.179 0 25.7701 a b -1.63188 6 0
0 0 164.145 0 25.7708 a b -1.63224 6 0
0 0 164.113 0 25.7744 a b -1.63064 6 0
0 0 164.086 0 25.7717 a b -1.63046 6 0
0 0 164.055 0 25.768 a b -1.62915 6 0
0 0 164.025 0 25.7638 a b -1.62974 6 0
0 0 163.998 0 25.7617 a b -1.62858 6 0
0 0 163.974 0 25.7582 a b -1.62763 6 0
0 0 163.949 0 25.7585 a b -1.62719 6 0
0 0 163.922 0 25.7569 a b -1.6286 6 0
0 0 163.895 0 25.7577 a b -1.62739 6 0
0 0 163.859 0 25.7551 a b -1.62475 6 0
0 0 163.828 0 25.7498 a b -1.62482 6 0
0 0 163.79 0 25.7522 a b -1.62257 6 0
0 0 163.747 0 25.7476 a b -1.61988 6 0
0 0 163.701 0 25.7454 a b -1.61865 6 0
0 0 163.656 0 25.7416 a b -1.61445 6 0
0 0 163.616 0 25.7376 a b -1.61214 6 0
0 0 163.573 0 25.7405 a b -1.61105 6 0
0 0 163.525 0 25.7433 a b -1.60774 6 0
0 0 163.485 0 25.7368 a b -1.60548 6 0
0 0 163.437 0 25.7325 a b -1.60298 6 0
0 0 163.383 0 25.7311 a b -1.59896 6 0
0 0 163.341 0 25.7313 a b -1.59594 6 0
0 0 163.302 0 25.729 a b -1.5948 6 0
0 0 163.263 0 25.7306 a b -1.59187 6 0
0 0 163.22 0 25.7276 a b -1.58921 6 0
0 0 163.176 0 25.7248 a b -1.58528 6 0
0 0 163.14 0 25.7257 a b -1.58415 6 0
0 0 163.104 0 25.7223 a b -1.58267 6 0
0 0 163.062 0 25.7219 a b -1.57947 6 0
0 0 163.032 0 25.7263 a b -1.57752 6 0
0 0 163.009 0 25.7276 a b -1.58795 6 0
0 0 162.975 0 25.7266 a b -1.60506 6 0
0 0 162.944 0 25.7204 a b -1.61961 6 0
0 0 162.909 0 25.7134 a b -1.63169 6 0
0 0 162.876 0 25.7149 a b -1.64287 6 0
0 0 162.847 0 25.711 a b -1.6549 6 0
0 0 162.814 0 25.7055 a b -1.66625 6 0
0 0 162.777 0 25.7002 a b -1.67281 6 0
0 0 162.741 0 25.6964 a b -1.67821 6 0
0 0 162.708 0 25.6941 a b -1.68511 6 0
0 0 162.678 0 25.6899 a b -1.69089 6 0
0 0 162.642 0 25.6835 a b -1.69556 6 0
0 0 162.602 0 25.6741 a b -1.7005 6 0
0 0 162.558 0 25.6738 a b -1.70436 6 0
0 0 162.512 0 25.6647 a b -1.7026 6 0
0 0 162.471 0 25.661 a b -1.69998 6 0
0 0 162.435 0 25.6626 a b -1.70596 6 0
0 0 162.386 0 25.649 a b -1.70948 6 0
0 0 162.34 0 25.6408 a b -1.70953 6 0
0 0 162.294 0 25.6303 a b -1.70769 6 0
0 0 162.249 0 25.6231 a b -1.71135 6 0
0 0 162.204 0 25.6132 a b -1.7131 6 0
0 0 162.162 0 25.607 a b -1.70983 6 0
0 0 162.122 0 25.6041 a b -1.70981 6 0
0 0 162.081 0 25.5958 a b -1.71199 6 0
0 0 162.039 0 25.5874 a b -1.71158 6 0
0 0 162 0 25.5848 a b -1.71264 6 0
0 0 161.957 0 25.579 a b -1.71426 6 0
0 0 161.92 0 25.5768 a b -1.71522 6 0
0 0 161.876 0 25.5672 a b -1.71549 6 0
0 0 161.832 0 25.5659 a b -1.71696 6 0
0 0 161.792 0 25.5634 a b -1.7179 6 0
0 0 161.756 0 25.5635 a b -1.72 6 0
0 0 161.718 0 25.5575 a b -1.7207 6 0
0 0 161.682 0 25.5536 a b -1.72073 6 0
0 0 161.648 0 25.5499 a b -1.72204 6 0
0 0 161.611 0 25.5451 a b -1.72226 6 0
0 0 161.579 0 25.5393 a b -1.72283 6 0
0 0 161.547 0 25.5319 a b -1.7223 6 0
0 0 161.512 0 25.5271 a b -1.71992 6 0
0 0 161.479 0 25.5225 a b -1.71986 6 0
0 0 161.446 0 25.5157 a b -1.71977 6 0
0 0 161.412 0 25.5055 a b -1.71764 6 0
0 0 161.373 0 25.499 a b -1.71421 6 0
0 0 161.337 0 25.4997 a b -1.71213 6 0
0 0 161.299 0 25.4943 a b -1.70851 6 0
0 0 161.265 0 25.4852 a b -1.70188 6 0
0 0 161.227 0 25.4852 a b -1.69598 6 0
0 0 161.191 0 25.4859 a b -1.68686 6 0
0 0 161.152 0 25.4855 a b -1.67644 6 0
0 0 161.113 0 25.4885 a b -1.66949 6 0
0 0 161.074 0 25.485 a b -1.66156 6 0
0 0 161.039 0 25.4815 a b -1.65242 6 0
0 0 160.993 0 25.4773 a b -1.64291 6 0
0 0 160.945 0 25.4776 a b -1.63854 6 0
0 0 160.904 0 25.4719 a b -1.63649 6 0
0 0 160.867 0 25.4674 a b -1.63486 6 0
0 0 160.825 0 25.464 a b -1.63402 6 0
0 0 160.781 0 25.4614 a b -1.63356 6 0
0 0 160.74 0 25.456 a b -1.6334 6 0
0 0 160.696 0 25.4511 a b -1.63291 6 0
0 0 160.652 0 25.4498 a b -1.63121 6 0
0 0 160.61 0 25.4429 a b -1.62996 6 0
0 0 160.564 0 25.4385 a b -1.63049 6 0
0 0 160.528 0 25.4367 a b -1.63074 6 0
0 0 160.495 0 25.4309 a b -1.62868 6 0
0 0 160.457 0 25.4276 a b -1.6289 6 0
0 0 160.419 0 25.4235 a b -1.63103 6 0
0 0 160.388 0 25.4252 a b -1.63216 6 0
0 0 160.354 0 25.4262 a b -1.63107 6 0
0 0 160.318 0 25.422 a b -1.63391 6 0
0 0 160.276 0 25.4173 a b -1.63587 6 0
0 0 160.236 0 25.4214 a b -1.63707 6 0
0 0 160.195 0 25.4199 a b -1.63566 6 0
0 0 160.153 0 25.4146 a b -1.63765 6 0
0 0 160.109 0 25.4146 a b -1.64012 6 0
0 0 160.065 0 25.4142 a b -1.64085 6 0
0 0 160.022 0 25.4093 a b -1.64026 6 0
0 0 159.977 0 25.4049 a b -1.6402 6 0
0 0 159.933 0 25.3996 a b -1.64069 6 0
0 0 159.895 0 25.3955 a b -1.64073 6 0
0 0 159.853 0 25.3928 a b -1.64153 6 0
0 0 159.819 0 25.3903 a b -1.64389 6 0
0 0 159.78 0 25.3864 a b -1.64462 6 0
0 0 159.742 0 25.3846 a b -1.64598 6 0
0 0 159.711 0 25.3841 a b -1.64573 6 0
0 0 159.672 0 25.3791 a b -1.64493 6 0
0 0 159.63 0 25.3746 a b -1.64572 6 0
0 0 159.587 0 25.3744 a b -1.649 6 0
0 0 159.548 0 25.3709 a b -1.64937 6 0
0 0 159.508 0 25.3675 a b -1.64766 6 0
0 0 159.459 0 25.3619 a b -1.64657 6 0
0 0 159.407 0 25.3596 a b -1.64949 6 0
0 0 159.366 0 25.3584 a b -1.64671 6 0
0 0 159.328 0 25.3567 a b -1.64667 6 0
0 0 159.286 0 25.3521 a b -1.64818 6 0
0 0 159.242 0 25.3464 a b -1.64836 6 0
0 0 159.208 0 25.343 a b -1.6482 6 0
0 0 159.177 0 25.3395 a b -1.64983 6 0
0 0 159.148 0 25.336 a b -1.65039 6 0
0 0 159.119 0 25.3348 a b -1.65131 6 0
0 0 159.084 0 25.3319 a b -1.65388 6 0
0 0 159.047 0 25.3306 a b -1.65635 6 0
0 0 159.018 0 25.3279 a b -1.6547 6 0
0 0 158.99 0 25.3262 a b -1.65231 6 0
0 0 158.955 0 25.3207 a b -1.65073 6 0
0 0 158.917 0 25.3203 a b -1.64978 6 0
0 0 158.874 0 25.316 a b -1.64687 6 0
0 0 158.836 0 25.3086 a b -1.64217 6 0
0 0 158.791 0 25.3072 a b -1.64185 6 0
0 0 158.745 0 25.3076 a b -1.63957 6 0
0 0 158.7 0 25.3064 a b -1.63427 6 0
0 0 158.657 0 25.3022 a b -1.63053 6 0
0 0 158.617 0 25.2986 a b -1.62698 6 0
0 0 158.581 0 25.2942 a b -1.62288 6 0
0 0 158.544 0 25.291 a b -1.61851 6 0
0 0 158.511 0 25.2922 a b -1.61544 6 0
0 0 158.476 0 25.2926 a b -1.61041 6 0
0 0 158.439 0 25.2914 a b -1.60704 6 0
0 0 158.402 0 25.2902 a b -1.60519 6 0
0 0 158.364 0 25.2883 a b -1.60199 6 0
0 0 158.328 0 25.2905 a b -1.59934 6 0
0 0 158.294 0 25.2886 a b -1.59714 6 0
0 0 158.251 0 25.2865 a b -1.59518 6 0
0 0 158.21 0 25.2883 a b -1.59331 6 0
0 0 158.168 0 25.2862 a b -1.59151 6 0
0 0 158.123 0 25.2886 a b -1.5918 6 0
0 0 158.081 0 25.287 a b -1.5897 6 0
0 0 158.04 0 25.2871 a b -1.5889 6 0
0 0 158.001 0 25.2859 a b -1.58795 6 0
0 0 157.962 0 25.2883 a b -1.58608 6 0
0 0 157.929 0 25.2866 a b -1.58504 6 0
0 0 157.891 0 25.2868 a b -1.58593 6 0
0 0 157.853 0 25.2881 a b -1.58545 6 0
0 0 157.817 0 25.2908 a b -1.58506 6 0
0 0 157.779 0 25.2915 a b -1.58332 6 0
0 0 157.747 0 25.2918 a b -1.58356 6 0
0 0 157.708 0 25.2902 a b -1.58521 6 0
0 0 157.669 0 25.2892 a b -1.58201 6 0
0 0 157.624 0 25.2911 a b -1.58271 6 0
0 0 157.583 0 25.2908 a b -1.58187 6 0
0 0 157.542 0 25.2898 a b -1.58039 6 0
0 0 157.496 0 25.2904 a b -1.58131 6 0
0 0 157.458 0 25.2892 a b -1.58092 6 0
0 0 157.421 0 25.2893 a b -1.57793 6 0
0 0 157.386 0 25.2906 a b -1.57658 6 0
0 0 157.355 0 25.2907 a b -1.57942 6 0
0 0 157.32 0 25.2907 a b -1.57974 6 0
0 0 157.28 0 25.2904 a b -1.57714 6 0
0 0 157.247 0 25.2908 a b -1.57625 6 0
0 0 157.213 0 25.291 a b -1.57744 6 0
0 0 157.178 0 25.2914 a b -1.57927 6 0
0 0 157.139 0 25.2909 a b -1.5768 6 0
0 0 157.1 0 25.2918 a b -1.5776 6 0
0 0 157.059 0 25.2951 a b -1.57855 6 0
0 0 157.018 0 25.2938 a b -1.57639 6 0
0 0 156.974 0 25.2961 a b -1.57458 6 0
0 0 156.934 0 25.2968 a b -1.57349 6 0
0 0 156.894 0 25.295 a b -1.57411 6 0
0 0 156.856 0 25.2951 a b -1.57538 6 0
0 0 156.817 0 25.2933 a b -1.57442 6 0
0 0 156.78 0 25.2957 a b -1.5738 6 0
0 0 156.746 0 25.2959 a b -1.57524 6 0
0 0 156.71 0 25.2929 a b -1.57548 6 0
0 0 156.676 0 25.2934 a b -1.57444 6 0
0 0 156.641 0 25.2954 a b -1.57597 6 0
0 0 156.606 0 25.2967 a b -1.57455 6 0
0 0 156.569 0 25.2975 a b -1.57739 6 0
0 0 156.526 0 25.2993 a b -1.57915 6 0
0 0 156.487 0 25.3005 a b -1.57859 6 0
0 0 156.446 0 25.3 a b -1.57931 6 0
0 0 156.402 0 25.3011 a b -1.58117 6 0
0 0 156.361 0 25.3018 a b -1.58214 6 0
0 0 156.321 0 25.3022 a b -1.58154 6 0
0 0 156.283 0 25.3011 a b -1.58396 6 0
0 0 156.244 0 25.3017 a b -1.58538 6 0
0 0 156.209 0 25.302 a b -1.58624 6 0
0 0 156.176 0 25.3029 a b -1.58565 6 0
0 0 156.141 0 25.304 a b -1.5862 6 0
0 0 156.105 0 25.3045 a b -1.5884 6 0
0 0 156.074 0 25.3042 a b -1.58981 6 0
0 0 156.039 0 25.3045 a b -1.58713 6 0
0 0 156.004 0 25.3056 a b -1.58579 6 0
0 0 155.962 0 25.304 a b -1.5864 6 0
0 0 155.918 0 25.3019 a b -1.58795 6 0
0 0 155.882 0 25.3031 a b -1.58847 6 0
0 0 155.847 0 25.3 a b -1.5845 6 0
0 0 155.81 0 25.3018 a b -1.58385 6 0
0 0 155.774 0 25.303 a b -1.58456 6 0
0 0 155.74 0 25.3011 a b -1.58434 6 0
0 0 155.702 0 25.3004 a b -1.58593 6 0
0 0 155.665 0 25.3019 a b -1.58634 6 0
0 0 155.626 0 25.3065 a b -1.58397 6 0
0 0 155.586 0 25.3036 a b -1.58328 6 0
0 0 155.541 0 25.303 a b -1.58394 6 0
0 0 155.498 0 25.3016 a b -1.58581 6 0
0 0 155.456 0 25.3037 a b -1.58453 6 0
0 0 155.416 0 25.3034 a b -1.58446 6 0
0 0 155.376 0 25.303 a b -1.5846 6 0
0 0 155.333 0 25.3022 a b -1.58562 6 0
0 0 155.293 0 25.3001 a b -1.58666 6 0
0 0 155.255 0 25.3012 a b -1.58787 6 0
0 0 155.216 0 25.3044 a b -1.58787 6 0
0 0 155.178 0 25.3026 a b -1.58922 6 0
0 0 155.141 0 25.3015 a b -1.59056 6 0
0 0 155.103 0 25.3026 a b -1.59077 6 0
0 0 155.065 0 25.3052 a b -1.59058 6 0
0 0 155.026 0 25.3061 a b -1.5913 6 0
0 0 154.988 0 25.3007 a b -1.5939 6 0
0 0 154.948 0 25.3006 a b -1.59265 6 0
0 0 154.909 0 25.3014 a b -1.59093 6 0
0 0 154.873 0 25.2995 a b -1.59231 6 0
0 0 154.836 0 25.2982 a b -1.59644 6 0
0 0 154.8 0 25.295 a b -1.59763 6 0
0 0 154.76 0 25.2971 a b -1.59621 6 0
0 0 154.724 0 25.2988 a b -1.59633 6 0
0 0 154.685 0 25.299 a b -1.59803 6 0
0 0 154.646 0 25.299 a b -1.59855 6 0
0 0 154.604 0 25.2988 a b -1.59769 6 0
0 0 154.563 0 25.3009 a b -1.59555 6 0
0 0 154.522 0 25.3006 a b -1.59648 6 0
0 0 154.482 0 25.2964 a b -1.59677 6 0
0 0 154.44 0 25.296 a b -1.59596 6 0
0 0 154.402 0 25.2951 a b -1.59512 6 0
0 0 154.366 0 25.2926 a b -1.59649 6 0
0 0 154.33 0 25.2922 a b -1.59727 6 0
0 0 154.291 0 25.2923 a b -1.59764 6 0
0 0 154.255 0 25.2886 a b -1.59607 6 0
0 0 154.216 0 25.2863 a b -1.59756 6 0
0 0 154.176 0 25.2864 a b -1.59657 6 0
0 0 154.141 0 25.2864 a b -1.59821 6 0
0 0 154.109 0 25.286 a b -1.5965 6 0
0 0 154.074 0 25.2846 a b -1.5969 6 0
0 0 154.038 0 25.2825 a b -1.59889 6 0
0 0 154.001 0 25.2809 a b -1.59796 6 0
0 0 153.962 0 25.2795 a b -1.5998 6 0
0 0 153.922 0 25.2792 a b -1.60133 6 0
0 0 153.887 0 25.28 a b -1.60141 6 0
0 0 153.85 0 25.2792 a b -1.60065 6 0
0 0 153.81 0 25.2807 a b -1.59832 6 0
0 0 153.775 0 25.2819 a b -1.59623 6 0
0 0 153.74 0 25.2809 a b -1.59661 6 0
0 0 153.704 0 25.2806 a b -1.59356 6 0
0 0 153.668 0 25.2831 a b -1.58823 6 0
0 0 153.63 0 25.2853 a b -1.5811 6 0
0 0 153.596 0 25.2871 a b -1.57648 6 0
0 0 153.563 0 25.2842 a b -1.57395 6 0
0 0 153.528 0 25.282 a b -1.56924 6 0
0 0 153.496 0 25.28 a b -1.56475 6 0
0 0 153.461 0 25.2807 a b -1.55906 6 0
0 0 153.424 0 25.2814 a b -1.55696 6 0
0 0 153.385 0 25.2823 a b -1.55494 6 0
0 0 153.344 0 25.2841 a b -1.5519 6 0
0 0 153.302 0 25.2847 a b -1.54663 6 0
0 0 153.259 0 25.288 a b -1.5441 6 0
0 0 153.223 0 25.2916 a b -1.54363 6 0
0 0 153.181 0 25.2909 a b -1.54376 6 0
0 0 153.14 0 25.2926 a b -1.54057 6 0
0 0 153.103 0 25.2971 a b -1.53758 6 0
0 0 153.066 0 25.2984 a b -1.53694 6 0
0 0 153.028 0 25.3006 a b -1.53463 6 0
0 0 152.99 0 25.3008 a b -1.53378 6 0
0 0 152.952 0 25.3028 a b -1.53351 6 0
0 0 152.918 0 25.3022 a b -1.5339 6 0
0 0 152.883 0 25.3016 a b -1.53229 6 0
0 0 152.848 0 25.307 a b -1.52937 6 0
0 0 152.814 0 25.3101 a b -1.53229 6 0
0 0 152.776 0 25.3079 a b -1.53371 6 0
0 0 152.731 0 25.3077 a b -1.53046 6 0
0 0 152.692 0 25.3129 a b -1.5294 6 0
0 0 152.656 0 25.3132 a b -1.53072 6 0
0 0 152.619 0 25.3127 a b -1.53216 6 0
0 0 152.579 0 25.3132 a b -1.53222 6 0
0 0 152.537 0 25.3159 a b -1.53095 6 0
0 0 152.498 0 25.3179 a b -1.52921 6 0
0 0 152.459 0 25.3203 a b -1.53207 6 0
0 0 152.421 0 25.3207 a b -1.53384 6 0
0 0 152.384 0 25.3225 a b -1.53245 6 0
0 0 152.345 0 25.3253 a b -1.5307 6 0
0 0 152.309 0 25.3308 a b -1.53095 6 0
0 0 152.273 0 25.3332 a b -1.53111 6 0
0 0 152.237 0 25.3315 a b -1.52935 6 0
0 0 152.199 0 25.3316 a b -1.52717 6 0
0 0 152.162 0 25.335 a b -1.52638 6 0
0 0 152.125 0 25.3387 a b -1.52962 6 0
0 0 152.092 0 25.3371 a b -1.52978 6 0
0 0 152.049 0 25.3379 a b -1.52387 6 0
0 0 152.004 0 25.3445 a b -1.52523 6 0
0 0 151.968 0 25.3449 a b -1.52764 6 0
0 0 151.929 0 25.3443 a b -1.52484 6 0
0 0 151.888 0 25.3481 a b -1.52247 6 0
0 0 151.853 0 25.349 a b -1.52093 6 0
0 0 151.819 0 25.3495 a b -1.52275 6 0
0 0 151.781 0 25.3511 a b -1.52242 6 0
0 0 151.746 0 25.3527 a b -1.52208 6 0
0 0 151.714 0 25.3573 a b -1.52222 6 0
0 0 151.682 0 25.3576 a b -1.52053 6 0
0 0 151.648 0 25.3586 a b -1.52124 6 0
0 0 151.611 0 25.3627 a b -1.52232 6 0
0 0 151.573 0 25.3635 a b -1.52219 6 0
0 0 151.533 0 25.3643 a b -1.52371 6 0
0 0 151.495 0 25.3697 a b -1.52316 6 0
0 0 151.461 0 25.3706 a b -1.52294 6 0
0 0 151.421 0 25.3675 a b -1.52276 6 0
0 0 151.377 0 25.3681 a b -1.52682 6 0
0 0 151.337 0 25.3733 a b -1.52674 6 0
0 0 151.296 0 25.3755 a b -1.52361 6 0
0 0 151.251 0 25.375 a b -1.52636 6 0
0 0 151.212 0 25.3758 a b -1.52996 6 0
0 0 151.174 0 25.3785 a b -1.52687 6 0
0 0 151.134 0 25.379 a b -1.52683 6 0
0 0 151.095 0 25.3811 a b -1.52953 6 0
0 0 151.063 0 25.3813 a b -1.52982 6 0
0 0 151.027 0 25.3839 a b -1.53189 6 0
0 0 150.989 0 25.3896 a b -1.53218 6 0
0 0 150.954 0 25.388 a b -1.52985 6 0
0 0 150.919 0 25.3895 a b -1.53179 6 0
0 0 150.884 0 25.3893 a b -1.53378 6 0
0 0 150.85 0 25.391 a b -1.53603 6 0
0 0 150.811 0 25.3934 a b -1.53734 6 0
0 0 150.769 0 25.3951 a b -1.53849 6 0
0 0 150.729 0 25.3974 a b -1.53814 6 0
0 0 150.686 0 25.398 a b -1.53941 6 0
0 0 150.643 0 25.4007 a b -1.53971 6 0
0 0 150.601 0 25.3983 a b -1.53823 6 0
0 0 150.563 0 25.3974 a b -1.5433 6 0
0 0 150.523 0 25.4021 a b -1.54415 6 0
0 0 150.488 0 25.4055 a b -1.54118 6 0
0 0 150.451 0 25.4021 a b -1.54088 6 0
0 0 150.414 0 25.4036 a b -1.54481 6 0
0 0 150.38 0 25.4089 a b -1.54551 6 0
0 0 150.345 0 25.409 a b -1.5432 6 0
0 0 150.31 0 25.4106 a b -1.54499 6 0
0 0 150.273 0 25.4106 a b -1.54523 6 0
0 0 150.239 0 25.4137 a b -1.54687 6 0
0 0 150.206 0 25.4147 a b -1.5485 6 0
0 0 150.17 0 25.4155 a b -1.54808 6 0
0 0 150.138 0 25.4168 a b -1.54751 6 0
0 0 150.1 0 25.4147 a b -1.54935 6 0
0 0 150.06 0 25.4134 a b -1.55302 6 0
0 0 150.014 0 25.4175 a b -1.5532 6 0
0 0 149.97 0 25.4202 a b -1.5519 6 0
0 0 149.93 0 25.421 a b -1.55496 6 0
0 0 149.888 0 25.4229 a b -1.55565 6 0
0 0 149.851 0 25.4206 a b -1.55507 6 0
0 0 149.816 0 25.4215 a b -1.55831 6 0
0 0 149.78 0 25.4228 a b -1.55874 6 0
0 0 149.748 0 25.4236 a b -1.55827 6 0
0 0 149.721 0 25.4254 a b -1.55946 6 0
0 0 149.686 0 25.4263 a b -1.56178 6 0
0 0 149.646 0 25.4279 a b -1.56072 6 0
0 0 149.614 0 25.43 a b -1.55982 6 0
0 0 149.58 0 25.4261 a b -1.56372 6 0
0 0 149.537 0 25.4252 a b -1.56429 6 0
0 0 149.5 0 25.425 a b -1.56618 6 0
0 0 149.463 0 25.4289 a b -1.56733 6 0
0 0 149.427 0 25.4285 a b -1.56531 6 0
0 0 149.387 0 25.4267 a b -1.56657 6 0
0 0 149.345 0 25.4257 a b -1.56901 6 0
0 0 149.307 0 25.428 a b -1.57097 6 0
0 0 149.264 0 25.4265 a b -1.57222 6 0
0 0 149.221 0 25.4264 a b -1.5732 6 0
0 0 149.183 0 25.4309 a b -1.57309 6 0
0 0 149.147 0 25.4305 a b -1.57191 6 0
0 0 149.107 0 25.4283 a b -1.57157 6 0
0 0 149.068 0 25.4285 a b -1.57177 6 0
0 0 149.03 0 25.432 a b -1.57409 6 0
0 0 148.99 0 25.4301 a b -1.57555 6 0
0 0 148.95 0 25.4292 a b -1.57259 6 0
0 0 148.916 0 25.4304 a b -1.57194 6 0
0 0 148.884 0 25.4306 a b -1.57466 6 0
0 0 148.848 0 25.4292 a b -1.57568 6 0
0 0 148.813 0 25.4268 a b -1.57435 6 0
0 0 148.78 0 25.4295 a b -1.57398 6 0
0 0 148.74 0 25.4274 a b -1.57474 6 0
0 0 148.7 0 25.4278 a b -1.57449 6 0
0 0 148.662 0 25.4257 a b -1.57505 6 0
0 0 148.623 0 25.4252 a b -1.5733 6 0
0 0 148.587 0 25.4245 a b -1.56917 6 0
0 0 148.552 0 25.4249 a b -1.56401 6 0
0 0 148.515 0 25.4257 a b -1.56011 6 0
0 0 148.478 0 25.4269 a b -1.55531 6 0
0 0 148.438 0 25.4288 a b -1.55054 6 0
0 0 148.403 0 25.4313 a b -1.54682 6 0
0 0 148.368 0 25.4372 a b -1.54543 6 0
0 0 148.33 0 25.4359 a b -1.54192 6 0
0 0 148.292 0 25.4363 a b -1.53924 6 0
0 0 148.255 0 25.4378 a b -1.53616 6 0
0 0 148.218 0 25.4401 a b -1.53794 6 0
0 0 148.173 0 25.4397 a b -1.53432 6 0
0 0 148.133 0 25.4435 a b -1.53252 6 0
0 0 148.097 0 25.4449 a b -1.53346 6 0
0 0 148.063 0 25.4434 a b -1.53072 6 0
0 0 148.028 0 25.4467 a b -1.52876 6 0
0 0 147.993 0 25.4473 a b -1.53011 6 0
0 0 147.956 0 25.446 a b -1.53065 6 0
0 0 147.923 0 25.4483 a b -1.5301 6 0
0 0 147.884 0 25.447 a b -1.53265 6 0
0 0 147.846 0 25.4456 a b -1.53272 6 0
0 0 147.807 0 25.4478 a b -1.5338 6 0
0 0 147.767 0 25.4476 a b -1.53406 6 0
0 0 147.726 0 25.448 a b -1.53594 6 0
0 0 147.688 0 25.4491 a b -1.53704 6 0
0 0 147.65 0 25.4516 a b -1.5379 6 0
0 0 147.609 0 25.4546 a b -1.53794 6 0
0 0 147.568 0 25.4577 a b -1.53856 6 0
0 0 147.532 0 25.4574 a b -1.53952 6 0
0 0 147.491 0 25.4579 a b -1.5386 6 0
0 0 147.45 0 25.4593 a b -1.54109 6 0
0 0 147.414 0 25.4591 a b -1.54253 6 0
0 0 147.379 0 25.4602 a b -1.54215 6 0
0 0 147.341 0 25.4592 a b -1.54051 6 0
0 0 147.303 0 25.4603 a b -1.54141 6 0
0 0 147.269 0 25.4631 a b -1.5415 6 0
0 0 147.229 0 25.4625 a b -1.54002 6 0
0 0 147.189 0 25.4633 a b -1.54166 6 0
0 0 147.153 0 25.4657 a b -1.54094 6 0
0 0 147.114 0 25.4664 a b -1.54089 6 0
0 0 147.071 0 25.4656 a b -1.54086 6 0
0 0 147.033 0 25.4673 a b -1.54087 6 0
0 0 146.998 0 25.4687 a b -1.53907 6 0
0 0 146.957 0 25.4683 a b -1.53885 6 0
0 0 146.92 0 25.4663 a b -1.54072 6 0
0 0 146.877 0 25.4704 a b -1.54161 6 0
0 0 146.838 0 25.473 a b -1.53987 6 0
0 0 146.796 0 25.4731 a b -1.53849 6 0
0 0 146.755 0 25.4714 a b -1.53895 6 0
0 0 146.714 0 25.4737 a b -1.53747 6 0
0 0 146.676 0 25.4721 a b -1.53582 6 0
0 0 146.633 0 25.472 a b -1.53915 6 0
0 0 146.594 0 25.4773 a b -1.53816 6 0
0 0 146.556 0 25.4809 a b -1.53387 6 0
0 0 146.521 0 25.4781 a b -1.53409 6 0
0 0 146.483 0 25.4775 a b -1.53805 6 0
0 0 146.449 0 25.4806 a b -1.53576 6 0
0 0 146.419 0 25.4816 a b -1.53287 6 0
0 0 146.387 0 25.4793 a b -1.53516 6 0
0 0 146.352 0 25.4804 a b -1.53583 6 0
0 0 146.319 0 25.4791 a b -1.5352 6 0
0 0 146.282 0 25.4797 a b -1.53632 6 0
0 0 146.241 0 25.4831 a b -1.53774 6 0
0 0 146.204 0 25.4835 a b -1.537 6 0
0 0 146.17 0 25.4805 a b -1.53737 6 0
0 0 146.129 0 25.4826 a b -1.54058 6 0
0 0 146.084 0 25.4858 a b -1.54106 6 0
0 0 146.041 0 25.4871 a b -1.54086 6 0
0 0 145.996 0 25.4845 a b -1.54142 6 0
0 0 145.951 0 25.4865 a b -1.54507 6 0
0 0 145.907 0 25.4887 a b -1.54465 6 0
0 0 145.866 0 25.4878 a b -1.54507 6 0
0 0 145.825 0 25.4873 a b -1.54769 6 0
0 0 145.79 0 25.488 a b -1.54961 6 0
0 0 145.753 0 25.4895 a b -1.5483 6 0
0 0 145.715 0 25.4873 a b -1.54949 6 0
0 0 145.678 0 25.4904 a b -1.55227 6 0
0 0 145.645 0 25.4927 a b -1.55092 6 0
0 0 145.615 0 25.493 a b -1.55044 6 0
0 0 145.58 0 25.4915 a b -1.55063 6 0
0 0 145.545 0 25.4931 a b -1.55083 6 0
0 0 145.509 0 25.4954 a b -1.55276 6 0
0 0 145.468 0 25.4967 a b -1.55342 6 0
0 0 145.431 0 25.4949 a b -1.54969 6 0
0 0 145.395 0 25.4952 a b -1.54918 6 0
0 0 145.357 0 25.4955 a b -1.54871 6 0
0 0 145.318 0 25.4956 a b -1.55055 6 0
0 0 145.281 0 25.4962 a b -1.55179 6 0
0 0 145.242 0 25.4973 a b -1.55 6 0
0 0 145.201 0 25.5004 a b -1.54783 6 0
0 0 145.166 0 25.5051 a b -1.54904 6 0
0 0 145.127 0 25.5052 a b -1.54721 6 0
0 0 145.088 0 25.5029 a b -1.54726 6 0
0 0 145.051 0 25.5053 a b -1.54889 6 0
0 0 145.016 0 25.5092 a b -1.54729 6 0
0 0 144.98 0 25.5106 a b -1.5483 6 0
0 0 144.941 0 25.5073 a b -1.5493 6 0
0 0 144.902 0 25.507 a b -1.54918 6 0
0 0 144.864 0 25.5083 a b -1.5499 6 0
0 0 144.829 0 25.5076 a b -1.55185 6 0
0 0 144.79 0 25.5031 a b -1.55167 6 0
0 0 144.754 0 25.5008 a b -1.55214 6 0
0 0 144.718 0 25.5035 a b -1.55486 6 0
0 0 144.681 0 25.5036 a b -1.555 6 0
0 0 144.643 0 25.5029 a b -1.5548 6 0
0 0 144.603 0 25.5026 a b -1.55675 6 0
0 0 144.563 0 25.5038 a b -1.56041 6 0
0 0 144.524 0 25.5031 a b -1.56362 6 0
0 0 144.482 0 25.5039 a b -1.56205 6 0
0 0 144.44 0 25.5057 a b -1.56215 6 0
0 0 144.4 0 25.508 a b -1.56403 6 0
0 0 144.357 0 25.5036 a b -1.56405 6 0
0 0 144.322 0 25.5047 a b -1.56228 6 0
0 0 144.285 0 25.5054 a b -1.56643 6 0
0 0 144.253 0 25.5025 a b -1.5689 6 0
0 0 144.217 0 25.4995 a b -1.56564 6 0
0 0 144.181 0 25.5036 a b -1.56651 6 0
0 0 144.146 0 25.5018 a b -1.56923 6 0
0 0 144.114 0 25.497 a b -1.56901 6 0
0 0 144.079 0 25.4965 a b -1.56749 6 0
0 0 144.038 0 25.4972 a b -1.56746 6 0
0 0 144 0 25.4968 a b -1.56938 6 0
0 0 143.96 0 25.4963 a b -1.56723 6 0
0 0 143.92 0 25.4969 a b -1.56616 6 0
0 0 143.883 0 25.4966 a b -1.56634 6 0
0 0 143.845 0 25.4972 a b -1.56423 6 0
0 0 143.805 0 25.5007 a b -1.56412 6 0
0 0 143.77 0 25.4996 a b -1.56614 6 0
0 0 143.735 0 25.4977 a b -1.56531 6 0
0 0 143.696 0 25.4973 a b -1.56338 6 0
0 0 143.657 0 25.4985 a b -1.56193 6 0
0 0 143.619 0 25.5023 a b -1.56174 6 0
0 0 143.584 0 25.5019 a b -1.56191 6 0
0 0 143.541 0 25.5005 a b -1.56175 6 0
0 0 143.499 0 25.4989 a b -1.56288 6 0
0 0 143.46 0 25.4978 a b -1.5628 6 0
0 0 143.417 0 25.4994 a b -1.56298 6 0
0 0 143.377 0 25.4981 a b -1.56417 6 0
0 0 143.336 0 25.4961 a b -1.56777 6 0
0 0 143.301 0 25.4945 a b -1.56584 6 0
0 0 143.265 0 25.493 a b -1.56505 6 0
0 0 143.232 0 25.4921 a b -1.56711 6 0
0 0 143.199 0 25.4883 a b -1.5672 6 0
0 0 143.157 0 25.4894 a b -1.56551 6 0
0 0 143.118 0 25.491 a b -1.56461 6 0
0 0 143.081 0 25.4948 a b -1.5641 6 0
0 0 143.042 0 25.4925 a b -1.55752 6 0
0 0 143.002 0 25.4939 a b -1.54713 6 0
0 0 142.961 0 25.4965 a b -1.53757 6 0
0 0 142.92 0 25.5002 a b -1.53017 6 0
0 0 142.878 0 25.5039 a b -1.52044 6 0
0 0 142.832 0 25.5052 a b -1.51591 6 0
0 0 142.794 0 25.5095 a b -1.51126 6 0
0 0 142.758 0 25.5093 a b -1.50663 6 0
0 0 142.717 0 25.5072 a b -1.502 6 0
0 0 142.679 0 25.5053 a b -1.50545 6 0
0 0 142.644 0 25.5096 a b -1.51067 6 0
0 0 142.603 0 25.5107 a b -1.51335 6 0
0 0 142.564 0 25.5111 a b -1.51405 6 0
0 0 142.524 0 25.5159 a b -1.51557 6 0
0 0 142.485 0 25.5154 a b -1.51759 6 0
0 0 142.44 0 25.5148 a b -1.51882 6 0
0 0 142.401 0 25.5164 a b -1.52121 6 0
0 0 142.364 0 25.5186 a b -1.51994 6 0
0 0 142.327 0 25.5158 a b -1.52112 6 0
0 0 142.293 0 25.5161 a b -1.5244 6 0
0 0 142.26 0 25.5177 a b -1.52563 6 0
0 0 142.224 0 25.5178 a b -1.52602 6 0
0 0 142.185 0 25.5175 a b -1.52955 6 0
0 0 142.149 0 25.5184 a b -1.53161 6 0
0 0 142.109 0 25.5214 a b -1.53443 6 0
0 0 142.069 0 25.5211 a b -1.53608 6 0
0 0 142.025 0 25.5192 a b -1.53957 6 0
0 0 141.983 0 25.5226 a b -1.54315 6 0
0 0 141.938 0 25.5229 a b -1.54554 6 0
0 0 141.899 0 25.5193 a b -1.54981 6 0
0 0 141.86 0 25.5189 a b -1.55167 6 0
0 0 141.824 0 25.5218 a b -1.5553 6 0
0 0 141.789 0 25.5226 a b -1.5587 6 0
0 0 141.751 0 25.523 a b -1.56032 6 0
0 0 141.716 0 25.5222 a b -1.56206 6 0
0 0 141.682 0 25.5228 a b -1.56262 6 0
0 0 141.65 0 25.5202 a b -1.56498 6 0
0 0 141.614 0 25.5219 a b -1.5689 6 0
0 0 141.582 0 25.5231 a b -1.57062 6 0
0 0 141.544 0 25.5224 a b -1.5721 6 0
0 0 141.507 0 25.521 a b -1.57725 6 0
0 0 141.469 0 25.5199 a b -1.57975 6 0
0 0 141.432 0 25.5207 a b -1.58032 6 0
0 0 141.39 0 25.5194 a b -1.58272 6 0
0 0 141.354 0 25.5173 a b -1.58773 6 0
0 0 141.313 0 25.5184 a b -1.5897 6 0
0 0 141.273 0 25.519 a b -1.58807 6 0
0 0 141.233 0 25.5177 a b -1.5903 6 0
0 0 141.189 0 25.5157 a b -1.59464 6 0
0 0 141.148 0 25.5158 a b -1.59425 6 0
0 0 141.111 0 25.5136 a b -1.5953 6 0
0 0 141.074 0 25.5119 a b -1.60001 6 0
0 0 141.04 0 25.5119 a b -1.60054 6 0
0 0 141.006 0 25.5098 a b -1.59912 6 0
0 0 140.97 0 25.5085 a b -1.60406 6 0
0 0 140.933 0 25.5064 a b -1.60423 6 0
0 0 140.9 0 25.5039 a b -1.60321 6 0
0 0 140.868 0 25.503 a b -1.60468 6 0
0 0 140.829 0 25.5015 a b -1.60672 6 0
0 0 140.793 0 25.4986 a b -1.60611 6 0
0 0 140.755 0 25.4957 a b -1.6082 6 0
0 0 140.722 0 25.4961 a b -1.61072 6 0
0 0 140.686 0 25.4929 a b -1.61297 6 0
0 0 140.646 0 25.4894 a b -1.61388 6 0
0 0 140.609 0 25.4843 a b -1.61641 6 0
0 0 140.571 0 25.4811 a b -1.6198 6 0
0 0 140.532 0 25.4827 a b -1.62184 6 0
0 0 140.494 0 25.4794 a b -1.62605 6 0
0 0 140.456 0 25.4756 a b -1.6293 6 0
0 0 140.413 0 25.4727 a b -1.63089 6 0
0 0 140.369 0 25.4684 a b -1.6319 6 0
0 0 140.329 0 25.4633 a b -1.63572 6 0
0 0 140.289 0 25.4597 a b -1.63914 6 0
0 0 140.245 0 25.4531 a b -1.63826 6 0
0 0 140.204 0 25.4501 a b -1.6386 6 0
0 0 140.164 0 25.4467 a b -1.64352 6 0
0 0 140.124 0 25.4411 a b -1.64414 6 0
0 0 140.087 0 25.437 a b -1.6421 6 0
0 0 140.052 0 25.4354 a b -1.64434 6 0
0 0 140.02 0 25.4356 a b -1.64648 6 0
0 0 139.986 0 25.4299 a b -1.64828 6 0
0 0 139.953 0 25.4279 a b -1.64908 6 0
0 0 139.919 0 25.4263 a b -1.64936 6 0
0 0 139.884 0 25.423 a b -1.6493 6 0
0 0 139.848 0 25.4207 a b -1.64907 6 0
0 0 139.816 0 25.4113 a b -1.64485 6 0
0 0 139.776 0 25.4039 a b -1.63303 6 0
0 0 139.738 0 25.4074 a b -1.62079 6 0
0 0 139.703 0 25.4082 a b -1.61552 6 0
0 0 139.657 0 25.3994 a b -1.60037 6 0
0 0 139.617 0 25.3967 a b -1.57428 6 0
0 0 139.585 0 25.4074 a b -1.55667 6 0
0 0 139.546 0 25.4125 a b -1.54594 6 0
0 0 139.507 0 25.4107 a b -1.53377 6 0
0 0 139.468 0 25.4191 a b -1.52419 6 0
0 0 139.434 0 25.4239 a b -1.52306 6 0
0 0 139.393 0 25.422 a b -1.52199 6 0
0 0 139.35 0 25.4217 a b -1.51836 6 0
0 0 139.305 0 25.4205 a b -1.51058 6 0
0 0 139.263 0 25.4237 a b -1.50694 6 0
0 0 139.219 0 25.4292 a b -1.50477 6 0
0 0 139.178 0 25.4311 a b -1.50215 6 0
0 0 139.13 0 25.4323 a b -1.50011 6 0
0 0 139.094 0 25.4326 a b -1.498 6 0
0 0 139.053 0 25.4312 a b -1.4966 6 0
0 0 139.018 0 25.4344 a b -1.49648 6 0
0 0 138.978 0 25.4373 a b -1.49514 6 0
0 0 138.942 0 25.4405 a b -1.4958 6 0
0 0 138.906 0 25.4418 a b -1.49534 6 0
0 0 138.867 0 25.4442 a b -1.49378 6 0
0 0 138.83 0 25.4493 a b -1.49525 6 0
0 0 138.791 0 25.4509 a b -1.49571 6 0
0 0 138.751 0 25.4516 a b -1.49526 6 0
0 0 138.713 0 25.4517 a b -1.49489 6 0
0 0 138.673 0 25.4543 a b -1.49642 6 0
0 0 138.635 0 25.4583 a b -1.49699 6 0
0 0 138.6 0 25.4582 a b -1.49497 6 0
0 0 138.56 0 25.4585 a b -1.49229 6 0
0 0 138.517 0 25.4619 a b -1.49433 6 0
0 0 138.479 0 25.4627 a b -1.49478 6 0
0 0 138.443 0 25.4625 a b -1.49392 6 0
0 0 138.404 0 25.4656 a b -1.49324 6 0
0 0 138.363 0 25.47 a b -1.49261 6 0
0 0 138.326 0 25.4734 a b -1.492 6 0
0 0 138.286 0 25.474 a b -1.48932 6 0
0 0 138.246 0 25.4755 a b -1.48796 6 0
0 0 138.21 0 25.4771 a b -1.48888 6 0
0 0 138.18 0 25.4809 a b -1.48802 6 0
0 0 138.142 0 25.4853 a b -1.48756 6 0
0 0 138.106 0 25.4896 a b -1.48473 6 0
0 0 138.067 0 25.4964 a b -1.48233 6 0
0 0 138.028 0 25.4988 a b -1.48153 6 0
0 0 137.987 0 25.5012 a b -1.48335 6 0
0 0 137.947 0 25.5042 a b -1.48274 6 0
0 0 137.906 0 25.5052 a b -1.48098 6 0
0 0 137.865 0 25.5123 a b -1.48293 6 0
0 0 137.825 0 25.5154 a b -1.48126 6 0
0 0 137.791 0 25.5181 a b -1.47686 6 0
0 0 137.755 0 25.5172 a b -1.47552 6 0
0 0 137.717 0 25.5166 a b -1.47786 6 0
0 0 137.683 0 25.5238 a b -1.47806 6 0
0 0 137.65 0 25.5276 a b -1.47468 6 0
0 0 137.616 0 25.5278 a b -1.47517 6 0
0 0 137.584 0 25.5319 a b -1.47486 6 0
0 0 137.547 0 25.5352 a b -1.47366 6 0
0 0 137.512 0 25.5345 a b -1.47295 6 0
0 0 137.472 0 25.5373 a b -1.475 6 0
0 0 137.435 0 25.5412 a b -1.47513 6 0
0 0 137.395 0 25.5439 a b -1.47529 6 0
0 0 137.355 0 25.5462 a b -1.47658 6 0
0 0 137.316 0 25.551 a b -1.47807 6 0
0 0 137.277 0 25.5532 a b -1.47661 6 0
0 0 137.232 0 25.5542 a b -1.47789 6 0
0 0 137.19 0 25.5521 a b -1.48135 6 0
0 0 137.149 0 25.5579 a b -1.48243 6 0
0 0 137.11 0 25.5641 a b -1.48217 6 0
0 0 137.073 0 25.5675 a b -1.48076 6 0
0 0 137.037 0 25.5689 a b -1.48092 6 0
0 0 137 0 25.5704 a b -1.48232 6 0
0 0 136.966 0 25.5736 a b -1.48169 6 0
0 0 136.933 0 25.5779 a b -1.48141 6 0
0 0 136.9 0 25.578 a b -1.48218 6 0
0 0 136.868 0 25.5803 a b -1.47961 6 0
0 0 136.831 0 25.5817 a b -1.48078 6 0
0 0 136.791 0 25.5849 a b -1.48064 6 0
0 0 136.749 0 25.5859 a b -1.48057 6 0
0 0 136.712 0 25.5904 a b -1.47751 6 0
0 0 136.675 0 25.5924 a b -1.47634 6 0
0 0 136.639 0 25.5908 a b -1.47633 6 0
0 0 136.6 0 25.5906 a b -1.47684 6 0
0 0 136.56 0 25.5971 a b -1.47814 6 0
0 0 136.526 0 25.6041 a b -1.47737 6 0
0 0 136.488 0 25.6093 a b -1.47208 6 0
0 0 136.451 0 25.6096 a b -1.47104 6 0
0 0 136.415 0 25.6114 a b -1.47519 6 0
0 0 136.372 0 25.614 a b -1.47639 6 0
0 0 136.326 0 25.6145 a b -1.47272 6 0
0 0 136.289 0 25.617 a b -1.4735 6 0
0 0 136.254 0 25.6233 a b -1.47648 6 0
0 0 136.216 0 25.6279 a b -1.47461 6 0
0 0 136.179 0 25.6271 a b -1.47242 6 0
0 0 136.141 0 25.6271 a b -1.47379 6 0
0 0 136.105 0 25.6316 a b -1.47413 6 0
0 0 136.067 0 25.6355 a b -1.47494 6 0
0 0 136.035 0 25.6364 a b -1.47943 6 0
0 0 135.999 0 25.6384 a b -1.47582 6 0
0 0 135.964 0 25.6394 a b -1.47228 6 0
0 0 135.931 0 25.6414 a b -1.47422 6 0
0 0 135.899 0 25.6403 a b -1.48051 6 0
0 0 135.86 0 25.6387 a b -1.48373 6 0
0 0 135.822 0 25.6412 a b -1.48247 6 0
0 0 135.791 0 25.6462 a b -1.48167 6 0
0 0 135.757 0 25.6526 a b -1.48315 6 0
0 0 135.72 0 25.6549 a b -1.485 6 0
0 0 135.683 0 25.6562 a b -1.48493 6 0
0 0 135.645 0 25.6586 a b -1.48684 6 0
0 0 135.606 0 25.6588 a b -1.48594 6 0
0 0 135.562 0 25.6619 a b -1.48523 6 0
0 0 135.525 0 25.6687 a b -1.48691 6 0
0 0 135.488 0 25.6679 a b -1.49013 6 0
0 0 135.447 0 25.6663 a b -1.4892 6 0
0 0 135.408 0 25.6663 a b -1.48721 6 0
0 0 135.37 0 25.6733 a b -1.48804 6 0
0 0 135.337 0 25.6732 a b -1.48986 6 0
0 0 135.302 0 25.6745 a b -1.48921 6 0
0 0 135.269 0 25.6747 a b -1.48882 6 0
0 0 135.236 0 25.676 a b -1.49172 6 0
0 0 135.204 0 25.6795 a b -1.49475 6 0
0 0 135.169 0 25.6773 a b -1.49795 6 0
0 0 135.138 0 25.6783 a b -1.50007 6 0
0 0 135.109 0 25.6824 a b -1.4991 6 0
0 0 135.077 0 25.6828 a b -1.50208 6 0
0 0 135.044 0 25.6851 a b -1.50584 6 0
0 0 135.01 0 25.6862 a b -1.50885 6 0
0 0 134.969 0 25.6912 a b -1.51058 6 0
0 0 134.931 0 25.6923 a b -1.51269 6 0
0 0 134.898 0 25.6956 a b -1.51375 6 0
0 0 134.86 0 25.6998 a b -1.5167 6 0
0 0 134.822 0 25.7024 a b -1.51937 6 0
0 0 134.79 0 25.7023 a b -1.52162 6 0
0 0 134.756 0 25.705 a b -1.52305 6 0
0 0 134.726 0 25.7107 a b -1.52435 6 0
0 0 134.698 0 25.7097 a b -1.52592 6 0
0 0 134.661 0 25.7105 a b -1.52596 6 0
0 0 134.626 0 25.7115 a b -1.52832 6 0
0 0 134.585 0 25.7117 a b -1.5309 6 0
0 0 134.548 0 25.7094 a b -1.53312 6 0
0 0 134.511 0 25.7122 a b -1.53586 6 0
0 0 134.468 0 25.7107 a b -1.53968 6 0
0 0 134.433 0 25.7099 a b -1.54034 6 0
0 0 134.399 0 25.7115 a b -1.54279 6 0
0 0 134.36 0 25.7134 a b -1.54594 6 0
0 0 134.323 0 25.7139 a b -1.54931 6 0
0 0 134.288 0 25.7161 a b -1.55421 6 0
0 0 134.253 0 25.7154 a b -1.56033 6 0
0 0 134.218 0 25.7161 a b -1.56242 6 0
0 0 134.181 0 25.7142 a b -1.56464 6 0
0 0 134.14 0 25.7154 a b -1.56766 6 0
0 0 134.1 0 25.7158 a b -1.57225 6 0
0 0 134.06 0 25.7156 a b -1.57618 6 0
0 0 134.021 0 25.7147 a b -1.57855 6 0
0 0 133.977 0 25.7148 a b -1.58058 6 0
0 0 133.933 0 25.7142 a b -1.5821 6 0
0 0 133.894 0 25.7144 a b -1.58466 6 0
0 0 133.851 0 25.7122 a b -1.58741 6 0
0 0 133.812 0 25.7116 a b -1.5915 6 0
0 0 133.774 0 25.7087 a b -1.59228 6 0
0 0 133.734 0 25.7054 a b -1.5918 6 0
0 0 133.698 0 25.704 a b -1.5922 6 0
0 0 133.664 0 25.7022 a b -1.59666 6 0
0 0 133.637 0 25.7058 a b -1.59947 6 0
0 0 133.604 0 25.7054 a b -1.60246 6 0
0 0 133.569 0 25.7019 a b -1.6057 6 0
0 0 133.54 0 25.7022 a b -1.6094 6 0
0 0 133.507 0 25.7024 a b -1.61229 6 0
0 0 133.469 0 25.7044 a b -1.61617 6 0
0 0 133.428 0 25.7022 a b -1.61747 6 0
0 0 133.385 0 25.6984 a b -1.62119 6 0
0 0 133.342 0 25.6949 a b -1.62338 6 0
0 0 133.297 0 25.688 a b -1.62609 6 0
0 0 133.26 0 25.6835 a b -1.6273 6 0
0 0 133.222 0 25.6798 a b -1.63057 6 0
0 0 133.183 0 25.6765 a b -1.63474 6 0
0 0 133.144 0 25.6757 a b -1.63782 6 0
0 0 133.108 0 25.6764 a b -1.63763 6 0
0 0 133.07 0 25.6746 a b -1.63978 6 0
0 0 133.037 0 25.6714 a b -1.64121 6 0
0 0 133.002 0 25.6657 a b -1.64383 6 0
0 0 132.971 0 25.6637 a b -1.64444 6 0
0 0 132.935 0 25.6586 a b -1.6457 6 0
0 0 132.895 0 25.6564 a b -1.64941 6 0
0 0 132.856 0 25.6517 a b -1.65163 6 0
0 0 132.819 0 25.6492 a b -1.65218 6 0
0 0 132.784 0 25.6425 a b -1.65457 6 0
0 0 132.748 0 25.6414 a b -1.6563 6 0
0 0 132.71 0 25.6487 a b -1.64872 6 0
0 0 132.677 0 25.661 a b -1.62658 6 0
0 0 132.645 0 25.6657 a b -1.59602 6 0
0 0 132.614 0 25.6697 a b -1.56323 6 0
0 0 132.575 0 25.6699 a b -1.5334 6 0
0 0 132.536 0 25.6741 a b -1.50998 6 0
0 0 132.496 0 25.6863 a b -1.47686 6 0
0 0 132.464 0 25.6908 a b -1.44358 6 0
0 0 132.431 0 25.6936 a b -1.42 6 0
0 0 132.39 0 25.7009 a b -1.40009 6 0
0 0 132.353 0 25.7127 a b -1.37949 6 0
0 0 132.312 0 25.7163 a b -1.3633 6 0
0 0 132.272 0 25.7237 a b -1.35806 6 0
0 0 132.236 0 25.7312 a b -1.35848 6 0
0 0 132.193 0 25.7382 a b -1.35979 6 0
0 0 132.147 0 25.7452 a b -1.35867 6 0
0 0 132.11 0 25.7548 a b -1.3539 6 0
0 0 132.071 0 25.7613 a b -1.34956 6 0
0 0 132.034 0 25.7689 a b -1.35337 6 0
0 0 131.994 0 25.7758 a b -1.35865 6 0
0 0 131.956 0 25.7851 a b -1.36626 6 0
0 0 131.918 0 25.7943 a b -1.37089 6 0
0 0 131.876 0 25.8017 a b -1.37033 6 0
0 0 131.842 0 25.806 a b -1.36812 6 0
0 0 131.813 0 25.811 a b -1.36935 6 0
0 0 131.779 0 25.8168 a b -1.37527 6 0
0 0 131.74 0 25.8238 a b -1.38121 6 0
0 0 131.705 0 25.8303 a b -1.38413 6 0
0 0 131.668 0 25.8354 a b -1.38614 6 0
0 0 131.628 0 25.84 a b -1.38851 6 0
0 0 131.59 0 25.8445 a b -1.39217 6 0
0 0 131.548 0 25.8483 a b -1.39324 6 0
0 0 131.51 0 25.8586 a b -1.397 6 0
0 0 131.469 0 25.8668 a b -1.40062 6 0
0 0 131.431 0 25.8679 a b -1.40254 6 0
0 0 131.392 0 25.8741 a b -1.40545 6 0
0 0 131.348 0 25.8801 a b -1.40918 6 0
0 0 131.308 0 25.8848 a b -1.41044 6 0
0 0 131.27 0 25.891 a b -1.41276 6 0
0 0 131.23 0 25.8975 a b -1.41577 6 0
0 0 131.189 0 25.9052 a b -1.41966 6 0
0 0 131.151 0 25.9104 a b -1.42082 6 0
0 0 131.109 0 25.9166 a b -1.42517 6 0
0 0 131.079 0 25.923 a b -1.42883 6 0
0 0 131.048 0 25.9237 a b -1.43156 6 0
0 0 131.011 0 25.9289 a b -1.43386 6 0
0 0 130.974 0 25.9333 a b -1.43516 6 0
0 0 130.937 0 25.9418 a b -1.43857 6 0
0 0 130.895 0 25.9446 a b -1.43916 6 0
0 0 130.854 0 25.9503 a b -1.44174 6 0
0 0 130.816 0 25.9574 a b -1.44741 6 0
0 0 130.778 0 25.9604 a b -1.45019 6 0
0 0 130.739 0 25.9627 a b -1.45019 6 0
0 0 130.699 0 25.9694 a b -1.44998 6 0
0 0 130.662 0 25.9731 a b -1.45192 6 0
0 0 130.62 0 25.9773 a b -1.45432 6 0
0 0 130.583 0 25.9773 a b -1.45602 6 0
0 0 130.547 0 25.9822 a b -1.45735 6 0
0 0 130.514 0 25.9874 a b -1.45794 6 0
0 0 130.483 0 25.9918 a b -1.46039 6 0
0 0 130.448 0 25.9939 a b -1.46276 6 0
0 0 130.413 0 25.9974 a b -1.46466 6 0
0 0 130.38 0 26.0027 a b -1.46617 6 0
0 0 130.343 0 26.0091 a b -1.46806 6 0
0 0 130.304 0 26.0134 a b -1.47239 6 0
0 0 130.269 0 26.0148 a b -1.47298 6 0
0 0 130.228 0 26.0234 a b -1.47529 6 0
0 0 130.183 0 26.0283 a b -1.47839 6 0
0 0 130.146 0 26.0315 a b -1.4792 6 0
0 0 130.106 0 26.0354 a b -1.47921 6 0
0 0 130.062 0 26.0388 a b -1.48243 6 0
0 0 130.024 0 26.0416 a b -1.48575 6 0
0 0 129.984 0 26.0423 a b -1.48457 6 0
0 0 129.946 0 26.0466 a b -1.48449 6 0
0 0 129.909 0 26.0496 a b -1.48788 6 0
0 0 129.872 0 26.0529 a b -1.48977 6 0
0 0 129.84 0 26.0532 a b -1.48878 6 0
0 0 129.807 0 26.0565 a b -1.48915 6 0
0 0 129.773 0 26.0584 a b -1.49313 6 0
0 0 129.738 0 26.0605 a b -1.49248 6 0
0 0 129.706 0 26.0641 a b -1.49317 6 0
0 0 129.672 0 26.0662 a b -1.49335 6 0
0 0 129.633 0 26.0685 a b -1.49465 6 0
0 0 129.593 0 26.0735 a b -1.49916 6 0
0 0 129.55 0 26.078 a b -1.50058 6 0
0 0 129.506 0 26.0806 a b -1.5012 6 0
0 0 129.465 0 26.0852 a b -1.50241 6 0
0 0 129.42 0 26.0849 a b -1.50362 6 0
0 0 129.378 0 26.0891 a b -1.50623 6 0
0 0 129.337 0 26.0926 a b -1.50288 6 0
0 0 129.294 0 26.0936 a b -1.50398 6 0
0 0 129.253 0 26.0942 a b -1.50646 6 0
0 0 129.216 0 26.0985 a b -1.50557 6 0
0 0 129.176 0 26.1008 a b -1.50627 6 0
0 0 129.135 0 26.1001 a b -1.50668 6 0
0 0 129.097 0 26.1015 a b -1.50486 6 0
0 0 129.068 0 26.1014 a b -1.50457 6 0
0 0 129.029 0 26.1039 a b -1.50689 6 0
0 0 128.994 0 26.1087 a b -1.50758 6 0
0 0 128.959 0 26.1108 a b -1.50799 6 0
0 0 128.925 0 26.1095 a b -1.50797 6 0
0 0 128.888 0 26.1118 a b -1.50899 6 0
0 0 128.851 0 26.1145 a b -1.50953 6 0
0 0 128.815 0 26.1159 a b -1.51064 6 0
0 0 128.777 0 26.1194 a b -1.51189 6 0
0 0 128.74 0 26.1223 a b -1.51318 6 0
0 0 128.703 0 26.1255 a b -1.51478 6 0
0 0 128.667 0 26.1265 a b -1.51243 6 0
0 0 128.626 0 26.128 a b -1.51479 6 0
0 0 128.579 0 26.1279 a b -1.51604 6 0
0 0 128.541 0 26.1346 a b -1.51687 6 0
0 0 128.502 0 26.1371 a b -1.51567 6 0
0 0 128.461 0 26.1383 a b -1.51751 6 0
0 0 128.42 0 26.1374 a b -1.51823 6 0
0 0 128.382 0 26.1402 a b -1.51679 6 0
0 0 128.346 0 26.1404 a b -1.51735 6 0
0 0 128.305 0 26.1396 a b -1.51824 6 0
0 0 128.267 0 26.1406 a b -1.51595 6 0
0 0 128.231 0 26.1419 a b -1.51688 6 0
0 0 128.194 0 26.144 a b -1.51871 6 0
0 0 128.157 0 26.1454 a b -1.51863 6 0
0 0 128.118 0 26.1462 a b -1.51817 6 0
0 0 128.085 0 26.1487 a b -1.51879 6 0
0 0 128.046 0 26.1502 a b -1.52003 6 0
0 0 128.009 0 26.1509 a b -1.51928 6 0
0 0 127.969 0 26.1528 a b -1.51973 6 0
0 0 127.934 0 26.1561 a b -1.52103 6 0
0 0 127.894 0 26.1621 a b -1.52202 6 0
0 0 127.854 0 26.1653 a b -1.5221 6 0
0 0 127.817 0 26.166 a b -1.52209 6 0
0 0 127.781 0 26.1665 a b -1.52314 6 0
0 0 127.742 0 26.1671 a b -1.5225 6 0
0 0 127.701 0 26.168 a b -1.52242 6 0
0 0 127.664 0 26.1713 a b -1.52508 6 0
0 0 127.626 0 26.1762 a b -1.52416 6 0
0 0 127.586 0 26.178 a b -1.5244 6 0
0 0 127.546 0 26.1772 a b -1.52645 6 0
0 0 127.505 0 26.1791 a b -1.52791 6 0
0 0 127.467 0 26.1789 a b -1.52374 6 0
0 0 127.435 0 26.1833 a b -1.52224 6 0
0 0 127.408 0 26.1787 a b -1.52125 6 0
0 0 127.382 0 26.1771 a b -1.51781 6 0
0 0 127.366 0 26.1723 a b -1.51575 6 0
0 0 127.349 0 26.1776 a b -1.51588 6 0
0 0 127.337 0 26.1772 a b -1.51662 6 0
0 0 127.327 0 26.1756 a b -1.51685 6 0
0 0 127.317 0 26.1771 a b -1.51811 6 0
0 0 127.303 0 26.1808 a b -1.51978 6 0
0 0 127.292 0 26.179 a b -1.52059 6 0
0 0 127.279 0 26.1791 a b -1.52225 6 0
0 0 127.263 0 26.1809 a b -1.52251 6 0
0 0 127.246 0 26.1835 a b -1.52312 6 0
0 0 127.227 0 26.1871 a b -1.52223 6 0
0 0 127.206 0 26.1893 a b -1.52285 6 0
0 0 127.183 0 26.1902 a b -1.52334 6 0
0 0 127.159 0 26.1916 a b -1.52366 6 0
0 0 127.134 0 26.1925 a b -1.52386 6 0
0 0 127.103 0 26.1944 a b -1.5248 6 0
0 0 127.071 0 26.1956 a b -1.52201 6 0
0 0 127.042 0 26.1961 a b -1.52014 6 0
0 0 127.014 0 26.1977 a b -1.52167 6 0
0 0 126.986 0 26.1976 a b -1.52081 6 0
0 0 126.957 0 26.1968 a b -1.51811 6 0
0 0 126.927 0 26.197 a b -1.51265 6 0
0 0 126.906 0 26.1997 a b -1.51166 6 0
0 0 126.889 0 26.2022 a b -1.51884 6 0
0 0 126.872 0 26.1999 a b -1.52557 6 0
0 0 126.858 0 26.2026 a b -1.52738 6 0
0 0 126.845 0 26.1982 a b -1.52503 6 0
0 0 126.831 0 26.2006 a b -1.52958 6 0
0 0 126.819 0 26.2014 a b -1.53718 6 0
0 0 126.802 0 26.203 a b -1.54099 6 0
0 0 126.792 0 26.2018 a b -1.54363 6 0
0 0 126.776 0 26.1982 a b -1.54814 6 0
0 0 126.76 0 26.1994 a b -1.55133 6 0
0 0 126.742 0 26.198 a b -1.55463 6 0
0 0 126.72 0 26.1984 a b -1.55874 6 0
0 0 126.697 0 26.1966 a b -1.56179 6 0
0 0 126.674 0 26.1963 a b -1.56635 6 0
0 0 126.654 0 26.1957 a b -1.57139 6 0
0 0 126.632 0 26.1954 a b -1.57597 6 0
0 0 126.607 0 26.1959 a b -1.58024 6 0
0 0 126.585 0 26.191 a b -1.58212 6 0
0 0 126.562 0 26.1911 a b -1.58375 6 0
0 0 126.537 0 26.1908 a b -1.58734 6 0
0 0 126.512 0 26.1874 a b -1.5907 6 0
0 0 126.49 0 26.1878 a b -1.59276 6 0
0 0 126.469 0 26.1871 a b -1.59402 6 0
0 0 126.445 0 26.1846 a b -1.59579 6 0
0 0 126.426 0 26.1826 a b -1.59652 6 0
0 0 126.408 0 26.1842 a b -1.59814 6 0
0 0 126.39 0 26.185 a b -1.6002 6 0
0 0 126.377 0 26.1839 a b -1.60396 6 0
0 0 126.364 0 26.1851 a b -1.60943 6 0
0 0 126.351 0 26.1834 a b -1.61427 6 0
0 0 126.334 0 26.1894 a b -1.61192 6 0
0 0 126.323 0 26.189 a b -1.60492 6 0
0 0 126.309 0 26.1895 a b -1.59708 6 0
0 0 126.293 0 26.1852 a b -1.59271 6 0
0 0 126.277 0 26.1854 a b -1.58956 6 0
0 0 126.259 0 26.1861 a b -1.58565 6 0
0 0 126.24 0 26.1882 a b -1.57962 6 0
0 0 126.217 0 26.1894 a b -1.57083 6 0
0 0 126.195 0 26.1918 a b -1.5628 6 0
0 0 126.172 0 26.1902 a b -1.55742 6 0
0 0 126.156 0 26.1911 a b -1.55401 6 0
0 0 126.14 0 26.1871 a b -1.55288 6 0
0 0 126.125 0 26.181 a b -1.5583 6 0
