0 0 165.62 0 64.1648 a b 3.07397 6 0
0 0 165.628 0 64.1523 a b 3.06298 6 0
0 0 165.637 0 64.1227 a b 3.07406 6 0
0 0 165.645 0 64.0805 a b 3.07877 6 0
0 0 165.666 0 64.0271 a b 3.08097 6 0
0 0 165.666 0 63.9759 a b 3.08858 6 0
0 0 165.668 0 63.9243 a b 3.0922 6 0
0 0 165.674 0 63.8686 a b 3.09248 6 0
0 0 165.677 0 63.8214 a b 3.08918 6 0
0 0 165.681 0 63.7593 a b 3.0888 6 0
0 0 165.691 0 63.7048 a b 3.09259 6 0
0 0 165.699 0 63.6491 a b 3.09607 6 0
0 0 165.705 0 63.6056 a b 3.09971 6 0
0 0 165.703 0 63.5491 a b 3.0989 6 0
0 0 165.698 0 63.4968 a b 3.09606 6 0
0 0 165.706 0 63.441 a b 3.09831 6 0
0 0 165.704 0 63.3871 a b 3.10553 6 0
0 0 165.706 0 63.3454 a b 3.1096 6 0
0 0 165.706 0 63.3029 a b 3.107 6 0
0 0 165.705 0 63.2491 a b 3.10498 6 0
0 0 165.709 0 63.1966 a b 3.10498 6 0
0 0 165.707 0 63.147 a b 3.10839 6 0
0 0 165.71 0 63.0966 a b 3.11038 6 0
0 0 165.715 0 63.0508 a b 3.10883 6 0
0 0 165.724 0 63.0061 a b 3.10551 6 0
0 0 165.724 0 62.9564 a b 3.10315 6 0
0 0 165.726 0 62.9105 a b 3.1044 6 0
0 0 165.732 0 62.8649 a b 3.10898 6 0
0 0 165.744 0 62.8153 a b 3.10949 6 0
0 0 165.746 0 62.7643 a b 3.10748 6 0
0 0 165.747 0 62.7194 a b 3.10762 6 0
0 0 165.747 0 62.6741 a b 3.10885 6 0
0 0 165.744 0 62.6296 a b 3.11164 6 0
0 0 165.744 0 62.5822 a b 3.11723 6 0
0 0 165.753 0 62.5393 a b 3.12003 6 0
0 0 165.762 0 62.4842 a b 3.12012 6 0
0 0 165.764 0 62.4318 a b 3.11928 6 0
0 0 165.77 0 62.3847 a b 3.11973 6 0
0 0 165.77 0 62.3327 a b 3.12259 6 0
0 0 165.773 0 62.2902 a b 3.12704 6 0
0 0 165.775 0 62.2421 a b 3.12636 6 0
0 0 165.768 0 62.1898 a b 3.12508 6 0
0 0 165.765 0 62.1366 a b 3.12451 6 0
0 0 165.768 0 62.0859 a b 3.12553 6 0
0 0 165.787 0 62.0392 a b 3.12695 6 0
0 0 165.799 0 61.9821 a b 3.12777 6 0
0 0 165.804 0 61.9251 a b 3.1265 6 0
0 0 165.8 0 61.8897 a b 3.12625 6 0
0 0 165.788 0 61.8448 a b 3.13134 6 0
0 0 165.777 0 61.7887 a b 3.13464 6 0
0 0 165.78 0 61.7385 a b 3.13382 6 0
0 0 165.778 0 61.6889 a b 3.13209 6 0
0 0 165.776 0 61.6433 a b 3.1324 6 0
0 0 165.775 0 61.5948 a b 3.13432 6 0
0 0 165.782 0 61.545 a b 3.13757 6 0
0 0 165.782 0 61.4956 a b 3.13873 6 0
0 0 165.783 0 61.4426 a b 3.13675 6 0
0 0 165.782 0 61.3958 a b 3.13371 6 0
0 0 165.783 0 61.3521 a b 3.13408 6 0
0 0 165.787 0 61.303 a b 3.13596 6 0
0 0 165.796 0 61.2489 a b 3.13759 6 0
0 0 165.798 0 61.202 a b 3.13826 6 0
0 0 165.793 0 61.154 a b 3.13984 6 0
0 0 165.794 0 61.1003 a b 3.13978 6 0
0 0 165.791 0 61.0517 a b 3.1412 6 0
0 0 165.792 0 60.9991 a b -3.13903 6 0
0 0 165.789 0 60.9488 a b -3.13884 6 0
0 0 165.787 0 60.9012 a b -3.13807 6 0
0 0 165.792 0 60.8511 a b -3.13613 6 0
0 0 165.794 0 60.8068 a b -3.13497 6 0
0 0 165.798 0 60.7546 a b -3.13389 6 0
0 0 165.8 0 60.7037 a b -3.13166 6 0
0 0 165.798 0 60.6569 a b -3.13058 6 0
0 0 165.799 0 60.609 a b -3.13196 6 0
0 0 165.798 0 60.5589 a b -3.13195 6 0
0 0 165.803 0 60.5111 a b -3.13086 6 0
0 0 165.808 0 60.4641 a b -3.12855 6 0
0 0 165.81 0 60.4183 a b -3.12644 6 0
0 0 165.811 0 60.3734 a b -3.12352 6 0
0 0 165.812 0 60.3294 a b -3.12397 6 0
0 0 165.813 0 60.281 a b -3.1229 6 0
0 0 165.81 0 60.2309 a b -3.12211 6 0
0 0 165.809 0 60.1832 a b -3.121 6 0
0 0 165.814 0 60.1328 a b -3.11964 6 0
0 0 165.808 0 60.0844 a b -3.11808 6 0
0 0 165.807 0 60.036 a b -3.11767 6 0
0 0 165.81 0 59.9871 a b -3.11601 6 0
0 0 165.809 0 59.9432 a b -3.1158 6 0
0 0 165.806 0 59.8937 a b -3.11475 6 0
0 0 165.806 0 59.8463 a b -3.11481 6 0
0 0 165.812 0 59.7958 a b -3.11322 6 0
0 0 165.819 0 59.7394 a b -3.11459 6 0
0 0 165.824 0 59.6886 a b -3.11297 6 0
0 0 165.825 0 59.6464 a b -3.11094 6 0
0 0 165.825 0 59.5916 a b -3.10835 6 0
0 0 165.825 0 59.542 a b -3.10995 6 0
0 0 165.823 0 59.4991 a b -3.11014 6 0
0 0 165.82 0 59.4488 a b -3.107 6 0
0 0 165.813 0 59.4021 a b -3.10416 6 0
0 0 165.81 0 59.3519 a b -3.10184 6 0
0 0 165.808 0 59.3008 a b -3.10055 6 0
0 0 165.808 0 59.252 a b -3.10199 6 0
0 0 165.811 0 59.2019 a b -3.10004 6 0
0 0 165.807 0 59.1536 a b -3.09755 6 0
0 0 165.806 0 59.1053 a b -3.09487 6 0
0 0 165.801 0 59.055 a b -3.09542 6 0
0 0 165.801 0 59.0025 a b -3.0965 6 0
0 0 165.803 0 58.9507 a b -3.09626 6 0
0 0 165.805 0 58.8944 a b -3.09445 6 0
0 0 165.805 0 58.8464 a b -3.093 6 0
0 0 165.8 0 58.7974 a b -3.09057 6 0
0 0 165.798 0 58.7451 a b -3.09264 6 0
0 0 165.796 0 58.6941 a b -3.09354 6 0
0 0 165.799 0 58.6457 a b -3.09124 6 0
0 0 165.792 0 58.5953 a b -3.08735 6 0
0 0 165.786 0 58.5492 a b -3.08646 6 0
0 0 165.785 0 58.4911 a b -3.0839 6 0
0 0 165.78 0 58.4479 a b -3.08486 6 0
0 0 165.781 0 58.4048 a b -3.08356 6 0
0 0 165.782 0 58.3575 a b -3.08286 6 0
0 0 165.779 0 58.3068 a b -3.08154 6 0
0 0 165.776 0 58.2617 a b -3.08091 6 0
0 0 165.772 0 58.2111 a b -3.08214 6 0
0 0 165.771 0 58.1623 a b -3.08242 6 0
0 0 165.775 0 58.1119 a b -3.08089 6 0
0 0 165.777 0 58.0731 a b -3.07898 6 0
0 0 165.776 0 58.03 a b -3.07795 6 0
0 0 165.777 0 57.9818 a b -3.07895 6 0
0 0 165.769 0 57.9323 a b -3.08142 6 0
0 0 165.763 0 57.8839 a b -3.08363 6 0
0 0 165.761 0 57.8377 a b -3.08046 6 0
0 0 165.76 0 57.7873 a b -3.07895 6 0
0 0 165.756 0 57.7315 a b -3.07928 6 0
0 0 165.753 0 57.6918 a b -3.07945 6 0
0 0 165.75 0 57.6463 a b -3.07935 6 0
0 0 165.747 0 57.5977 a b -3.07903 6 0
0 0 165.753 0 57.5492 a b -3.07598 6 0
0 0 165.753 0 57.5047 a b -3.07588 6 0
0 0 165.756 0 57.4521 a b -3.07995 6 0
0 0 165.753 0 57.4011 a b -3.08162 6 0
0 0 165.752 0 57.3521 a b -3.08047 6 0
0 0 165.756 0 57.3069 a b -3.07767 6 0
0 0 165.757 0 57.261 a b -3.07667 6 0
0 0 165.755 0 57.2063 a b -3.07725 6 0
0 0 165.753 0 57.155 a b -3.07944 6 0
0 0 165.749 0 57.1097 a b -3.07903 6 0
0 0 165.746 0 57.0588 a b -3.07732 6 0
0 0 165.747 0 57.0155 a b -3.07403 6 0
0 0 165.747 0 56.9698 a b -3.07623 6 0
0 0 165.749 0 56.9212 a b -3.07806 6 0
0 0 165.752 0 56.8768 a b -3.07898 6 0
0 0 165.753 0 56.8348 a b -3.07967 6 0
0 0 165.754 0 56.7891 a b -3.07961 6 0
0 0 165.754 0 56.7424 a b -3.08078 6 0
0 0 165.751 0 56.695 a b -3.08497 6 0
0 0 165.748 0 56.6487 a b -3.08826 6 0
0 0 165.743 0 56.594 a b -3.08766 6 0
0 0 165.746 0 56.5421 a b -3.08585 6 0
0 0 165.745 0 56.4919 a b -3.08953 6 0
0 0 165.747 0 56.4415 a b -3.09259 6 0
0 0 165.748 0 56.393 a b -3.09573 6 0
0 0 165.742 0 56.3468 a b -3.09997 6 0
0 0 165.74 0 56.3012 a b -3.10164 6 0
0 0 165.742 0 56.2569 a b -3.1039 6 0
0 0 165.742 0 56.2122 a b -3.1127 6 0
0 0 165.739 0 56.1687 a b -3.1242 6 0
0 0 165.734 0 56.1207 a b -3.13477 6 0
0 0 165.731 0 56.071 a b 3.1365 6 0
0 0 165.732 0 56.0328 a b 3.12241 6 0
0 0 165.728 0 56.0031 a b 3.10946 6 0
0 0 165.729 0 55.9584 a b 3.10715 6 0
0 0 165.732 0 55.9087 a b 3.10905 6 0
0 0 165.735 0 55.866 a b 3.11214 6 0
0 0 165.739 0 55.8198 a b 3.11363 6 0
0 0 165.741 0 55.7761 a b 3.11741 6 0
0 0 165.741 0 55.7309 a b 3.12219 6 0
0 0 165.743 0 55.6815 a b 3.12216 6 0
0 0 165.748 0 55.6322 a b 3.12569 6 0
0 0 165.752 0 55.5838 a b 3.12923 6 0
0 0 165.747 0 55.5365 a b 3.13152 6 0
0 0 165.748 0 55.4914 a b 3.13585 6 0
0 0 165.748 0 55.4432 a b 3.13949 6 0
0 0 165.748 0 55.3971 a b -3.14071 6 0
0 0 165.746 0 55.3511 a b -3.13575 6 0
0 0 165.746 0 55.306 a b -3.13224 6 0
0 0 165.748 0 55.2658 a b -3.13267 6 0
0 0 165.747 0 55.2237 a b -3.12723 6 0
0 0 165.746 0 55.1713 a b -3.12248 6 0
0 0 165.749 0 55.1211 a b -3.12134 6 0
0 0 165.749 0 55.0754 a b -3.1216 6 0
0 0 165.749 0 55.0328 a b -3.1181 6 0
0 0 165.75 0 54.9787 a b -3.11212 6 0
0 0 165.75 0 54.9278 a b -3.10871 6 0
0 0 165.751 0 54.8757 a b -3.10873 6 0
0 0 165.748 0 54.8278 a b -3.10915 6 0
0 0 165.747 0 54.7803 a b -3.1085 6 0
0 0 165.746 0 54.7326 a b -3.10223 6 0
0 0 165.744 0 54.6816 a b -3.09509 6 0
0 0 165.743 0 54.6334 a b -3.09156 6 0
0 0 165.742 0 54.5831 a b -3.08807 6 0
0 0 165.74 0 54.5378 a b -3.08371 6 0
0 0 165.736 0 54.4867 a b -3.0824 6 0
0 0 165.735 0 54.4399 a b -3.07905 6 0
0 0 165.731 0 54.3895 a b -3.07454 6 0
0 0 165.731 0 54.3392 a b -3.07296 6 0
0 0 165.732 0 54.2938 a b -3.06881 6 0
0 0 165.732 0 54.247 a b -3.06355 6 0
0 0 165.728 0 54.1972 a b -3.05936 6 0
0 0 165.724 0 54.149 a b -3.05848 6 0
0 0 165.726 0 54.1016 a b -3.0562 6 0
0 0 165.726 0 54.0494 a b -3.05296 6 0
0 0 165.72 0 54.005 a b -3.0515 6 0
0 0 165.711 0 53.9535 a b -3.05002 6 0
0 0 165.705 0 53.8977 a b -3.04752 6 0
0 0 165.698 0 53.8492 a b -3.04713 6 0
0 0 165.69 0 53.8018 a b -3.04549 6 0
0 0 165.685 0 53.7548 a b -3.04453 6 0
0 0 165.68 0 53.7082 a b -3.04449 6 0
0 0 165.679 0 53.6598 a b -3.04269 6 0
0 0 165.676 0 53.6115 a b -3.04237 6 0
0 0 165.674 0 53.5641 a b -3.04157 6 0
0 0 165.672 0 53.5164 a b -3.03799 6 0
0 0 165.667 0 53.4753 a b -3.03797 6 0
0 0 165.665 0 53.425 a b -3.03861 6 0
0 0 165.661 0 53.3755 a b -3.0405 6 0
0 0 165.659 0 53.3315 a b -3.03885 6 0
0 0 165.653 0 53.2884 a b -3.03641 6 0
0 0 165.648 0 53.2446 a b -3.03767 6 0
0 0 165.646 0 53.1981 a b -3.03916 6 0
0 0 165.644 0 53.1434 a b -3.03502 6 0
0 0 165.634 0 53.0875 a b -3.03391 6 0
0 0 165.628 0 53.042 a b -3.0353 6 0
0 0 165.625 0 52.9921 a b -3.03346 6 0
0 0 165.619 0 52.9399 a b -3.03146 6 0
0 0 165.615 0 52.8915 a b -3.0306 6 0
0 0 165.613 0 52.8468 a b -3.02932 6 0
0 0 165.608 0 52.7956 a b -3.02628 6 0
0 0 165.606 0 52.7437 a b -3.02566 6 0
0 0 165.606 0 52.697 a b -3.02438 6 0
0 0 165.602 0 52.6497 a b -3.02304 6 0
0 0 165.597 0 52.5992 a b -3.0221 6 0
0 0 165.594 0 52.5484 a b -3.02071 6 0
0 0 165.59 0 52.4985 a b -3.01949 6 0
0 0 165.583 0 52.4477 a b -3.021 6 0
0 0 165.577 0 52.3927 a b -3.02184 6 0
0 0 165.574 0 52.3432 a b -3.01894 6 0
0 0 165.566 0 52.2939 a b -3.02142 6 0
0 0 165.559 0 52.2436 a b -3.02502 6 0
0 0 165.553 0 52.1944 a b -3.0258 6 0
0 0 165.548 0 52.1456 a b -3.02782 6 0
0 0 165.542 0 52.0962 a b -3.03115 6 0
0 0 165.539 0 52.0502 a b -3.03307 6 0
0 0 165.537 0 52.0065 a b -3.03127 6 0
0 0 165.533 0 51.9621 a b -3.03809 6 0
0 0 165.529 0 51.9186 a b -3.05029 6 0
0 0 165.524 0 51.8753 a b -3.06039 6 0
0 0 165.523 0 51.8287 a b -3.06721 6 0
0 0 165.521 0 51.7852 a b -3.07701 6 0
0 0 165.516 0 51.7392 a b -3.09665 6 0
0 0 165.509 0 51.6851 a b -3.10851 6 0
0 0 165.506 0 51.6348 a b -3.11066 6 0
0 0 165.504 0 51.5849 a b -3.10866 6 0
0 0 165.506 0 51.5348 a b -3.1066 6 0
0 0 165.506 0 51.4864 a b -3.10718 6 0
0 0 165.504 0 51.4368 a b -3.10731 6 0
0 0 165.503 0 51.3886 a b -3.10384 6 0
0 0 165.501 0 51.3369 a b -3.10156 6 0
0 0 165.5 0 51.2913 a b -3.10071 6 0
0 0 165.501 0 51.2424 a b -3.09867 6 0
0 0 165.5 0 51.1957 a b -3.09879 6 0
0 0 165.5 0 51.1449 a b -3.09754 6 0
0 0 165.5 0 51.0949 a b -3.09643 6 0
0 0 165.5 0 51.0487 a b -3.09563 6 0
0 0 165.5 0 51.0002 a b -3.09509 6 0
0 0 165.5 0 50.9502 a b -3.09529 6 0
0 0 165.499 0 50.8979 a b -3.09618 6 0
0 0 165.496 0 50.85 a b -3.09468 6 0
0 0 165.494 0 50.8061 a b -3.0929 6 0
0 0 165.496 0 50.7571 a b -3.09096 6 0
0 0 165.492 0 50.7072 a b -3.09036 6 0
0 0 165.489 0 50.6566 a b -3.09082 6 0
0 0 165.486 0 50.6092 a b -3.08925 6 0
0 0 165.484 0 50.5628 a b -3.08711 6 0
0 0 165.485 0 50.5161 a b -3.08575 6 0
0 0 165.485 0 50.4667 a b -3.08305 6 0
0 0 165.484 0 50.4154 a b -3.08152 6 0
0 0 165.483 0 50.371 a b -3.0805 6 0
0 0 165.481 0 50.3203 a b -3.07788 6 0
0 0 165.479 0 50.2713 a b -3.07757 6 0
0 0 165.482 0 50.2227 a b -3.07619 6 0
0 0 165.48 0 50.1692 a b -3.07412 6 0
0 0 165.476 0 50.1194 a b -3.07209 6 0
0 0 165.477 0 50.0685 a b -3.07196 6 0
0 0 165.473 0 50.0209 a b -3.07243 6 0
0 0 165.47 0 49.9707 a b -3.06938 6 0
0 0 165.465 0 49.9193 a b -3.06705 6 0
0 0 165.463 0 49.8717 a b -3.06845 6 0
0 0 165.459 0 49.8269 a b -3.06803 6 0
0 0 165.459 0 49.7764 a b -3.06525 6 0
0 0 165.457 0 49.7244 a b -3.06487 6 0
0 0 165.456 0 49.6765 a b -3.06666 6 0
0 0 165.45 0 49.6267 a b -3.06567 6 0
0 0 165.45 0 49.5801 a b -3.06592 6 0
0 0 165.449 0 49.5303 a b -3.06478 6 0
0 0 165.442 0 49.4783 a b -3.06489 6 0
0 0 165.445 0 49.4272 a b -3.06534 6 0
0 0 165.441 0 49.3736 a b -3.06546 6 0
0 0 165.438 0 49.3249 a b -3.06655 6 0
0 0 165.436 0 49.2743 a b -3.06587 6 0
0 0 165.433 0 49.2235 a b -3.06675 6 0
0 0 165.427 0 49.1714 a b -3.0686 6 0
0 0 165.425 0 49.1221 a b -3.0674 6 0
0 0 165.423 0 49.0703 a b -3.06518 6 0
0 0 165.421 0 49.0226 a b -3.06435 6 0
0 0 165.417 0 48.9752 a b -3.06299 6 0
0 0 165.413 0 48.9234 a b -3.06157 6 0
0 0 165.413 0 48.8751 a b -3.05921 6 0
0 0 165.411 0 48.8275 a b -3.05952 6 0
0 0 165.41 0 48.7798 a b -3.0598 6 0
0 0 165.406 0 48.7368 a b -3.05704 6 0
0 0 165.403 0 48.6869 a b -3.05781 6 0
0 0 165.403 0 48.6389 a b -3.05835 6 0
0 0 165.401 0 48.5906 a b -3.05495 6 0
0 0 165.398 0 48.5365 a b -3.05543 6 0
0 0 165.397 0 48.4905 a b -3.05485 6 0
0 0 165.393 0 48.437 a b -3.05562 6 0
0 0 165.389 0 48.389 a b -3.05633 6 0
0 0 165.385 0 48.3404 a b -3.05216 6 0
0 0 165.377 0 48.2903 a b -3.05386 6 0
0 0 165.376 0 48.244 a b -3.05349 6 0
0 0 165.374 0 48.198 a b -3.05103 6 0
0 0 165.368 0 48.1499 a b -3.05146 6 0
0 0 165.364 0 48.1008 a b -3.0524 6 0
0 0 165.361 0 48.0503 a b -3.05172 6 0
0 0 165.36 0 48.006 a b -3.05159 6 0
0 0 165.356 0 47.9593 a b -3.05127 6 0
0 0 165.352 0 47.9103 a b -3.0538 6 0
0 0 165.351 0 47.86 a b -3.05591 6 0
0 0 165.35 0 47.812 a b -3.05268 6 0
0 0 165.345 0 47.7645 a b -3.05172 6 0
0 0 165.341 0 47.7148 a b -3.05336 6 0
0 0 165.339 0 47.6657 a b -3.05571 6 0
0 0 165.336 0 47.6113 a b -3.05529 6 0
0 0 165.332 0 47.5605 a b -3.05241 6 0
0 0 165.326 0 47.5122 a b -3.0514 6 0
0 0 165.322 0 47.4596 a b -3.05295 6 0
0 0 165.321 0 47.4132 a b -3.05075 6 0
0 0 165.317 0 47.3664 a b -3.04946 6 0
0 0 165.312 0 47.3191 a b -3.04864 6 0
0 0 165.309 0 47.2698 a b -3.04751 6 0
0 0 165.303 0 47.2205 a b -3.04568 6 0
0 0 165.299 0 47.1741 a b -3.04436 6 0
0 0 165.297 0 47.1215 a b -3.04552 6 0
0 0 165.295 0 47.0692 a b -3.04677 6 0
0 0 165.296 0 47.0231 a b -3.04365 6 0
0 0 165.293 0 46.9731 a b -3.0435 6 0
0 0 165.289 0 46.9258 a b -3.04417 6 0
0 0 165.286 0 46.8752 a b -3.04385 6 0
0 0 165.281 0 46.8232 a b -3.04378 6 0
0 0 165.279 0 46.7748 a b -3.042 6 0
0 0 165.275 0 46.7286 a b -3.0429 6 0
0 0 165.27 0 46.6756 a b -3.04387 6 0
0 0 165.265 0 46.6259 a b -3.0418 6 0
0 0 165.259 0 46.5786 a b -3.04133 6 0
0 0 165.258 0 46.5341 a b -3.04337 6 0
0 0 165.255 0 46.4852 a b -3.04388 6 0
0 0 165.25 0 46.436 a b -3.04182 6 0
0 0 165.248 0 46.386 a b -3.04191 6 0
0 0 165.248 0 46.3381 a b -3.04567 6 0
0 0 165.244 0 46.285 a b -3.04819 6 0
0 0 165.238 0 46.2352 a b -3.04523 6 0
0 0 165.233 0 46.1879 a b -3.04471 6 0
0 0 165.233 0 46.1324 a b -3.04744 6 0
0 0 165.227 0 46.0828 a b -3.04881 6 0
0 0 165.223 0 46.0346 a b -3.04853 6 0
0 0 165.218 0 45.9789 a b -3.0451 6 0
0 0 165.211 0 45.9317 a b -3.04476 6 0
0 0 165.208 0 45.8802 a b -3.0457 6 0
0 0 165.201 0 45.828 a b -3.04449 6 0
0 0 165.195 0 45.7785 a b -3.04078 6 0
0 0 165.194 0 45.7324 a b -3.03874 6 0
0 0 165.19 0 45.6838 a b -3.03828 6 0
0 0 165.187 0 45.6327 a b -3.03784 6 0
0 0 165.183 0 45.5855 a b -3.03616 6 0
0 0 165.18 0 45.5343 a b -3.03412 6 0
0 0 165.175 0 45.4865 a b -3.0361 6 0
0 0 165.172 0 45.4397 a b -3.03393 6 0
0 0 165.17 0 45.3924 a b -3.03251 6 0
0 0 165.171 0 45.3453 a b -3.03365 6 0
0 0 165.168 0 45.3002 a b -3.03269 6 0
0 0 165.165 0 45.2513 a b -3.0332 6 0
0 0 165.159 0 45.2026 a b -3.03203 6 0
0 0 165.151 0 45.1518 a b -3.03167 6 0
0 0 165.149 0 45.107 a b -3.03132 6 0
0 0 165.143 0 45.0612 a b -3.03079 6 0
0 0 165.138 0 45.0134 a b -3.03087 6 0
0 0 165.134 0 44.9678 a b -3.02895 6 0
0 0 165.129 0 44.9189 a b -3.0322 6 0
0 0 165.127 0 44.871 a b -3.03265 6 0
0 0 165.121 0 44.8252 a b -3.03227 6 0
0 0 165.119 0 44.7787 a b -3.03126 6 0
0 0 165.114 0 44.7333 a b -3.0321 6 0
0 0 165.111 0 44.6856 a b -3.03433 6 0
0 0 165.107 0 44.637 a b -3.03263 6 0
0 0 165.104 0 44.5851 a b -3.02996 6 0
0 0 165.1 0 44.5333 a b -3.03144 6 0
0 0 165.099 0 44.4883 a b -3.03351 6 0
0 0 165.092 0 44.4383 a b -3.03273 6 0
0 0 165.086 0 44.389 a b -3.0295 6 0
0 0 165.082 0 44.3344 a b -3.02666 6 0
0 0 165.075 0 44.2858 a b -3.02661 6 0
0 0 165.068 0 44.2364 a b -3.02549 6 0
0 0 165.063 0 44.1866 a b -3.02196 6 0
0 0 165.062 0 44.1346 a b -3.02117 6 0
0 0 165.056 0 44.0826 a b -3.02024 6 0
0 0 165.054 0 44.0341 a b -3.0188 6 0
0 0 165.052 0 43.9838 a b -3.01755 6 0
0 0 165.046 0 43.9331 a b -3.01773 6 0
0 0 165.042 0 43.8815 a b -3.01743 6 0
0 0 165.037 0 43.8316 a b -3.01629 6 0
0 0 165.033 0 43.7813 a b -3.01697 6 0
0 0 165.03 0 43.7318 a b -3.01744 6 0
0 0 165.027 0 43.682 a b -3.01849 6 0
0 0 165.02 0 43.6351 a b -3.01818 6 0
0 0 165.012 0 43.582 a b -3.01563 6 0
0 0 165.006 0 43.5286 a b -3.01696 6 0
0 0 165.004 0 43.4788 a b -3.02028 6 0
0 0 164.998 0 43.4348 a b -3.01959 6 0
0 0 164.994 0 43.3863 a b -3.01676 6 0
0 0 164.99 0 43.3397 a b -3.01714 6 0
0 0 164.988 0 43.2887 a b -3.01936 6 0
0 0 164.981 0 43.2452 a b -3.02188 6 0
0 0 164.979 0 43.2002 a b -3.01872 6 0
0 0 164.972 0 43.1515 a b -3.01933 6 0
0 0 164.97 0 43.1031 a b -3.02064 6 0
0 0 164.968 0 43.0542 a b -3.0204 6 0
0 0 164.959 0 43.0056 a b -3.01969 6 0
0 0 164.959 0 42.957 a b -3.01915 6 0
0 0 164.953 0 42.9078 a b -3.01757 6 0
0 0 164.948 0 42.8618 a b -3.01801 6 0
0 0 164.943 0 42.8153 a b -3.01682 6 0
0 0 164.937 0 42.77 a b -3.01251 6 0
0 0 164.931 0 42.7225 a b -3.01124 6 0
0 0 164.923 0 42.6712 a b -3.01071 6 0
0 0 164.917 0 42.6175 a b -3.00757 6 0
0 0 164.916 0 42.5719 a b -3.00572 6 0
0 0 164.908 0 42.5217 a b -3.005 6 0
0 0 164.904 0 42.4713 a b -3.00537 6 0
0 0 164.9 0 42.4198 a b -3.00412 6 0
0 0 164.889 0 42.3671 a b -3.00081 6 0
0 0 164.881 0 42.3191 a b -3.00278 6 0
0 0 164.877 0 42.2726 a b -3.00479 6 0
0 0 164.869 0 42.2234 a b -3.00566 6 0
0 0 164.863 0 42.1707 a b -3.005 6 0
0 0 164.856 0 42.1197 a b -3.00847 6 0
0 0 164.849 0 42.0718 a b -3.0133 6 0
0 0 164.845 0 42.0208 a b -3.01605 6 0
0 0 164.838 0 41.9728 a b -3.01712 6 0
0 0 164.833 0 41.9246 a b -3.01918 6 0
0 0 164.827 0 41.8771 a b -3.02264 6 0
0 0 164.822 0 41.827 a b -3.028 6 0
0 0 164.812 0 41.7808 a b -3.03137 6 0
0 0 164.805 0 41.7354 a b -3.03165 6 0
0 0 164.798 0 41.6895 a b -3.03534 6 0
0 0 164.794 0 41.6409 a b -3.03809 6 0
0 0 164.789 0 41.5978 a b -3.03779 6 0
0 0 164.788 0 41.551 a b -3.04168 6 0
0 0 164.786 0 41.5016 a b -3.0456 6 0
0 0 164.788 0 41.4495 a b -3.0477 6 0
0 0 164.786 0 41.3981 a b -3.05135 6 0
0 0 164.778 0 41.3454 a b -3.05462 6 0
0 0 164.774 0 41.2978 a b -3.05808 6 0
0 0 164.764 0 41.2488 a b -3.06106 6 0
0 0 164.759 0 41.1997 a b -3.06255 6 0
0 0 164.754 0 41.1541 a b -3.06716 6 0
0 0 164.752 0 41.1061 a b -3.07289 6 0
0 0 164.751 0 41.0579 a b -3.07408 6 0
0 0 164.751 0 41.0131 a b -3.07843 6 0
0 0 164.749 0 40.967 a b -3.08569 6 0
0 0 164.745 0 40.9143 a b -3.09233 6 0
0 0 164.743 0 40.8648 a b -3.09689 6 0
0 0 164.741 0 40.8155 a b -3.10191 6 0
0 0 164.739 0 40.7633 a b -3.10685 6 0
0 0 164.736 0 40.7158 a b -3.11216 6 0
0 0 164.736 0 40.667 a b -3.11742 6 0
0 0 164.737 0 40.6204 a b -3.12298 6 0
0 0 164.741 0 40.5764 a b -3.12974 6 0
0 0 164.744 0 40.5252 a b -3.13465 6 0
0 0 164.743 0 40.4775 a b -3.13561 6 0
0 0 164.744 0 40.4341 a b -3.14058 6 0
0 0 164.746 0 40.3844 a b 3.13661 6 0
0 0 164.745 0 40.3351 a b 3.13211 6 0
0 0 164.745 0 40.2816 a b 3.12932 6 0
0 0 164.749 0 40.2286 a b 3.12926 6 0
0 0 164.749 0 40.1773 a b 3.13056 6 0
0 0 164.752 0 40.1292 a b 3.12915 6 0
0 0 164.753 0 40.0793 a b 3.12523 6 0
0 0 164.754 0 40.0318 a b 3.12566 6 0
0 0 164.759 0 39.9833 a b 3.12778 6 0
0 0 164.762 0 39.9317 a b 3.12668 6 0
0 0 164.763 0 39.8799 a b 3.12693 6 0
0 0 164.765 0 39.8314 a b 3.12871 6 0
0 0 164.766 0 39.7834 a b 3.1282 6 0
0 0 164.767 0 39.7296 a b 3.12501 6 0
0 0 164.772 0 39.6808 a b 3.12738 6 0
0 0 164.774 0 39.6312 a b 3.12931 6 0
0 0 164.772 0 39.5822 a b 3.12684 6 0
0 0 164.772 0 39.536 a b 3.12526 6 0
0 0 164.773 0 39.4866 a b 3.12693 6 0
0 0 164.774 0 39.4373 a b 3.12671 6 0
0 0 164.78 0 39.3852 a b 3.12541 6 0
0 0 164.783 0 39.3424 a b 3.12633 6 0
0 0 164.783 0 39.2946 a b 3.12381 6 0
0 0 164.783 0 39.2464 a b 3.12235 6 0
0 0 164.783 0 39.1979 a b 3.12203 6 0
0 0 164.785 0 39.1531 a b 3.12298 6 0
0 0 164.787 0 39.1063 a b 3.12347 6 0
0 0 164.791 0 39.059 a b 3.12213 6 0
0 0 164.794 0 39.0114 a b 3.12208 6 0
0 0 164.792 0 38.9576 a b 3.11986 6 0
0 0 164.793 0 38.9053 a b 3.12068 6 0
0 0 164.796 0 38.8532 a b 3.12044 6 0
0 0 164.8 0 38.8045 a b 3.1199 6 0
0 0 164.798 0 38.7522 a b 3.12158 6 0
0 0 164.8 0 38.6976 a b 3.1215 6 0
0 0 164.799 0 38.6519 a b 3.11927 6 0
0 0 164.8 0 38.6037 a b 3.11977 6 0
0 0 164.805 0 38.5478 a b 3.12243 6 0
0 0 164.809 0 38.4979 a b 3.12385 6 0
0 0 164.81 0 38.4519 a b 3.12166 6 0
0 0 164.812 0 38.4054 a b 3.12051 6 0
0 0 164.815 0 38.3582 a b 3.12203 6 0
0 0 164.819 0 38.3144 a b 3.12153 6 0
0 0 164.823 0 38.2622 a b 3.12244 6 0
0 0 164.821 0 38.2146 a b 3.12376 6 0
0 0 164.824 0 38.1658 a b 3.12323 6 0
0 0 164.827 0 38.1179 a b 3.12209 6 0
0 0 164.832 0 38.0677 a b 3.1228 6 0
0 0 164.834 0 38.0175 a b 3.12126 6 0
0 0 164.828 0 37.9662 a b 3.1202 6 0
0 0 164.828 0 37.9199 a b 3.11655 6 0
0 0 164.832 0 37.8688 a b 3.1133 6 0
0 0 164.834 0 37.821 a b 3.11369 6 0
0 0 164.833 0 37.7695 a b 3.11508 6 0
0 0 164.835 0 37.7169 a b 3.11383 6 0
0 0 164.84 0 37.6665 a b 3.11151 6 0
0 0 164.842 0 37.6129 a b 3.11189 6 0
0 0 164.846 0 37.5661 a b 3.11313 6 0
0 0 164.85 0 37.5168 a b 3.11404 6 0
0 0 164.85 0 37.467 a b 3.1152 6 0
0 0 164.851 0 37.4156 a b 3.11617 6 0
0 0 164.854 0 37.3647 a b 3.11552 6 0
0 0 164.861 0 37.3194 a b 3.11518 6 0
0 0 164.862 0 37.2691 a b 3.11755 6 0
0 0 164.862 0 37.2139 a b 3.11769 6 0
0 0 164.864 0 37.1599 a b 3.11803 6 0
0 0 164.866 0 37.1122 a b 3.11903 6 0
0 0 164.866 0 37.064 a b 3.11978 6 0
0 0 164.864 0 37.014 a b 3.12134 6 0
0 0 164.868 0 36.9621 a b 3.12126 6 0
0 0 164.867 0 36.9144 a b 3.12015 6 0
0 0 164.869 0 36.8612 a b 3.12134 6 0
0 0 164.872 0 36.8173 a b 3.12112 6 0
0 0 164.876 0 36.7681 a b 3.11839 6 0
0 0 164.878 0 36.7243 a b 3.11999 6 0
0 0 164.877 0 36.6783 a b 3.12147 6 0
0 0 164.877 0 36.6309 a b 3.11929 6 0
0 0 164.881 0 36.5742 a b 3.11775 6 0
0 0 164.886 0 36.5257 a b 3.1178 6 0
0 0 164.889 0 36.4754 a b 3.11909 6 0
0 0 164.89 0 36.4283 a b 3.11549 6 0
0 0 164.89 0 36.3756 a b 3.11533 6 0
0 0 164.89 0 36.3284 a b 3.11595 6 0
0 0 164.891 0 36.2753 a b 3.1173 6 0
0 0 164.888 0 36.2252 a b 3.11573 6 0
0 0 164.886 0 36.1762 a b 3.11741 6 0
0 0 164.889 0 36.1241 a b 3.11784 6 0
0 0 164.892 0 36.0744 a b 3.11977 6 0
0 0 164.891 0 36.0225 a b 3.1229 6 0
0 0 164.892 0 35.9748 a b 3.1231 6 0
0 0 164.897 0 35.9293 a b 3.12555 6 0
0 0 164.898 0 35.8806 a b 3.12807 6 0
0 0 164.9 0 35.8349 a b 3.12961 6 0
0 0 164.899 0 35.7921 a b 3.13126 6 0
0 0 164.899 0 35.7438 a b 3.13404 6 0
0 0 164.899 0 35.6926 a b 3.13541 6 0
0 0 164.903 0 35.6441 a b 3.13672 6 0
0 0 164.901 0 35.5947 a b 3.13784 6 0
0 0 164.896 0 35.5506 a b 3.13842 6 0
0 0 164.896 0 35.4973 a b 3.13863 6 0
0 0 164.897 0 35.4454 a b 3.14014 6 0
0 0 164.898 0 35.4043 a b -3.14121 6 0
0 0 164.898 0 35.3537 a b -3.14138 6 0
0 0 164.895 0 35.3037 a b 3.13965 6 0
0 0 164.895 0 35.2569 a b 3.14013 6 0
0 0 164.898 0 35.2056 a b 3.14111 6 0
0 0 164.901 0 35.1582 a b -3.14118 6 0
0 0 164.901 0 35.1115 a b -3.14147 6 0
0 0 164.904 0 35.0643 a b 3.14148 6 0
0 0 164.905 0 35.0177 a b -3.14107 6 0
0 0 164.906 0 34.9708 a b -3.14072 6 0
0 0 164.906 0 34.9237 a b -3.1399 6 0
0 0 164.909 0 34.8765 a b -3.13984 6 0
0 0 164.909 0 34.8267 a b -3.13993 6 0
0 0 164.91 0 34.7762 a b -3.13884 6 0
0 0 164.908 0 34.7232 a b -3.13762 6 0
0 0 164.908 0 34.6698 a b -3.13905 6 0
0 0 164.906 0 34.6174 a b -3.13677 6 0
0 0 164.906 0 34.567 a b -3.13675 6 0
0 0 164.907 0 34.5187 a b -3.13335 6 0
0 0 164.916 0 34.4649 a b -3.13234 6 0
0 0 164.916 0 34.4153 a b -3.13003 6 0
0 0 164.914 0 34.3687 a b -3.12954 6 0
0 0 164.917 0 34.321 a b -3.12735 6 0
0 0 164.919 0 34.274 a b -3.12478 6 0
0 0 164.919 0 34.2278 a b -3.12353 6 0
0 0 164.92 0 34.179 a b -3.12377 6 0
0 0 164.919 0 34.129 a b -3.12406 6 0
0 0 164.918 0 34.0812 a b -3.12113 6 0
0 0 164.918 0 34.0297 a b -3.12061 6 0
0 0 164.913 0 33.9761 a b -3.12069 6 0
0 0 164.912 0 33.9243 a b -3.1216 6 0
0 0 164.911 0 33.8686 a b -3.12175 6 0
0 0 164.907 0 33.8158 a b -3.12053 6 0
0 0 164.91 0 33.7671 a b -3.12111 6 0
0 0 164.909 0 33.719 a b -3.12248 6 0
0 0 164.908 0 33.6669 a b -3.12356 6 0
0 0 164.911 0 33.6182 a b -3.12281 6 0
0 0 164.912 0 33.5649 a b -3.12217 6 0
0 0 164.913 0 33.5151 a b -3.12144 6 0
0 0 164.912 0 33.4747 a b -3.1216 6 0
0 0 164.911 0 33.424 a b -3.12184 6 0
0 0 164.915 0 33.3714 a b -3.12162 6 0
0 0 164.912 0 33.3144 a b -3.12001 6 0
0 0 164.913 0 33.2578 a b -3.11809 6 0
0 0 164.914 0 33.2046 a b -3.11756 6 0
0 0 164.909 0 33.1503 a b -3.11399 6 0
0 0 164.905 0 33.0989 a b -3.11156 6 0
0 0 164.907 0 33.0508 a b -3.10934 6 0
0 0 164.907 0 33.0003 a b -3.10757 6 0
0 0 164.904 0 32.9521 a b -3.10594 6 0
0 0 164.903 0 32.9059 a b -3.10296 6 0
0 0 164.9 0 32.8581 a b -3.10092 6 0
0 0 164.899 0 32.8128 a b -3.09855 6 0
0 0 164.907 0 32.7638 a b -3.0991 6 0
0 0 164.909 0 32.72 a b -3.09759 6 0
0 0 164.903 0 32.6675 a b -3.09542 6 0
0 0 164.904 0 32.6177 a b -3.09752 6 0
0 0 164.903 0 32.567 a b -3.09792 6 0
0 0 164.905 0 32.5089 a b -3.09612 6 0
0 0 164.904 0 32.4577 a b -3.09755 6 0
0 0 164.901 0 32.4073 a b -3.09701 6 0
0 0 164.896 0 32.3565 a b -3.09654 6 0
0 0 164.892 0 32.3086 a b -3.09732 6 0
0 0 164.891 0 32.2638 a b -3.10047 6 0
0 0 164.887 0 32.2136 a b -3.09901 6 0
0 0 164.882 0 32.1634 a b -3.09664 6 0
0 0 164.883 0 32.1172 a b -3.0984 6 0
0 0 164.883 0 32.0713 a b -3.09685 6 0
0 0 164.883 0 32.0196 a b -3.09683 6 0
0 0 164.885 0 31.9689 a b -3.09549 6 0
0 0 164.886 0 31.9208 a b -3.09495 6 0
0 0 164.891 0 31.8699 a b -3.09464 6 0
0 0 164.887 0 31.8198 a b -3.09342 6 0
0 0 164.884 0 31.7724 a b -3.09369 6 0
0 0 164.882 0 31.7231 a b -3.09162 6 0
0 0 164.887 0 31.6699 a b -3.08749 6 0
0 0 164.883 0 31.6207 a b -3.08462 6 0
0 0 164.881 0 31.5707 a b -3.08302 6 0
0 0 164.877 0 31.5207 a b -3.07907 6 0
0 0 164.871 0 31.4691 a b -3.07591 6 0
0 0 164.866 0 31.4122 a b -3.07245 6 0
0 0 164.867 0 31.3614 a b -3.07003 6 0
0 0 164.867 0 31.313 a b -3.06708 6 0
0 0 164.863 0 31.2632 a b -3.06567 6 0
0 0 164.861 0 31.2145 a b -3.06279 6 0
0 0 164.856 0 31.1697 a b -3.06208 6 0
0 0 164.856 0 31.1228 a b -3.06111 6 0
0 0 164.854 0 31.07 a b -3.05997 6 0
0 0 164.852 0 31.0194 a b -3.06025 6 0
0 0 164.848 0 30.9761 a b -3.05987 6 0
0 0 164.844 0 30.9267 a b -3.05983 6 0
0 0 164.842 0 30.8731 a b -3.06046 6 0
0 0 164.837 0 30.8251 a b -3.05964 6 0
0 0 164.832 0 30.7742 a b -3.05984 6 0
0 0 164.828 0 30.7273 a b -3.05887 6 0
0 0 164.819 0 30.6765 a b -3.06004 6 0
0 0 164.815 0 30.6242 a b -3.06042 6 0
0 0 164.811 0 30.5718 a b -3.059 6 0
0 0 164.805 0 30.5248 a b -3.05817 6 0
0 0 164.801 0 30.4816 a b -3.05789 6 0
0 0 164.8 0 30.4313 a b -3.05807 6 0
0 0 164.802 0 30.3808 a b -3.05838 6 0
0 0 164.797 0 30.3319 a b -3.05614 6 0
0 0 164.795 0 30.2841 a b -3.05393 6 0
0 0 164.795 0 30.2374 a b -3.055 6 0
0 0 164.792 0 30.1904 a b -3.05304 6 0
0 0 164.786 0 30.1432 a b -3.05216 6 0
0 0 164.783 0 30.0933 a b -3.05075 6 0
0 0 164.78 0 30.0427 a b -3.04967 6 0
0 0 164.778 0 29.9969 a b -3.04862 6 0
0 0 164.77 0 29.9482 a b -3.04897 6 0
0 0 164.766 0 29.8984 a b -3.04947 6 0
0 0 164.766 0 29.8513 a b -3.05153 6 0
0 0 164.761 0 29.7964 a b -3.05184 6 0
0 0 164.756 0 29.7504 a b -3.05325 6 0
0 0 164.754 0 29.6976 a b -3.05603 6 0
0 0 164.75 0 29.6465 a b -3.0602 6 0
0 0 164.748 0 29.5922 a b -3.06501 6 0
0 0 164.744 0 29.5471 a b -3.06788 6 0
0 0 164.745 0 29.5044 a b -3.07813 6 0
0 0 164.742 0 29.4551 a b -3.09207 6 0
0 0 164.738 0 29.4049 a b -3.10408 6 0
0 0 164.731 0 29.3614 a b -3.12146 6 0
0 0 164.726 0 29.3104 a b 3.14102 6 0
0 0 164.728 0 29.2528 a b 3.12986 6 0
0 0 164.725 0 29.2006 a b 3.1294 6 0
0 0 164.722 0 29.1528 a b 3.1315 6 0
0 0 164.719 0 29.1027 a b 3.13477 6 0
0 0 164.721 0 29.0552 a b 3.13697 6 0
0 0 164.723 0 29.0114 a b 3.14095 6 0
0 0 164.721 0 28.9689 a b -3.13807 6 0
0 0 164.72 0 28.9259 a b -3.13323 6 0
0 0 164.721 0 28.8845 a b -3.12885 6 0
0 0 164.722 0 28.8419 a b -3.12811 6 0
0 0 164.718 0 28.798 a b -3.12537 6 0
0 0 164.724 0 28.7526 a b -3.12075 6 0
0 0 164.727 0 28.7015 a b -3.11609 6 0
0 0 164.722 0 28.6489 a b -3.11589 6 0
0 0 164.714 0 28.5878 a b -3.11373 6 0
0 0 164.715 0 28.5286 a b -3.10949 6 0
0 0 164.713 0 28.4682 a b -3.10585 6 0
0 0 164.712 0 28.414 a b -3.10264 6 0
0 0 164.708 0 28.363 a b -3.09904 6 0
0 0 164.705 0 28.3139 a b -3.09468 6 0
0 0 164.703 0 28.2646 a b -3.09277 6 0
0 0 164.7 0 28.2212 a b -3.0886 6 0
0 0 164.697 0 28.1825 a b -3.08392 6 0
0 0 164.695 0 28.1427 a b -3.07923 6 0
0 0 164.697 0 28.1046 a b -3.07598 6 0
0 0 164.691 0 28.071 a b -3.07241 6 0
0 0 164.691 0 28.0312 a b -3.06882 6 0
0 0 164.689 0 27.9912 a b -3.06431 6 0
0 0 164.683 0 27.948 a b -3.06048 6 0
0 0 164.68 0 27.8982 a b -3.05805 6 0
0 0 164.671 0 27.8464 a b -3.05437 6 0
0 0 164.671 0 27.791 a b -3.048 6 0
0 0 164.663 0 27.7345 a b -3.04569 6 0
0 0 164.654 0 27.6674 a b -3.0462 6 0
0 0 164.649 0 27.6046 a b -3.04257 6 0
0 0 164.647 0 27.542 a b -3.03654 6 0
0 0 164.639 0 27.4841 a b -3.03077 6 0
0 0 164.627 0 27.4266 a b -3.02347 6 0
0 0 164.62 0 27.3709 a b -3.01888 6 0
0 0 164.615 0 27.3165 a b -3.01366 6 0
0 0 164.612 0 27.2603 a b -3.00945 6 0
0 0 164.608 0 27.2123 a b -3.00768 6 0
0 0 164.601 0 27.1683 a b -3.00425 6 0
0 0 164.597 0 27.1289 a b -2.99949 6 0
0 0 164.597 0 27.0864 a b -2.99881 6 0
0 0 164.59 0 27.0506 a b -2.99898 6 0
0 0 164.582 0 27.0226 a b -2.99986 6 0
0 0 164.569 0 26.991 a b -2.99154 6 0
0 0 164.569 0 26.9616 a b -2.98394 6 0
0 0 164.564 0 26.932 a b -2.97921 6 0
0 0 164.557 0 26.8983 a b -2.97614 6 0
0 0 164.543 0 26.8634 a b -2.97397 6 0
0 0 164.537 0 26.8243 a b -2.97029 6 0
0 0 164.529 0 26.7805 a b -2.96564 6 0
0 0 164.514 0 26.7273 a b -2.95704 6 0
0 0 164.503 0 26.6567 a b -2.95376 6 0
0 0 164.489 0 26.5874 a b -2.95431 6 0
0 0 164.473 0 26.5222 a b -2.94656 6 0
0 0 164.465 0 26.4535 a b -2.93631 6 0
0 0 164.452 0 26.3854 a b -2.92806 6 0
0 0 164.445 0 26.3182 a b -2.92243 6 0
0 0 164.437 0 26.2534 a b -2.91927 6 0
0 0 164.422 0 26.1913 a b -2.91666 6 0
0 0 164.405 0 26.1278 a b -2.91169 6 0
0 0 164.389 0 26.0799 a b -2.90744 6 0
0 0 164.374 0 26.0386 a b -2.90443 6 0
0 0 164.365 0 26.0041 a b -2.90267 6 0
0 0 164.361 0 25.9785 a b -2.89952 6 0
0 0 164.354 0 25.9591 a b -2.89684 6 0
0 0 164.347 0 25.9501 a b -2.89635 6 0
0 0 164.344 0 25.9357 a b -2.89531 6 0
0 0 164.34 0 25.922 a b -2.89411 6 0
0 0 164.334 0 25.9094 a b -2.89373 6 0
0 0 164.332 0 25.8981 a b -2.89392 6 0
0 0 164.338 0 25.8847 a b -2.89568 6 0
0 0 164.332 0 25.8736 a b -2.89619 6 0
0 0 164.322 0 25.8632 a b -2.89595 6 0
0 0 164.321 0 25.8528 a b -2.89621 6 0
0 0 164.323 0 25.8418 a b -2.89567 6 0
0 0 164.317 0 25.8276 a b -2.89154 6 0
0 0 164.311 0 25.8192 a b -2.89062 6 0
0 0 164.312 0 25.8091 a b -2.8889 6 0
0 0 164.296 0 25.7992 a b -2.88697 6 0
0 0 164.299 0 25.7863 a b -2.88642 6 0
0 0 164.314 0 25.7844 a b -2.91366 6 0
