0 0 19.33 0 26.992 a b -0.0283845 7 0
0 0 19.333 0 27.0289 a b -0.0174265 7 0
0 0 19.3333 0 27.0745 a b -0.00439614 7 0
0 0 19.3388 0 27.1246 a b 0.0105892 7 0
0 0 19.3386 0 27.172 a b 0.0263504 7 0
0 0 19.3383 0 27.2202 a b 0.038399 7 0
0 0 19.3386 0 27.2653 a b 0.0422394 7 0
0 0 19.335 0 27.3138 a b 0.0449173 7 0
0 0 19.341 0 27.3508 a b 0.0447524 7 0
0 0 19.3461 0 27.3949 a b 0.0439055 7 0
0 0 19.3414 0 27.4428 a b 0.0508033 7 0
0 0 19.3399 0 27.4724 a b 0.0540969 7 0
0 0 19.3401 0 27.4903 a b 0.0588938 7 0
0 0 19.3365 0 27.5208 a b 0.0616437 7 0
0 0 19.3359 0 27.5375 a b 0.056358 7 0
0 0 19.3386 0 27.5588 a b 0.0539021 7 0
0 0 19.3412 0 27.5808 a b 0.056074 7 0
0 0 19.3391 0 27.5913 a b 0.0578276 7 0
0 0 19.3422 0 27.6019 a b 0.0600264 7 0
0 0 19.3406 0 27.6174 a b 0.0614241 7 0
0 0 19.3463 0 27.6364 a b 0.0597555 7 0
0 0 19.3481 0 27.6566 a b 0.0571961 7 0
0 0 19.3454 0 27.6796 a b 0.0567626 7 0
0 0 19.3442 0 27.707 a b 0.0583825 7 0
0 0 19.3418 0 27.7456 a b 0.0580432 7 0
0 0 19.344 0 27.7731 a b 0.0587526 7 0
0 0 19.3488 0 27.8006 a b 0.0592226 7 0
0 0 19.3489 0 27.8401 a b 0.0618718 7 0
0 0 19.352 0 27.8806 a b 0.060815 7 0
0 0 19.3503 0 27.9123 a b 0.0629339 7 0
0 0 19.348 0 27.9502 a b 0.0662559 7 0
0 0 19.3494 0 27.9797 a b 0.0644582 7 0
0 0 19.3447 0 28.0266 a b 0.0592226 7 0
0 0 19.3444 0 28.0635 a b 0.0558023 7 0
0 0 19.3554 0 28.0986 a b 0.0563782 7 0
0 0 19.3517 0 28.1311 a b 0.0570945 7 0
0 0 19.3634 0 28.1702 a b 0.0489966 7 0
0 0 19.3669 0 28.2119 a b 0.0413079 7 0
0 0 19.3573 0 28.2537 a b 0.0527271 7 0
0 0 19.3592 0 28.287 a b 0.0650751 7 0
0 0 19.3604 0 28.3067 a b 0.0545551 7 0
0 0 19.3474 0 28.3206 a b 0.0383334 7 0
0 0 19.3415 0 28.3335 a b 0.0408859 7 0
0 0 19.3413 0 28.3479 a b 0.0497717 7 0
0 0 19.3546 0 28.3804 a b 0.041522 7 0
0 0 19.3479 0 28.4108 a b 0.0323208 7 0
0 0 19.3482 0 28.4362 a b 0.0342751 7 0
0 0 19.3426 0 28.459 a b 0.0395377 7 0
0 0 19.3282 0 28.4815 a b 0.0460758 7 0
0 0 19.3333 0 28.5247 a b 0.0414197 7 0
0 0 19.3368 0 28.564 a b 0.033142 7 0
0 0 19.3347 0 28.5941 a b 0.0330464 7 0
0 0 19.3509 0 28.6199 a b 0.0354135 7 0
0 0 19.3378 0 28.6299 a b 0.0395497 7 0
0 0 19.3437 0 28.6688 a b 0.0394596 7 0
0 0 19.3639 0 28.7255 a b 0.0409425 7 0
0 0 19.3557 0 28.7456 a b 0.0401731 7 0
0 0 19.3551 0 28.7709 a b 0.0347749 7 0
0 0 19.3482 0 28.7973 a b 0.0315091 7 0
0 0 19.3464 0 28.8116 a b 0.0338434 7 0
0 0 19.3354 0 28.8305 a b 0.0403749 7 0
0 0 19.3357 0 28.8517 a b 0.0441819 7 0
0 0 19.3363 0 28.8798 a b 0.0427212 7 0
0 0 19.3356 0 28.9034 a b 0.040959 7 0
0 0 19.3346 0 28.9228 a b 0.0436276 7 0
0 0 19.3356 0 28.9561 a b 0.0406238 7 0
0 0 19.3403 0 28.9861 a b 0.0364423 7 0
0 0 19.339 0 29.0037 a b 0.0363547 7 0
0 0 19.3432 0 29.0244 a b 0.0364831 7 0
0 0 19.3449 0 29.048 a b 0.0379735 7 0
0 0 19.3477 0 29.0687 a b 0.0364343 7 0
0 0 19.3445 0 29.0933 a b 0.034726 7 0
0 0 19.3448 0 29.1291 a b 0.0307882 7 0
0 0 19.3461 0 29.168 a b 0.0316315 7 0
0 0 19.3439 0 29.1883 a b 0.0366371 7 0
0 0 19.3452 0 29.2186 a b 0.0378497 7 0
0 0 19.3434 0 29.2465 a b 0.0395998 7 0
0 0 19.3413 0 29.2849 a b 0.0398889 7 0
0 0 19.3396 0 29.3157 a b 0.03729 7 0
0 0 19.3397 0 29.3519 a b 0.0361437 7 0
0 0 19.3377 0 29.3886 a b 0.0390966 7 0
0 0 19.3374 0 29.4188 a b 0.0375529 7 0
0 0 19.3408 0 29.4463 a b 0.0337779 7 0
0 0 19.3434 0 29.4736 a b 0.0295006 7 0
0 0 19.3525 0 29.4992 a b 0.0310959 7 0
0 0 19.3552 0 29.531 a b 0.0312329 7 0
0 0 19.3519 0 29.5636 a b 0.0282696 7 0
0 0 19.3477 0 29.5922 a b 0.0246656 7 0
0 0 19.3476 0 29.6219 a b 0.0261582 7 0
0 0 19.3484 0 29.6565 a b 0.0263822 7 0
0 0 19.3466 0 29.6901 a b 0.024445 7 0
0 0 19.35 0 29.7228 a b 0.0215864 7 0
0 0 19.3583 0 29.7644 a b 0.0202837 7 0
0 0 19.3577 0 29.8001 a b 0.0207603 7 0
0 0 19.3529 0 29.8253 a b 0.0189292 7 0
0 0 19.3508 0 29.8496 a b 0.0128728 7 0
0 0 19.3505 0 29.8834 a b 0.00910725 7 0
0 0 19.3536 0 29.9176 a b 0.00959908 7 0
0 0 19.3581 0 29.9437 a b 0.0101614 7 0
0 0 19.3573 0 29.9786 a b 0.0116425 7 0
0 0 19.3569 0 30.008 a b 0.0162824 7 0
0 0 19.3569 0 30.0315 a b 0.0224278 7 0
0 0 19.3586 0 30.0568 a b 0.0266815 7 0
0 0 19.3515 0 30.0765 a b 0.0293789 7 0
0 0 19.3488 0 30.1026 a b 0.0357924 7 0
0 0 19.3487 0 30.1195 a b 0.0427946 7 0
0 0 19.3419 0 30.1367 a b 0.045529 7 0
0 0 19.3438 0 30.1511 a b 0.0462776 7 0
0 0 19.3421 0 30.1799 a b 0.0510383 7 0
0 0 19.343 0 30.207 a b 0.0569308 7 0
0 0 19.3465 0 30.2244 a b 0.0591655 7 0
0 0 19.3506 0 30.2408 a b 0.0555246 7 0
0 0 19.3552 0 30.2738 a b 0.0541034 7 0
0 0 19.3667 0 30.3151 a b 0.053134 7 0
0 0 19.3806 0 30.3487 a b 0.0621462 7 0
0 0 19.3807 0 30.384 a b 0.0665451 7 0
0 0 19.381 0 30.4073 a b 0.066819 7 0
0 0 19.3794 0 30.429 a b 0.0660872 7 0
0 0 19.3708 0 30.4553 a b 0.0669121 7 0
0 0 19.3738 0 30.4901 a b 0.0709222 7 0
0 0 19.3817 0 30.5224 a b 0.0694195 7 0
0 0 19.3807 0 30.5546 a b 0.0681966 7 0
0 0 19.379 0 30.5788 a b 0.0674294 7 0
0 0 19.3819 0 30.6057 a b 0.069363 7 0
0 0 19.382 0 30.6435 a b 0.0698978 7 0
0 0 19.3756 0 30.6781 a b 0.0744341 7 0
0 0 19.3609 0 30.7045 a b 0.0759042 7 0
0 0 19.359 0 30.7367 a b 0.0679316 7 0
0 0 19.3647 0 30.7642 a b 0.0619573 7 0
0 0 19.3789 0 30.795 a b 0.0592591 7 0
0 0 19.3852 0 30.8177 a b 0.0649185 7 0
0 0 19.3853 0 30.8413 a b 0.0689862 7 0
0 0 19.3864 0 30.8661 a b 0.066875 7 0
0 0 19.3824 0 30.8933 a b 0.0630535 7 0
0 0 19.381 0 30.9255 a b 0.0619672 7 0
0 0 19.3788 0 30.9599 a b 0.0641305 7 0
0 0 19.3809 0 30.998 a b 0.06465 7 0
0 0 19.3861 0 31.0342 a b 0.058447 7 0
0 0 19.3849 0 31.0677 a b 0.056443 7 0
0 0 19.3808 0 31.0971 a b 0.0596102 7 0
0 0 19.3869 0 31.1317 a b 0.0637964 7 0
0 0 19.3814 0 31.1685 a b 0.0689961 7 0
0 0 19.3782 0 31.1967 a b 0.0633233 7 0
0 0 19.376 0 31.2312 a b 0.0554516 7 0
0 0 19.3724 0 31.257 a b 0.0471109 7 0
0 0 19.3731 0 31.2788 a b 0.0456208 7 0
0 0 19.3809 0 31.3022 a b 0.0498971 7 0
0 0 19.382 0 31.3367 a b 0.053681 7 0
0 0 19.3954 0 31.366 a b 0.0477046 7 0
0 0 19.3966 0 31.3872 a b 0.0390097 7 0
0 0 19.3952 0 31.4076 a b 0.0416087 7 0
0 0 19.3892 0 31.4292 a b 0.0469787 7 0
0 0 19.3873 0 31.4604 a b 0.045574 7 0
0 0 19.3881 0 31.4887 a b 0.0428688 7 0
0 0 19.3997 0 31.5166 a b 0.0379348 7 0
0 0 19.4095 0 31.5431 a b 0.0371193 7 0
0 0 19.413 0 31.5825 a b 0.0409038 7 0
0 0 19.4063 0 31.6186 a b 0.040057 7 0
0 0 19.4012 0 31.6647 a b 0.0401981 7 0
0 0 19.3978 0 31.7124 a b 0.0365086 7 0
0 0 19.4059 0 31.7463 a b 0.0339719 7 0
0 0 19.4121 0 31.7756 a b 0.0321052 7 0
0 0 19.4114 0 31.8057 a b 0.0312761 7 0
0 0 19.419 0 31.839 a b 0.0299725 7 0
0 0 19.4159 0 31.8771 a b 0.021868 7 0
0 0 19.4194 0 31.8882 a b 0.026215 7 0
0 0 19.4185 0 31.912 a b 0.032904 7 0
0 0 19.4245 0 31.9367 a b 0.0291034 7 0
0 0 19.4225 0 31.9637 a b 0.0243133 7 0
0 0 19.4216 0 31.9818 a b 0.029013 7 0
0 0 19.4148 0 32.0037 a b 0.0331386 7 0
0 0 19.4299 0 32.031 a b 0.0273552 7 0
0 0 19.4255 0 32.0529 a b 0.0232468 7 0
0 0 19.4215 0 32.0687 a b 0.0262828 7 0
0 0 19.4195 0 32.0966 a b 0.0331592 7 0
0 0 19.4252 0 32.135 a b 0.0285511 7 0
0 0 19.425 0 32.1607 a b 0.0237275 7 0
0 0 19.4248 0 32.1856 a b 0.0256908 7 0
0 0 19.4193 0 32.2225 a b 0.0330249 7 0
0 0 19.4172 0 32.2638 a b 0.0316625 7 0
0 0 19.4145 0 32.3045 a b 0.0272327 7 0
0 0 19.4276 0 32.3416 a b 0.0191355 7 0
0 0 19.4277 0 32.3581 a b 0.0175905 7 0
0 0 19.4248 0 32.3939 a b 0.0284869 7 0
0 0 19.4244 0 32.4187 a b 0.0359388 7 0
0 0 19.4204 0 32.4548 a b 0.0303577 7 0
0 0 19.4219 0 32.4873 a b 0.0264491 7 0
0 0 19.4262 0 32.5025 a b 0.0276864 7 0
0 0 19.4273 0 32.5257 a b 0.0318381 7 0
0 0 19.4302 0 32.5556 a b 0.032221 7 0
0 0 19.4288 0 32.5823 a b 0.0344898 7 0
0 0 19.4256 0 32.6052 a b 0.0346137 7 0
0 0 19.4194 0 32.6309 a b 0.0324908 7 0
0 0 19.4196 0 32.6577 a b 0.0283095 7 0
0 0 19.4243 0 32.6828 a b 0.0303335 7 0
0 0 19.4243 0 32.7099 a b 0.0351312 7 0
0 0 19.4216 0 32.7377 a b 0.0349584 7 0
0 0 19.4225 0 32.7746 a b 0.0305226 7 0
0 0 19.4186 0 32.8049 a b 0.0326636 7 0
0 0 19.4193 0 32.845 a b 0.0331074 7 0
0 0 19.4158 0 32.8845 a b 0.0368104 7 0
0 0 19.4161 0 32.9097 a b 0.0344244 7 0
0 0 19.4225 0 32.9414 a b 0.0289838 7 0
0 0 19.4258 0 32.9713 a b 0.0260852 7 0
0 0 19.4328 0 33.0011 a b 0.0250234 7 0
0 0 19.4341 0 33.0325 a b 0.0300787 7 0
0 0 19.4334 0 33.0593 a b 0.0321312 7 0
0 0 19.429 0 33.0772 a b 0.0321274 7 0
0 0 19.4238 0 33.1026 a b 0.0288683 7 0
0 0 19.4233 0 33.1256 a b 0.0208254 7 0
0 0 19.4297 0 33.1507 a b 0.0191925 7 0
0 0 19.4337 0 33.1711 a b 0.0239888 7 0
0 0 19.4332 0 33.1922 a b 0.0265278 7 0
0 0 19.4278 0 33.2155 a b 0.0259845 7 0
0 0 19.43 0 33.2453 a b 0.0227355 7 0
0 0 19.4211 0 33.28 a b 0.024833 7 0
0 0 19.4203 0 33.3171 a b 0.0284231 7 0
0 0 19.4131 0 33.3482 a b 0.0256603 7 0
0 0 19.4172 0 33.3808 a b 0.0184448 7 0
0 0 19.4242 0 33.4219 a b 0.0119342 7 0
0 0 19.4276 0 33.457 a b 0.0142198 7 0
0 0 19.4273 0 33.4901 a b 0.0223312 7 0
0 0 19.4267 0 33.5178 a b 0.0227438 7 0
0 0 19.4273 0 33.5387 a b 0.0174359 7 0
0 0 19.4293 0 33.5617 a b 0.00914205 7 0
0 0 19.4237 0 33.5953 a b 0.00703416 7 0
0 0 19.424 0 33.6147 a b 0.0124737 7 0
0 0 19.4266 0 33.6369 a b 0.0127928 7 0
0 0 19.4256 0 33.653 a b 0.0101208 7 0
0 0 19.4301 0 33.6837 a b 0.00625925 7 0
0 0 19.4269 0 33.7055 a b 0.00522265 7 0
0 0 19.4234 0 33.736 a b 0.00100187 7 0
0 0 19.427 0 33.7633 a b 0.000718689 7 0
0 0 19.4227 0 33.783 a b 0.00561889 7 0
0 0 19.4202 0 33.8239 a b 0.00405829 7 0
0 0 19.4232 0 33.8654 a b -0.000118546 7 0
0 0 19.4193 0 33.8917 a b -0.000904083 7 0
0 0 19.4167 0 33.9377 a b -0.00239011 7 0
0 0 19.4243 0 33.9744 a b 0.00300697 7 0
0 0 19.4215 0 34.0002 a b 0.00401926 7 0
0 0 19.4143 0 34.0284 a b -0.001836 7 0
0 0 19.4122 0 34.0633 a b -0.00489618 7 0
0 0 19.4128 0 34.0924 a b -0.00316825 7 0
0 0 19.4122 0 34.114 a b -0.00489446 7 0
0 0 19.4161 0 34.1395 a b -0.00631103 7 0
0 0 19.4124 0 34.1675 a b -0.00767034 7 0
0 0 19.4098 0 34.1899 a b -0.00736632 7 0
0 0 19.4118 0 34.2132 a b -0.0110115 7 0
0 0 19.413 0 34.2427 a b -0.0153399 7 0
0 0 19.4137 0 34.266 a b -0.011266 7 0
0 0 19.4156 0 34.2973 a b -0.00809487 7 0
0 0 19.4122 0 34.3187 a b -0.00794116 7 0
0 0 19.4067 0 34.345 a b -0.0182565 7 0
0 0 19.4152 0 34.3836 a b -0.0225221 7 0
0 0 19.4156 0 34.4239 a b -0.0180008 7 0
0 0 19.4099 0 34.4664 a b -0.0118175 7 0
0 0 19.4072 0 34.5079 a b -0.0101215 7 0
0 0 19.4075 0 34.5505 a b -0.0116703 7 0
0 0 19.3991 0 34.5658 a b -0.0150313 7 0
0 0 19.3986 0 34.5817 a b -0.0138358 7 0
0 0 19.392 0 34.6066 a b -0.0126032 7 0
0 0 19.3913 0 34.6319 a b -0.0133595 7 0
0 0 19.3919 0 34.6593 a b -0.00920021 7 0
0 0 19.3941 0 34.6818 a b -0.0098202 7 0
0 0 19.3906 0 34.7015 a b -0.0122703 7 0
0 0 19.3897 0 34.7301 a b -0.0174453 7 0
0 0 19.3834 0 34.7569 a b -0.0180345 7 0
0 0 19.3837 0 34.783 a b -0.0155246 7 0
0 0 19.3825 0 34.8097 a b -0.0161657 7 0
0 0 19.3844 0 34.8362 a b -0.0184734 7 0
0 0 19.3793 0 34.8641 a b -0.020665 7 0
0 0 19.379 0 34.8963 a b -0.0176326 7 0
0 0 19.3833 0 34.9231 a b -0.0121627 7 0
0 0 19.387 0 34.9559 a b -0.0152103 7 0
0 0 19.391 0 34.9976 a b -0.0197403 7 0
0 0 19.3911 0 35.0313 a b -0.0177877 7 0
0 0 19.3934 0 35.0581 a b -0.0169427 7 0
0 0 19.3863 0 35.0822 a b -0.0175427 7 0
0 0 19.3814 0 35.1099 a b -0.0162102 7 0
0 0 19.376 0 35.1354 a b -0.00920794 7 0
0 0 19.3766 0 35.1574 a b -0.00779791 7 0
0 0 19.3755 0 35.1786 a b -0.0166184 7 0
0 0 19.368 0 35.2158 a b -0.0232549 7 0
0 0 19.364 0 35.2506 a b -0.0167539 7 0
0 0 19.3692 0 35.2724 a b -0.0143118 7 0
0 0 19.3755 0 35.2985 a b -0.0176863 7 0
0 0 19.3669 0 35.3328 a b -0.0148446 7 0
0 0 19.3634 0 35.366 a b -0.00184059 7 0
0 0 19.3698 0 35.3957 a b 0.00862664 7 0
0 0 19.3724 0 35.4268 a b 0.0130698 7 0
0 0 19.3781 0 35.4474 a b 0.0184172 7 0
0 0 19.3736 0 35.4752 a b 0.0334248 7 0
0 0 19.3741 0 35.5159 a b 0.0463176 7 0
0 0 19.3724 0 35.5512 a b 0.0409941 7 0
0 0 19.3699 0 35.5697 a b 0.048548 7 0
0 0 19.3751 0 35.6102 a b 0.0543165 7 0
0 0 19.3727 0 35.6461 a b 0.0573154 7 0
0 0 19.3731 0 35.6796 a b 0.054865 7 0
0 0 19.3743 0 35.7027 a b 0.0531776 7 0
0 0 19.3826 0 35.7321 a b 0.0561352 7 0
0 0 19.3849 0 35.7631 a b 0.0620982 7 0
0 0 19.3861 0 35.801 a b 0.0665992 7 0
0 0 19.3887 0 35.8401 a b 0.0650626 7 0
0 0 19.3859 0 35.8672 a b 0.0622519 7 0
0 0 19.3846 0 35.8976 a b 0.0629699 7 0
0 0 19.3888 0 35.9238 a b 0.0644038 7 0
0 0 19.3945 0 35.955 a b 0.0682155 7 0
0 0 19.3966 0 35.9834 a b 0.0734314 7 0
0 0 19.386 0 36.0274 a b 0.0740989 7 0
0 0 19.3703 0 36.0637 a b 0.0683016 7 0
0 0 19.3747 0 36.0758 a b 0.0606452 7 0
0 0 19.3871 0 36.0955 a b 0.0620386 7 0
0 0 19.3888 0 36.1338 a b 0.0697958 7 0
0 0 19.3901 0 36.1543 a b 0.068951 7 0
0 0 19.3802 0 36.1812 a b 0.0610011 7 0
0 0 19.3845 0 36.205 a b 0.05292 7 0
0 0 19.3909 0 36.2289 a b 0.0534325 7 0
0 0 19.3925 0 36.2475 a b 0.0598159 7 0
0 0 19.3833 0 36.2744 a b 0.0608446 7 0
0 0 19.3851 0 36.3004 a b 0.0578804 7 0
0 0 19.3842 0 36.3305 a b 0.053427 7 0
0 0 19.3884 0 36.3599 a b 0.0506457 7 0
0 0 19.3931 0 36.3935 a b 0.0512399 7 0
0 0 19.3933 0 36.4247 a b 0.0529652 7 0
0 0 19.3918 0 36.458 a b 0.0522441 7 0
0 0 19.3889 0 36.4928 a b 0.0502793 7 0
0 0 19.3891 0 36.5271 a b 0.0481512 7 0
0 0 19.3921 0 36.5569 a b 0.0469859 7 0
0 0 19.3864 0 36.5873 a b 0.0407467 7 0
0 0 19.3916 0 36.6196 a b 0.0361967 7 0
0 0 19.3948 0 36.6502 a b 0.0346578 7 0
0 0 19.3958 0 36.6701 a b 0.0301279 7 0
0 0 19.405 0 36.6898 a b 0.0292924 7 0
0 0 19.4017 0 36.7101 a b 0.032176 7 0
0 0 19.396 0 36.734 a b 0.0317619 7 0
0 0 19.3926 0 36.7618 a b 0.0260232 7 0
0 0 19.3966 0 36.7885 a b 0.0240584 7 0
0 0 19.3984 0 36.8194 a b 0.0275197 7 0
0 0 19.3951 0 36.8492 a b 0.0250514 7 0
0 0 19.3923 0 36.8854 a b 0.0192693 7 0
0 0 19.3898 0 36.9249 a b 0.0199329 7 0
0 0 19.3935 0 36.961 a b 0.0212507 7 0
0 0 19.3955 0 36.9932 a b 0.0179577 7 0
0 0 19.3904 0 37.0394 a b 0.0137287 7 0
0 0 19.3925 0 37.0738 a b 0.00996536 7 0
0 0 19.3904 0 37.1022 a b 0.00786051 7 0
0 0 19.3898 0 37.128 a b 0.0070498 7 0
0 0 19.3887 0 37.1567 a b 0.00824373 7 0
0 0 19.3912 0 37.1809 a b 0.00703804 7 0
0 0 19.3881 0 37.1985 a b 1.39772e-05 7 0
0 0 19.3861 0 37.2304 a b -0.00612834 7 0
0 0 19.3857 0 37.2527 a b -0.00382437 7 0
0 0 19.3871 0 37.2721 a b -0.0030134 7 0
0 0 19.3862 0 37.2927 a b -0.00341507 7 0
0 0 19.3879 0 37.3287 a b -0.0044416 7 0
0 0 19.3873 0 37.3528 a b -0.00386221 7 0
0 0 19.3943 0 37.3737 a b -0.00550353 7 0
0 0 19.3921 0 37.4073 a b -0.00544944 7 0
0 0 19.3891 0 37.4357 a b -0.00125666 7 0
0 0 19.3928 0 37.463 a b 0.000874651 7 0
0 0 19.3904 0 37.5009 a b -0.000103833 7 0
0 0 19.3901 0 37.5359 a b 0.000419243 7 0
0 0 19.3885 0 37.5663 a b 0.00350369 7 0
0 0 19.3841 0 37.5938 a b 0.00642201 7 0
0 0 19.388 0 37.6167 a b 0.00693744 7 0
0 0 19.3853 0 37.6416 a b 0.00330733 7 0
0 0 19.381 0 37.6668 a b 0.00445493 7 0
0 0 19.383 0 37.6959 a b 0.00675781 7 0
0 0 19.3868 0 37.7216 a b 0.00570396 7 0
0 0 19.3834 0 37.7452 a b 0.00519783 7 0
0 0 19.38 0 37.7708 a b 0.00841519 7 0
0 0 19.3797 0 37.7954 a b 0.00854464 7 0
0 0 19.3812 0 37.8214 a b 0.00580713 7 0
0 0 19.3828 0 37.8492 a b 0.000550701 7 0
0 0 19.3806 0 37.8845 a b 0.0042176 7 0
0 0 19.3782 0 37.9187 a b 0.0130018 7 0
0 0 19.3793 0 37.9466 a b 0.021747 7 0
0 0 19.387 0 37.9679 a b 0.0171562 7 0
0 0 19.3836 0 37.997 a b 0.00616543 7 0
0 0 19.3719 0 38.0323 a b 0.00475424 7 0
0 0 19.3664 0 38.0698 a b 0.0143301 7 0
0 0 19.3731 0 38.0915 a b 0.0212852 7 0
0 0 19.3787 0 38.1119 a b 0.0139799 7 0
0 0 19.3805 0 38.1385 a b 0.00271618 7 0
0 0 19.3705 0 38.177 a b 0.00414491 7 0
0 0 19.3678 0 38.2087 a b 0.0136067 7 0
0 0 19.3742 0 38.233 a b 0.0129815 7 0
0 0 19.3775 0 38.2626 a b 0.00532357 7 0
0 0 19.3722 0 38.2969 a b -0.000435096 7 0
0 0 19.3687 0 38.3259 a b 0.00237351 7 0
0 0 19.3727 0 38.3534 a b 0.00609526 7 0
0 0 19.3731 0 38.3834 a b 0.00544928 7 0
0 0 19.3688 0 38.4126 a b 0.00743257 7 0
0 0 19.3641 0 38.4371 a b 0.00855183 7 0
0 0 19.3697 0 38.4624 a b 0.00297233 7 0
0 0 19.3712 0 38.4875 a b -0.00186297 7 0
0 0 19.3687 0 38.5158 a b -0.00318626 7 0
0 0 19.3661 0 38.5452 a b 0.000661791 7 0
0 0 19.3706 0 38.5739 a b 0.00169422 7 0
0 0 19.3722 0 38.6055 a b -0.0027908 7 0
0 0 19.3686 0 38.6395 a b -0.00614669 7 0
0 0 19.3644 0 38.6708 a b -0.00265002 7 0
0 0 19.3671 0 38.7077 a b -0.0020744 7 0
0 0 19.37 0 38.737 a b -0.00566899 7 0
0 0 19.3674 0 38.767 a b -0.00822675 7 0
0 0 19.366 0 38.8022 a b -0.00916338 7 0
0 0 19.3637 0 38.8337 a b -0.010566 7 0
0 0 19.3644 0 38.8655 a b -0.0121748 7 0
0 0 19.3707 0 38.8879 a b -0.0150452 7 0
0 0 19.3679 0 38.9189 a b -0.0131866 7 0
0 0 19.3683 0 38.9464 a b -0.0137498 7 0
0 0 19.3685 0 38.9767 a b -0.0162768 7 0
0 0 19.368 0 38.9973 a b -0.0169853 7 0
0 0 19.3666 0 39.0285 a b -0.0160268 7 0
0 0 19.3617 0 39.0607 a b -0.0163207 7 0
0 0 19.3618 0 39.0898 a b -0.0174907 7 0
0 0 19.3564 0 39.1193 a b -0.0183996 7 0
0 0 19.3571 0 39.1448 a b -0.0169872 7 0
0 0 19.353 0 39.1792 a b -0.0166309 7 0
0 0 19.351 0 39.2118 a b -0.0196209 7 0
0 0 19.353 0 39.2365 a b -0.0210512 7 0
0 0 19.3481 0 39.2595 a b -0.0167658 7 0
0 0 19.3409 0 39.2994 a b -0.0164167 7 0
0 0 19.338 0 39.3342 a b -0.0227947 7 0
0 0 19.3384 0 39.3597 a b -0.0258846 7 0
0 0 19.3383 0 39.3853 a b -0.0261592 7 0
0 0 19.3448 0 39.409 a b -0.0236388 7 0
0 0 19.3401 0 39.4448 a b -0.0163042 7 0
0 0 19.3298 0 39.4798 a b -0.0184638 7 0
0 0 19.3229 0 39.5083 a b -0.0250708 7 0
0 0 19.33 0 39.5286 a b -0.027904 7 0
0 0 19.3336 0 39.5508 a b -0.0233542 7 0
0 0 19.3279 0 39.5798 a b -0.0221829 7 0
0 0 19.3255 0 39.6092 a b -0.022895 7 0
0 0 19.3208 0 39.644 a b -0.0249129 7 0
0 0 19.3204 0 39.6765 a b -0.0262668 7 0
0 0 19.32 0 39.7027 a b -0.0224042 7 0
0 0 19.3173 0 39.7264 a b -0.0173337 7 0
0 0 19.3101 0 39.7497 a b -0.020607 7 0
0 0 19.3126 0 39.776 a b -0.0242829 7 0
0 0 19.3214 0 39.8007 a b -0.021404 7 0
0 0 19.3239 0 39.8294 a b -0.0118582 7 0
0 0 19.3203 0 39.8537 a b -0.00207796 7 0
0 0 19.3102 0 39.8836 a b -0.000789241 7 0
0 0 19.3104 0 39.9178 a b -0.00210511 7 0
0 0 19.3171 0 39.9527 a b 0.00311909 7 0
0 0 19.3136 0 39.9821 a b 0.00967959 7 0
0 0 19.3126 0 40.0076 a b 0.0152686 7 0
0 0 19.3122 0 40.037 a b 0.020681 7 0
0 0 19.3113 0 40.0693 a b 0.0255381 7 0
0 0 19.3092 0 40.1011 a b 0.0284129 7 0
0 0 19.3081 0 40.1295 a b 0.0307442 7 0
0 0 19.3065 0 40.1591 a b 0.0337809 7 0
0 0 19.3085 0 40.1858 a b 0.0377089 7 0
0 0 19.3117 0 40.2105 a b 0.04082 7 0
0 0 19.3125 0 40.2309 a b 0.0446445 7 0
0 0 19.3106 0 40.2548 a b 0.0424762 7 0
0 0 19.3072 0 40.2805 a b 0.0392684 7 0
0 0 19.3094 0 40.3019 a b 0.0420876 7 0
0 0 19.312 0 40.3217 a b 0.0465923 7 0
0 0 19.3116 0 40.348 a b 0.0487652 7 0
0 0 19.3146 0 40.3787 a b 0.0479644 7 0
0 0 19.3118 0 40.4094 a b 0.0469647 7 0
0 0 19.3105 0 40.4445 a b 0.0521182 7 0
0 0 19.3105 0 40.4774 a b 0.0570876 7 0
0 0 19.3137 0 40.5155 a b 0.0577114 7 0
0 0 19.3176 0 40.5485 a b 0.0533222 7 0
0 0 19.3169 0 40.5818 a b 0.0495783 7 0
0 0 19.3152 0 40.6145 a b 0.0514105 7 0
0 0 19.3129 0 40.643 a b 0.0564533 7 0
0 0 19.317 0 40.675 a b 0.0599525 7 0
0 0 19.3167 0 40.6998 a b 0.0621407 7 0
0 0 19.3157 0 40.7213 a b 0.058971 7 0
0 0 19.3168 0 40.7452 a b 0.049939 7 0
0 0 19.318 0 40.7763 a b 0.0448726 7 0
0 0 19.3185 0 40.8019 a b 0.0559575 7 0
0 0 19.3213 0 40.8207 a b 0.064684 7 0
0 0 19.3259 0 40.8375 a b 0.0584377 7 0
0 0 19.3237 0 40.8647 a b 0.0465373 7 0
0 0 19.321 0 40.905 a b 0.0468492 7 0
0 0 19.3214 0 40.9355 a b 0.0586062 7 0
0 0 19.3259 0 40.9623 a b 0.0638356 7 0
0 0 19.3249 0 40.99 a b 0.0589244 7 0
0 0 19.324 0 41.0228 a b 0.054685 7 0
0 0 19.3228 0 41.0585 a b 0.0541071 7 0
0 0 19.3259 0 41.0908 a b 0.0563566 7 0
0 0 19.3252 0 41.1229 a b 0.0571341 7 0
0 0 19.3271 0 41.153 a b 0.0540736 7 0
0 0 19.327 0 41.1835 a b 0.0505843 7 0
0 0 19.3279 0 41.2179 a b 0.0489822 7 0
0 0 19.3279 0 41.2497 a b 0.0510687 7 0
0 0 19.3306 0 41.2768 a b 0.0524776 7 0
0 0 19.3286 0 41.3023 a b 0.0515278 7 0
0 0 19.3296 0 41.326 a b 0.0459321 7 0
0 0 19.3322 0 41.3532 a b 0.0407489 7 0
0 0 19.3346 0 41.3764 a b 0.0409857 7 0
0 0 19.3361 0 41.3981 a b 0.0456537 7 0
0 0 19.3353 0 41.4175 a b 0.046428 7 0
0 0 19.3336 0 41.4444 a b 0.0436357 7 0
0 0 19.3304 0 41.4735 a b 0.0404421 7 0
0 0 19.3306 0 41.5056 a b 0.0425126 7 0
0 0 19.329 0 41.5345 a b 0.0452895 7 0
0 0 19.3302 0 41.5652 a b 0.0424224 7 0
0 0 19.3301 0 41.5995 a b 0.0405207 7 0
0 0 19.3305 0 41.6389 a b 0.0420462 7 0
0 0 19.3317 0 41.6655 a b 0.0422864 7 0
0 0 19.3339 0 41.6995 a b 0.0392325 7 0
0 0 19.335 0 41.7335 a b 0.0410761 7 0
0 0 19.3346 0 41.7652 a b 0.0422811 7 0
0 0 19.3362 0 41.7925 a b 0.0388128 7 0
0 0 19.3357 0 41.8229 a b 0.0378689 7 0
0 0 19.3348 0 41.8495 a b 0.0379478 7 0
0 0 19.3352 0 41.8742 a b 0.0368808 7 0
0 0 19.3362 0 41.8998 a b 0.0359393 7 0
0 0 19.3399 0 41.9294 a b 0.0350007 7 0
0 0 19.3419 0 41.9541 a b 0.0342537 7 0
0 0 19.3433 0 41.9843 a b 0.0340311 7 0
0 0 19.3446 0 42.0143 a b 0.0325256 7 0
0 0 19.3447 0 42.0403 a b 0.0325651 7 0
0 0 19.3422 0 42.0707 a b 0.0333674 7 0
0 0 19.3452 0 42.1048 a b 0.0315603 7 0
0 0 19.3456 0 42.1318 a b 0.0308332 7 0
0 0 19.3439 0 42.167 a b 0.030191 7 0
0 0 19.3432 0 42.1967 a b 0.0281423 7 0
0 0 19.3441 0 42.228 a b 0.0274672 7 0
0 0 19.346 0 42.262 a b 0.0286483 7 0
0 0 19.3477 0 42.296 a b 0.0307866 7 0
0 0 19.3471 0 42.3328 a b 0.0324107 7 0
0 0 19.3438 0 42.37 a b 0.0301031 7 0
0 0 19.343 0 42.4 a b 0.0252015 7 0
0 0 19.3441 0 42.4252 a b 0.0212387 7 0
0 0 19.3481 0 42.4452 a b 0.022133 7 0
0 0 19.3477 0 42.4682 a b 0.0269518 7 0
0 0 19.3453 0 42.5042 a b 0.0270923 7 0
0 0 19.3441 0 42.5366 a b 0.0193765 7 0
0 0 19.3475 0 42.5494 a b 0.014347 7 0
0 0 19.3463 0 42.5639 a b 0.0212405 7 0
0 0 19.3427 0 42.597 a b 0.0270231 7 0
0 0 19.3442 0 42.6343 a b 0.0223909 7 0
0 0 19.3419 0 42.6666 a b 0.0141909 7 0
0 0 19.3436 0 42.6864 a b 0.00967595 7 0
0 0 19.3428 0 42.7112 a b 0.0153412 7 0
0 0 19.3434 0 42.7523 a b 0.0187259 7 0
0 0 19.3419 0 42.7869 a b 0.0177547 7 0
0 0 19.3394 0 42.824 a b 0.0146043 7 0
0 0 19.338 0 42.853 a b 0.0100206 7 0
0 0 19.3353 0 42.8844 a b 0.00743927 7 0
0 0 19.3315 0 42.911 a b 0.00957657 7 0
0 0 19.3307 0 42.9381 a b 0.0111263 7 0
0 0 19.332 0 42.9672 a b 0.0105774 7 0
0 0 19.3331 0 42.9969 a b 0.00490722 7 0
0 0 19.3339 0 43.0249 a b -0.00064745 7 0
0 0 19.3361 0 43.044 a b 0.00668567 7 0
0 0 19.332 0 43.0744 a b 0.015592 7 0
0 0 19.3308 0 43.112 a b 0.00854068 7 0
0 0 19.3314 0 43.1435 a b -0.00099786 7 0
0 0 19.3311 0 43.1715 a b 0.00342882 7 0
0 0 19.3303 0 43.1968 a b 0.011161 7 0
0 0 19.3259 0 43.2253 a b 0.00864138 7 0
0 0 19.3284 0 43.2532 a b 0.00427335 7 0
0 0 19.3287 0 43.283 a b 0.00376314 7 0
0 0 19.3278 0 43.3139 a b 0.00476108 7 0
0 0 19.3277 0 43.3457 a b 0.00499155 7 0
0 0 19.3261 0 43.3727 a b 0.00591621 7 0
0 0 19.3221 0 43.4053 a b 0.00300209 7 0
0 0 19.321 0 43.4336 a b 0.000508342 7 0
0 0 19.3245 0 43.4629 a b 0.000932596 7 0
0 0 19.3207 0 43.49 a b 0.00123038 7 0
0 0 19.3183 0 43.5179 a b -0.00195119 7 0
0 0 19.3171 0 43.5473 a b -0.00630947 7 0
0 0 19.3163 0 43.5748 a b -0.00816769 7 0
0 0 19.3167 0 43.6035 a b -0.0100671 7 0
0 0 19.3152 0 43.6299 a b -0.00867289 7 0
0 0 19.3156 0 43.6568 a b -0.00970389 7 0
0 0 19.3124 0 43.6816 a b -0.010541 7 0
0 0 19.311 0 43.7083 a b -0.014513 7 0
0 0 19.3098 0 43.7313 a b -0.0192301 7 0
0 0 19.31 0 43.7588 a b -0.0226802 7 0
0 0 19.3084 0 43.7841 a b -0.0198038 7 0
0 0 19.3081 0 43.8144 a b -0.0154477 7 0
0 0 19.3047 0 43.8366 a b -0.0156368 7 0
0 0 19.3023 0 43.8643 a b -0.0242046 7 0
0 0 19.3013 0 43.8962 a b -0.0304518 7 0
0 0 19.3026 0 43.9314 a b -0.0267855 7 0
0 0 19.3017 0 43.9559 a b -0.018804 7 0
0 0 19.2977 0 43.974 a b -0.019335 7 0
0 0 19.2932 0 44.0013 a b -0.031033 7 0
0 0 19.2933 0 44.0415 a b -0.0353394 7 0
0 0 19.2926 0 44.0791 a b -0.0315093 7 0
0 0 19.2901 0 44.1081 a b -0.0284906 7 0
0 0 19.2891 0 44.1342 a b -0.0284174 7 0
0 0 19.2857 0 44.1684 a b -0.0343815 7 0
0 0 19.2812 0 44.2006 a b -0.0381976 7 0
0 0 19.2776 0 44.2377 a b -0.0395221 7 0
0 0 19.2806 0 44.2629 a b -0.0354199 7 0
0 0 19.2782 0 44.2946 a b -0.0308133 7 0
0 0 19.2745 0 44.3207 a b -0.0292353 7 0
0 0 19.273 0 44.3498 a b -0.0335765 7 0
0 0 19.2686 0 44.3802 a b -0.0336822 7 0
0 0 19.2672 0 44.406 a b -0.0279746 7 0
0 0 19.2682 0 44.4238 a b -0.0289282 7 0
0 0 19.2703 0 44.4508 a b -0.0305498 7 0
0 0 19.2731 0 44.4753 a b -0.0253087 7 0
0 0 19.2688 0 44.5003 a b -0.0180341 7 0
0 0 19.2667 0 44.5261 a b -0.0146859 7 0
0 0 19.2699 0 44.5565 a b -0.00934788 7 0
0 0 19.2693 0 44.5848 a b -0.00540377 7 0
0 0 19.2698 0 44.6164 a b 0.0011724 7 0
0 0 19.2672 0 44.6492 a b 0.00886719 7 0
0 0 19.2621 0 44.6782 a b 0.0148883 7 0
0 0 19.2629 0 44.7095 a b 0.0220274 7 0
0 0 19.2665 0 44.7421 a b 0.0287948 7 0
0 0 19.2661 0 44.7719 a b 0.0326835 7 0
0 0 19.267 0 44.8055 a b 0.0361919 7 0
0 0 19.2681 0 44.837 a b 0.0437392 7 0
0 0 19.2673 0 44.8658 a b 0.0504428 7 0
0 0 19.2667 0 44.8933 a b 0.0563479 7 0
0 0 19.2695 0 44.9185 a b 0.0605959 7 0
0 0 19.2711 0 44.942 a b 0.0643563 7 0
0 0 19.272 0 44.9654 a b 0.0650519 7 0
0 0 19.2726 0 44.9931 a b 0.0654353 7 0
0 0 19.2749 0 45.0196 a b 0.0659029 7 0
0 0 19.2762 0 45.0449 a b 0.066044 7 0
0 0 19.2793 0 45.0665 a b 0.0690429 7 0
0 0 19.2817 0 45.0912 a b 0.0764123 7 0
0 0 19.2855 0 45.1201 a b 0.0758909 7 0
0 0 19.2852 0 45.1488 a b 0.0730974 7 0
0 0 19.2835 0 45.1803 a b 0.0734487 7 0
0 0 19.2849 0 45.2101 a b 0.0793243 7 0
0 0 19.2887 0 45.2437 a b 0.0811922 7 0
0 0 19.2921 0 45.2739 a b 0.0785079 7 0
0 0 19.2919 0 45.3049 a b 0.0765204 7 0
0 0 19.2924 0 45.3395 a b 0.0796482 7 0
0 0 19.2932 0 45.3711 a b 0.0794587 7 0
0 0 19.2949 0 45.4052 a b 0.0792816 7 0
0 0 19.2952 0 45.4294 a b 0.0795033 7 0
0 0 19.2958 0 45.4635 a b 0.0781769 7 0
0 0 19.2951 0 45.4935 a b 0.0690261 7 0
0 0 19.2991 0 45.5238 a b 0.0631903 7 0
0 0 19.3043 0 45.5466 a b 0.0622272 7 0
0 0 19.3067 0 45.5724 a b 0.0704669 7 0
0 0 19.3054 0 45.6048 a b 0.0721414 7 0
0 0 19.3055 0 45.6393 a b 0.0643676 7 0
0 0 19.3058 0 45.6564 a b 0.0556639 7 0
0 0 19.3078 0 45.6755 a b 0.0592318 7 0
0 0 19.3079 0 45.7106 a b 0.0613459 7 0
0 0 19.3109 0 45.7434 a b 0.0530512 7 0
0 0 19.3112 0 45.7644 a b 0.0512061 7 0
0 0 19.3118 0 45.7928 a b 0.0509702 7 0
0 0 19.3104 0 45.826 a b 0.0478176 7 0
0 0 19.3105 0 45.8535 a b 0.0430929 7 0
0 0 19.3114 0 45.8844 a b 0.0406857 7 0
0 0 19.3106 0 45.9162 a b 0.0388394 7 0
0 0 19.3098 0 45.9523 a b 0.032504 7 0
0 0 19.3116 0 45.9787 a b 0.0283032 7 0
0 0 19.3133 0 46.0085 a b 0.0261289 7 0
0 0 19.3127 0 46.0412 a b 0.0239845 7 0
0 0 19.3123 0 46.0691 a b 0.0217661 7 0
0 0 19.3112 0 46.1019 a b 0.0201778 7 0
0 0 19.3129 0 46.1288 a b 0.0186352 7 0
0 0 19.3103 0 46.1586 a b 0.0169472 7 0
0 0 19.3125 0 46.1894 a b 0.0152452 7 0
0 0 19.3109 0 46.2191 a b 0.0182832 7 0
0 0 19.3084 0 46.2575 a b 0.020655 7 0
0 0 19.311 0 46.2913 a b 0.0195534 7 0
0 0 19.3112 0 46.3223 a b 0.0208384 7 0
0 0 19.3091 0 46.3418 a b 0.0257928 7 0
0 0 19.3072 0 46.3632 a b 0.0274753 7 0
0 0 19.3065 0 46.3839 a b 0.0255625 7 0
0 0 19.3077 0 46.403 a b 0.022783 7 0
0 0 19.3098 0 46.4193 a b 0.0231596 7 0
0 0 19.3119 0 46.4406 a b 0.0236117 7 0
0 0 19.315 0 46.465 a b 0.025229 7 0
0 0 19.3155 0 46.4889 a b 0.0289964 7 0
0 0 19.3143 0 46.516 a b 0.0276375 7 0
0 0 19.3126 0 46.5446 a b 0.0259848 7 0
0 0 19.3161 0 46.5775 a b 0.0256604 7 0
0 0 19.3169 0 46.6131 a b 0.027822 7 0
0 0 19.3165 0 46.6472 a b 0.0303715 7 0
0 0 19.3118 0 46.6818 a b 0.0302686 7 0
0 0 19.312 0 46.7176 a b 0.0285506 7 0
0 0 19.3136 0 46.7542 a b 0.0323042 7 0
0 0 19.3096 0 46.7914 a b 0.0307647 7 0
0 0 19.3148 0 46.8222 a b 0.0310694 7 0
0 0 19.3153 0 46.8463 a b 0.0372381 7 0
0 0 19.3122 0 46.8701 a b 0.0389792 7 0
0 0 19.3077 0 46.888 a b 0.036998 7 0
0 0 19.3081 0 46.9111 a b 0.0276433 7 0
0 0 19.3196 0 46.9392 a b 0.0276407 7 0
0 0 19.3227 0 46.9623 a b 0.0374648 7 0
0 0 19.3186 0 46.9853 a b 0.0430329 7 0
0 0 19.3151 0 47.0105 a b 0.0346937 7 0
0 0 19.3172 0 47.0446 a b 0.02508 7 0
0 0 19.3222 0 47.0794 a b 0.0311396 7 0
0 0 19.3238 0 47.1102 a b 0.0442513 7 0
0 0 19.3217 0 47.1363 a b 0.0421307 7 0
0 0 19.3189 0 47.1738 a b 0.0341526 7 0
0 0 19.3203 0 47.2098 a b 0.0402089 7 0
0 0 19.3175 0 47.2405 a b 0.0440588 7 0
0 0 19.3176 0 47.2698 a b 0.0386642 7 0
0 0 19.3207 0 47.3069 a b 0.0376165 7 0
0 0 19.3228 0 47.3402 a b 0.0439161 7 0
0 0 19.3206 0 47.3654 a b 0.0453384 7 0
0 0 19.3183 0 47.3985 a b 0.0394394 7 0
0 0 19.3185 0 47.4341 a b 0.0365419 7 0
0 0 19.3232 0 47.4649 a b 0.0423842 7 0
0 0 19.3241 0 47.4925 a b 0.0417131 7 0
0 0 19.3257 0 47.5149 a b 0.0351818 7 0
0 0 19.3263 0 47.5515 a b 0.0316481 7 0
0 0 19.3259 0 47.5835 a b 0.0385383 7 0
0 0 19.326 0 47.6052 a b 0.0406198 7 0
0 0 19.3263 0 47.6227 a b 0.0370041 7 0
0 0 19.327 0 47.6485 a b 0.032095 7 0
0 0 19.3284 0 47.6697 a b 0.0340078 7 0
0 0 19.3256 0 47.6948 a b 0.0335396 7 0
0 0 19.3258 0 47.7158 a b 0.0325897 7 0
0 0 19.325 0 47.7418 a b 0.0264385 7 0
0 0 19.3279 0 47.7715 a b 0.0288875 7 0
0 0 19.3288 0 47.798 a b 0.0336611 7 0
0 0 19.3276 0 47.824 a b 0.0339418 7 0
0 0 19.3249 0 47.8581 a b 0.031009 7 0
0 0 19.3244 0 47.8964 a b 0.0321448 7 0
0 0 19.3247 0 47.9359 a b 0.0374854 7 0
0 0 19.3253 0 47.9726 a b 0.038322 7 0
0 0 19.3226 0 48.0103 a b 0.0346603 7 0
0 0 19.319 0 48.0488 a b 0.0381517 7 0
0 0 19.3182 0 48.0868 a b 0.044247 7 0
0 0 19.3169 0 48.1154 a b 0.0437966 7 0
0 0 19.3198 0 48.1389 a b 0.0398995 7 0
0 0 19.3175 0 48.1611 a b 0.0338077 7 0
0 0 19.3168 0 48.1863 a b 0.0325626 7 0
0 0 19.3215 0 48.2042 a b 0.0311475 7 0
0 0 19.3226 0 48.2186 a b 0.0332876 7 0
0 0 19.3241 0 48.2363 a b 0.0377293 7 0
0 0 19.3241 0 48.2513 a b 0.0380917 7 0
0 0 19.3244 0 48.2731 a b 0.0355216 7 0
0 0 19.3221 0 48.3013 a b 0.0314761 7 0
0 0 19.3205 0 48.3344 a b 0.0347295 7 0
0 0 19.3216 0 48.3683 a b 0.0421557 7 0
0 0 19.3276 0 48.4021 a b 0.0467175 7 0
0 0 19.3298 0 48.4381 a b 0.0462295 7 0
0 0 19.3263 0 48.4762 a b 0.0469481 7 0
0 0 19.3255 0 48.5146 a b 0.0536807 7 0
0 0 19.3306 0 48.5487 a b 0.0592129 7 0
0 0 19.3297 0 48.5839 a b 0.0643503 7 0
0 0 19.3298 0 48.6132 a b 0.0671904 7 0
0 0 19.3321 0 48.6414 a b 0.0675961 7 0
0 0 19.3301 0 48.6662 a b 0.0643465 7 0
0 0 19.3291 0 48.6892 a b 0.0646448 7 0
0 0 19.3294 0 48.7075 a b 0.0700327 7 0
0 0 19.3336 0 48.7341 a b 0.0788172 7 0
0 0 19.339 0 48.7605 a b 0.0792206 7 0
0 0 19.3379 0 48.7858 a b 0.0774972 7 0
0 0 19.3357 0 48.8084 a b 0.0736684 7 0
0 0 19.3393 0 48.8304 a b 0.0777794 7 0
0 0 19.3437 0 48.8582 a b 0.0837285 7 0
0 0 19.3476 0 48.8969 a b 0.0859753 7 0
0 0 19.3526 0 48.9303 a b 0.0807702 7 0
0 0 19.3549 0 48.9595 a b 0.0767061 7 0
0 0 19.3531 0 48.9879 a b 0.0817057 7 0
0 0 19.3543 0 49.0244 a b 0.0887187 7 0
0 0 19.3584 0 49.0653 a b 0.0877474 7 0
0 0 19.3606 0 49.0983 a b 0.0850719 7 0
0 0 19.3628 0 49.1278 a b 0.0830027 7 0
0 0 19.3628 0 49.1538 a b 0.0866676 7 0
0 0 19.3629 0 49.1841 a b 0.0910492 7 0
0 0 19.3656 0 49.2233 a b 0.0878807 7 0
0 0 19.3692 0 49.247 a b 0.0834501 7 0
0 0 19.3717 0 49.2754 a b 0.0798433 7 0
0 0 19.3741 0 49.2965 a b 0.081163 7 0
0 0 19.3778 0 49.3194 a b 0.0882777 7 0
0 0 19.3756 0 49.3535 a b 0.0914308 7 0
0 0 19.3779 0 49.3769 a b 0.086224 7 0
0 0 19.3755 0 49.3966 a b 0.0853474 7 0
0 0 19.3758 0 49.4192 a b 0.0853973 7 0
0 0 19.375 0 49.4458 a b 0.0838147 7 0
0 0 19.3785 0 49.4713 a b 0.0809569 7 0
0 0 19.3777 0 49.4984 a b 0.0790077 7 0
0 0 19.3822 0 49.5254 a b 0.0781822 7 0
0 0 19.3827 0 49.5566 a b 0.0798912 7 0
0 0 19.3817 0 49.5931 a b 0.0799581 7 0
0 0 19.3799 0 49.6357 a b 0.0699698 7 0
0 0 19.3879 0 49.6645 a b 0.0660059 7 0
0 0 19.3887 0 49.6965 a b 0.0690503 7 0
0 0 19.3851 0 49.7332 a b 0.067771 7 0
0 0 19.3847 0 49.7671 a b 0.0636583 7 0
0 0 19.3935 0 49.7974 a b 0.0596272 7 0
0 0 19.3882 0 49.8262 a b 0.0577574 7 0
0 0 19.3941 0 49.8552 a b 0.051778 7 0
0 0 19.3979 0 49.8789 a b 0.0521326 7 0
0 0 19.399 0 49.9005 a b 0.0536937 7 0
0 0 19.3888 0 49.9251 a b 0.0496105 7 0
0 0 19.3925 0 49.9517 a b 0.0432246 7 0
0 0 19.3922 0 49.9746 a b 0.0426958 7 0
0 0 19.3958 0 50.0068 a b 0.0382115 7 0
0 0 19.3977 0 50.0314 a b 0.0375969 7 0
0 0 19.4016 0 50.0618 a b 0.0360589 7 0
0 0 19.401 0 50.093 a b 0.0372535 7 0
0 0 19.3992 0 50.125 a b 0.0354939 7 0
0 0 19.3946 0 50.1638 a b 0.031547 7 0
0 0 19.3941 0 50.1992 a b 0.0291407 7 0
0 0 19.3989 0 50.2302 a b 0.0305133 7 0
0 0 19.3962 0 50.2648 a b 0.0306153 7 0
0 0 19.3897 0 50.2947 a b 0.0245483 7 0
0 0 19.3912 0 50.3241 a b 0.0133622 7 0
0 0 19.3996 0 50.3527 a b 0.00692681 7 0
0 0 19.4069 0 50.378 a b 0.0135847 7 0
0 0 19.3992 0 50.3922 a b 0.0197963 7 0
0 0 19.3929 0 50.4156 a b 0.0100243 7 0
0 0 19.3965 0 50.4433 a b 0.00489715 7 0
0 0 19.3983 0 50.4668 a b 0.00379565 7 0
0 0 19.3953 0 50.4892 a b 2.52786e-06 7 0
0 0 19.3969 0 50.5196 a b -0.00406969 7 0
0 0 19.3994 0 50.5506 a b -0.000949375 7 0
0 0 19.3993 0 50.5803 a b 0.00544741 7 0
0 0 19.3989 0 50.6072 a b 0.0119888 7 0
0 0 19.3965 0 50.637 a b 0.0142479 7 0
0 0 19.3978 0 50.6683 a b 0.0143477 7 0
0 0 19.402 0 50.7026 a b 0.021388 7 0
0 0 19.4021 0 50.7328 a b 0.0290727 7 0
0 0 19.3986 0 50.757 a b 0.0306764 7 0
0 0 19.3979 0 50.7885 a b 0.0323499 7 0
0 0 19.3971 0 50.8109 a b 0.0333451 7 0
0 0 19.3974 0 50.839 a b 0.0364057 7 0
0 0 19.3984 0 50.865 a b 0.0399484 7 0
0 0 19.4014 0 50.8939 a b 0.0433801 7 0
0 0 19.4043 0 50.923 a b 0.0424466 7 0
0 0 19.408 0 50.9561 a b 0.045519 7 0
0 0 19.4062 0 50.9862 a b 0.0495189 7 0
0 0 19.4064 0 51.0124 a b 0.0521713 7 0
0 0 19.4069 0 51.0441 a b 0.0518979 7 0
0 0 19.4093 0 51.0794 a b 0.0542682 7 0
0 0 19.4124 0 51.1064 a b 0.0592965 7 0
0 0 19.4126 0 51.1297 a b 0.0575193 7 0
0 0 19.4126 0 51.1553 a b 0.0597097 7 0
0 0 19.4136 0 51.1809 a b 0.0634571 7 0
0 0 19.4136 0 51.2016 a b 0.0645558 7 0
0 0 19.4168 0 51.2255 a b 0.063162 7 0
0 0 19.4174 0 51.2566 a b 0.0572788 7 0
0 0 19.4159 0 51.2954 a b 0.0618965 7 0
0 0 19.4189 0 51.3245 a b 0.0698889 7 0
0 0 19.4209 0 51.3529 a b 0.0716265 7 0
0 0 19.42 0 51.3894 a b 0.0732506 7 0
0 0 19.4212 0 51.4264 a b 0.0715441 7 0
0 0 19.4229 0 51.464 a b 0.0680417 7 0
0 0 19.4188 0 51.4986 a b 0.0679129 7 0
0 0 19.421 0 51.5275 a b 0.0718187 7 0
0 0 19.4272 0 51.5562 a b 0.0752193 7 0
0 0 19.4368 0 51.5811 a b 0.071426 7 0
0 0 19.4378 0 51.6071 a b 0.064533 7 0
0 0 19.4254 0 51.6276 a b 0.0670074 7 0
0 0 19.4262 0 51.6511 a b 0.0794204 7 0
0 0 19.447 0 51.6697 a b 0.070332 7 0
0 0 19.4466 0 51.6871 a b 0.0533936 7 0
0 0 19.4346 0 51.709 a b 0.0504769 7 0
0 0 19.4362 0 51.7342 a b 0.052072 7 0
0 0 19.4473 0 51.7627 a b 0.0414554 7 0
0 0 19.4443 0 51.7921 a b 0.0306223 7 0
0 0 19.4367 0 51.827 a b 0.0298992 7 0
0 0 19.4396 0 51.8706 a b 0.0325153 7 0
0 0 19.4452 0 51.9079 a b 0.0194707 7 0
0 0 19.436 0 51.9421 a b 0.00472977 7 0
0 0 19.4257 0 51.981 a b 0.00579891 7 0
0 0 19.4304 0 52.0177 a b 0.00525063 7 0
0 0 19.4369 0 52.0481 a b -0.00118988 7 0
0 0 19.4322 0 52.0725 a b -0.00565023 7 0
0 0 19.4329 0 52.0988 a b -0.0103829 7 0
0 0 19.425 0 52.1137 a b -0.0166442 7 0
0 0 19.4207 0 52.1288 a b -0.0160299 7 0
0 0 19.4238 0 52.1531 a b -0.0161152 7 0
0 0 19.4262 0 52.1759 a b -0.0188867 7 0
0 0 19.4294 0 52.1962 a b -0.0232692 7 0
0 0 19.4311 0 52.2157 a b -0.0237396 7 0
0 0 19.4311 0 52.2423 a b -0.0216514 7 0
0 0 19.428 0 52.2824 a b -0.0234704 7 0
0 0 19.4263 0 52.315 a b -0.0268097 7 0
0 0 19.4191 0 52.3516 a b -0.0252007 7 0
0 0 19.4201 0 52.3914 a b -0.027679 7 0
0 0 19.4203 0 52.4243 a b -0.0292541 7 0
0 0 19.4171 0 52.4641 a b -0.0297763 7 0
0 0 19.4142 0 52.4999 a b -0.0317981 7 0
0 0 19.4127 0 52.5312 a b -0.0323961 7 0
0 0 19.4124 0 52.5673 a b -0.0304519 7 0
0 0 19.4119 0 52.5958 a b -0.0314661 7 0
0 0 19.4103 0 52.6244 a b -0.0326166 7 0
0 0 19.4089 0 52.6479 a b -0.033793 7 0
0 0 19.4056 0 52.6767 a b -0.0388666 7 0
0 0 19.4082 0 52.6939 a b -0.0481881 7 0
0 0 19.4082 0 52.7067 a b -0.0488193 7 0
0 0 19.4056 0 52.7254 a b -0.045392 7 0
0 0 19.4028 0 52.754 a b -0.0435027 7 0
0 0 19.4029 0 52.7816 a b -0.0482095 7 0
0 0 19.4006 0 52.8075 a b -0.051013 7 0
0 0 19.3976 0 52.8338 a b -0.0540715 7 0
0 0 19.3937 0 52.8678 a b -0.0554379 7 0
0 0 19.3928 0 52.9005 a b -0.0571052 7 0
0 0 19.3887 0 52.9395 a b -0.0602607 7 0
0 0 19.3861 0 52.9734 a b -0.0632153 7 0
0 0 19.3842 0 53.0057 a b -0.062546 7 0
0 0 19.3778 0 53.0462 a b -0.0666386 7 0
0 0 19.3799 0 53.0763 a b -0.0706139 7 0
0 0 19.386 0 53.106 a b -0.0700724 7 0
0 0 19.3837 0 53.1358 a b -0.0626175 7 0
0 0 19.3728 0 53.1671 a b -0.0592348 7 0
0 0 19.3644 0 53.1973 a b -0.0686276 7 0
0 0 19.3694 0 53.224 a b -0.0735319 7 0
0 0 19.3744 0 53.2475 a b -0.0654939 7 0
0 0 19.3597 0 53.2714 a b -0.0577631 7 0
0 0 19.3465 0 53.3031 a b -0.0704597 7 0
0 0 19.3585 0 53.3253 a b -0.0769243 7 0
0 0 19.3608 0 53.343 a b -0.0661868 7 0
0 0 19.3494 0 53.3677 a b -0.0656579 7 0
0 0 19.3498 0 53.3988 a b -0.0762373 7 0
0 0 19.3569 0 53.423 a b -0.0756808 7 0
0 0 19.3543 0 53.453 a b -0.0686277 7 0
0 0 19.3411 0 53.4806 a b -0.0671824 7 0
0 0 19.3328 0 53.5108 a b -0.0767703 7 0
0 0 19.3361 0 53.5437 a b -0.0796623 7 0
0 0 19.3408 0 53.5722 a b -0.0744052 7 0
0 0 19.3372 0 53.6061 a b -0.0719465 7 0
0 0 19.3306 0 53.6373 a b -0.0742317 7 0
0 0 19.3214 0 53.6739 a b -0.0806587 7 0
0 0 19.3165 0 53.7176 a b -0.0855106 7 0
0 0 19.3135 0 53.7559 a b -0.0796134 7 0
0 0 19.3057 0 53.7808 a b -0.0767165 7 0
0 0 19.2999 0 53.8128 a b -0.0857548 7 0
0 0 19.3054 0 53.844 a b -0.0923699 7 0
0 0 19.3072 0 53.8688 a b -0.0970305 7 0
0 0 19.3144 0 53.8931 a b -0.0961523 7 0
0 0 19.3126 0 53.9117 a b -0.0883687 7 0
0 0 19.3092 0 53.937 a b -0.0838331 7 0
0 0 19.3056 0 53.9558 a b -0.0817899 7 0
0 0 19.2993 0 53.9801 a b -0.0891979 7 0
0 0 19.2911 0 54.0118 a b -0.098311 7 0
0 0 19.2883 0 54.0548 a b -0.0948202 7 0
0 0 19.2876 0 54.0794 a b -0.0858547 7 0
0 0 19.2863 0 54.097 a b -0.0870949 7 0
0 0 19.2831 0 54.1254 a b -0.0940602 7 0
0 0 19.2776 0 54.1654 a b -0.0939661 7 0
0 0 19.2708 0 54.2004 a b -0.0865185 7 0
0 0 19.266 0 54.2181 a b -0.087433 7 0
0 0 19.2624 0 54.2472 a b -0.0911412 7 0
0 0 19.2612 0 54.2826 a b -0.0924102 7 0
0 0 19.2609 0 54.3076 a b -0.0878211 7 0
0 0 19.2592 0 54.3319 a b -0.0893929 7 0
0 0 19.259 0 54.3598 a b -0.0892943 7 0
0 0 19.2577 0 54.3898 a b -0.0841004 7 0
0 0 19.2539 0 54.4124 a b -0.0741747 7 0
0 0 19.2513 0 54.4365 a b -0.0678569 7 0
0 0 19.2512 0 54.4573 a b -0.068954 7 0
0 0 19.2443 0 54.491 a b -0.0686767 7 0
0 0 19.2351 0 54.5273 a b -0.0597597 7 0
0 0 19.2367 0 54.5555 a b -0.0505262 7 0
0 0 19.2334 0 54.5781 a b -0.0521833 7 0
0 0 19.2344 0 54.61 a b -0.0454214 7 0
0 0 19.236 0 54.6372 a b -0.0388541 7 0
0 0 19.2426 0 54.6622 a b -0.0378686 7 0
0 0 19.2355 0 54.6835 a b -0.0380664 7 0
0 0 19.2381 0 54.7081 a b -0.0271073 7 0
0 0 19.2416 0 54.7295 a b -0.0204885 7 0
0 0 19.2407 0 54.7564 a b -0.0178508 7 0
0 0 19.2291 0 54.7833 a b -0.00891666 7 0
0 0 19.2309 0 54.8135 a b -0.0031588 7 0
0 0 19.2293 0 54.8421 a b -0.000184222 7 0
0 0 19.2313 0 54.8757 a b 0.00494033 7 0
0 0 19.2338 0 54.9095 a b 0.00622594 7 0
0 0 19.2311 0 54.9433 a b 0.00761853 7 0
0 0 19.2262 0 54.9814 a b 0.00995879 7 0
0 0 19.2265 0 55.0175 a b 0.0160384 7 0
0 0 19.2255 0 55.0675 a b 0.0207431 7 0
0 0 19.2275 0 55.1037 a b 0.0231765 7 0
0 0 19.2332 0 55.1316 a b 0.0186791 7 0
0 0 19.2304 0 55.1604 a b 0.01367 7 0
0 0 19.2302 0 55.1785 a b 0.0178258 7 0
0 0 19.2327 0 55.1943 a b 0.0264429 7 0
0 0 19.2422 0 55.2159 a b 0.0217059 7 0
0 0 19.2312 0 55.2434 a b 0.0184292 7 0
0 0 19.2308 0 55.2679 a b 0.0239621 7 0
0 0 19.2327 0 55.297 a b 0.0194662 7 0
0 0 19.2322 0 55.3205 a b 0.0113521 7 0
0 0 19.2293 0 55.3476 a b 0.012863 7 0
0 0 19.2315 0 55.3834 a b 0.0151943 7 0
0 0 19.2362 0 55.4222 a b 0.0128435 7 0
0 0 19.2352 0 55.4568 a b 0.00980871 7 0
0 0 19.2317 0 55.4871 a b 0.0117368 7 0
0 0 19.2313 0 55.531 a b 0.0126049 7 0
0 0 19.229 0 55.5727 a b 0.010891 7 0
0 0 19.2313 0 55.6067 a b 0.00864365 7 0
0 0 19.2376 0 55.6397 a b 0.00651594 7 0
0 0 19.2361 0 55.667 a b 0.00657523 7 0
0 0 19.238 0 55.6911 a b 0.00719311 7 0
0 0 19.2362 0 55.7202 a b 0.0072769 7 0
0 0 19.2327 0 55.7407 a b 0.00389761 7 0
0 0 19.2312 0 55.762 a b 0.00204753 7 0
0 0 19.2297 0 55.7882 a b -0.00166533 7 0
0 0 19.2283 0 55.8076 a b -0.00258796 7 0
0 0 19.2283 0 55.8351 a b -0.00369527 7 0
0 0 19.2271 0 55.8591 a b -0.00594707 7 0
0 0 19.2264 0 55.8885 a b -0.00760847 7 0
0 0 19.2236 0 55.9153 a b -0.00637922 7 0
0 0 19.2201 0 55.9475 a b -0.00515511 7 0
0 0 19.2197 0 55.9825 a b -0.00564063 7 0
0 0 19.2185 0 56.0141 a b -0.00670674 7 0
0 0 19.2187 0 56.0463 a b -0.00224237 7 0
0 0 19.2172 0 56.0821 a b 0.00316594 7 0
0 0 19.2162 0 56.1157 a b 0.00249765 7 0
0 0 19.2179 0 56.1484 a b -0.00546468 7 0
0 0 19.225 0 56.1647 a b -0.000303795 7 0
0 0 19.2245 0 56.1833 a b 0.0179987 7 0
0 0 19.219 0 56.207 a b 0.0214631 7 0
0 0 19.2179 0 56.2253 a b 0.0052385 7 0
0 0 19.2169 0 56.2427 a b 0.00993698 7 0
0 0 19.2203 0 56.2678 a b 0.00321866 7 0
0 0 19.2224 0 56.2939 a b 0.00230383 7 0
0 0 19.2137 0 56.3302 a b 0.00832726 7 0
0 0 19.209 0 56.3736 a b 0.00545906 7 0
0 0 19.2085 0 56.4166 a b 0.00334949 7 0
0 0 19.2085 0 56.4578 a b 0.00743053 7 0
0 0 19.2094 0 56.5001 a b 0.0160163 7 0
0 0 19.21 0 56.5409 a b 0.0206551 7 0
0 0 19.2051 0 56.5832 a b 0.0128708 7 0
0 0 19.2104 0 56.622 a b -0.00510591 7 0
0 0 19.2225 0 56.6529 a b 0.000217326 7 0
0 0 19.2203 0 56.6738 a b 0.028644 7 0
0 0 19.2064 0 56.6997 a b 0.0124507 7 0
0 0 19.2043 0 56.7254 a b -0.00569693 7 0
0 0 19.2086 0 56.7431 a b -0.00356404 7 0
0 0 19.212 0 56.7568 a b 0.00946483 7 0
0 0 19.2084 0 56.7679 a b 0.0134576 7 0
0 0 19.2097 0 56.7896 a b 0.00180149 7 0
0 0 19.2147 0 56.8216 a b -0.00545665 7 0
0 0 19.2098 0 56.8552 a b 0.00136132 7 0
0 0 19.203 0 56.8894 a b 0.00141361 7 0
0 0 19.2068 0 56.9261 a b -0.00932849 7 0
0 0 19.22 0 56.9657 a b -0.00989307 7 0
0 0 19.2227 0 57.0047 a b -0.00228555 7 0
0 0 19.2193 0 57.0434 a b 0.00165525 7 0
0 0 19.2195 0 57.0832 a b -0.00169699 7 0
0 0 19.2168 0 57.1242 a b -0.00801939 7 0
0 0 19.2176 0 57.1572 a b -0.0151047 7 0
0 0 19.2205 0 57.1884 a b -0.0137916 7 0
0 0 19.2219 0 57.2141 a b -0.00379639 7 0
0 0 19.2207 0 57.2399 a b -0.000319224 7 0
0 0 19.2176 0 57.2689 a b -0.00453107 7 0
0 0 19.2158 0 57.3003 a b -0.00465274 7 0
0 0 19.2135 0 57.3299 a b -0.000234715 7 0
0 0 19.2108 0 57.3502 a b -0.000478275 7 0
0 0 19.2134 0 57.3799 a b -0.00554868 7 0
0 0 19.2155 0 57.4132 a b -0.00425611 7 0
0 0 19.2171 0 57.4415 a b -0.00125837 7 0
0 0 19.2146 0 57.469 a b -0.00401018 7 0
0 0 19.2131 0 57.5054 a b -0.00341999 7 0
0 0 19.2089 0 57.5419 a b -0.00175919 7 0
0 0 19.2078 0 57.5747 a b -0.00234518 7 0
0 0 19.2132 0 57.6072 a b -0.00548468 7 0
0 0 19.2164 0 57.6447 a b -0.0076225 7 0
0 0 19.2177 0 57.6708 a b -0.00115154 7 0
0 0 19.2136 0 57.6905 a b -0.00157062 7 0
0 0 19.2131 0 57.7184 a b -0.00857261 7 0
0 0 19.2151 0 57.7509 a b -0.00564298 7 0
0 0 19.2129 0 57.7682 a b -0.00300452 7 0
0 0 19.2107 0 57.7971 a b -0.00793977 7 0
0 0 19.2104 0 57.828 a b -0.00811659 7 0
0 0 19.2113 0 57.8531 a b -0.0046441 7 0
0 0 19.2059 0 57.8738 a b -0.00941094 7 0
0 0 19.2042 0 57.9004 a b -0.00835622 7 0
0 0 19.203 0 57.9263 a b -0.00778908 7 0
0 0 19.2019 0 57.956 a b -0.00648954 7 0
0 0 19.1972 0 57.9906 a b -0.00702054 7 0
0 0 19.192 0 58.0254 a b -0.00658576 7 0
0 0 19.1894 0 58.0569 a b -0.00393005 7 0
0 0 19.1907 0 58.0919 a b 0.00158137 7 0
0 0 19.193 0 58.1222 a b 0.00838405 7 0
0 0 19.1925 0 58.1526 a b 0.016014 7 0
0 0 19.1967 0 58.184 a b 0.0206729 7 0
0 0 19.2 0 58.2085 a b 0.025004 7 0
0 0 19.1989 0 58.2295 a b 0.0301317 7 0
0 0 19.1985 0 58.2528 a b 0.0429409 7 0
0 0 19.2013 0 58.2789 a b 0.0521596 7 0
0 0 19.2056 0 58.3006 a b 0.0595512 7 0
0 0 19.2083 0 58.3249 a b 0.0638968 7 0
0 0 19.2093 0 58.3512 a b 0.0715629 7 0
0 0 19.2086 0 58.3702 a b 0.0762508 7 0
0 0 19.2121 0 58.3945 a b 0.0785037 7 0
0 0 19.2127 0 58.4211 a b 0.0779367 7 0
0 0 19.2118 0 58.4495 a b 0.0822745 7 0
0 0 19.2131 0 58.485 a b 0.0869172 7 0
0 0 19.2166 0 58.5192 a b 0.0867326 7 0
0 0 19.2192 0 58.5477 a b 0.0866793 7 0
0 0 19.2204 0 58.5819 a b 0.0940647 7 0
0 0 19.2272 0 58.6158 a b 0.0948871 7 0
0 0 19.2286 0 58.6507 a b 0.092302 7 0
0 0 19.2325 0 58.6764 a b 0.0915998 7 0
0 0 19.2352 0 58.7037 a b 0.0973458 7 0
0 0 19.2429 0 58.7393 a b 0.101521 7 0
0 0 19.2467 0 58.7724 a b 0.0956344 7 0
0 0 19.2437 0 58.7947 a b 0.0942034 7 0
0 0 19.24 0 58.8188 a b 0.103406 7 0
0 0 19.2462 0 58.8602 a b 0.105329 7 0
0 0 19.2522 0 58.8893 a b 0.0964014 7 0
0 0 19.2543 0 58.9102 a b 0.093797 7 0
0 0 19.2552 0 58.928 a b 0.101806 7 0
0 0 19.259 0 58.9626 a b 0.106631 7 0
0 0 19.2579 0 58.994 a b 0.100266 7 0
0 0 19.2619 0 59.0201 a b 0.092817 7 0
0 0 19.2671 0 59.0397 a b 0.0902102 7 0
0 0 19.2689 0 59.0627 a b 0.10088 7 0
0 0 19.2712 0 59.0931 a b 0.108208 7 0
0 0 19.2764 0 59.1279 a b 0.0996842 7 0
0 0 19.2764 0 59.1572 a b 0.0900635 7 0
0 0 19.2809 0 59.1789 a b 0.0894155 7 0
0 0 19.284 0 59.2094 a b 0.0981218 7 0
0 0 19.2836 0 59.2465 a b 0.105713 7 0
0 0 19.2889 0 59.2856 a b 0.0981473 7 0
0 0 19.3019 0 59.3199 a b 0.0936632 7 0
0 0 19.3049 0 59.3489 a b 0.0959241 7 0
0 0 19.3077 0 59.3872 a b 0.0997248 7 0
0 0 19.3099 0 59.4248 a b 0.101139 7 0
0 0 19.3112 0 59.4627 a b 0.101898 7 0
0 0 19.3143 0 59.4958 a b 0.10098 7 0
0 0 19.3161 0 59.5256 a b 0.100436 7 0
0 0 19.3233 0 59.5599 a b 0.100065 7 0
0 0 19.328 0 59.5906 a b 0.102558 7 0
0 0 19.3296 0 59.6167 a b 0.102707 7 0
0 0 19.3266 0 59.6477 a b 0.102412 7 0
0 0 19.3286 0 59.6726 a b 0.102435 7 0
0 0 19.3289 0 59.7032 a b 0.104601 7 0
0 0 19.3305 0 59.7292 a b 0.104953 7 0
0 0 19.3348 0 59.7602 a b 0.0994376 7 0
0 0 19.3394 0 59.7864 a b 0.0929816 7 0
0 0 19.346 0 59.8136 a b 0.0971018 7 0
0 0 19.3453 0 59.8389 a b 0.102857 7 0
0 0 19.3408 0 59.8736 a b 0.098707 7 0
0 0 19.3427 0 59.9052 a b 0.0903105 7 0
0 0 19.3475 0 59.9311 a b 0.0858826 7 0
0 0 19.3461 0 59.9564 a b 0.0863836 7 0
0 0 19.3444 0 59.9841 a b 0.0816817 7 0
0 0 19.3465 0 60.0141 a b 0.0686745 7 0
0 0 19.3556 0 60.0414 a b 0.0611642 7 0
0 0 19.3628 0 60.0731 a b 0.0616682 7 0
0 0 19.3658 0 60.0981 a b 0.0674834 7 0
0 0 19.3551 0 60.1302 a b 0.0651052 7 0
0 0 19.3516 0 60.1642 a b 0.0551251 7 0
0 0 19.3551 0 60.2015 a b 0.0419721 7 0
0 0 19.3601 0 60.2374 a b 0.036803 7 0
0 0 19.3623 0 60.2809 a b 0.0324965 7 0
0 0 19.3644 0 60.3217 a b 0.0271223 7 0
0 0 19.3591 0 60.3518 a b 0.0197854 7 0
0 0 19.3638 0 60.3844 a b 0.0105097 7 0
0 0 19.3708 0 60.4191 a b 0.00686352 7 0
0 0 19.3744 0 60.4406 a b 0.00833639 7 0
0 0 19.3714 0 60.4655 a b 0.00657144 7 0
0 0 19.3667 0 60.4876 a b 0.0032963 7 0
0 0 19.3619 0 60.5198 a b -0.00206951 7 0
0 0 19.3606 0 60.5327 a b 0.00170976 7 0
0 0 19.3668 0 60.5585 a b -0.00494391 7 0
0 0 19.3677 0 60.5744 a b -0.00445529 7 0
0 0 19.3669 0 60.5913 a b -0.010188 7 0
0 0 19.3659 0 60.6189 a b -0.0135423 7 0
0 0 19.3647 0 60.6504 a b -0.0140796 7 0
0 0 19.3666 0 60.6798 a b -0.0141456 7 0
0 0 19.361 0 60.7067 a b -0.0176917 7 0
0 0 19.3582 0 60.7393 a b -0.0201867 7 0
0 0 19.3569 0 60.7771 a b -0.0209203 7 0
0 0 19.3572 0 60.8104 a b -0.0198901 7 0
0 0 19.3593 0 60.842 a b -0.0251244 7 0
0 0 19.3605 0 60.8774 a b -0.0261104 7 0
0 0 19.3595 0 60.907 a b -0.0263738 7 0
0 0 19.3579 0 60.9321 a b -0.0277267 7 0
0 0 19.3529 0 60.9624 a b -0.028306 7 0
0 0 19.3557 0 60.9942 a b -0.0280815 7 0
0 0 19.3546 0 61.0209 a b -0.0295274 7 0
0 0 19.3558 0 61.0339 a b -0.0292632 7 0
0 0 19.3561 0 61.0582 a b -0.031806 7 0
0 0 19.3562 0 61.0876 a b -0.0321992 7 0
0 0 19.3512 0 61.1136 a b -0.0317962 7 0
0 0 19.347 0 61.136 a b -0.0300267 7 0
0 0 19.3461 0 61.1655 a b -0.0306641 7 0
0 0 19.3477 0 61.1931 a b -0.0353059 7 0
0 0 19.344 0 61.222 a b -0.0422008 7 0
0 0 19.3403 0 61.2568 a b -0.0440813 7 0
0 0 19.3386 0 61.2893 a b -0.0386423 7 0
0 0 19.3387 0 61.3187 a b -0.0327511 7 0
0 0 19.3425 0 61.3501 a b -0.0327515 7 0
0 0 19.3414 0 61.3771 a b -0.0407605 7 0
0 0 19.3379 0 61.4071 a b -0.048658 7 0
0 0 19.3285 0 61.4365 a b -0.0498172 7 0
0 0 19.3233 0 61.4665 a b -0.044969 7 0
0 0 19.3228 0 61.4956 a b -0.0372987 7 0
0 0 19.3283 0 61.5298 a b -0.0331214 7 0
0 0 19.3374 0 61.5627 a b -0.0427188 7 0
0 0 19.3339 0 61.5838 a b -0.0525492 7 0
0 0 19.3266 0 61.6028 a b -0.0574995 7 0
0 0 19.3245 0 61.5866 a b -0.0521893 7 0
0 0 19.3325 0 61.5967 a b -0.0482972 7 0
0 0 19.3267 0 61.5967 a b -0.0676088 7 0
0 0 19.327 0 61.6039 a b -0.0986205 7 0
