0 0 13.6855 0 61.6355 a b 1.60074 7 0
0 0 13.6989 0 61.6357 a b 1.61164 7 0
0 0 13.7099 0 61.6328 a b 1.62021 7 0
0 0 13.7232 0 61.6308 a b 1.62193 7 0
0 0 13.7381 0 61.6298 a b 1.61768 7 0
0 0 13.7618 0 61.6328 a b 1.61009 7 0
0 0 13.7998 0 61.6374 a b 1.60572 7 0
0 0 13.8403 0 61.6351 a b 1.60579 7 0
0 0 13.8811 0 61.6339 a b 1.61002 7 0
0 0 13.9146 0 61.6328 a b 1.615 7 0
0 0 13.9477 0 61.6311 a b 1.61801 7 0
0 0 13.9851 0 61.6287 a b 1.6184 7 0
0 0 14.0258 0 61.628 a b 1.61524 7 0
0 0 14.0664 0 61.6277 a b 1.61173 7 0
0 0 14.1024 0 61.6286 a b 1.61211 7 0
0 0 14.1372 0 61.6264 a b 1.61399 7 0
0 0 14.167 0 61.6257 a b 1.61428 7 0
0 0 14.1944 0 61.6244 a b 1.61062 7 0
0 0 14.226 0 61.6265 a b 1.60578 7 0
0 0 14.2473 0 61.6285 a b 1.61014 7 0
0 0 14.2651 0 61.63 a b 1.61748 7 0
0 0 14.2869 0 61.6275 a b 1.6182 7 0
0 0 14.3037 0 61.6276 a b 1.6075 7 0
0 0 14.3379 0 61.6307 a b 1.60377 7 0
0 0 14.381 0 61.6304 a b 1.61221 7 0
0 0 14.4197 0 61.6271 a b 1.61901 7 0
0 0 14.4569 0 61.629 a b 1.62209 7 0
0 0 14.4948 0 61.6281 a b 1.62076 7 0
0 0 14.5349 0 61.6282 a b 1.6162 7 0
0 0 14.5766 0 61.623 a b 1.61283 7 0
0 0 14.6155 0 61.6205 a b 1.61338 7 0
0 0 14.6471 0 61.6199 a b 1.61509 7 0
0 0 14.6802 0 61.6187 a b 1.61916 7 0
0 0 14.7064 0 61.6192 a b 1.61952 7 0
0 0 14.7312 0 61.6187 a b 1.61365 7 0
0 0 14.7552 0 61.6142 a b 1.60641 7 0
0 0 14.7725 0 61.607 a b 1.60902 7 0
0 0 14.7926 0 61.6082 a b 1.61953 7 0
0 0 14.8125 0 61.6228 a b 1.62538 7 0
0 0 14.8212 0 61.6325 a b 1.6168 7 0
0 0 14.8416 0 61.627 a b 1.60738 7 0
0 0 14.876 0 61.6223 a b 1.60823 7 0
0 0 14.9122 0 61.6189 a b 1.60946 7 0
0 0 14.9468 0 61.6197 a b 1.60789 7 0
0 0 14.9844 0 61.6203 a b 1.60423 7 0
0 0 15.0252 0 61.6179 a b 1.59864 7 0
0 0 15.0597 0 61.6173 a b 1.59242 7 0
0 0 15.0929 0 61.612 a b 1.58898 7 0
0 0 15.1239 0 61.6106 a b 1.59097 7 0
0 0 15.1547 0 61.6115 a b 1.59425 7 0
0 0 15.1852 0 61.6184 a b 1.59023 7 0
0 0 15.208 0 61.6191 a b 1.58347 7 0
0 0 15.2269 0 61.6154 a b 1.58229 7 0
0 0 15.2504 0 61.6151 a b 1.58935 7 0
0 0 15.276 0 61.6163 a b 1.5961 7 0
0 0 15.3024 0 61.6162 a b 1.59489 7 0
0 0 15.3198 0 61.6237 a b 1.58363 7 0
0 0 15.3499 0 61.6215 a b 1.57736 7 0
0 0 15.3888 0 61.6222 a b 1.57975 7 0
0 0 15.4211 0 61.6221 a b 1.57893 7 0
0 0 15.4528 0 61.6252 a b 1.57796 7 0
0 0 15.4868 0 61.6238 a b 1.57557 7 0
0 0 15.5159 0 61.6216 a b 1.57322 7 0
0 0 15.5462 0 61.6218 a b 1.56907 7 0
0 0 15.5795 0 61.6233 a b 1.56349 7 0
0 0 15.6047 0 61.6226 a b 1.55939 7 0
0 0 15.6274 0 61.6216 a b 1.55939 7 0
0 0 15.653 0 61.6192 a b 1.56296 7 0
0 0 15.6818 0 61.6239 a b 1.56575 7 0
0 0 15.7085 0 61.6261 a b 1.56267 7 0
0 0 15.7341 0 61.6285 a b 1.56036 7 0
0 0 15.7542 0 61.6275 a b 1.56008 7 0
0 0 15.7753 0 61.6266 a b 1.56642 7 0
0 0 15.7992 0 61.6257 a b 1.57228 7 0
0 0 15.8295 0 61.6291 a b 1.57234 7 0
0 0 15.8637 0 61.6317 a b 1.56887 7 0
0 0 15.8965 0 61.636 a b 1.5663 7 0
0 0 15.9296 0 61.6329 a b 1.565 7 0
0 0 15.9614 0 61.6327 a b 1.56369 7 0
0 0 15.9908 0 61.6331 a b 1.56326 7 0
0 0 16.0199 0 61.6323 a b 1.56629 7 0
0 0 16.049 0 61.633 a b 1.56841 7 0
0 0 16.0764 0 61.6367 a b 1.56889 7 0
0 0 16.1034 0 61.6379 a b 1.57152 7 0
0 0 16.129 0 61.6384 a b 1.57485 7 0
0 0 16.1531 0 61.6347 a b 1.57711 7 0
0 0 16.1829 0 61.633 a b 1.57639 7 0
0 0 16.2121 0 61.6301 a b 1.57497 7 0
0 0 16.2378 0 61.628 a b 1.57538 7 0
0 0 16.2662 0 61.6321 a b 1.58013 7 0
0 0 16.299 0 61.6342 a b 1.58304 7 0
0 0 16.3365 0 61.6381 a b 1.57635 7 0
0 0 16.3668 0 61.6428 a b 1.57476 7 0
0 0 16.3982 0 61.6429 a b 1.57617 7 0
0 0 16.4281 0 61.6415 a b 1.57353 7 0
0 0 16.4606 0 61.641 a b 1.57325 7 0
0 0 16.4879 0 61.6436 a b 1.57491 7 0
0 0 16.5099 0 61.6453 a b 1.57869 7 0
0 0 16.5312 0 61.6379 a b 1.5805 7 0
0 0 16.5571 0 61.6364 a b 1.57646 7 0
0 0 16.5873 0 61.6425 a b 1.57365 7 0
0 0 16.6129 0 61.6431 a b 1.57976 7 0
0 0 16.6405 0 61.6365 a b 1.58244 7 0
0 0 16.669 0 61.6365 a b 1.58106 7 0
0 0 16.7011 0 61.6363 a b 1.58155 7 0
0 0 16.7296 0 61.6345 a b 1.58355 7 0
0 0 16.7577 0 61.6387 a b 1.58556 7 0
0 0 16.794 0 61.6436 a b 1.58518 7 0
0 0 16.8296 0 61.6407 a b 1.58568 7 0
0 0 16.8596 0 61.6437 a b 1.58852 7 0
0 0 16.8841 0 61.6406 a b 1.58954 7 0
0 0 16.91 0 61.642 a b 1.58662 7 0
0 0 16.9354 0 61.6454 a b 1.58502 7 0
0 0 16.9626 0 61.644 a b 1.58575 7 0
0 0 16.991 0 61.6451 a b 1.58611 7 0
0 0 17.0168 0 61.6489 a b 1.58556 7 0
0 0 17.0438 0 61.6481 a b 1.585 7 0
0 0 17.0769 0 61.6421 a b 1.58769 7 0
0 0 17.1165 0 61.6413 a b 1.59169 7 0
0 0 17.152 0 61.6449 a b 1.59152 7 0
0 0 17.1921 0 61.644 a b 1.59047 7 0
0 0 17.2283 0 61.6431 a b 1.59051 7 0
0 0 17.2611 0 61.644 a b 1.59092 7 0
0 0 17.2923 0 61.6464 a b 1.5915 7 0
0 0 17.3194 0 61.6487 a b 1.59368 7 0
0 0 17.3467 0 61.6546 a b 1.59379 7 0
0 0 17.3699 0 61.6543 a b 1.59542 7 0
0 0 17.3883 0 61.6518 a b 1.59473 7 0
0 0 17.4081 0 61.65 a b 1.5909 7 0
0 0 17.4333 0 61.6463 a b 1.58811 7 0
0 0 17.4561 0 61.6449 a b 1.5888 7 0
0 0 17.4801 0 61.6467 a b 1.59216 7 0
0 0 17.5058 0 61.6438 a b 1.59898 7 0
0 0 17.5286 0 61.6444 a b 1.60374 7 0
0 0 17.5591 0 61.6403 a b 1.60299 7 0
0 0 17.5894 0 61.6358 a b 1.59816 7 0
0 0 17.633 0 61.6343 a b 1.5925 7 0
0 0 17.6777 0 61.6358 a b 1.59199 7 0
0 0 17.7171 0 61.6359 a b 1.59463 7 0
0 0 17.7555 0 61.64 a b 1.59815 7 0
0 0 17.7891 0 61.642 a b 1.59689 7 0
0 0 17.8223 0 61.6424 a b 1.58971 7 0
0 0 17.8497 0 61.642 a b 1.58499 7 0
0 0 17.8745 0 61.6339 a b 1.58146 7 0
0 0 17.8959 0 61.6325 a b 1.58207 7 0
0 0 17.9175 0 61.6359 a b 1.58575 7 0
0 0 17.9343 0 61.6381 a b 1.58857 7 0
0 0 17.9509 0 61.6382 a b 1.58933 7 0
0 0 17.9709 0 61.638 a b 1.5881 7 0
0 0 17.992 0 61.6396 a b 1.58294 7 0
0 0 18.0177 0 61.6362 a b 1.57559 7 0
0 0 18.0484 0 61.6381 a b 1.56844 7 0
0 0 18.0896 0 61.6377 a b 1.56355 7 0
0 0 18.1292 0 61.6413 a b 1.5572 7 0
0 0 18.1684 0 61.6404 a b 1.55206 7 0
0 0 18.2048 0 61.6425 a b 1.54462 7 0
0 0 18.2375 0 61.6429 a b 1.53626 7 0
0 0 18.2698 0 61.6405 a b 1.52817 7 0
0 0 18.3029 0 61.64 a b 1.5272 7 0
0 0 18.3343 0 61.6411 a b 1.52974 7 0
0 0 18.3609 0 61.6444 a b 1.53278 7 0
0 0 18.3896 0 61.6469 a b 1.53345 7 0
0 0 18.4137 0 61.6447 a b 1.53555 7 0
0 0 18.4343 0 61.6467 a b 1.53982 7 0
0 0 18.4559 0 61.6476 a b 1.54373 7 0
0 0 18.4757 0 61.6467 a b 1.54538 7 0
0 0 18.4971 0 61.6447 a b 1.54642 7 0
0 0 18.5294 0 61.6508 a b 1.54921 7 0
0 0 18.5673 0 61.6543 a b 1.55213 7 0
0 0 18.6051 0 61.6593 a b 1.55002 7 0
0 0 18.6417 0 61.6644 a b 1.55241 7 0
0 0 18.6773 0 61.668 a b 1.55604 7 0
0 0 18.7077 0 61.6739 a b 1.55759 7 0
0 0 18.7336 0 61.6725 a b 1.55998 7 0
0 0 18.7622 0 61.6717 a b 1.56326 7 0
0 0 18.7877 0 61.6663 a b 1.56671 7 0
0 0 18.8052 0 61.6693 a b 1.56697 7 0
0 0 18.8178 0 61.6664 a b 1.5698 7 0
0 0 18.8328 0 61.6668 a b 1.57433 7 0
0 0 18.8476 0 61.6654 a b 1.57767 7 0
0 0 18.8672 0 61.6617 a b 1.57912 7 0
0 0 18.8888 0 61.6629 a b 1.58109 7 0
0 0 18.9148 0 61.6699 a b 1.58496 7 0
0 0 18.9472 0 61.6732 a b 1.58553 7 0
0 0 18.9749 0 61.6787 a b 1.58786 7 0
0 0 19.0096 0 61.6765 a b 1.59298 7 0
0 0 19.0523 0 61.6759 a b 1.59845 7 0
0 0 19.1058 0 61.6777 a b 1.59673 7 0
0 0 19.1508 0 61.6753 a b 1.59525 7 0
0 0 19.1987 0 61.6704 a b 1.60552 7 0
0 0 19.2444 0 61.6728 a b 1.61089 7 0
0 0 19.2876 0 61.6759 a b 1.61648 7 0
0 0 19.3248 0 61.6759 a b 1.62075 7 0
