0 0 19.3248 0 61.6759 a b -1.52084 7 0
0 0 19.2876 0 61.6759 a b -1.52511 7 0
0 0 19.2444 0 61.6728 a b -1.5307 7 0
0 0 19.1987 0 61.6704 a b -1.53608 7 0
0 0 19.1508 0 61.6753 a b -1.54634 7 0
0 0 19.1058 0 61.6777 a b -1.54486 7 0
0 0 19.0523 0 61.6759 a b -1.54314 7 0
0 0 19.0096 0 61.6765 a b -1.54862 7 0
0 0 18.9749 0 61.6787 a b -1.55373 7 0
0 0 18.9472 0 61.6732 a b -1.55606 7 0
0 0 18.9148 0 61.6699 a b -1.55663 7 0
0 0 18.8888 0 61.6629 a b -1.5605 7 0
0 0 18.8672 0 61.6617 a b -1.56247 7 0
0 0 18.8476 0 61.6654 a b -1.56393 7 0
0 0 18.8328 0 61.6668 a b -1.56726 7 0
0 0 18.8178 0 61.6664 a b -1.57179 7 0
0 0 18.8052 0 61.6693 a b -1.57462 7 0
0 0 18.7877 0 61.6663 a b -1.57488 7 0
0 0 18.7622 0 61.6717 a b -1.57833 7 0
0 0 18.7336 0 61.6725 a b -1.58161 7 0
0 0 18.7077 0 61.6739 a b -1.584 7 0
0 0 18.6773 0 61.668 a b -1.58555 7 0
0 0 18.6417 0 61.6644 a b -1.58919 7 0
0 0 18.6051 0 61.6593 a b -1.59157 7 0
0 0 18.5673 0 61.6543 a b -1.58947 7 0
0 0 18.5294 0 61.6508 a b -1.59238 7 0
0 0 18.4971 0 61.6447 a b -1.59517 7 0
0 0 18.4757 0 61.6467 a b -1.59621 7 0
0 0 18.4559 0 61.6476 a b -1.59786 7 0
0 0 18.4343 0 61.6467 a b -1.60177 7 0
0 0 18.4137 0 61.6447 a b -1.60604 7 0
0 0 18.3896 0 61.6469 a b -1.60814 7 0
0 0 18.3609 0 61.6444 a b -1.60882 7 0
0 0 18.3343 0 61.6411 a b -1.61185 7 0
0 0 18.3029 0 61.64 a b -1.6144 7 0
0 0 18.2698 0 61.6405 a b -1.61343 7 0
0 0 18.2375 0 61.6429 a b -1.60533 7 0
0 0 18.2048 0 61.6425 a b -1.59698 7 0
0 0 18.1684 0 61.6404 a b -1.58953 7 0
0 0 18.1292 0 61.6413 a b -1.58439 7 0
0 0 18.0896 0 61.6377 a b -1.57804 7 0
0 0 18.0484 0 61.6381 a b -1.57316 7 0
0 0 18.0177 0 61.6362 a b -1.56601 7 0
0 0 17.992 0 61.6396 a b -1.55865 7 0
0 0 17.9709 0 61.638 a b -1.5535 7 0
0 0 17.9509 0 61.6382 a b -1.55226 7 0
0 0 17.9343 0 61.6381 a b -1.55302 7 0
0 0 17.9175 0 61.6359 a b -1.55584 7 0
0 0 17.8959 0 61.6325 a b -1.55952 7 0
0 0 17.8745 0 61.6339 a b -1.56013 7 0
0 0 17.8497 0 61.642 a b -1.5566 7 0
0 0 17.8223 0 61.6424 a b -1.55188 7 0
0 0 17.7891 0 61.642 a b -1.54471 7 0
0 0 17.7555 0 61.64 a b -1.54344 7 0
0 0 17.7171 0 61.6359 a b -1.54697 7 0
0 0 17.6777 0 61.6358 a b -1.5496 7 0
0 0 17.633 0 61.6343 a b -1.5491 7 0
0 0 17.5894 0 61.6358 a b -1.54344 7 0
0 0 17.5591 0 61.6403 a b -1.53861 7 0
0 0 17.5286 0 61.6444 a b -1.53785 7 0
0 0 17.5058 0 61.6438 a b -1.54261 7 0
0 0 17.4801 0 61.6467 a b -1.54943 7 0
0 0 17.4561 0 61.6449 a b -1.55279 7 0
0 0 17.4333 0 61.6463 a b -1.55348 7 0
0 0 17.4081 0 61.65 a b -1.55069 7 0
0 0 17.3883 0 61.6518 a b -1.54686 7 0
0 0 17.3699 0 61.6543 a b -1.54617 7 0
0 0 17.3467 0 61.6546 a b -1.5478 7 0
0 0 17.3194 0 61.6487 a b -1.54791 7 0
0 0 17.2923 0 61.6464 a b -1.55009 7 0
0 0 17.2611 0 61.644 a b -1.55067 7 0
0 0 17.2283 0 61.6431 a b -1.55109 7 0
0 0 17.1921 0 61.644 a b -1.55112 7 0
0 0 17.152 0 61.6449 a b -1.55007 7 0
0 0 17.1165 0 61.6413 a b -1.5499 7 0
0 0 17.0769 0 61.6421 a b -1.5539 7 0
0 0 17.0438 0 61.6481 a b -1.5566 7 0
0 0 17.0168 0 61.6489 a b -1.55604 7 0
0 0 16.991 0 61.6451 a b -1.55548 7 0
0 0 16.9626 0 61.644 a b -1.55584 7 0
0 0 16.9354 0 61.6454 a b -1.55658 7 0
0 0 16.91 0 61.642 a b -1.55497 7 0
0 0 16.8841 0 61.6406 a b -1.55205 7 0
0 0 16.8596 0 61.6437 a b -1.55307 7 0
0 0 16.8296 0 61.6407 a b -1.55592 7 0
0 0 16.794 0 61.6436 a b -1.55642 7 0
0 0 16.7577 0 61.6387 a b -1.55603 7 0
0 0 16.7296 0 61.6345 a b -1.55804 7 0
0 0 16.7011 0 61.6363 a b -1.56005 7 0
0 0 16.669 0 61.6365 a b -1.56053 7 0
0 0 16.6405 0 61.6365 a b -1.55915 7 0
0 0 16.6129 0 61.6431 a b -1.56183 7 0
0 0 16.5873 0 61.6425 a b -1.56794 7 0
0 0 16.5571 0 61.6364 a b -1.56513 7 0
0 0 16.5312 0 61.6379 a b -1.56109 7 0
0 0 16.5099 0 61.6453 a b -1.56291 7 0
0 0 16.4879 0 61.6436 a b -1.56668 7 0
0 0 16.4606 0 61.641 a b -1.56834 7 0
0 0 16.4281 0 61.6415 a b -1.56807 7 0
0 0 16.3982 0 61.6429 a b -1.56542 7 0
0 0 16.3668 0 61.6428 a b -1.56683 7 0
0 0 16.3365 0 61.6381 a b -1.56524 7 0
0 0 16.299 0 61.6342 a b -1.55855 7 0
0 0 16.2662 0 61.6321 a b -1.56146 7 0
0 0 16.2378 0 61.628 a b -1.56621 7 0
0 0 16.2121 0 61.6301 a b -1.56662 7 0
0 0 16.1829 0 61.633 a b -1.56521 7 0
0 0 16.1531 0 61.6347 a b -1.56448 7 0
0 0 16.129 0 61.6384 a b -1.56675 7 0
0 0 16.1034 0 61.6379 a b -1.57007 7 0
0 0 16.0764 0 61.6367 a b -1.5727 7 0
0 0 16.049 0 61.633 a b -1.57318 7 0
0 0 16.0199 0 61.6323 a b -1.5753 7 0
0 0 15.9908 0 61.6331 a b -1.57833 7 0
0 0 15.9614 0 61.6327 a b -1.5779 7 0
0 0 15.9296 0 61.6329 a b -1.57659 7 0
0 0 15.8965 0 61.636 a b -1.5753 7 0
0 0 15.8637 0 61.6317 a b -1.57272 7 0
0 0 15.8295 0 61.6291 a b -1.56925 7 0
0 0 15.7992 0 61.6257 a b -1.56931 7 0
0 0 15.7753 0 61.6266 a b -1.57517 7 0
0 0 15.7542 0 61.6275 a b -1.58152 7 0
0 0 15.7341 0 61.6285 a b -1.58123 7 0
0 0 15.7085 0 61.6261 a b -1.57893 7 0
0 0 15.6818 0 61.6239 a b -1.57585 7 0
0 0 15.653 0 61.6192 a b -1.57863 7 0
0 0 15.6274 0 61.6216 a b -1.58221 7 0
0 0 15.6047 0 61.6226 a b -1.58221 7 0
0 0 15.5795 0 61.6233 a b -1.5781 7 0
0 0 15.5462 0 61.6218 a b -1.57252 7 0
0 0 15.5159 0 61.6216 a b -1.56837 7 0
0 0 15.4868 0 61.6238 a b -1.56602 7 0
0 0 15.4528 0 61.6252 a b -1.56363 7 0
0 0 15.4211 0 61.6221 a b -1.56266 7 0
0 0 15.3888 0 61.6222 a b -1.56184 7 0
0 0 15.3499 0 61.6215 a b -1.56423 7 0
0 0 15.3198 0 61.6237 a b -1.55796 7 0
0 0 15.3024 0 61.6162 a b -1.5467 7 0
0 0 15.276 0 61.6163 a b -1.54549 7 0
0 0 15.2504 0 61.6151 a b -1.55224 7 0
0 0 15.2269 0 61.6154 a b -1.55931 7 0
0 0 15.208 0 61.6191 a b -1.55812 7 0
0 0 15.1852 0 61.6184 a b -1.55136 7 0
0 0 15.1547 0 61.6115 a b -1.54735 7 0
0 0 15.1239 0 61.6106 a b -1.55063 7 0
0 0 15.0929 0 61.612 a b -1.55261 7 0
0 0 15.0597 0 61.6173 a b -1.54917 7 0
0 0 15.0252 0 61.6179 a b -1.54295 7 0
0 0 14.9844 0 61.6203 a b -1.53736 7 0
0 0 14.9468 0 61.6197 a b -1.5337 7 0
0 0 14.9122 0 61.6189 a b -1.53213 7 0
0 0 14.876 0 61.6223 a b -1.53337 7 0
0 0 14.8416 0 61.627 a b -1.53421 7 0
0 0 14.8212 0 61.6325 a b -1.52479 7 0
0 0 14.8125 0 61.6228 a b -1.51621 7 0
0 0 14.7926 0 61.6082 a b -1.52206 7 0
0 0 14.7725 0 61.607 a b -1.53257 7 0
0 0 14.7552 0 61.6142 a b -1.53519 7 0
0 0 14.7312 0 61.6187 a b -1.52794 7 0
0 0 14.7064 0 61.6192 a b -1.52208 7 0
0 0 14.6802 0 61.6187 a b -1.52243 7 0
0 0 14.6471 0 61.6199 a b -1.52651 7 0
0 0 14.6155 0 61.6205 a b -1.52821 7 0
0 0 14.5766 0 61.623 a b -1.52876 7 0
0 0 14.5349 0 61.6282 a b -1.52539 7 0
0 0 14.4948 0 61.6281 a b -1.52083 7 0
0 0 14.4569 0 61.629 a b -1.5195 7 0
0 0 14.4197 0 61.6271 a b -1.52259 7 0
0 0 14.381 0 61.6304 a b -1.52938 7 0
0 0 14.3379 0 61.6307 a b -1.53782 7 0
0 0 14.3037 0 61.6276 a b -1.53409 7 0
0 0 14.2869 0 61.6275 a b -1.5234 7 0
0 0 14.2651 0 61.63 a b -1.52411 7 0
0 0 14.2473 0 61.6285 a b -1.53145 7 0
0 0 14.226 0 61.6265 a b -1.53581 7 0
0 0 14.1944 0 61.6244 a b -1.53097 7 0
0 0 14.167 0 61.6257 a b -1.52731 7 0
0 0 14.1372 0 61.6264 a b -1.5276 7 0
0 0 14.1024 0 61.6286 a b -1.52949 7 0
0 0 14.0664 0 61.6277 a b -1.52986 7 0
0 0 14.0258 0 61.628 a b -1.52635 7 0
0 0 13.9851 0 61.6287 a b -1.52319 7 0
0 0 13.9477 0 61.6311 a b -1.52358 7 0
0 0 13.9146 0 61.6328 a b -1.52659 7 0
0 0 13.8811 0 61.6339 a b -1.53157 7 0
0 0 13.8403 0 61.6351 a b -1.53581 7 0
0 0 13.7998 0 61.6374 a b -1.53587 7 0
0 0 13.7618 0 61.6328 a b -1.5315 7 0
0 0 13.7381 0 61.6298 a b -1.52391 7 0
0 0 13.7232 0 61.6308 a b -1.51966 7 0
0 0 13.7099 0 61.6328 a b -1.52138 7 0
0 0 13.6989 0 61.6357 a b -1.52995 7 0
0 0 13.6855 0 61.6355 a b -1.54086 7 0
