0 0 26.6309 0 27.264 a b 0.0158465 8 0
0 0 26.6325 0 27.2742 a b 0.0208453 8 0
0 0 26.6341 0 27.2876 a b 0.0233633 8 0
0 0 26.6396 0 27.2995 a b 0.0215979 8 0
0 0 26.6367 0 27.3222 a b 0.0234657 8 0
0 0 26.6355 0 27.3487 a b 0.0229541 8 0
0 0 26.6319 0 27.3871 a b 0.0220541 8 0
0 0 26.6331 0 27.4352 a b 0.0187978 8 0
0 0 26.629 0 27.4893 a b 0.0171925 8 0
0 0 26.6309 0 27.5384 a b 0.018946 8 0
0 0 26.6353 0 27.5808 a b 0.0240497 8 0
0 0 26.638 0 27.6026 a b 0.0287889 8 0
0 0 26.6286 0 27.6434 a b 0.0281524 8 0
0 0 26.6249 0 27.6935 a b 0.0278533 8 0
0 0 26.6253 0 27.742 a b 0.0235643 8 0
0 0 26.6238 0 27.7801 a b 0.0219271 8 0
0 0 26.6202 0 27.8088 a b 0.0227831 8 0
0 0 26.6224 0 27.8355 a b 0.0225056 8 0
0 0 26.6219 0 27.8625 a b 0.021747 8 0
0 0 26.6229 0 27.8866 a b 0.0222574 8 0
0 0 26.621 0 27.9139 a b 0.0205914 8 0
0 0 26.6131 0 27.9309 a b 0.0202452 8 0
0 0 26.6186 0 27.9602 a b 0.0185898 8 0
0 0 26.6177 0 27.9733 a b 0.0198052 8 0
0 0 26.6215 0 28.0003 a b 0.0154421 8 0
0 0 26.6211 0 28.0221 a b 0.0167865 8 0
0 0 26.6224 0 28.0434 a b 0.0153999 8 0
0 0 26.6222 0 28.065 a b 0.0138912 8 0
0 0 26.629 0 28.0919 a b 0.0184753 8 0
0 0 26.6334 0 28.1172 a b 0.0175918 8 0
0 0 26.6323 0 28.1574 a b 0.0139133 8 0
0 0 26.6251 0 28.208 a b 0.0115354 8 0
0 0 26.6212 0 28.2591 a b 0.0122998 8 0
0 0 26.6219 0 28.309 a b 0.0137775 8 0
0 0 26.644 0 28.3664 a b 0.0144723 8 0
0 0 26.6498 0 28.4232 a b 0.0141264 8 0
0 0 26.6429 0 28.4387 a b 0.0152956 8 0
0 0 26.6337 0 28.4545 a b 0.0085263 8 0
0 0 26.6273 0 28.4765 a b 0.00952609 8 0
0 0 26.6282 0 28.4986 a b 0.00626971 8 0
0 0 26.6302 0 28.5104 a b 0.0070553 8 0
0 0 26.6338 0 28.5244 a b 0.00409552 8 0
0 0 26.6234 0 28.5362 a b -0.000107146 8 0
0 0 26.6204 0 28.5464 a b -0.00539453 8 0
0 0 26.626 0 28.5826 a b -0.0055894 8 0
0 0 26.6191 0 28.6027 a b -0.00227039 8 0
0 0 26.5717 0 28.6254 a b -0.00764271 8 0
0 0 26.5209 0 28.6613 a b -0.0112817 8 0
0 0 26.5069 0 28.6798 a b -0.00907093 8 0
0 0 26.4737 0 28.6801 a b 0.00397445 8 0
0 0 26.4496 0 28.6662 a b 0.0188507 8 0
0 0 26.4472 0 28.7256 a b 0.030375 8 0
0 0 26.516 0 28.822 a b 0.0401241 8 0
0 0 26.6337 0 28.8592 a b 0.0726592 8 0
0 0 26.6736 0 28.8903 a b 0.0887173 8 0
0 0 26.6688 0 28.9021 a b 0.0850122 8 0
0 0 26.6349 0 28.8993 a b 0.0717109 8 0
0 0 26.576 0 28.8884 a b 0.063654 8 0
0 0 26.5122 0 28.9008 a b 0.0566844 8 0
0 0 26.5113 0 28.9345 a b 0.0570422 8 0
0 0 26.5499 0 28.969 a b 0.0674421 8 0
0 0 26.5814 0 28.9787 a b 0.0853938 8 0
0 0 26.5972 0 28.9973 a b 0.0909698 8 0
0 0 26.5959 0 29.0333 a b 0.0817963 8 0
0 0 26.6008 0 29.1073 a b 0.0703038 8 0
0 0 26.58 0 29.1565 a b 0.0747049 8 0
0 0 26.5684 0 29.192 a b 0.0837374 8 0
0 0 26.5877 0 29.2401 a b 0.0851589 8 0
0 0 26.651 0 29.3021 a b 0.1011 8 0
0 0 26.6678 0 29.3389 a b 0.0978469 8 0
0 0 26.6238 0 29.3637 a b 0.0929004 8 0
0 0 26.5882 0 29.3953 a b 0.0898447 8 0
0 0 26.5754 0 29.4229 a b 0.0953684 8 0
0 0 26.5761 0 29.4442 a b 0.0996887 8 0
0 0 26.5726 0 29.4772 a b 0.0956615 8 0
0 0 26.5659 0 29.5038 a b 0.0985481 8 0
0 0 26.5725 0 29.5321 a b 0.0975277 8 0
0 0 26.5742 0 29.553 a b 0.095804 8 0
0 0 26.5734 0 29.5832 a b 0.0978523 8 0
0 0 26.5663 0 29.6063 a b 0.096505 8 0
0 0 26.5694 0 29.6382 a b 0.0971216 8 0
0 0 26.5725 0 29.6647 a b 0.103132 8 0
0 0 26.5729 0 29.6936 a b 0.100679 8 0
0 0 26.5678 0 29.734 a b 0.1055 8 0
0 0 26.5395 0 29.7711 a b 0.108527 8 0
0 0 26.5198 0 29.8009 a b 0.104743 8 0
0 0 26.5242 0 29.8198 a b 0.0986421 8 0
0 0 26.5081 0 29.8113 a b 0.117075 8 0
0 0 26.5086 0 29.8079 a b 0.147795 8 0
0 0 26.5371 0 29.7754 a b 0.162032 8 0
0 0 26.5528 0 29.7498 a b 0.17794 8 0
0 0 26.5333 0 29.7904 a b 0.169012 8 0
0 0 26.5158 0 29.8594 a b 0.150972 8 0
0 0 26.5044 0 29.9294 a b 0.138455 8 0
0 0 26.5039 0 29.9817 a b 0.131072 8 0
0 0 26.5102 0 30.0212 a b 0.118385 8 0
0 0 26.5229 0 30.0319 a b 0.116955 8 0
0 0 26.5322 0 30.0597 a b 0.127761 8 0
0 0 26.5431 0 30.0764 a b 0.144921 8 0
0 0 26.5541 0 30.0878 a b 0.148036 8 0
0 0 26.5536 0 30.1274 a b 0.11324 8 0
0 0 26.5397 0 30.1642 a b 0.0878341 8 0
0 0 26.5307 0 30.1926 a b 0.0703879 8 0
0 0 26.538 0 30.222 a b 0.0691507 8 0
0 0 26.5595 0 30.2299 a b 0.0711955 8 0
0 0 26.5742 0 30.2489 a b 0.0675973 8 0
0 0 26.5786 0 30.2816 a b 0.0727133 8 0
0 0 26.5769 0 30.3161 a b 0.0732429 8 0
0 0 26.5697 0 30.3448 a b 0.0733888 8 0
0 0 26.5613 0 30.3723 a b 0.073194 8 0
0 0 26.5696 0 30.4056 a b 0.0675696 8 0
0 0 26.5716 0 30.4504 a b 0.065728 8 0
0 0 26.5615 0 30.488 a b 0.055465 8 0
0 0 26.5649 0 30.5253 a b 0.0467101 8 0
0 0 26.5663 0 30.5731 a b 0.046127 8 0
0 0 26.5596 0 30.6165 a b 0.049627 8 0
0 0 26.5635 0 30.6407 a b 0.0537588 8 0
0 0 26.5694 0 30.6583 a b 0.0450254 8 0
0 0 26.5711 0 30.6824 a b 0.0332545 8 0
0 0 26.5776 0 30.7179 a b 0.0361191 8 0
0 0 26.5803 0 30.7472 a b 0.0417999 8 0
0 0 26.5884 0 30.7773 a b 0.0371197 8 0
0 0 26.5914 0 30.7978 a b 0.034759 8 0
0 0 26.5831 0 30.8312 a b 0.04005 8 0
0 0 26.5752 0 30.8558 a b 0.0394009 8 0
0 0 26.5776 0 30.8775 a b 0.0299692 8 0
0 0 26.5814 0 30.9054 a b 0.0247743 8 0
0 0 26.5765 0 30.9518 a b 0.0327501 8 0
0 0 26.5721 0 30.9865 a b 0.03829 8 0
0 0 26.5703 0 31.0007 a b 0.0366096 8 0
0 0 26.577 0 31.032 a b 0.0240852 8 0
0 0 26.5784 0 31.0758 a b 0.0233392 8 0
0 0 26.5804 0 31.1108 a b 0.0308836 8 0
0 0 26.589 0 31.1312 a b 0.0341072 8 0
0 0 26.5924 0 31.1541 a b 0.0308773 8 0
0 0 26.5973 0 31.1838 a b 0.0263575 8 0
0 0 26.5896 0 31.2103 a b 0.024196 8 0
0 0 26.5992 0 31.2202 a b 0.0281299 8 0
0 0 26.6096 0 31.2431 a b 0.0270119 8 0
0 0 26.6216 0 31.281 a b 0.0289312 8 0
0 0 26.6225 0 31.3061 a b 0.0294561 8 0
0 0 26.6206 0 31.3338 a b 0.0298343 8 0
0 0 26.6064 0 31.3833 a b 0.0317299 8 0
0 0 26.5902 0 31.4186 a b 0.0285932 8 0
0 0 26.585 0 31.4506 a b 0.0247404 8 0
0 0 26.5862 0 31.4877 a b 0.0263355 8 0
0 0 26.6015 0 31.5184 a b 0.027016 8 0
0 0 26.6092 0 31.5335 a b 0.0287213 8 0
0 0 26.6103 0 31.5615 a b 0.0246853 8 0
0 0 26.6016 0 31.6035 a b 0.020629 8 0
0 0 26.5885 0 31.6282 a b 0.0288809 8 0
0 0 26.5753 0 31.6345 a b 0.0355557 8 0
0 0 26.5606 0 31.6577 a b 0.0295165 8 0
0 0 26.5447 0 31.6916 a b 0.0249134 8 0
0 0 26.5692 0 31.7411 a b 0.0186296 8 0
0 0 26.6183 0 31.7658 a b 0.0160082 8 0
0 0 26.643 0 31.7875 a b 0.0186947 8 0
0 0 26.6357 0 31.8249 a b 0.0202864 8 0
0 0 26.6109 0 31.8622 a b 0.019554 8 0
0 0 26.5958 0 31.9175 a b 0.0221042 8 0
0 0 26.5961 0 31.943 a b 0.026778 8 0
0 0 26.5893 0 31.9617 a b 0.0235623 8 0
0 0 26.599 0 31.9855 a b 0.0225233 8 0
0 0 26.606 0 32.0183 a b 0.0191409 8 0
0 0 26.6113 0 32.0376 a b 0.0181395 8 0
0 0 26.6195 0 32.0735 a b 0.0209015 8 0
0 0 26.6135 0 32.0932 a b 0.0240447 8 0
0 0 26.6069 0 32.123 a b 0.0258338 8 0
0 0 26.5814 0 32.1393 a b 0.0240577 8 0
0 0 26.5674 0 32.1674 a b 0.0205392 8 0
0 0 26.5782 0 32.1913 a b 0.0208542 8 0
0 0 26.6049 0 32.2462 a b 0.0148459 8 0
0 0 26.6252 0 32.2848 a b 0.0074695 8 0
0 0 26.638 0 32.3241 a b 0.00970825 8 0
0 0 26.6328 0 32.3523 a b 0.0156099 8 0
0 0 26.6207 0 32.3891 a b 0.0135373 8 0
0 0 26.6091 0 32.416 a b 0.0199529 8 0
0 0 26.5934 0 32.4528 a b 0.012675 8 0
0 0 26.5832 0 32.4863 a b 0.00848782 8 0
0 0 26.5856 0 32.5226 a b 0.00528285 8 0
0 0 26.5958 0 32.5463 a b 0.00623594 8 0
0 0 26.6072 0 32.5773 a b 0.00527356 8 0
0 0 26.603 0 32.6001 a b 8.91337e-05 8 0
0 0 26.61 0 32.6269 a b -0.00246414 8 0
0 0 26.6042 0 32.6506 a b -0.0127072 8 0
0 0 26.6076 0 32.6717 a b -0.0161472 8 0
0 0 26.6037 0 32.6951 a b -0.0145814 8 0
0 0 26.5976 0 32.7239 a b -0.0110597 8 0
0 0 26.5981 0 32.775 a b -0.0110367 8 0
0 0 26.6079 0 32.8081 a b -0.0176429 8 0
0 0 26.6092 0 32.8287 a b -0.026309 8 0
0 0 26.615 0 32.8523 a b -0.0237545 8 0
0 0 26.601 0 32.8989 a b -0.0178349 8 0
0 0 26.5813 0 32.9275 a b -0.0152294 8 0
0 0 26.5597 0 32.9489 a b -0.0150405 8 0
0 0 26.5368 0 32.9752 a b -0.0166168 8 0
0 0 26.5344 0 33.0011 a b -0.018491 8 0
0 0 26.537 0 33.0264 a b -0.0190383 8 0
0 0 26.5274 0 33.0711 a b -0.0198683 8 0
0 0 26.5521 0 33.1094 a b -0.0237172 8 0
0 0 26.5678 0 33.1391 a b -0.0268807 8 0
0 0 26.5719 0 33.1677 a b -0.0282927 8 0
0 0 26.5668 0 33.183 a b -0.0317013 8 0
0 0 26.5509 0 33.1942 a b -0.0278162 8 0
0 0 26.5549 0 33.2241 a b -0.0281738 8 0
0 0 26.5485 0 33.2579 a b -0.0289984 8 0
0 0 26.5381 0 33.2765 a b -0.0299946 8 0
0 0 26.5303 0 33.3058 a b -0.0297904 8 0
0 0 26.5157 0 33.3343 a b -0.033082 8 0
0 0 26.5201 0 33.3656 a b -0.038175 8 0
0 0 26.5271 0 33.3905 a b -0.0342954 8 0
0 0 26.5223 0 33.4383 a b -0.0327976 8 0
0 0 26.5317 0 33.4907 a b -0.0347256 8 0
0 0 26.5528 0 33.5241 a b -0.034364 8 0
0 0 26.5475 0 33.5487 a b -0.0295162 8 0
0 0 26.5468 0 33.5762 a b -0.0240385 8 0
0 0 26.545 0 33.6087 a b -0.0192713 8 0
0 0 26.5351 0 33.6453 a b -0.0166164 8 0
0 0 26.5353 0 33.6715 a b -0.00888184 8 0
0 0 26.5363 0 33.7034 a b -0.0036725 8 0
0 0 26.5529 0 33.7252 a b -0.00208939 8 0
0 0 26.5596 0 33.7496 a b 0.00092656 8 0
0 0 26.5686 0 33.7711 a b 0.00456067 8 0
0 0 26.5766 0 33.793 a b 0.0134756 8 0
0 0 26.564 0 33.8252 a b 0.0261647 8 0
0 0 26.5058 0 33.8375 a b 0.0317495 8 0
0 0 26.4813 0 33.8418 a b 0.0285972 8 0
0 0 26.4985 0 33.8634 a b 0.02978 8 0
0 0 26.4945 0 33.905 a b 0.0430708 8 0
0 0 26.4897 0 33.9309 a b 0.0447048 8 0
0 0 26.5209 0 33.9546 a b 0.046518 8 0
0 0 26.5162 0 33.9809 a b 0.0538621 8 0
0 0 26.5014 0 34.015 a b 0.0573013 8 0
0 0 26.4932 0 34.0514 a b 0.0611649 8 0
0 0 26.5026 0 34.0937 a b 0.0651035 8 0
0 0 26.5511 0 34.158 a b 0.0602246 8 0
0 0 26.5597 0 34.1873 a b 0.0575982 8 0
0 0 26.5581 0 34.2114 a b 0.0577218 8 0
0 0 26.5623 0 34.2362 a b 0.057619 8 0
0 0 26.5631 0 34.2756 a b 0.0601242 8 0
0 0 26.5578 0 34.3055 a b 0.0616098 8 0
0 0 26.5406 0 34.3262 a b 0.0695544 8 0
0 0 26.5305 0 34.355 a b 0.0717428 8 0
0 0 26.5352 0 34.3743 a b 0.0667215 8 0
0 0 26.561 0 34.4046 a b 0.0589788 8 0
0 0 26.5704 0 34.4223 a b 0.0626187 8 0
0 0 26.5763 0 34.4482 a b 0.0682959 8 0
0 0 26.5634 0 34.4754 a b 0.0745347 8 0
0 0 26.5362 0 34.5 a b 0.0784008 8 0
0 0 26.527 0 34.5336 a b 0.0736864 8 0
0 0 26.5143 0 34.5839 a b 0.0736106 8 0
0 0 26.5272 0 34.6075 a b 0.0814499 8 0
0 0 26.5539 0 34.6314 a b 0.0767458 8 0
0 0 26.5746 0 34.6701 a b 0.0685494 8 0
0 0 26.5857 0 34.7052 a b 0.0656601 8 0
0 0 26.5708 0 34.7388 a b 0.0691061 8 0
0 0 26.5641 0 34.7691 a b 0.0721756 8 0
0 0 26.5764 0 34.7992 a b 0.0754535 8 0
0 0 26.5576 0 34.8395 a b 0.0794116 8 0
0 0 26.5487 0 34.8628 a b 0.0807198 8 0
0 0 26.5471 0 34.8861 a b 0.0809158 8 0
0 0 26.5484 0 34.8962 a b 0.0794029 8 0
0 0 26.5532 0 34.9172 a b 0.0740175 8 0
0 0 26.5579 0 34.9298 a b 0.0723307 8 0
0 0 26.5561 0 34.9451 a b 0.0755567 8 0
0 0 26.553 0 34.9675 a b 0.0778001 8 0
0 0 26.5505 0 34.9927 a b 0.0770665 8 0
0 0 26.5536 0 35.0237 a b 0.0753368 8 0
0 0 26.5666 0 35.0582 a b 0.0721991 8 0
0 0 26.583 0 35.0921 a b 0.0685344 8 0
0 0 26.5837 0 35.1232 a b 0.0712217 8 0
0 0 26.5819 0 35.1539 a b 0.0701609 8 0
0 0 26.5784 0 35.1874 a b 0.0670757 8 0
0 0 26.5671 0 35.2151 a b 0.0707376 8 0
0 0 26.566 0 35.2437 a b 0.0771433 8 0
0 0 26.5714 0 35.2668 a b 0.0758213 8 0
0 0 26.5733 0 35.2933 a b 0.072158 8 0
0 0 26.5716 0 35.3309 a b 0.0712946 8 0
0 0 26.5738 0 35.3614 a b 0.0776937 8 0
0 0 26.5728 0 35.3888 a b 0.0774418 8 0
0 0 26.5771 0 35.4134 a b 0.068656 8 0
0 0 26.5862 0 35.4478 a b 0.0619631 8 0
0 0 26.5935 0 35.4745 a b 0.0713101 8 0
0 0 26.6095 0 35.4951 a b 0.0757551 8 0
0 0 26.6193 0 35.5269 a b 0.0676745 8 0
0 0 26.5988 0 35.5584 a b 0.066771 8 0
0 0 26.5916 0 35.5809 a b 0.0707386 8 0
0 0 26.592 0 35.6089 a b 0.0745112 8 0
0 0 26.6021 0 35.6333 a b 0.0730303 8 0
0 0 26.6138 0 35.6645 a b 0.0643292 8 0
0 0 26.6108 0 35.7019 a b 0.0669342 8 0
0 0 26.6123 0 35.7287 a b 0.0692466 8 0
0 0 26.6021 0 35.7567 a b 0.0687125 8 0
0 0 26.6085 0 35.7837 a b 0.0675846 8 0
0 0 26.6043 0 35.821 a b 0.0679007 8 0
0 0 26.6068 0 35.8486 a b 0.0679317 8 0
0 0 26.6184 0 35.8842 a b 0.0670177 8 0
0 0 26.6283 0 35.9157 a b 0.0607565 8 0
0 0 26.638 0 35.9495 a b 0.0593851 8 0
0 0 26.6534 0 35.9982 a b 0.0597379 8 0
0 0 26.6507 0 36.0272 a b 0.0575647 8 0
0 0 26.6622 0 36.0532 a b 0.0558294 8 0
0 0 26.6521 0 36.0846 a b 0.058991 8 0
0 0 26.645 0 36.1039 a b 0.060139 8 0
0 0 26.6422 0 36.1363 a b 0.0597156 8 0
0 0 26.6485 0 36.163 a b 0.0570788 8 0
0 0 26.6514 0 36.1981 a b 0.0565226 8 0
0 0 26.6502 0 36.2341 a b 0.0566797 8 0
0 0 26.6545 0 36.2684 a b 0.0527252 8 0
0 0 26.6564 0 36.2889 a b 0.0510739 8 0
0 0 26.6421 0 36.3125 a b 0.0556356 8 0
0 0 26.6521 0 36.3413 a b 0.0557729 8 0
0 0 26.6603 0 36.384 a b 0.048838 8 0
0 0 26.6477 0 36.4087 a b 0.0469744 8 0
0 0 26.6445 0 36.4405 a b 0.0547329 8 0
0 0 26.6486 0 36.4722 a b 0.0536152 8 0
0 0 26.655 0 36.5124 a b 0.0476954 8 0
0 0 26.6511 0 36.5404 a b 0.0481385 8 0
0 0 26.6407 0 36.5669 a b 0.0501093 8 0
0 0 26.6446 0 36.6004 a b 0.0468776 8 0
0 0 26.6495 0 36.627 a b 0.0435947 8 0
0 0 26.6476 0 36.6586 a b 0.0430697 8 0
0 0 26.6486 0 36.6845 a b 0.044104 8 0
0 0 26.6547 0 36.7156 a b 0.0416054 8 0
0 0 26.6427 0 36.7501 a b 0.0417045 8 0
0 0 26.6428 0 36.7775 a b 0.0395137 8 0
0 0 26.6434 0 36.806 a b 0.0398897 8 0
0 0 26.6527 0 36.8305 a b 0.0389535 8 0
0 0 26.6442 0 36.8557 a b 0.0372062 8 0
0 0 26.6503 0 36.8784 a b 0.0337761 8 0
0 0 26.6521 0 36.9037 a b 0.0328676 8 0
0 0 26.649 0 36.9252 a b 0.0357152 8 0
0 0 26.6538 0 36.9455 a b 0.030762 8 0
0 0 26.6518 0 36.9782 a b 0.0282793 8 0
0 0 26.6583 0 37.006 a b 0.0292326 8 0
0 0 26.6522 0 37.0295 a b 0.0281937 8 0
0 0 26.6578 0 37.0577 a b 0.0270657 8 0
0 0 26.6601 0 37.0906 a b 0.026427 8 0
0 0 26.6416 0 37.1193 a b 0.02505 8 0
0 0 26.6343 0 37.152 a b 0.0242396 8 0
0 0 26.6451 0 37.1832 a b 0.0229996 8 0
0 0 26.6453 0 37.2137 a b 0.024445 8 0
0 0 26.641 0 37.2505 a b 0.0214016 8 0
0 0 26.636 0 37.2845 a b 0.0167535 8 0
0 0 26.6301 0 37.3242 a b 0.0211697 8 0
0 0 26.6345 0 37.3454 a b 0.0211955 8 0
0 0 26.6398 0 37.3736 a b 0.0174729 8 0
0 0 26.6341 0 37.3945 a b 0.017733 8 0
0 0 26.6369 0 37.4148 a b 0.0141665 8 0
0 0 26.6386 0 37.4342 a b 0.00756956 8 0
0 0 26.6421 0 37.4635 a b 0.00560029 8 0
0 0 26.6438 0 37.4989 a b 0.0112484 8 0
0 0 26.6413 0 37.5241 a b 0.0137534 8 0
0 0 26.6396 0 37.5505 a b 0.0130482 8 0
0 0 26.6313 0 37.588 a b 0.010535 8 0
0 0 26.6323 0 37.619 a b 0.00862358 8 0
0 0 26.631 0 37.6442 a b 0.0100815 8 0
0 0 26.6288 0 37.6732 a b 0.0103422 8 0
0 0 26.6352 0 37.6983 a b 0.00456843 8 0
0 0 26.6355 0 37.7222 a b 0.002921 8 0
0 0 26.6305 0 37.7492 a b 0.00601039 8 0
0 0 26.6219 0 37.7865 a b 0.0104914 8 0
0 0 26.628 0 37.8172 a b 0.0113167 8 0
0 0 26.6222 0 37.8397 a b 0.00573133 8 0
0 0 26.6201 0 37.8704 a b 0.0017853 8 0
0 0 26.614 0 37.9025 a b 0.00402693 8 0
0 0 26.6163 0 37.9305 a b -6.44902e-05 8 0
0 0 26.6157 0 37.9663 a b 8.59223e-05 8 0
0 0 26.6091 0 37.9987 a b 0.00187677 8 0
0 0 26.6077 0 38.025 a b 0.00325181 8 0
0 0 26.6117 0 38.0457 a b 0.00255883 8 0
0 0 26.6118 0 38.0694 a b -0.0015253 8 0
0 0 26.6101 0 38.0991 a b -0.00305174 8 0
0 0 26.6052 0 38.1373 a b -0.0039279 8 0
0 0 26.5978 0 38.1696 a b -0.00432683 8 0
0 0 26.6 0 38.198 a b -0.00867568 8 0
0 0 26.6042 0 38.2224 a b -0.00979716 8 0
0 0 26.6018 0 38.2541 a b -0.00517049 8 0
0 0 26.5965 0 38.2837 a b -0.00196004 8 0
0 0 26.5923 0 38.314 a b -0.00448761 8 0
0 0 26.5954 0 38.3443 a b -0.00455707 8 0
0 0 26.6012 0 38.3758 a b -0.00198334 8 0
0 0 26.5984 0 38.4038 a b -0.000529935 8 0
0 0 26.5888 0 38.4289 a b -0.00137087 8 0
0 0 26.5831 0 38.4547 a b -0.00257221 8 0
0 0 26.5873 0 38.4823 a b -0.0016544 8 0
0 0 26.5904 0 38.5098 a b -0.000735325 8 0
0 0 26.5915 0 38.539 a b -0.00195466 8 0
0 0 26.5885 0 38.5668 a b -0.00310122 8 0
0 0 26.5898 0 38.5904 a b -0.00352827 8 0
0 0 26.5885 0 38.6242 a b -0.00448773 8 0
0 0 26.5939 0 38.6529 a b -0.00414837 8 0
0 0 26.5958 0 38.6787 a b -0.00240107 8 0
0 0 26.5944 0 38.7097 a b -0.00248167 8 0
0 0 26.5905 0 38.7416 a b -0.000554456 8 0
0 0 26.5892 0 38.7737 a b 0.000826082 8 0
0 0 26.5889 0 38.8048 a b 0.000100304 8 0
0 0 26.5847 0 38.8357 a b -0.00206371 8 0
0 0 26.586 0 38.8661 a b -0.00539645 8 0
0 0 26.5893 0 38.8921 a b -0.0059629 8 0
0 0 26.5928 0 38.9225 a b -0.00362974 8 0
0 0 26.5888 0 38.9481 a b 0.00294282 8 0
0 0 26.5827 0 38.9765 a b 0.00917177 8 0
0 0 26.577 0 38.9981 a b 0.00375612 8 0
0 0 26.5754 0 39.028 a b 0.0038225 8 0
0 0 26.5726 0 39.0537 a b 0.014268 8 0
0 0 26.5763 0 39.0678 a b 0.0232361 8 0
0 0 26.5781 0 39.0783 a b 0.0179632 8 0
0 0 26.573 0 39.0689 a b 0.00239416 8 0
0 0 26.5699 0 39.0534 a b 0.0153953 8 0
0 0 26.5763 0 39.0396 a b 0.0182474 8 0
0 0 26.5876 0 39.0317 a b 0.0202413 8 0
0 0 26.5779 0 39.0372 a b 0.0180628 8 0
0 0 26.583 0 39.0489 a b 0.01402 8 0
0 0 26.5878 0 39.0628 a b 0.00560104 8 0
0 0 26.5919 0 39.0652 a b -0.0123333 8 0
0 0 26.5898 0 39.1097 a b 0.000857602 8 0
0 0 26.6019 0 39.1587 a b -0.0031679 8 0
0 0 26.5985 0 39.2036 a b -0.00960814 8 0
0 0 26.5948 0 39.245 a b -0.00810061 8 0
0 0 26.5913 0 39.306 a b -0.00275479 8 0
0 0 26.5869 0 39.367 a b -0.000841703 8 0
0 0 26.5768 0 39.4201 a b 0.00591002 8 0
0 0 26.5683 0 39.4698 a b 0.0146191 8 0
0 0 26.5656 0 39.5112 a b 0.0134999 8 0
0 0 26.5638 0 39.5523 a b 0.00669486 8 0
0 0 26.5536 0 39.5849 a b 0.00822394 8 0
0 0 26.5518 0 39.6131 a b 0.0101817 8 0
0 0 26.5499 0 39.6386 a b 0.00954658 8 0
0 0 26.548 0 39.6614 a b 0.0122132 8 0
0 0 26.5463 0 39.6758 a b 0.0128818 8 0
0 0 26.545 0 39.6877 a b 0.00558926 8 0
0 0 26.5455 0 39.7051 a b -0.000305834 8 0
0 0 26.5446 0 39.7252 a b 0.00309166 8 0
0 0 26.5421 0 39.7387 a b 0.00338196 8 0
0 0 26.5456 0 39.7579 a b -0.00130835 8 0
0 0 26.5526 0 39.7833 a b -0.00460599 8 0
0 0 26.557 0 39.8096 a b -0.00319214 8 0
0 0 26.5607 0 39.8346 a b 0.00100871 8 0
0 0 26.5597 0 39.8607 a b 0.00219032 8 0
0 0 26.5583 0 39.8932 a b 0.0021078 8 0
0 0 26.5548 0 39.9274 a b 0.00761768 8 0
0 0 26.5518 0 39.9573 a b 0.00847027 8 0
0 0 26.5466 0 39.9967 a b 0.00595649 8 0
0 0 26.5486 0 40.0272 a b 0.00794886 8 0
0 0 26.5477 0 40.0565 a b 0.0110023 8 0
0 0 26.5473 0 40.0851 a b 0.00945787 8 0
0 0 26.5447 0 40.1178 a b 0.00729033 8 0
0 0 26.5452 0 40.152 a b 0.010659 8 0
0 0 26.5417 0 40.178 a b 0.0163186 8 0
0 0 26.5356 0 40.2058 a b 0.017953 8 0
0 0 26.5335 0 40.2338 a b 0.0137984 8 0
0 0 26.5295 0 40.2621 a b 0.0101132 8 0
0 0 26.5341 0 40.2918 a b 0.011311 8 0
0 0 26.5364 0 40.3185 a b 0.0142446 8 0
0 0 26.5404 0 40.3436 a b 0.0115844 8 0
0 0 26.5423 0 40.3644 a b 0.0081821 8 0
0 0 26.5407 0 40.3942 a b 0.00629912 8 0
0 0 26.5406 0 40.4202 a b 0.0102994 8 0
0 0 26.5387 0 40.4463 a b 0.0112461 8 0
0 0 26.5388 0 40.4751 a b 0.0106726 8 0
0 0 26.5363 0 40.5018 a b 0.0110211 8 0
0 0 26.5345 0 40.5298 a b 0.0100632 8 0
0 0 26.5308 0 40.5603 a b 0.00947824 8 0
0 0 26.5314 0 40.5914 a b 0.0115319 8 0
0 0 26.5289 0 40.6243 a b 0.0128213 8 0
0 0 26.5277 0 40.658 a b 0.0122236 8 0
0 0 26.5301 0 40.6925 a b 0.0103548 8 0
0 0 26.5264 0 40.726 a b 0.0113609 8 0
0 0 26.5214 0 40.756 a b 0.0131389 8 0
0 0 26.52 0 40.7945 a b 0.0132077 8 0
0 0 26.5207 0 40.8243 a b 0.0102963 8 0
0 0 26.5194 0 40.849 a b 0.0105527 8 0
0 0 26.5178 0 40.8717 a b 0.0125159 8 0
0 0 26.5192 0 40.8953 a b 0.0120881 8 0
0 0 26.5213 0 40.9195 a b 0.0127401 8 0
0 0 26.5171 0 40.9485 a b 0.0143616 8 0
0 0 26.5118 0 40.9795 a b 0.0174633 8 0
0 0 26.508 0 41.0083 a b 0.0199712 8 0
0 0 26.5079 0 41.0337 a b 0.0143793 8 0
0 0 26.5096 0 41.0658 a b 0.0124635 8 0
0 0 26.5136 0 41.0995 a b 0.0150139 8 0
0 0 26.5099 0 41.1336 a b 0.0174595 8 0
0 0 26.5097 0 41.1654 a b 0.0168427 8 0
0 0 26.5079 0 41.1939 a b 0.0151814 8 0
0 0 26.5087 0 41.2263 a b 0.00925115 8 0
0 0 26.508 0 41.2576 a b 0.0149705 8 0
0 0 26.5091 0 41.2835 a b 0.0191665 8 0
0 0 26.512 0 41.309 a b 0.017082 8 0
0 0 26.5102 0 41.3425 a b 0.0121848 8 0
0 0 26.5092 0 41.3721 a b 0.0178978 8 0
0 0 26.508 0 41.3939 a b 0.0234834 8 0
0 0 26.5056 0 41.4159 a b 0.0251651 8 0
0 0 26.5037 0 41.4412 a b 0.0221074 8 0
0 0 26.5045 0 41.4699 a b 0.0181987 8 0
0 0 26.5027 0 41.4959 a b 0.0228136 8 0
0 0 26.5029 0 41.5184 a b 0.0236303 8 0
0 0 26.5002 0 41.545 a b 0.0174682 8 0
0 0 26.5004 0 41.5757 a b 0.0131134 8 0
0 0 26.4989 0 41.6058 a b 0.0145132 8 0
0 0 26.4997 0 41.637 a b 0.0221204 8 0
0 0 26.5008 0 41.6666 a b 0.0273738 8 0
0 0 26.5017 0 41.6992 a b 0.0241654 8 0
0 0 26.5049 0 41.7316 a b 0.0159975 8 0
0 0 26.4995 0 41.7596 a b 0.0131742 8 0
0 0 26.4957 0 41.7884 a b 0.0185069 8 0
0 0 26.4935 0 41.8235 a b 0.022829 8 0
0 0 26.4944 0 41.8504 a b 0.0247801 8 0
0 0 26.4969 0 41.8798 a b 0.0180834 8 0
0 0 26.4986 0 41.9084 a b 0.0109407 8 0
0 0 26.4936 0 41.9336 a b 0.0171302 8 0
0 0 26.4934 0 41.9609 a b 0.0220406 8 0
0 0 26.4946 0 41.9855 a b 0.0206838 8 0
0 0 26.4936 0 42.0113 a b 0.0136633 8 0
0 0 26.4919 0 42.0365 a b 0.010656 8 0
0 0 26.4925 0 42.0655 a b 0.013645 8 0
0 0 26.4969 0 42.0902 a b 0.0161517 8 0
0 0 26.4968 0 42.1214 a b 0.0208904 8 0
0 0 26.4953 0 42.1539 a b 0.0236781 8 0
0 0 26.4921 0 42.1886 a b 0.0260767 8 0
0 0 26.4881 0 42.2293 a b 0.0230423 8 0
0 0 26.4864 0 42.2613 a b 0.0146259 8 0
0 0 26.4969 0 42.286 a b 0.0108931 8 0
0 0 26.4995 0 42.3172 a b 0.012043 8 0
0 0 26.4924 0 42.3498 a b 0.0125152 8 0
0 0 26.4933 0 42.3868 a b 0.00689393 8 0
0 0 26.4938 0 42.4044 a b 0.00368542 8 0
0 0 26.4908 0 42.419 a b 0.0124144 8 0
0 0 26.4891 0 42.4482 a b 0.0191432 8 0
0 0 26.4877 0 42.4887 a b 0.0128281 8 0
0 0 26.4861 0 42.5117 a b 0.00279532 8 0
0 0 26.4841 0 42.5414 a b 0.0113875 8 0
0 0 26.484 0 42.5804 a b 0.0139959 8 0
0 0 26.4848 0 42.6183 a b 0.0099053 8 0
0 0 26.4863 0 42.6517 a b 0.00791687 8 0
0 0 26.4873 0 42.6849 a b 0.00894371 8 0
0 0 26.484 0 42.726 a b 0.00567358 8 0
0 0 26.4809 0 42.7604 a b -8.6429e-05 8 0
0 0 26.4806 0 42.7862 a b 0.00296802 8 0
0 0 26.4795 0 42.8154 a b 0.00983793 8 0
0 0 26.4783 0 42.8469 a b 0.016768 8 0
0 0 26.4779 0 42.8806 a b 0.0131418 8 0
0 0 26.4726 0 42.9019 a b 0.00299345 8 0
0 0 26.4731 0 42.9239 a b -0.00314255 8 0
0 0 26.4754 0 42.9478 a b 0.00336531 8 0
0 0 26.4716 0 42.9764 a b 0.00427937 8 0
0 0 26.4703 0 43.007 a b -0.00464774 8 0
0 0 26.4733 0 43.0357 a b -0.00564846 8 0
0 0 26.4733 0 43.0618 a b 0.00158773 8 0
0 0 26.4709 0 43.0916 a b 0.00728678 8 0
0 0 26.4702 0 43.1317 a b 0.00689351 8 0
0 0 26.4655 0 43.1688 a b -0.000825332 8 0
0 0 26.4654 0 43.2087 a b -0.0073157 8 0
0 0 26.467 0 43.2395 a b -0.00421535 8 0
0 0 26.4653 0 43.2701 a b -0.000734574 8 0
0 0 26.4627 0 43.2993 a b -8.69177e-05 8 0
0 0 26.4594 0 43.3285 a b -0.00167309 8 0
0 0 26.4515 0 43.3604 a b -0.00310098 8 0
0 0 26.4394 0 43.3863 a b -0.0028223 8 0
0 0 26.4381 0 43.4059 a b -0.00449092 8 0
0 0 26.4465 0 43.4327 a b -0.00690131 8 0
0 0 26.4532 0 43.4602 a b -0.00595627 8 0
0 0 26.4519 0 43.4871 a b -0.00217065 8 0
0 0 26.4462 0 43.5136 a b -0.00314779 8 0
0 0 26.4396 0 43.5399 a b -0.010108 8 0
0 0 26.4368 0 43.578 a b -0.0145936 8 0
0 0 26.4405 0 43.606 a b -0.00982652 8 0
0 0 26.4384 0 43.6352 a b -0.0064865 8 0
0 0 26.4405 0 43.6637 a b -0.00891474 8 0
0 0 26.4363 0 43.6953 a b -0.00947396 8 0
0 0 26.4292 0 43.7308 a b -0.00841107 8 0
0 0 26.4248 0 43.7594 a b -0.010084 8 0
0 0 26.4243 0 43.7902 a b -0.010744 8 0
0 0 26.4251 0 43.8172 a b -0.0111599 8 0
0 0 26.4374 0 43.8528 a b -0.0100652 8 0
0 0 26.4426 0 43.877 a b -0.00671885 8 0
0 0 26.4454 0 43.9033 a b -0.0111952 8 0
0 0 26.441 0 43.9261 a b -0.011729 8 0
0 0 26.4269 0 43.9426 a b -0.00910313 8 0
0 0 26.4188 0 43.964 a b -0.00481528 8 0
0 0 26.4156 0 43.9849 a b -0.000698865 8 0
0 0 26.4169 0 44.0063 a b -0.00201238 8 0
0 0 26.4165 0 44.0344 a b -0.0025934 8 0
0 0 26.412 0 44.0648 a b -0.00212051 8 0
0 0 26.4107 0 44.0949 a b -0.00514331 8 0
0 0 26.4096 0 44.1323 a b -0.000505291 8 0
0 0 26.4071 0 44.1652 a b 0.0040784 8 0
0 0 26.4036 0 44.197 a b 0.00388252 8 0
0 0 26.4019 0 44.2288 a b 0.000215565 8 0
0 0 26.405 0 44.2577 a b -0.00104446 8 0
0 0 26.4013 0 44.2882 a b 0.000806132 8 0
0 0 26.4088 0 44.3166 a b -0.00155537 8 0
0 0 26.4159 0 44.3443 a b -0.00380965 8 0
0 0 26.4176 0 44.3686 a b -0.00667264 8 0
0 0 26.4126 0 44.3912 a b -0.00928831 8 0
0 0 26.4052 0 44.4064 a b -0.0102923 8 0
0 0 26.4009 0 44.4283 a b -0.00726804 8 0
0 0 26.3993 0 44.4464 a b -0.00331993 8 0
0 0 26.4013 0 44.4694 a b -0.0058574 8 0
0 0 26.4054 0 44.5062 a b -0.00915104 8 0
0 0 26.4081 0 44.5421 a b -0.00635696 8 0
0 0 26.4023 0 44.5809 a b -0.00460531 8 0
0 0 26.3954 0 44.6176 a b -0.00411906 8 0
0 0 26.389 0 44.6567 a b -0.00565188 8 0
0 0 26.3865 0 44.6928 a b -0.00991092 8 0
0 0 26.382 0 44.7315 a b -0.0137683 8 0
0 0 26.3781 0 44.7712 a b -0.0157294 8 0
0 0 26.376 0 44.8019 a b -0.0134272 8 0
0 0 26.3816 0 44.8241 a b -0.0130951 8 0
0 0 26.3795 0 44.8544 a b -0.0158179 8 0
0 0 26.377 0 44.8746 a b -0.0203912 8 0
0 0 26.3727 0 44.8977 a b -0.0239889 8 0
0 0 26.37 0 44.9178 a b -0.0232397 8 0
0 0 26.3721 0 44.9407 a b -0.0219615 8 0
0 0 26.3736 0 44.9699 a b -0.0210555 8 0
0 0 26.3736 0 44.9964 a b -0.0192069 8 0
0 0 26.371 0 45.0269 a b -0.0163045 8 0
0 0 26.3679 0 45.0594 a b -0.0141921 8 0
0 0 26.3681 0 45.0927 a b -0.0129363 8 0
0 0 26.3741 0 45.1195 a b -0.0185084 8 0
0 0 26.3781 0 45.1388 a b -0.0173634 8 0
0 0 26.3831 0 45.1591 a b -0.00926265 8 0
0 0 26.3833 0 45.1826 a b -0.0082818 8 0
0 0 26.3763 0 45.2056 a b -0.00884416 8 0
0 0 26.375 0 45.2305 a b -0.00430798 8 0
0 0 26.3732 0 45.2546 a b -0.00111158 8 0
0 0 26.3737 0 45.2808 a b -0.000904587 8 0
0 0 26.3696 0 45.3081 a b 0.00150407 8 0
0 0 26.3652 0 45.3416 a b 0.00657061 8 0
0 0 26.3645 0 45.3717 a b 0.00828644 8 0
0 0 26.3623 0 45.407 a b 0.00938114 8 0
0 0 26.364 0 45.4379 a b 0.0116909 8 0
0 0 26.3649 0 45.4703 a b 0.0142682 8 0
0 0 26.3653 0 45.5019 a b 0.0172679 8 0
0 0 26.362 0 45.5323 a b 0.0218471 8 0
0 0 26.3595 0 45.5669 a b 0.026928 8 0
0 0 26.3601 0 45.5993 a b 0.0206325 8 0
0 0 26.3662 0 45.6143 a b 0.0198131 8 0
0 0 26.3729 0 45.6276 a b 0.0298727 8 0
0 0 26.3749 0 45.6495 a b 0.0392184 8 0
0 0 26.3722 0 45.6812 a b 0.0393585 8 0
0 0 26.3698 0 45.7113 a b 0.0269119 8 0
0 0 26.3732 0 45.7216 a b 0.0270374 8 0
0 0 26.3715 0 45.7407 a b 0.043891 8 0
0 0 26.3709 0 45.7862 a b 0.0533118 8 0
0 0 26.3704 0 45.8277 a b 0.0495189 8 0
0 0 26.3735 0 45.8627 a b 0.0418706 8 0
0 0 26.375 0 45.8926 a b 0.0436827 8 0
0 0 26.3761 0 45.9294 a b 0.049952 8 0
0 0 26.3771 0 45.9737 a b 0.0529297 8 0
0 0 26.3804 0 46.0106 a b 0.0520147 8 0
0 0 26.3821 0 46.0425 a b 0.0546334 8 0
0 0 26.3801 0 46.0729 a b 0.0607656 8 0
0 0 26.377 0 46.1061 a b 0.0646955 8 0
0 0 26.3766 0 46.1412 a b 0.0651527 8 0
0 0 26.3762 0 46.1703 a b 0.0642296 8 0
0 0 26.3768 0 46.1962 a b 0.0668694 8 0
0 0 26.3769 0 46.224 a b 0.0698943 8 0
0 0 26.3746 0 46.2526 a b 0.0688457 8 0
0 0 26.3764 0 46.2761 a b 0.0692798 8 0
0 0 26.3788 0 46.2977 a b 0.0726675 8 0
0 0 26.3796 0 46.3192 a b 0.0747079 8 0
0 0 26.3796 0 46.3457 a b 0.0748847 8 0
0 0 26.3781 0 46.3715 a b 0.0786349 8 0
0 0 26.3767 0 46.4043 a b 0.0775694 8 0
0 0 26.3803 0 46.4352 a b 0.0779646 8 0
0 0 26.3821 0 46.4667 a b 0.0844882 8 0
0 0 26.3818 0 46.5031 a b 0.084553 8 0
0 0 26.3831 0 46.5336 a b 0.0837363 8 0
0 0 26.3868 0 46.5612 a b 0.0881415 8 0
0 0 26.3883 0 46.5863 a b 0.0901148 8 0
0 0 26.3892 0 46.6142 a b 0.0892231 8 0
0 0 26.3906 0 46.6437 a b 0.0902054 8 0
0 0 26.3922 0 46.6708 a b 0.0949595 8 0
0 0 26.3926 0 46.7003 a b 0.0972857 8 0
0 0 26.3895 0 46.7305 a b 0.0924255 8 0
0 0 26.3962 0 46.763 a b 0.0889007 8 0
0 0 26.4043 0 46.7885 a b 0.0961131 8 0
0 0 26.4038 0 46.8139 a b 0.100562 8 0
0 0 26.4036 0 46.8408 a b 0.10267 8 0
0 0 26.3937 0 46.8677 a b 0.104619 8 0
0 0 26.3883 0 46.9037 a b 0.0995525 8 0
0 0 26.3958 0 46.9356 a b 0.101736 8 0
0 0 26.4011 0 46.9633 a b 0.108075 8 0
0 0 26.4047 0 46.9939 a b 0.101145 8 0
0 0 26.4129 0 47.0247 a b 0.0977452 8 0
0 0 26.417 0 47.0516 a b 0.104334 8 0
0 0 26.4129 0 47.0787 a b 0.10582 8 0
0 0 26.4157 0 47.1087 a b 0.103157 8 0
0 0 26.4189 0 47.1397 a b 0.104024 8 0
0 0 26.4209 0 47.1672 a b 0.108056 8 0
0 0 26.4234 0 47.1936 a b 0.10875 8 0
0 0 26.4233 0 47.2217 a b 0.107563 8 0
0 0 26.426 0 47.2543 a b 0.107558 8 0
0 0 26.4309 0 47.2834 a b 0.112258 8 0
0 0 26.4314 0 47.3081 a b 0.112651 8 0
0 0 26.4324 0 47.3345 a b 0.110229 8 0
0 0 26.4355 0 47.3642 a b 0.111577 8 0
0 0 26.4386 0 47.3924 a b 0.114201 8 0
0 0 26.4358 0 47.4192 a b 0.11371 8 0
0 0 26.4354 0 47.4523 a b 0.112718 8 0
0 0 26.4361 0 47.4833 a b 0.110093 8 0
0 0 26.4428 0 47.5213 a b 0.111179 8 0
0 0 26.448 0 47.5485 a b 0.113842 8 0
0 0 26.4521 0 47.5771 a b 0.109973 8 0
0 0 26.4549 0 47.6175 a b 0.107917 8 0
0 0 26.4548 0 47.6502 a b 0.114092 8 0
0 0 26.4568 0 47.6752 a b 0.11255 8 0
0 0 26.458 0 47.7064 a b 0.104935 8 0
0 0 26.4653 0 47.744 a b 0.106359 8 0
0 0 26.4689 0 47.7676 a b 0.109142 8 0
0 0 26.4706 0 47.788 a b 0.102469 8 0
0 0 26.469 0 47.8119 a b 0.084608 8 0
0 0 26.4686 0 47.8512 a b 0.0758939 8 0
0 0 26.4704 0 47.8835 a b 0.0810984 8 0
0 0 26.4736 0 47.9002 a b 0.081524 8 0
0 0 26.4752 0 47.9201 a b 0.0681507 8 0
0 0 26.4715 0 47.9529 a b 0.0576377 8 0
0 0 26.4697 0 47.9811 a b 0.0565339 8 0
0 0 26.4709 0 48.0084 a b 0.0548797 8 0
0 0 26.4719 0 48.0339 a b 0.0502239 8 0
0 0 26.4723 0 48.0619 a b 0.046689 8 0
0 0 26.4745 0 48.0904 a b 0.0433553 8 0
0 0 26.4763 0 48.119 a b 0.0390375 8 0
0 0 26.4771 0 48.1479 a b 0.0363233 8 0
0 0 26.4762 0 48.1772 a b 0.0338604 8 0
0 0 26.4758 0 48.2052 a b 0.031185 8 0
0 0 26.4778 0 48.23 a b 0.0279855 8 0
0 0 26.4767 0 48.2597 a b 0.0228472 8 0
0 0 26.4774 0 48.2876 a b 0.0187334 8 0
0 0 26.4765 0 48.3204 a b 0.0155883 8 0
0 0 26.4723 0 48.3541 a b 0.0161682 8 0
0 0 26.472 0 48.3857 a b 0.019059 8 0
0 0 26.4744 0 48.4177 a b 0.0196709 8 0
0 0 26.4783 0 48.4432 a b 0.0125946 8 0
0 0 26.4774 0 48.4667 a b 0.00330057 8 0
0 0 26.4711 0 48.493 a b -0.00032341 8 0
0 0 26.469 0 48.5154 a b 0.00129872 8 0
0 0 26.4718 0 48.5409 a b 0.00408618 8 0
0 0 26.4753 0 48.562 a b 0.000847008 8 0
0 0 26.474 0 48.5865 a b -0.00434091 8 0
0 0 26.4699 0 48.6121 a b -0.00942286 8 0
0 0 26.465 0 48.6422 a b -0.0110116 8 0
0 0 26.4643 0 48.6719 a b -0.0104942 8 0
0 0 26.4644 0 48.7026 a b -0.0115554 8 0
0 0 26.4654 0 48.7347 a b -0.0136111 8 0
0 0 26.4637 0 48.7657 a b -0.0184607 8 0
0 0 26.4631 0 48.794 a b -0.0226732 8 0
0 0 26.4578 0 48.8193 a b -0.0245973 8 0
0 0 26.453 0 48.8439 a b -0.0206587 8 0
0 0 26.4512 0 48.8621 a b -0.0142149 8 0
0 0 26.4465 0 48.8826 a b -0.00981392 8 0
0 0 26.4453 0 48.8958 a b -0.0150781 8 0
0 0 26.4484 0 48.8848 a b -0.0121296 8 0
0 0 26.4496 0 48.8723 a b -0.00923358 8 0
0 0 26.4512 0 48.8599 a b -0.00598418 8 0
0 0 26.4517 0 48.8794 a b -0.0198503 8 0
0 0 26.4537 0 48.8892 a b -0.0298701 8 0
0 0 26.4524 0 48.8996 a b -0.03359 8 0
0 0 26.4503 0 48.9213 a b -0.0351681 8 0
0 0 26.4507 0 48.9525 a b -0.0374993 8 0
0 0 26.4437 0 48.9918 a b -0.0423898 8 0
0 0 26.444 0 49.0331 a b -0.047646 8 0
0 0 26.4441 0 49.0711 a b -0.04338 8 0
0 0 26.4365 0 49.1182 a b -0.0384242 8 0
0 0 26.4297 0 49.1686 a b -0.0480817 8 0
0 0 26.4239 0 49.212 a b -0.056883 8 0
0 0 26.4261 0 49.2494 a b -0.0620609 8 0
0 0 26.4289 0 49.2817 a b -0.0593805 8 0
0 0 26.4286 0 49.3193 a b -0.0558468 8 0
0 0 26.425 0 49.3502 a b -0.0571518 8 0
0 0 26.415 0 49.3776 a b -0.0630899 8 0
0 0 26.408 0 49.4066 a b -0.0688455 8 0
0 0 26.4034 0 49.4259 a b -0.070514 8 0
0 0 26.4027 0 49.4479 a b -0.069338 8 0
0 0 26.4053 0 49.473 a b -0.0679799 8 0
0 0 26.4039 0 49.4954 a b -0.0703701 8 0
0 0 26.4068 0 49.514 a b -0.0759822 8 0
0 0 26.4074 0 49.5344 a b -0.0785116 8 0
0 0 26.4097 0 49.5543 a b -0.073877 8 0
0 0 26.4023 0 49.5729 a b -0.064714 8 0
0 0 26.3828 0 49.5969 a b -0.0699587 8 0
0 0 26.3793 0 49.6233 a b -0.0825858 8 0
0 0 26.3862 0 49.6532 a b -0.0839161 8 0
0 0 26.3857 0 49.6899 a b -0.0808477 8 0
0 0 26.3799 0 49.7253 a b -0.0831205 8 0
0 0 26.3771 0 49.7629 a b -0.0861131 8 0
0 0 26.3781 0 49.7992 a b -0.0818334 8 0
0 0 26.3733 0 49.8344 a b -0.0732489 8 0
0 0 26.3648 0 49.8694 a b -0.0691178 8 0
0 0 26.3556 0 49.9045 a b -0.0728401 8 0
0 0 26.3545 0 49.94 a b -0.0751 8 0
0 0 26.3562 0 49.972 a b -0.0707883 8 0
0 0 26.3568 0 50.0078 a b -0.0649241 8 0
0 0 26.3625 0 50.0385 a b -0.0519628 8 0
0 0 26.3557 0 50.0577 a b -0.0383833 8 0
0 0 26.3439 0 50.0729 a b -0.0407669 8 0
0 0 26.3361 0 50.0932 a b -0.0490933 8 0
0 0 26.3323 0 50.1208 a b -0.0490559 8 0
0 0 26.3322 0 50.1472 a b -0.0374232 8 0
0 0 26.3366 0 50.1715 a b -0.0325451 8 0
0 0 26.3426 0 50.1986 a b -0.0361782 8 0
0 0 26.3476 0 50.233 a b -0.032509 8 0
0 0 26.3465 0 50.267 a b -0.0208742 8 0
0 0 26.3412 0 50.2985 a b -0.00514708 8 0
0 0 26.3409 0 50.3311 a b 0.0133757 8 0
0 0 26.3377 0 50.3555 a b 0.0213574 8 0
0 0 26.3371 0 50.3824 a b 0.0203995 8 0
0 0 26.3356 0 50.4172 a b 0.022077 8 0
0 0 26.3395 0 50.4515 a b 0.0288699 8 0
0 0 26.3438 0 50.4773 a b 0.0349471 8 0
0 0 26.341 0 50.5035 a b 0.042298 8 0
0 0 26.3418 0 50.5271 a b 0.0448857 8 0
0 0 26.342 0 50.5572 a b 0.0440075 8 0
0 0 26.3413 0 50.5899 a b 0.045197 8 0
0 0 26.3377 0 50.6153 a b 0.0471354 8 0
0 0 26.3362 0 50.6428 a b 0.0461963 8 0
0 0 26.3374 0 50.671 a b 0.0454241 8 0
0 0 26.3404 0 50.6982 a b 0.0436673 8 0
0 0 26.3472 0 50.7286 a b 0.0449366 8 0
0 0 26.3536 0 50.7599 a b 0.0493249 8 0
0 0 26.3525 0 50.7922 a b 0.0559256 8 0
0 0 26.349 0 50.8251 a b 0.0584027 8 0
0 0 26.3505 0 50.8562 a b 0.0538341 8 0
0 0 26.3486 0 50.8943 a b 0.0472907 8 0
0 0 26.3486 0 50.9313 a b 0.0532514 8 0
0 0 26.3514 0 50.9611 a b 0.0619444 8 0
0 0 26.3547 0 50.9857 a b 0.0642267 8 0
0 0 26.3564 0 51.0172 a b 0.0665863 8 0
0 0 26.3561 0 51.0404 a b 0.0698518 8 0
0 0 26.3578 0 51.0711 a b 0.0702711 8 0
0 0 26.3596 0 51.0985 a b 0.0661081 8 0
0 0 26.357 0 51.1225 a b 0.0621573 8 0
0 0 26.3568 0 51.1485 a b 0.0663598 8 0
0 0 26.3616 0 51.1728 a b 0.0709218 8 0
0 0 26.3678 0 51.1938 a b 0.0667616 8 0
0 0 26.3737 0 51.214 a b 0.0535108 8 0
0 0 26.3657 0 51.2391 a b 0.0439198 8 0
0 0 26.3626 0 51.2584 a b 0.0430607 8 0
0 0 26.361 0 51.2829 a b 0.0426877 8 0
0 0 26.3651 0 51.3117 a b 0.0391844 8 0
0 0 26.3708 0 51.3413 a b 0.0279442 8 0
0 0 26.371 0 51.3677 a b 0.0151847 8 0
0 0 26.3648 0 51.3993 a b 0.0137258 8 0
0 0 26.3684 0 51.4305 a b 0.017928 8 0
0 0 26.3702 0 51.4614 a b 0.0174669 8 0
0 0 26.3716 0 51.4916 a b 0.0147626 8 0
0 0 26.369 0 51.5235 a b 0.0127795 8 0
0 0 26.3634 0 51.5552 a b 0.0106125 8 0
0 0 26.3622 0 51.5895 a b 0.00552613 8 0
0 0 26.3637 0 51.6225 a b -0.00546864 8 0
0 0 26.3589 0 51.6522 a b -0.0127388 8 0
0 0 26.3609 0 51.6814 a b -0.0131902 8 0
0 0 26.3647 0 51.712 a b -0.00938441 8 0
0 0 26.3672 0 51.7357 a b -0.00761892 8 0
0 0 26.3674 0 51.7596 a b -0.0100233 8 0
0 0 26.3652 0 51.7825 a b -0.0143889 8 0
0 0 26.3625 0 51.8062 a b -0.0142563 8 0
0 0 26.3622 0 51.8341 a b -0.0180466 8 0
0 0 26.3601 0 51.8548 a b -0.0240914 8 0
0 0 26.3539 0 51.8787 a b -0.0255954 8 0
0 0 26.3544 0 51.9083 a b -0.0267791 8 0
0 0 26.3579 0 51.936 a b -0.0259429 8 0
0 0 26.3575 0 51.9666 a b -0.0215316 8 0
0 0 26.3558 0 52.0011 a b -0.0175518 8 0
0 0 26.3508 0 52.0331 a b -0.0156177 8 0
0 0 26.3493 0 52.0587 a b -0.0120762 8 0
0 0 26.3443 0 52.0928 a b -0.0102569 8 0
0 0 26.3428 0 52.1274 a b -0.017342 8 0
0 0 26.3447 0 52.1517 a b -0.0213837 8 0
0 0 26.3388 0 52.1792 a b -0.0212876 8 0
0 0 26.3413 0 52.2064 a b -0.0194045 8 0
0 0 26.3432 0 52.234 a b -0.017657 8 0
0 0 26.3452 0 52.2615 a b -0.0128817 8 0
0 0 26.3405 0 52.2902 a b -0.00631291 8 0
0 0 26.3359 0 52.3204 a b -0.00412268 8 0
0 0 26.328 0 52.3531 a b -0.00955549 8 0
0 0 26.3236 0 52.382 a b -0.0172762 8 0
0 0 26.3207 0 52.4055 a b -0.0156925 8 0
0 0 26.3239 0 52.4359 a b -0.00899382 8 0
0 0 26.3249 0 52.4699 a b -0.0053675 8 0
0 0 26.3284 0 52.5044 a b -0.00910758 8 0
0 0 26.3288 0 52.5332 a b -0.0124374 8 0
0 0 26.3285 0 52.5584 a b -0.0107032 8 0
0 0 26.3273 0 52.5808 a b -0.00472497 8 0
0 0 26.3205 0 52.6124 a b 0.00203289 8 0
0 0 26.3156 0 52.648 a b 0.00266892 8 0
0 0 26.3144 0 52.6794 a b 0.00220311 8 0
0 0 26.3142 0 52.71 a b 0.00501267 8 0
0 0 26.3111 0 52.7384 a b 0.00878377 8 0
0 0 26.3139 0 52.7682 a b 0.0115245 8 0
0 0 26.3108 0 52.7982 a b 0.0136015 8 0
0 0 26.3096 0 52.8282 a b 0.0144565 8 0
0 0 26.3109 0 52.8576 a b 0.0170752 8 0
0 0 26.3075 0 52.8845 a b 0.0223289 8 0
0 0 26.3014 0 52.9104 a b 0.0252008 8 0
0 0 26.2979 0 52.9399 a b 0.022569 8 0
0 0 26.3014 0 52.9692 a b 0.0222791 8 0
0 0 26.3034 0 53.0006 a b 0.0226074 8 0
0 0 26.3086 0 53.029 a b 0.0234466 8 0
0 0 26.3114 0 53.0569 a b 0.0283159 8 0
0 0 26.3089 0 53.0835 a b 0.0356182 8 0
0 0 26.3029 0 53.1105 a b 0.038293 8 0
0 0 26.2989 0 53.1387 a b 0.03651 8 0
0 0 26.2965 0 53.1673 a b 0.0321175 8 0
0 0 26.3011 0 53.1991 a b 0.0332518 8 0
0 0 26.3044 0 53.2321 a b 0.0371197 8 0
0 0 26.3043 0 53.262 a b 0.0371496 8 0
0 0 26.3061 0 53.2945 a b 0.0343249 8 0
0 0 26.31 0 53.3266 a b 0.0334461 8 0
0 0 26.3137 0 53.3629 a b 0.03858 8 0
0 0 26.3085 0 53.3938 a b 0.0515622 8 0
0 0 26.2957 0 53.4113 a b 0.056848 8 0
0 0 26.285 0 53.4417 a b 0.0471691 8 0
0 0 26.2918 0 53.4765 a b 0.0486341 8 0
0 0 26.2953 0 53.503 a b 0.0548156 8 0
0 0 26.2978 0 53.5279 a b 0.056674 8 0
0 0 26.2995 0 53.554 a b 0.0516799 8 0
0 0 26.3005 0 53.5865 a b 0.0449881 8 0
0 0 26.3029 0 53.6167 a b 0.0431562 8 0
0 0 26.3037 0 53.6468 a b 0.0461202 8 0
0 0 26.3023 0 53.6704 a b 0.0487099 8 0
0 0 26.3013 0 53.6951 a b 0.0484727 8 0
0 0 26.3017 0 53.7188 a b 0.0496185 8 0
0 0 26.3023 0 53.7457 a b 0.0483749 8 0
0 0 26.3036 0 53.7723 a b 0.0461114 8 0
0 0 26.3049 0 53.806 a b 0.0448081 8 0
0 0 26.3078 0 53.8362 a b 0.0453178 8 0
0 0 26.3092 0 53.8646 a b 0.0443869 8 0
0 0 26.3076 0 53.8916 a b 0.0420809 8 0
0 0 26.3051 0 53.9208 a b 0.0412223 8 0
0 0 26.3094 0 53.9477 a b 0.0419419 8 0
0 0 26.3101 0 53.9709 a b 0.0408155 8 0
0 0 26.3111 0 53.9988 a b 0.0385488 8 0
0 0 26.3101 0 54.0282 a b 0.0371576 8 0
0 0 26.3105 0 54.0535 a b 0.0368479 8 0
0 0 26.31 0 54.084 a b 0.03572 8 0
0 0 26.3139 0 54.1121 a b 0.0350125 8 0
0 0 26.3142 0 54.1394 a b 0.0317502 8 0
0 0 26.3145 0 54.1776 a b 0.0292146 8 0
0 0 26.3168 0 54.2111 a b 0.0315809 8 0
0 0 26.3197 0 54.2419 a b 0.0331502 8 0
0 0 26.32 0 54.271 a b 0.0305513 8 0
0 0 26.3153 0 54.302 a b 0.029222 8 0
0 0 26.3158 0 54.3342 a b 0.029547 8 0
0 0 26.3173 0 54.3634 a b 0.0301768 8 0
0 0 26.3212 0 54.3913 a b 0.0265046 8 0
0 0 26.3197 0 54.4203 a b 0.0237286 8 0
0 0 26.3182 0 54.4473 a b 0.0272314 8 0
0 0 26.3217 0 54.4711 a b 0.0259574 8 0
0 0 26.3234 0 54.4935 a b 0.0203642 8 0
0 0 26.3185 0 54.5229 a b 0.0195446 8 0
0 0 26.3185 0 54.5514 a b 0.0232682 8 0
0 0 26.3216 0 54.5806 a b 0.024739 8 0
0 0 26.3266 0 54.6139 a b 0.0211662 8 0
0 0 26.3319 0 54.6545 a b 0.0102246 8 0
0 0 26.3237 0 54.6942 a b 0.0116327 8 0
0 0 26.3273 0 54.7331 a b 0.0182716 8 0
0 0 26.3274 0 54.7736 a b 0.0248048 8 0
0 0 26.3302 0 54.814 a b 0.0263518 8 0
0 0 26.3364 0 54.8533 a b 0.015686 8 0
0 0 26.3289 0 54.8796 a b 0.00163564 8 0
0 0 26.3163 0 54.8997 a b 0.00625303 8 0
0 0 26.3224 0 54.9194 a b 0.0185171 8 0
0 0 26.3302 0 54.9436 a b 0.0227836 8 0
0 0 26.3364 0 54.9653 a b 0.0176895 8 0
0 0 26.3306 0 54.9865 a b 0.0129847 8 0
0 0 26.3289 0 55.0094 a b 0.00442701 8 0
0 0 26.3228 0 55.0241 a b -0.00330956 8 0
0 0 26.3219 0 55.0452 a b 0.00208218 8 0
0 0 26.325 0 55.0743 a b 0.00488457 8 0
0 0 26.3291 0 55.1031 a b 0.00293198 8 0
0 0 26.333 0 55.1309 a b -0.00110961 8 0
0 0 26.3364 0 55.1498 a b -0.00121969 8 0
0 0 26.3351 0 55.1801 a b 0.00700444 8 0
0 0 26.334 0 55.2057 a b 0.0167655 8 0
0 0 26.3313 0 55.2439 a b 0.0214779 8 0
0 0 26.3287 0 55.2758 a b 0.0100568 8 0
0 0 26.3272 0 55.2977 a b -0.00228966 8 0
0 0 26.3256 0 55.3236 a b -0.00447387 8 0
0 0 26.3308 0 55.3499 a b -0.00104184 8 0
0 0 26.335 0 55.3729 a b 0.00219672 8 0
0 0 26.3384 0 55.4001 a b 0.00357496 8 0
0 0 26.3374 0 55.4295 a b 0.00384423 8 0
0 0 26.3311 0 55.4618 a b 0.00424174 8 0
0 0 26.3244 0 55.4953 a b -0.00104109 8 0
0 0 26.3206 0 55.5263 a b -0.00681413 8 0
0 0 26.3208 0 55.5535 a b -0.00454061 8 0
0 0 26.3223 0 55.5887 a b -0.00338569 8 0
0 0 26.3281 0 55.6303 a b -0.0100122 8 0
0 0 26.3251 0 55.6583 a b -0.0168506 8 0
0 0 26.3207 0 55.6833 a b -0.0165272 8 0
0 0 26.3176 0 55.7108 a b -0.0141968 8 0
0 0 26.3167 0 55.7421 a b -0.0174511 8 0
0 0 26.3142 0 55.7697 a b -0.0213678 8 0
0 0 26.315 0 55.7951 a b -0.0212738 8 0
0 0 26.3134 0 55.8242 a b -0.0219565 8 0
0 0 26.3161 0 55.8585 a b -0.0254101 8 0
0 0 26.3137 0 55.8929 a b -0.0268525 8 0
0 0 26.311 0 55.9263 a b -0.0263032 8 0
0 0 26.307 0 55.9642 a b -0.0281676 8 0
0 0 26.3056 0 56.0006 a b -0.0315854 8 0
0 0 26.3055 0 56.0347 a b -0.0331795 8 0
0 0 26.3033 0 56.0687 a b -0.0328235 8 0
0 0 26.3026 0 56.098 a b -0.0346079 8 0
0 0 26.2989 0 56.1292 a b -0.0381958 8 0
0 0 26.2968 0 56.159 a b -0.0437361 8 0
0 0 26.2978 0 56.1886 a b -0.0470205 8 0
0 0 26.2991 0 56.2162 a b -0.0442357 8 0
0 0 26.2958 0 56.2461 a b -0.0413054 8 0
0 0 26.2927 0 56.2748 a b -0.0423653 8 0
0 0 26.2927 0 56.3024 a b -0.0436043 8 0
0 0 26.2955 0 56.3329 a b -0.0420667 8 0
0 0 26.2968 0 56.362 a b -0.0400464 8 0
0 0 26.2978 0 56.3948 a b -0.0361832 8 0
0 0 26.2896 0 56.419 a b -0.0313879 8 0
0 0 26.2849 0 56.4418 a b -0.0330699 8 0
0 0 26.2841 0 56.4671 a b -0.0323337 8 0
0 0 26.2853 0 56.4922 a b -0.029639 8 0
0 0 26.2862 0 56.5155 a b -0.0278025 8 0
0 0 26.2856 0 56.5397 a b -0.0262985 8 0
0 0 26.2839 0 56.5614 a b -0.0240608 8 0
0 0 26.2817 0 56.5847 a b -0.0214643 8 0
0 0 26.2812 0 56.6105 a b -0.0177227 8 0
0 0 26.2776 0 56.6354 a b -0.0153647 8 0
0 0 26.2757 0 56.6664 a b -0.0153544 8 0
0 0 26.2764 0 56.6992 a b -0.011162 8 0
0 0 26.2756 0 56.7299 a b -0.00679298 8 0
0 0 26.2752 0 56.7614 a b -0.00489439 8 0
0 0 26.2743 0 56.796 a b -0.00109704 8 0
0 0 26.2754 0 56.8223 a b 0.00527027 8 0
0 0 26.2724 0 56.8503 a b 0.00967761 8 0
0 0 26.2729 0 56.8862 a b 0.0118765 8 0
0 0 26.2742 0 56.9211 a b 0.0142243 8 0
0 0 26.2766 0 56.9489 a b 0.0187619 8 0
0 0 26.2775 0 56.9712 a b 0.0193358 8 0
0 0 26.2774 0 56.9936 a b 0.0162327 8 0
0 0 26.2784 0 57.0219 a b 0.0150534 8 0
0 0 26.28 0 57.0535 a b 0.0224197 8 0
0 0 26.2792 0 57.0758 a b 0.0307068 8 0
0 0 26.2767 0 57.0951 a b 0.0334543 8 0
0 0 26.2746 0 57.1208 a b 0.033348 8 0
0 0 26.2751 0 57.154 a b 0.0353022 8 0
0 0 26.2785 0 57.1876 a b 0.0412065 8 0
0 0 26.2794 0 57.2124 a b 0.044332 8 0
0 0 26.2796 0 57.2442 a b 0.0458979 8 0
0 0 26.28 0 57.2761 a b 0.0464801 8 0
0 0 26.2822 0 57.3081 a b 0.0479477 8 0
0 0 26.2824 0 57.3404 a b 0.0511989 8 0
0 0 26.2797 0 57.3699 a b 0.0559409 8 0
0 0 26.2781 0 57.3985 a b 0.0585828 8 0
0 0 26.2781 0 57.4268 a b 0.0595382 8 0
0 0 26.2783 0 57.456 a b 0.056055 8 0
0 0 26.2776 0 57.4824 a b 0.0539451 8 0
0 0 26.2786 0 57.5074 a b 0.057682 8 0
0 0 26.2788 0 57.5368 a b 0.0615492 8 0
0 0 26.28 0 57.5628 a b 0.0608099 8 0
0 0 26.2824 0 57.5833 a b 0.0559135 8 0
0 0 26.2786 0 57.6115 a b 0.0564934 8 0
0 0 26.2811 0 57.6431 a b 0.0616728 8 0
0 0 26.2845 0 57.6698 a b 0.0623913 8 0
0 0 26.2882 0 57.702 a b 0.057957 8 0
0 0 26.2892 0 57.7338 a b 0.055412 8 0
0 0 26.2908 0 57.7628 a b 0.0573611 8 0
0 0 26.2939 0 57.7906 a b 0.0588403 8 0
0 0 26.2925 0 57.8188 a b 0.0595347 8 0
0 0 26.2944 0 57.8487 a b 0.0604317 8 0
0 0 26.2979 0 57.8793 a b 0.058861 8 0
0 0 26.3001 0 57.9062 a b 0.0564414 8 0
0 0 26.3017 0 57.932 a b 0.0579188 8 0
0 0 26.303 0 57.9626 a b 0.0614767 8 0
0 0 26.3054 0 57.9893 a b 0.0602131 8 0
0 0 26.3044 0 58.0145 a b 0.0550489 8 0
0 0 26.3034 0 58.0416 a b 0.0512206 8 0
0 0 26.3017 0 58.0676 a b 0.0473643 8 0
0 0 26.3046 0 58.0982 a b 0.0413455 8 0
0 0 26.3047 0 58.1313 a b 0.0324463 8 0
0 0 26.3033 0 58.1677 a b 0.0226985 8 0
0 0 26.3042 0 58.1989 a b 0.0114907 8 0
0 0 26.3027 0 58.2324 a b -0.000631635 8 0
0 0 26.2983 0 58.2646 a b -0.0142556 8 0
0 0 26.2914 0 58.3006 a b -0.0252009 8 0
0 0 26.2855 0 58.332 a b -0.037498 8 0
0 0 26.2796 0 58.3571 a b -0.0437903 8 0
0 0 26.2775 0 58.3813 a b -0.0420007 8 0
0 0 26.278 0 58.4079 a b -0.0502707 8 0
0 0 26.28 0 58.4298 a b -0.0650598 8 0
0 0 26.2738 0 58.439 a b -0.0661848 8 0
0 0 26.2719 0 58.46 a b -0.0582576 8 0
0 0 26.2727 0 58.4905 a b -0.0586949 8 0
0 0 26.2704 0 58.5194 a b -0.0672716 8 0
0 0 26.2681 0 58.5487 a b -0.0800656 8 0
0 0 26.2609 0 58.5715 a b -0.0854486 8 0
0 0 26.256 0 58.5999 a b -0.080064 8 0
0 0 26.2545 0 58.6379 a b -0.0754644 8 0
0 0 26.2539 0 58.6807 a b -0.0812966 8 0
0 0 26.2487 0 58.7175 a b -0.0910931 8 0
0 0 26.2476 0 58.7476 a b -0.0937047 8 0
0 0 26.2375 0 58.7804 a b -0.0868619 8 0
0 0 26.2317 0 58.8227 a b -0.0844509 8 0
0 0 26.2228 0 58.847 a b -0.0797432 8 0
0 0 26.2193 0 58.873 a b -0.0718613 8 0
0 0 26.2157 0 58.8992 a b -0.0742984 8 0
0 0 26.215 0 58.9131 a b -0.0728666 8 0
0 0 26.2127 0 58.9293 a b -0.0673264 8 0
0 0 26.2121 0 58.9479 a b -0.0613443 8 0
0 0 26.2143 0 58.968 a b -0.0620261 8 0
0 0 26.2142 0 58.987 a b -0.0607484 8 0
0 0 26.214 0 59.0067 a b -0.05453 8 0
0 0 26.2132 0 59.0275 a b -0.047216 8 0
0 0 26.2158 0 59.0554 a b -0.0403508 8 0
0 0 26.2126 0 59.0863 a b -0.0301903 8 0
0 0 26.2106 0 59.1213 a b -0.0185935 8 0
0 0 26.2093 0 59.1583 a b -0.00817613 8 0
0 0 26.2116 0 59.1971 a b 0.001872 8 0
0 0 26.2158 0 59.2331 a b 0.0134012 8 0
0 0 26.2121 0 59.2744 a b 0.0247762 8 0
0 0 26.2102 0 59.3212 a b 0.0268245 8 0
0 0 26.2082 0 59.3609 a b 0.0233764 8 0
0 0 26.212 0 59.3877 a b 0.0280019 8 0
0 0 26.2146 0 59.4026 a b 0.0380796 8 0
0 0 26.2082 0 59.4269 a b 0.043081 8 0
0 0 26.2077 0 59.4463 a b 0.0426707 8 0
0 0 26.2085 0 59.4575 a b 0.0399103 8 0
0 0 26.2096 0 59.4723 a b 0.0382513 8 0
0 0 26.2107 0 59.4939 a b 0.0406927 8 0
0 0 26.2076 0 59.5189 a b 0.0430243 8 0
0 0 26.2079 0 59.5493 a b 0.0457094 8 0
0 0 26.2084 0 59.588 a b 0.0478625 8 0
0 0 26.2087 0 59.6265 a b 0.0487976 8 0
0 0 26.2101 0 59.6671 a b 0.050796 8 0
0 0 26.2112 0 59.7092 a b 0.0517764 8 0
0 0 26.2109 0 59.7467 a b 0.0520972 8 0
0 0 26.2129 0 59.7862 a b 0.0531895 8 0
0 0 26.2128 0 59.8231 a b 0.0540047 8 0
0 0 26.2087 0 59.8605 a b 0.0504726 8 0
0 0 26.2069 0 59.8926 a b 0.0435922 8 0
0 0 26.2144 0 59.9148 a b 0.0402581 8 0
0 0 26.2241 0 59.9301 a b 0.0421662 8 0
0 0 26.2292 0 59.9487 a b 0.0490043 8 0
0 0 26.224 0 59.9638 a b 0.0489595 8 0
0 0 26.218 0 59.9808 a b 0.0410703 8 0
0 0 26.2196 0 60.0056 a b 0.0341822 8 0
0 0 26.2189 0 60.0317 a b 0.0394812 8 0
0 0 26.2157 0 60.0545 a b 0.0431192 8 0
0 0 26.2188 0 60.0935 a b 0.0360473 8 0
0 0 26.2246 0 60.1376 a b 0.0315309 8 0
0 0 26.2246 0 60.1792 a b 0.0408887 8 0
0 0 26.2227 0 60.2107 a b 0.0487711 8 0
0 0 26.2177 0 60.2391 a b 0.0455557 8 0
0 0 26.2155 0 60.2751 a b 0.0370753 8 0
0 0 26.2139 0 60.3206 a b 0.0345402 8 0
0 0 26.2165 0 60.3585 a b 0.0410934 8 0
0 0 26.2216 0 60.3816 a b 0.0424295 8 0
0 0 26.2256 0 60.4049 a b 0.0295256 8 0
0 0 26.2334 0 60.441 a b 0.0275369 8 0
0 0 26.2347 0 60.4597 a b 0.0338153 8 0
0 0 26.2305 0 60.4723 a b 0.0352018 8 0
0 0 26.2276 0 60.4868 a b 0.0314676 8 0
0 0 26.2271 0 60.5137 a b 0.0327948 8 0
0 0 26.2272 0 60.5346 a b 0.0341448 8 0
0 0 26.229 0 60.552 a b 0.0327975 8 0
0 0 26.2315 0 60.5722 a b 0.0330409 8 0
0 0 26.2253 0 60.5889 a b 0.0289233 8 0
0 0 26.2273 0 60.6063 a b 0.0327005 8 0
0 0 26.2245 0 60.6246 a b 0.0416747 8 0
0 0 26.2231 0 60.6372 a b 0.0451901 8 0
0 0 26.221 0 60.6587 a b 0.0378691 8 0
0 0 26.221 0 60.6687 a b 0.0390799 8 0
0 0 26.2209 0 60.6861 a b 0.0366437 8 0
0 0 26.2185 0 60.7078 a b 0.037951 8 0
0 0 26.2187 0 60.7265 a b 0.0356789 8 0
0 0 26.2206 0 60.7437 a b 0.0334982 8 0
0 0 26.2268 0 60.7541 a b 0.0318379 8 0
0 0 26.2282 0 60.7647 a b 0.0225703 8 0
0 0 26.2282 0 60.7856 a b 0.0242564 8 0
0 0 26.2311 0 60.8035 a b 0.0218573 8 0
0 0 26.2271 0 60.8239 a b 0.0182997 8 0
0 0 26.2278 0 60.8529 a b 0.0162085 8 0
0 0 26.2289 0 60.8854 a b 0.0128376 8 0
0 0 26.2298 0 60.9199 a b 0.0128204 8 0
0 0 26.231 0 60.9629 a b 0.0124262 8 0
0 0 26.2306 0 61.0085 a b 0.00937027 8 0
0 0 26.2292 0 61.0501 a b 0.00720687 8 0
0 0 26.2273 0 61.0965 a b 0.00521389 8 0
0 0 26.2295 0 61.1318 a b 0.00847591 8 0
0 0 26.2313 0 61.1608 a b 0.0108339 8 0
0 0 26.2301 0 61.1975 a b 0.0113293 8 0
0 0 26.2277 0 61.2329 a b 0.00990113 8 0
0 0 26.2243 0 61.2709 a b 0.00616925 8 0
0 0 26.2184 0 61.3032 a b 0.00739814 8 0
0 0 26.2178 0 61.3354 a b 0.0130101 8 0
0 0 26.225 0 61.3672 a b 0.0152733 8 0
0 0 26.2282 0 61.3954 a b 0.0121584 8 0
0 0 26.2233 0 61.4183 a b 0.00924143 8 0
0 0 26.2211 0 61.4377 a b 0.00972775 8 0
0 0 26.2204 0 61.4569 a b 0.0121434 8 0
0 0 26.2214 0 61.4731 a b 0.0122299 8 0
0 0 26.2213 0 61.4916 a b 0.0111505 8 0
0 0 26.2197 0 61.5116 a b 0.00684961 8 0
0 0 26.2201 0 61.5319 a b 0.00518633 8 0
0 0 26.2194 0 61.5563 a b 0.00534905 8 0
0 0 26.2164 0 61.5783 a b 0.00697882 8 0
0 0 26.2159 0 61.5973 a b 0.00637113 8 0
0 0 26.2144 0 61.6074 a b 0.00173447 8 0
