-0.000047 0.002932 0.005461
-0.000485 0.016165 -0.517606
0.000832 0.035867 -0.874970
0.001512 0.054606 -1.143635
0.005134 0.075446 -1.401115
0.009529 0.095413 -1.452364
0.006023 0.122796 -1.258985
0.003817 0.155422 -1.107298
0.005340 0.186964 -1.098061
0.004302 0.225724 -1.277710
0.000911 0.259618 -1.598597
0.003329 0.283095 -1.839963
0.002151 0.306847 -1.984091
-0.000124 0.330342 -1.925091
-0.003931 0.347843 -1.805879
-0.006095 0.366595 -1.795101
-0.005787 0.385224 -1.920806
-0.006505 0.405743 -2.042181
-0.010761 0.418717 -2.309247
-0.007627 0.432419 -2.411356
-0.008276 0.442535 -2.462857
-0.012371 0.465346 -2.525773
-0.010371 0.476431 -2.566928
-0.011624 0.488977 -2.590319
-0.009852 0.506909 -2.548062
-0.012727 0.525942 -2.485270
-0.018750 0.546026 -2.459073
-0.022605 0.567911 -2.593136
-0.021897 0.591420 -2.883909
-0.020019 0.612215 -3.064092
-0.016241 0.631154 -2.946970
-0.015935 0.651061 -2.682531
-0.017737 0.674101 -2.411170
-0.018950 0.695306 -2.332377
-0.020295 0.711987 -2.390846
-0.020048 0.731226 -2.513512
-0.024081 0.748391 -2.654084
-0.028343 0.763581 -2.765422
-0.028995 0.781451 -2.831807
-0.029917 0.795123 -2.840500
-0.033317 0.808715 -2.819458
-0.037318 0.822618 -2.936580
-0.037280 0.835806 -3.158496
-0.034654 0.851486 -3.332446
-0.034514 0.868414 -3.322317
-0.035048 0.888429 -3.205361
-0.037482 0.909470 -3.218851
-0.038991 0.928804 -3.258017
-0.040192 0.954045 -3.252297
-0.042620 0.978801 -3.140996
-0.044743 0.998832 -3.046387
-0.045988 1.019241 -2.988257
-0.045208 1.038728 -2.967689
-0.044623 1.055321 -3.035451
-0.046081 1.070984 -3.141230
-0.044234 1.087500 -3.250765
-0.046660 1.105083 -3.443497
-0.047958 1.124164 -3.546373
-0.052687 1.138733 -3.574851
-0.056633 1.155892 -3.480711
-0.057566 1.171335 -3.402660
-0.056179 1.186750 -3.456190
-0.057410 1.204611 -3.547015
-0.061674 1.222289 -3.568016
-0.063199 1.237287 -3.536292
-0.064997 1.256503 -3.425655
-0.070265 1.275049 -3.255862
-0.067705 1.289514 -3.095119
-0.067686 1.305729 -3.107608
-0.067777 1.324900 -3.141824
-0.070858 1.344820 -3.048067
-0.071105 1.362460 -2.944992
-0.073818 1.383538 -2.843045
-0.070595 1.402229 -2.774786
-0.067199 1.419084 -2.682859
-0.071447 1.438340 -2.623873
-0.074721 1.459783 -2.508250
-0.078430 1.478864 -2.373057
-0.077227 1.494323 -2.282579
-0.078395 1.508579 -2.256280
-0.079685 1.525796 -2.273861
-0.082258 1.547045 -2.180129
-0.079838 1.562033 -2.148199
-0.079406 1.579736 -2.151703
-0.081058 1.597318 -2.096476
-0.081029 1.614394 -2.065798
-0.080069 1.631898 -2.067492
-0.079249 1.647886 -2.029085
-0.080779 1.666031 -1.945602
-0.076542 1.687585 -1.936924
-0.078321 1.708027 -2.021078
-0.081590 1.729373 -2.012987
-0.083767 1.753549 -1.922063
-0.086744 1.777257 -1.776743
-0.085986 1.793319 -1.650467
-0.082021 1.809422 -1.588252
-0.078956 1.828396 -1.683844
-0.080988 1.846097 -1.821051
-0.082674 1.863719 -1.835571
-0.082573 1.882392 -1.760607
-0.084584 1.901338 -1.746326
-0.088263 1.918707 -1.743070
-0.089175 1.933584 -1.663341
-0.088586 1.952120 -1.469492
-0.090891 1.971558 -1.335349
-0.091520 1.993519 -1.326575
-0.086880 2.014439 -1.412061
-0.089522 2.032783 -1.431862
-0.091280 2.049912 -1.362709
-0.096493 2.070884 -1.360112
-0.094346 2.092179 -1.341367
-0.093994 2.113660 -1.323634
-0.095436 2.133689 -1.273494
-0.093149 2.151192 -1.248354
-0.094432 2.170106 -1.240425
-0.094614 2.189752 -1.301522
-0.095450 2.208087 -1.300145
-0.095080 2.226096 -1.229864
-0.096163 2.245456 -1.096910
-0.097453 2.266296 -0.997417
-0.099428 2.281892 -0.993542
-0.099691 2.296601 -1.005120
-0.104983 2.317053 -1.089089
-0.107407 2.330721 -1.161706
-0.106195 2.349404 -1.157844
-0.102152 2.367243 -1.146092
-0.102381 2.386323 -1.138057
-0.103276 2.405436 -1.073887
-0.105820 2.424426 -1.003804
-0.106883 2.446240 -1.056233
-0.105850 2.467297 -1.202111
-0.105196 2.487141 -1.175512
-0.106265 2.508133 -1.096947
-0.106689 2.533250 -1.044304
-0.106538 2.557093 -1.028386
-0.107887 2.577888 -1.028812
-0.111285 2.596948 -1.034727
-0.114178 2.613950 -1.111165
-0.119032 2.634946 -1.302676
-0.114743 2.649269 -1.636622
-0.108197 2.664350 -1.863850
-0.113122 2.654810 -1.967904
-0.106847 2.643470 -2.765661
-0.100174 2.634493 -4.097711
-0.094385 2.629535 -5.247914
-0.086399 2.622463 -6.943181
-0.078574 2.611437 -9.184382
-0.074100 2.604696 -12.109960
-0.064216 2.600004 -15.334239
-0.059401 2.602325 -18.803669
-0.054465 2.610586 -21.962138
-0.060420 2.618276 -24.771994
-0.060323 2.622827 -27.224945
-0.053484 2.624045 -29.592860
-0.049981 2.629091 -31.748812
-0.046564 2.629759 -33.786355
-0.042175 2.633635 -35.936648
-0.039685 2.631753 -38.418242
-0.033056 2.633063 -41.175273
-0.034084 2.637040 -43.974622
-0.028730 2.639441 -46.903352
-0.023079 2.643248 -49.840738
-0.023196 2.651330 -52.625729
-0.026479 2.654953 -55.224812
-0.026288 2.659743 -57.637312
-0.025219 2.664519 -59.739609
-0.027376 2.669305 -61.597231
-0.030175 2.674230 -63.167253
-0.031163 2.680381 -64.380364
-0.035850 2.692420 -65.253285
-0.036692 2.685170 -63.952436
-0.037553 2.683214 -62.839522
-0.037461 2.687694 -61.631235
-0.051173 2.695441 -61.938125
-0.052229 2.698204 -63.451289
-0.053444 2.699872 -64.592293
-0.056950 2.700564 -66.113775
-0.056807 2.698430 -67.732296
-0.053926 2.700658 -69.517311
-0.052708 2.702692 -71.504373
-0.052802 2.705575 -73.387730
-0.046385 2.706460 -75.127773
-0.040261 2.702011 -76.762250
-0.036514 2.702357 -78.411765
-0.035865 2.703758 -80.185199
-0.033180 2.704030 -82.170935
-0.019869 2.705682 -84.589466
-0.017226 2.706445 -86.803920
-0.022771 2.711602 -88.793690
-0.020822 2.713396 -90.498019
-0.017048 2.719982 -91.837715
-0.018268 2.724845 -92.900478
-0.024136 2.738706 -93.513288
-0.016123 2.731694 -92.907481
-0.020708 2.730733 -92.876393
-0.017583 2.731117 -92.855580
-0.028525 2.731849 -92.770003
-0.013113 2.733395 -92.772388
-0.029588 2.731949 -92.818289
-0.044360 2.729860 -92.822715
-0.067915 2.729627 -92.759165
-0.086862 2.728680 -92.725334
-0.112576 2.726642 -92.808799
-0.141169 2.727665 -92.961282
-0.174840 2.721515 -92.944414
-0.204914 2.718821 -92.814026
-0.228243 2.719436 -92.740346
-0.252937 2.717636 -92.744871
-0.274502 2.714047 -92.804163
-0.294018 2.712727 -92.748909
-0.312611 2.712253 -92.722773
-0.325476 2.710386 -92.771784
-0.338891 2.712582 -92.781072
-0.358534 2.711899 -92.730249
-0.368359 2.709642 -92.799708
-0.385242 2.708721 -92.798114
-0.401447 2.706689 -92.752060
-0.420168 2.704460 -92.792612
-0.438627 2.702602 -92.765330
-0.461715 2.700689 -92.778727
-0.483947 2.699011 -92.779266
-0.506162 2.697801 -92.807397
-0.531014 2.697154 -92.797540
-0.552305 2.695764 -92.794537
-0.572396 2.693509 -92.766665
-0.592926 2.694563 -92.797703
-0.611445 2.691621 -92.773693
-0.626693 2.691316 -92.720804
-0.643797 2.687425 -92.721678
-0.661658 2.684855 -92.719577
-0.680625 2.684652 -92.720203
-0.697783 2.683751 -92.711447
-0.717322 2.681700 -92.735553
-0.731655 2.682397 -92.741827
-0.751249 2.680362 -92.738959
-0.772465 2.678818 -92.711529
-0.791529 2.675920 -92.721509
-0.811560 2.673878 -92.686654
-0.828461 2.674332 -92.701988
-0.847153 2.673231 -92.725842
-0.859962 2.670813 -92.784324
-0.872922 2.668408 -92.515755
-0.893284 2.670891 -92.200560
-0.916835 2.669329 -92.076243
-0.937919 2.664110 -92.091705
-0.956064 2.664595 -92.154750
-0.971738 2.661968 -92.115036
-0.990550 2.660582 -92.074682
-1.007809 2.659905 -91.970787
-1.021777 2.659977 -91.808698
-1.038231 2.660583 -91.662571
-1.056229 2.658148 -91.585931
-1.069905 2.657260 -91.520253
-1.086869 2.659436 -91.494676
-1.101528 2.656843 -91.288164
-1.120230 2.657213 -91.126769
-1.138132 2.658109 -90.933896
-1.158382 2.657770 -90.738830
-1.178147 2.656140 -90.540836
-1.196461 2.654862 -90.406831
-1.216416 2.651484 -90.397189
-1.236777 2.656476 -90.430231
-1.255322 2.654861 -90.375214
-1.270658 2.653250 -90.239109
-1.289125 2.655700 -90.046081
-1.306345 2.656760 -89.944465
-1.327554 2.652266 -89.975587
-1.349781 2.651369 -90.004139
-1.365329 2.653153 -89.925855
-1.381136 2.652990 -89.918373
-1.403196 2.653996 -89.807857
-1.421928 2.652463 -89.775438
-1.442778 2.651331 -89.675792
-1.459540 2.650079 -89.633602
-1.480590 2.650187 -89.602623
-1.500330 2.650487 -89.515394
-1.517965 2.650982 -89.432160
-1.536961 2.650037 -89.322670
-1.556048 2.646352 -89.242361
-1.573658 2.645897 -89.196636
-1.595484 2.647696 -89.234647
-1.613260 2.649355 -89.173241
-1.633560 2.649248 -89.080378
-1.651933 2.648201 -88.952912
-1.667595 2.647948 -88.897202
-1.682883 2.649094 -88.938922
-1.700853 2.647785 -88.871133
-1.719576 2.646077 -88.831411
-1.739028 2.649056 -88.760864
-1.757804 2.648399 -88.754269
-1.780141 2.648877 -88.673891
-1.799950 2.651260 -88.545894
-1.816659 2.649555 -88.461903
-1.830652 2.648575 -88.420830
-1.843651 2.646171 -88.477174
-1.864506 2.646244 -88.511130
-1.886008 2.648586 -88.515039
-1.901081 2.649324 -88.406318
-1.919830 2.649388 -88.319700
-1.936985 2.649899 -88.238322
-1.956265 2.649329 -88.205744
-1.975918 2.648116 -88.160078
-1.998285 2.646854 -88.122403
-2.014241 2.647251 -88.152302
-2.034113 2.649219 -88.139311
-2.055826 2.650598 -88.075717
-2.074078 2.650155 -87.997607
-2.090052 2.651771 -87.961426
-2.108652 2.651129 -87.997643
-2.125009 2.650597 -88.056579
-2.143340 2.650232 -88.015850
-2.160514 2.649811 -88.000973
-2.177387 2.649864 -87.955117
-2.193030 2.648641 -87.967921
-2.213714 2.649867 -88.028235
-2.235624 2.652430 -87.939394
-2.257016 2.652938 -87.926480
-2.275496 2.652057 -87.928096
-2.290773 2.651410 -87.871367
-2.311386 2.650846 -87.839620
-2.336461 2.653478 -87.817639
-2.366135 2.653775 -87.870444
-2.395989 2.654588 -87.857243
-2.427948 2.652784 -87.793471
-2.463317 2.650819 -87.645551
-2.499409 2.651702 -87.703866
-2.532649 2.651315 -87.800949
-2.566957 2.652876 -87.752562
-2.601199 2.652968 -87.659807
-2.633972 2.653960 -87.694221
-2.661610 2.654948 -87.816284
-2.688258 2.652266 -87.801599
-2.714851 2.655874 -87.731740
-2.738456 2.655079 -87.728047
-2.764515 2.652364 -87.788415
-2.788926 2.652411 -87.746990
-2.815331 2.652613 -87.776590
-2.844234 2.652048 -87.808122
-2.871263 2.655787 -87.850579
-2.901714 2.653908 -87.876807
-2.929269 2.655271 -87.847103
-2.960941 2.653836 -87.810821
-2.993968 2.652025 -87.835910
-3.026457 2.650812 -87.907032
-3.057572 2.650896 -87.918671
-3.086307 2.650551 -87.919973
-3.116064 2.651890 -87.855727
-3.142562 2.651910 -87.919269
-3.169938 2.651194 -87.928148
-3.195850 2.653203 -87.870295
-3.225190 2.654006 -87.846473
-3.255296 2.654242 -87.789369
-3.278638 2.651618 -87.783788
-3.306587 2.653542 -87.796058
-3.336605 2.654124 -87.754033
-3.364012 2.653967 -87.677291
-3.391606 2.655326 -87.632228
-3.422840 2.655478 -87.674067
-3.453775 2.654867 -87.671838
-3.482903 2.654434 -87.600545
-3.511504 2.656221 -87.492248
-3.540848 2.658005 -87.483171
-3.574170 2.656240 -87.530603
-3.600550 2.655336 -87.552117
-3.627717 2.656634 -87.549921
-3.658139 2.657464 -87.473110
-3.688954 2.661255 -87.518486
-3.716281 2.659517 -87.440009
-3.746178 2.657946 -87.435500
-3.776591 2.658583 -87.440223
-3.806745 2.661498 -87.426632
-3.832685 2.661921 -87.441992
-3.864650 2.663418 -87.425578
-3.891435 2.662809 -87.384206
-3.922699 2.662571 -87.422452
-3.951419 2.662709 -87.473926
-3.984607 2.664728 -87.462769
-4.009866 2.665441 -87.397399
-4.041310 2.663022 -87.406469
-4.070724 2.661473 -87.485938
-4.097314 2.663652 -87.557666
-4.124455 2.667495 -87.515369
-4.152301 2.668025 -87.463084
-4.180478 2.666225 -87.452284
-4.212161 2.665498 -87.555300
-4.242232 2.665527 -87.618785
-4.270724 2.667261 -87.637348
-4.298524 2.668808 -87.553424
-4.323963 2.667083 -87.538555
-4.355649 2.665656 -87.666696
-4.386098 2.666992 -87.638982
-4.416702 2.669012 -87.690397
-4.444911 2.668104 -87.722617
-4.473907 2.671076 -87.788750
-4.501294 2.670973 -87.741859
-4.531632 2.670653 -87.748716
-4.560484 2.670302 -87.756522
-4.589031 2.670625 -87.824258
-4.619600 2.673539 -87.821514
-4.647237 2.672296 -87.857848
-4.677573 2.671246 -87.803935
-4.707887 2.669898 -87.861598
-4.737892 2.669282 -87.927164
-4.769285 2.671335 -87.856416
-4.799509 2.670641 -87.881720
-4.828717 2.670172 -87.849364
-4.857824 2.669941 -87.958028
-4.887455 2.671198 -88.008204
-4.918002 2.673574 -87.911676
-4.945682 2.672610 -87.911844
-4.969614 2.671563 -87.942221
-4.995383 2.671267 -87.986305
-5.025763 2.672024 -88.038229
-5.052824 2.673772 -88.055197
-5.080746 2.672851 -88.046171
-5.107349 2.672738 -88.044269
-5.138003 2.671607 -88.093392
-5.170765 2.671692 -88.128074
-5.201529 2.671060 -88.178383
-5.233537 2.672848 -88.236077
-5.262844 2.673512 -88.189507
-5.291331 2.672419 -88.214406
-5.322811 2.672549 -88.270058
-5.349741 2.672630 -88.277488
-5.378869 2.672497 -88.295388
-5.408697 2.673522 -88.367934
-5.439967 2.672619 -88.424668
-5.466080 2.673315 -88.370339
-5.489852 2.672947 -88.401356
-5.516161 2.672482 -88.541601
-5.547354 2.673447 -88.539901
-5.582209 2.672685 -88.544439
-5.608749 2.672090 -88.491355
-5.633503 2.673258 -88.608496
-5.663357 2.674319 -88.715115
-5.694023 2.675583 -88.648914
-5.724364 2.676699 -88.650181
-5.751315 2.675485 -88.663475
-5.777857 2.677326 -88.822452
-5.806743 2.675623 -88.890712
-5.839110 2.670154 -88.881078
-5.870882 2.669863 -88.864838
-5.894512 2.671687 -88.978486
-5.920622 2.668667 -89.076210
-5.950025 2.668456 -89.037435
-5.979412 2.670045 -89.175865
-6.009441 2.667000 -89.209542
-6.039054 2.667975 -89.238656
-6.066371 2.668377 -89.376732
-6.100870 2.668043 -89.377682
-6.130721 2.666690 -89.436112
-6.161993 2.665915 -89.549159
-6.189413 2.666054 -89.616501
-6.218658 2.667456 -89.614497
-6.250115 2.664857 -89.658983
-6.280111 2.663923 -89.713270
-6.306187 2.664605 -89.826950
-6.338454 2.662729 -89.892893
-6.364820 2.663218 -89.880208
-6.394572 2.661180 -89.933200
-6.428797 2.659247 -90.036711
-6.456685 2.659252 -90.023973
-6.485882 2.660012 -90.065042
-6.515774 2.659477 -90.154918
-6.545638 2.658017 -90.072610
-6.579090 2.656819 -90.116907
-6.610267 2.656885 -90.272830
-6.640522 2.654921 -90.287978
-6.666894 2.655797 -90.308136
-6.692782 2.655386 -90.283641
-6.719739 2.654384 -90.241240
-6.752617 2.652924 -90.294543
-6.777596 2.652335 -90.518255
-6.803169 2.651452 -90.437404
-6.836376 2.652424 -90.453163
-6.864036 2.651222 -90.498441
-6.889778 2.648613 -90.453327
-6.923475 2.648572 -90.522526
-6.952739 2.647707 -90.567314
-6.982780 2.645882 -90.631004
-7.011266 2.646878 -90.718175
-7.039752 2.646327 -90.624728
-7.073052 2.644957 -90.533186
-7.107816 2.644114 -90.735202
-7.132699 2.644333 -90.894116
-7.158826 2.643203 -90.825920
-7.191447 2.642329 -90.832876
-7.221074 2.640656 -90.913894
-7.248344 2.640108 -90.919041
-7.275356 2.637414 -90.970256
-7.303797 2.638918 -91.066911
-7.335334 2.640247 -91.060330
-7.362367 2.636703 -91.009917
-7.390143 2.634696 -91.115427
-7.414277 2.636355 -91.261479
-7.441858 2.637605 -91.241429
-7.471660 2.635221 -91.220088
-7.502619 2.632333 -91.262249
-7.532828 2.632121 -91.360079
-7.564329 2.630933 -91.414490
-7.595199 2.630161 -91.464344
-7.620033 2.630336 -91.432893
-7.651962 2.629890 -91.530132
-7.681979 2.632756 -91.510872
-7.709622 2.629076 -91.461919
-7.734086 2.626768 -91.566628
-7.763775 2.626332 -91.620578
-7.792573 2.625853 -91.616205
-7.818579 2.624820 -91.680377
-7.847259 2.623183 -91.620348
-7.875405 2.620116 -91.688138
-7.904201 2.620363 -91.841766
-7.939221 2.619741 -91.866795
-7.967151 2.619140 -91.800104
-7.995474 2.616795 -91.906520
-8.024805 2.617410 -91.976819
-8.056338 2.615815 -91.970404
-8.085763 2.613122 -92.027566
-8.117701 2.612862 -92.041470
-8.147870 2.610019 -92.093407
-8.170858 2.605481 -92.114430
-8.203347 2.603585 -92.147878
-8.228942 2.602606 -92.172900
-8.257385 2.602538 -92.225198
-8.283597 2.601377 -92.178750
-8.311617 2.598545 -92.187784
-8.340319 2.599014 -92.249523
-8.370434 2.597400 -92.161925
-8.400417 2.596824 -91.959624
-8.426676 2.596843 -91.816144
-8.456219 2.595542 -91.698545
-8.486830 2.595140 -91.440376
-8.516726 2.593485 -91.196277
-8.543377 2.594292 -91.073042
-8.575287 2.594527 -90.847265
-8.604542 2.593814 -90.650117
-8.631063 2.592041 -90.500440
-8.655627 2.592109 -90.340618
-8.682767 2.592064 -90.300378
-8.715260 2.592078 -90.306044
-8.746934 2.593190 -90.203340
-8.774236 2.593719 -90.071959
-8.799803 2.592719 -90.035399
-8.827469 2.592035 -90.058510
-8.856482 2.590480 -90.054517
-8.891085 2.592455 -89.995800
-8.920674 2.592489 -89.931763
-8.947203 2.592573 -89.908832
-8.973777 2.591131 -89.969210
-8.998909 2.589459 -89.989726
-9.029809 2.593343 -89.883389
-9.057218 2.592285 -89.896245
-9.086348 2.591139 -89.896486
-9.114419 2.592246 -89.885749
-9.142833 2.592074 -89.951909
-9.174699 2.590895 -89.837412
-9.206799 2.593060 -89.815959
-9.235676 2.592667 -89.844742
-9.267604 2.592010 -89.768466
-9.295668 2.592143 -89.772151
-9.324099 2.591786 -89.763198
-9.355004 2.593076 -89.767696
-9.384160 2.591932 -89.754355
-9.411071 2.591302 -89.680197
-9.438131 2.591073 -89.710537
-9.464285 2.589675 -89.703517
-9.497380 2.591732 -89.761794
-9.522096 2.591712 -89.844999
-9.553201 2.590880 -89.731198
-9.582413 2.592218 -89.670366
-9.604901 2.593091 -89.758625
-9.633689 2.592798 -89.825173
-9.665496 2.593327 -89.812262
-9.696231 2.592622 -89.721774
-9.727988 2.594309 -89.734367
-9.756704 2.592929 -89.910959
-9.786903 2.591481 -89.961534
-9.816921 2.592100 -90.001793
-9.845526 2.592538 -90.005182
-9.876106 2.591913 -90.034923
-9.903639 2.589979 -90.153588
-9.928971 2.589380 -90.252161
-9.958740 2.591615 -90.259989
-9.988068 2.590685 -90.233093
-10.022171 2.587702 -90.325378
-10.054774 2.588420 -90.393421
-10.082885 2.589406 -90.346773
-10.111043 2.588126 -90.345605
-10.141539 2.586293 -90.474382
-10.170821 2.585836 -90.536467
-10.196357 2.586080 -90.561211
-10.226746 2.586871 -90.483058
-10.261678 2.585992 -90.549933
-10.289148 2.584440 -90.708736
-10.316133 2.584618 -90.663243
-10.345308 2.584875 -90.537655
-10.374315 2.584262 -90.580838
-10.397314 2.582381 -90.718513
-10.425326 2.581941 -90.823121
-10.451000 2.582929 -90.698932
-10.484664 2.583986 -90.669201
-10.514223 2.582605 -90.791234
-10.542082 2.580068 -90.849442
-10.573584 2.581991 -90.874435
-10.606495 2.581329 -90.948522
-10.633754 2.579732 -90.865181
-10.663253 2.578630 -90.952187
-10.691592 2.578290 -91.006452
-10.722233 2.579425 -91.035544
-10.752351 2.579184 -91.056090
-10.779944 2.578627 -91.041646
-10.809021 2.579022 -91.080090
-10.835074 2.581433 -91.075521
-10.866455 2.577775 -91.028629
-10.897778 2.576774 -91.152430
-10.930054 2.580114 -91.222996
-10.961616 2.580636 -91.169046
-10.994645 2.580467 -91.162503
-11.019838 2.577635 -91.097627
-11.047885 2.572340 -91.194277
-11.070729 2.573533 -91.328495
-11.097925 2.576014 -91.303758
-11.129933 2.575539 -91.260415
-11.155283 2.570773 -91.238967
-11.187474 2.568945 -91.354985
-11.222700 2.572038 -91.431713
-11.260163 2.576279 -91.365391
-11.307716 2.581870 -91.340179
-11.348227 2.580385 -91.440111
-11.387993 2.582493 -91.496606
-11.429519 2.582970 -91.638098
-11.466112 2.585313 -91.836061
-11.495706 2.586151 -91.943084
-11.533500 2.586633 -91.824082
-11.563862 2.586675 -91.632483
-11.592541 2.579638 -92.143100
-11.623273 2.571329 -92.173021
-11.649540 2.566001 -92.031528
-11.664223 2.559696 -92.399052
-11.685753 2.554874 -92.633539
-11.708991 2.553584 -92.607357
-11.731942 2.549443 -92.794839
-11.756648 2.544856 -93.041907
-11.786855 2.543142 -93.144622
-11.812462 2.542688 -93.396499
-11.842136 2.546357 -93.491894
-11.875433 2.547504 -93.752816
-11.912869 2.549718 -94.030567
-11.939505 2.545321 -94.457047
-11.958721 2.547923 -94.650935
-11.976476 2.550260 -94.661244
-11.995704 2.547839 -94.818279
-12.012731 2.543965 -95.066876
-12.032703 2.545125 -95.129606
-12.051665 2.551720 -95.253839
-12.071628 2.548238 -95.078418
-12.083990 2.539540 -94.787420
-12.092963 2.530800 -94.757579
-12.110249 2.527301 -94.680467
-12.130169 2.524859 -94.680384
-12.154606 2.521882 -94.407895
-12.178439 2.515092 -94.226754
-12.207276 2.506993 -93.961339
-12.234728 2.499738 -93.560149
-12.260670 2.496629 -93.219184
-12.291379 2.496241 -92.894245
-12.329604 2.497713 -92.630931
-12.366662 2.498545 -92.321275
-12.396662 2.504628 -91.810880
-12.425599 2.505998 -91.498912
-12.454686 2.507977 -91.218497
-12.485899 2.505646 -90.902997
-12.519059 2.508462 -90.573357
-12.539029 2.511439 -90.500662
-12.567478 2.508470 -90.303964
-12.591951 2.504342 -90.173453
-12.613145 2.502648 -90.230261
-12.639496 2.499997 -90.300490
-12.669174 2.496369 -90.191531
-12.702608 2.499153 -90.089325
-12.742722 2.502346 -90.207615
-12.785468 2.496909 -90.356077
-12.819679 2.494968 -90.409421
-12.858630 2.497797 -90.466129
-12.898994 2.498860 -90.559603
-12.932029 2.495971 -90.598362
-12.968036 2.497154 -90.691323
-12.999763 2.497036 -90.693464
-13.027985 2.496597 -90.767693
-13.055071 2.496827 -90.819130
-13.082531 2.496396 -90.904257
-13.102267 2.494737 -91.014776
-13.121039 2.493917 -91.073205
-13.145188 2.494358 -91.096346
-13.169128 2.494789 -91.222946
-13.192608 2.493935 -91.264225
-13.223682 2.493016 -91.286465
-13.260661 2.492735 -91.450106
-13.290100 2.493300 -91.528783
-13.322895 2.494232 -91.542454
-13.356081 2.491528 -91.584615
-13.390502 2.490153 -91.740983
-13.421309 2.489704 -91.892440
-13.449456 2.491008 -91.892078
-13.477226 2.492865 -91.881386
-13.503957 2.488801 -91.972155
-13.534607 2.487015 -92.121589
-13.558998 2.486799 -92.216158
-13.588000 2.487331 -92.211338
-13.611834 2.486733 -92.242387
-13.641860 2.481699 -92.314769
-13.673201 2.479986 -92.397648
-13.698314 2.481345 -92.526429
-13.726296 2.479357 -92.515828
-13.757082 2.478839 -92.594914
-13.787676 2.476545 -92.619354
-13.819708 2.473614 -92.685126
-13.851099 2.473119 -92.790763
-13.879840 2.471891 -92.775423
-13.909234 2.469509 -92.831166
-13.938963 2.472005 -92.903622
-13.968673 2.467036 -92.946461
-13.993641 2.469713 -92.949954
-14.017266 2.468096 -92.865708
-14.048539 2.463308 -92.989690
-14.075878 2.466011 -93.028994
-14.105477 2.467162 -92.936612
-14.132501 2.464176 -92.842355
-14.157468 2.461733 -92.819159
-14.185792 2.455788 -92.889096
-14.209919 2.459511 -92.925682
-14.234650 2.461786 -92.687041
-14.265454 2.457264 -92.511167
-14.294705 2.455270 -92.475201
-14.324984 2.451167 -92.416630
-14.353837 2.453649 -92.467804
-14.381901 2.456787 -92.269280
-14.415377 2.451835 -92.093886
-14.444336 2.450431 -92.072356
-14.471773 2.445709 -92.114675
-14.502823 2.448672 -92.244787
-14.532253 2.451593 -92.061946
-14.557918 2.447651 -91.941591
-14.588003 2.445213 -92.069206
-14.617327 2.446886 -92.012560
-14.645119 2.443319 -92.037545
-14.680462 2.444244 -92.025658
-14.705646 2.443083 -91.961684
-14.733826 2.442520 -91.952923
-14.764664 2.439510 -91.957883
-14.794081 2.439156 -91.901603
-14.821709 2.436793 -92.012875
-14.855255 2.435728 -92.013807
-14.888462 2.435369 -91.956710
-14.921059 2.432857 -91.900031
-14.945235 2.433953 -91.912904
-14.972306 2.433137 -92.122939
-15.001339 2.429909 -92.254257
-15.033532 2.430492 -92.053407
-15.058623 2.430803 -91.930072
-15.086811 2.433755 -92.004208
-15.118764 2.433164 -92.191900
-15.148956 2.430833 -92.284541
-15.175799 2.428783 -92.236729
-15.204062 2.430066 -92.208855
-15.233852 2.429407 -92.301172
-15.261478 2.427433 -92.555043
-15.295205 2.424627 -92.552708
-15.322946 2.424360 -92.461167
-15.348222 2.424782 -92.496781
-15.376739 2.422987 -92.646976
-15.406544 2.422943 -92.741053
-15.434479 2.422973 -92.689409
-15.462974 2.421583 -92.858957
-15.492889 2.418305 -92.861112
-15.523194 2.417375 -92.797846
-15.548124 2.418252 -92.885017
-15.577090 2.413341 -92.905814
-15.605480 2.412494 -92.816674
-15.633450 2.421277 -92.826829
-15.660726 2.419860 -93.068892
-15.690652 2.410246 -93.162589
-15.721529 2.404709 -92.982037
-15.749096 2.407383 -93.026653
-15.778891 2.410617 -93.237070
-15.807622 2.402379 -93.224984
-15.842163 2.400592 -93.148625
-15.869801 2.404730 -93.114677
-15.897849 2.409284 -93.126943
-15.925497 2.402859 -93.290725
-15.953067 2.394805 -93.240360
-15.983982 2.391411 -93.175435
-16.010637 2.393573 -93.210864
-16.038161 2.393729 -93.160325
-16.062888 2.390302 -93.150026
-16.087753 2.387896 -93.012084
-16.116087 2.389534 -92.762721
-16.140164 2.389638 -92.581595
-16.167294 2.391682 -92.557619
-16.199091 2.384786 -92.327984
-16.229369 2.387121 -91.818233
-16.258054 2.387263 -91.621158
-16.286277 2.385062 -91.542425
-16.315160 2.384082 -91.263413
-16.344930 2.383518 -90.886427
-16.374586 2.387625 -90.636478
-16.403922 2.388909 -90.405559
-16.432247 2.388505 -90.194214
-16.456755 2.392128 -90.037635
-16.478871 2.391339 -89.695127
-16.508329 2.393475 -89.409581
-16.537723 2.392565 -89.226892
-16.561942 2.392365 -88.999715
-16.589201 2.395594 -88.811969
-16.618656 2.395140 -88.683854
-16.654007 2.395499 -88.602743
-16.685907 2.396196 -88.746596
-16.713193 2.399326 -88.785794
-16.741392 2.399438 -88.671945
-16.771811 2.397916 -88.679465
-16.801783 2.398536 -88.752043
-16.829637 2.400145 -88.737010
-16.857368 2.400976 -88.652608
-16.888816 2.401231 -88.663723
-16.913179 2.401501 -88.729188
-16.933997 2.401874 -88.639951
-16.960858 2.400725 -88.670752
-16.989077 2.403461 -88.757237
-17.016362 2.405313 -88.668727
-17.044408 2.406872 -88.555177
-17.072507 2.400045 -88.580606
-17.106849 2.398784 -88.606748
-17.138685 2.403615 -88.643751
-17.168812 2.406497 -88.571609
-17.194246 2.405941 -88.649322
-17.221734 2.411677 -88.644208
-17.250267 2.412191 -88.564221
-17.276121 2.412797 -88.593632
-17.305250 2.409841 -88.678685
-17.336157 2.412312 -88.783160
-17.360918 2.416061 -88.843066
-17.385888 2.417261 -88.752397
-17.412296 2.413349 -88.715556
-17.445297 2.408334 -88.863220
-17.473153 2.412003 -88.959782
-17.502900 2.415757 -88.929759
-17.533153 2.412630 -88.957676
-17.565402 2.414272 -89.113615
-17.596906 2.418008 -89.127330
-17.624122 2.415751 -89.074755
-17.654913 2.413841 -89.182126
-17.684954 2.414156 -89.293105
-17.712937 2.417530 -89.289209
-17.743173 2.415436 -89.232915
-17.770281 2.413291 -89.385185
-17.797568 2.418534 -89.508102
-17.824058 2.418211 -89.453392
-17.852221 2.416629 -89.530449
-17.879080 2.419244 -89.578703
-17.907963 2.419610 -89.605643
-17.938550 2.419014 -89.643050
-17.965908 2.417826 -89.647167
-17.999232 2.418313 -89.778485
-18.029645 2.421471 -89.752865
-18.060490 2.418634 -89.826152
-18.090879 2.418953 -89.925045
-18.125520 2.417630 -89.945670
-18.156048 2.418818 -90.047660
-18.183142 2.418882 -90.144460
-18.211496 2.419473 -90.198579
-18.236331 2.419886 -90.269172
-18.262082 2.421419 -90.374959
-18.290863 2.421642 -90.461130
-18.321574 2.420795 -90.443363
-18.348691 2.421871 -90.555170
-18.379360 2.420785 -90.637173
-18.409828 2.421144 -90.587912
-18.436956 2.420820 -90.698985
-18.466081 2.418019 -90.721850
-18.498533 2.420621 -90.739786
-18.529758 2.424651 -90.819785
-18.562356 2.423194 -90.946301
-18.592632 2.419559 -91.031671
-18.619061 2.417872 -91.025504
-18.647797 2.419420 -91.144725
-18.679539 2.422902 -91.211354
-18.709079 2.423589 -91.218538
-18.738092 2.425558 -91.314603
-18.765884 2.421764 -91.486190
-18.797822 2.417559 -91.496554
-18.829295 2.418100 -91.428390
-18.852987 2.416502 -91.518356
-18.879645 2.420058 -91.602864
-18.916095 2.415880 -91.498008
-18.940456 2.418368 -91.446999
-18.967981 2.414235 -91.486820
-18.999278 2.411945 -91.248395
-19.023495 2.415275 -91.061306
-19.050906 2.417963 -91.089818
-19.079428 2.417444 -91.075493
-19.102603 2.415636 -90.954580
-19.126396 2.418431 -90.823379
-19.155064 2.418498 -90.786487
-19.183305 2.415916 -90.769838
-19.212171 2.415056 -90.658900
-19.239576 2.417922 -90.682940
-19.271541 2.416798 -90.693642
-19.304986 2.416144 -90.640182
-19.335351 2.418903 -90.670851
-19.364194 2.417447 -90.668853
-19.391595 2.417439 -90.663900
-19.422932 2.420844 -90.763404
-19.456298 2.418429 -90.692800
-19.482057 2.418618 -90.710783
-19.511635 2.418179 -90.689299
-19.542313 2.417005 -90.664282
-19.569187 2.416453 -90.823963
-19.595310 2.416059 -90.797109
-19.626415 2.416541 -90.680095
-19.650631 2.419331 -90.721347
-19.684077 2.419758 -90.779805
-19.714414 2.419147 -90.843249
-19.743961 2.418025 -90.830781
-19.773269 2.420010 -90.811451
-19.800165 2.418619 -90.847381
-19.829701 2.415980 -90.890395
-19.858172 2.415909 -90.992083
-19.887647 2.416909 -91.012326
-19.922934 2.417190 -91.017829
-19.952513 2.421346 -91.025794
-19.984685 2.420968 -91.015685
-20.015312 2.418501 -91.085778
-20.045747 2.419915 -90.994977
-20.074853 2.417550 -91.111789
-20.104993 2.422351 -91.177151
-20.131784 2.425221 -91.075921
-20.163102 2.423089 -91.130248
-20.195693 2.421069 -91.261038
-20.219725 2.425278 -91.173639
-20.247342 2.423698 -90.861391
-20.282555 2.417549 -91.252713
-20.306694 2.423280 -91.695334
-20.328652 2.424048 -91.289331
-20.360174 2.418693 -91.183293
-20.394402 2.419420 -91.454174
-20.425749 2.421343 -91.515065
-20.454628 2.419698 -91.395227
-20.483202 2.418878 -91.413634
-20.510510 2.416951 -91.514474
-20.539009 2.416568 -91.521691
-20.570879 2.409013 -91.595778
-20.602582 2.407115 -91.697844
-20.628138 2.411081 -91.728265
-20.652365 2.413374 -91.681939
-20.677662 2.412364 -91.773836
-20.703693 2.415963 -91.775368
-20.727963 2.411755 -91.567614
-20.759078 2.406948 -91.766820
-20.787208 2.413326 -92.080563
-20.812063 2.417316 -91.807983
-20.845567 2.412177 -91.631989
-20.876358 2.411634 -91.881243
-20.907709 2.412084 -91.991494
-20.935489 2.412552 -91.829474
-20.971098 2.410198 -91.877543
-20.998250 2.410495 -91.937056
-21.025369 2.410542 -91.902852
-21.059433 2.408418 -91.879539
-21.090342 2.404564 -91.951832
-21.115152 2.404445 -92.063006
-21.141777 2.406536 -92.043588
-21.168798 2.404824 -92.020517
-21.202700 2.400213 -92.103857
-21.232088 2.401732 -92.120348
-21.262647 2.402341 -92.115522
-21.295289 2.402491 -92.205935
-21.319334 2.400343 -92.218926
-21.347423 2.400407 -92.259091
-21.381679 2.397756 -92.282950
-21.408436 2.397110 -92.383791
-21.438221 2.396042 -92.390468
-21.468934 2.396786 -92.466174
-21.500047 2.399537 -92.464048
-21.528087 2.396954 -92.463986
-21.555844 2.396114 -92.490587
-21.583971 2.391424 -92.545281
-21.610150 2.393729 -92.596278
-21.642300 2.390645 -92.643143
-21.670583 2.387366 -92.661591
-21.697805 2.387013 -92.703957
-21.722164 2.385313 -92.761866
-21.749680 2.388314 -92.711561
-21.777750 2.385549 -92.846467
-21.811535 2.384494 -92.821146
-21.836256 2.386609 -92.830531
-21.863557 2.385194 -92.931486
-21.895118 2.381035 -93.032474
-21.926931 2.381148 -93.089130
-21.955945 2.380088 -93.048085
-21.984658 2.379763 -93.007097
-22.011773 2.375989 -93.161436
-22.040141 2.374584 -93.240887
-22.071132 2.371946 -93.214899
-22.100027 2.375680 -93.237561
-22.123865 2.372581 -93.367409
-22.155807 2.371394 -93.378567
-22.184630 2.370756 -93.419819
-22.213931 2.370328 -93.500514
-22.241139 2.368679 -93.570787
-22.276788 2.367447 -93.621718
-22.310469 2.368588 -93.690159
-22.339792 2.364970 -93.730182
-22.361836 2.365220 -93.757415
-22.396974 2.363457 -93.866060
-22.429365 2.364090 -93.961476
-22.460552 2.365173 -93.979507
-22.506220 2.363569 -93.902327
-22.539156 2.364621 -94.064704
-22.572556 2.364886 -94.136297
-22.611325 2.367193 -94.183094
-22.648623 2.366894 -94.158609
-22.681403 2.365901 -94.213785
-22.713819 2.359046 -94.440327
-22.737816 2.352414 -94.464415
-22.769412 2.353440 -94.415806
-22.806534 2.352361 -94.495387
-22.842832 2.349509 -94.530689
-22.865822 2.343469 -94.744560
-22.899812 2.339928 -94.881660
-22.935698 2.341333 -94.929471
-22.964602 2.342576 -95.019961
-22.989976 2.338937 -95.097533
-23.021379 2.333215 -95.162295
-23.051641 2.332268 -95.263371
-23.083530 2.332963 -95.388477
-23.115835 2.327794 -95.473427
-23.150781 2.325625 -95.624260
-23.182444 2.321796 -95.680064
-23.207781 2.321901 -95.794090
-23.240776 2.318629 -95.719464
-23.262868 2.328500 -95.358408
-23.292116 2.330059 -94.968457
-23.320184 2.334074 -94.665887
-23.342439 2.333409 -94.036993
-23.370940 2.320678 -93.653513
-23.396161 2.315154 -93.600645
-23.415350 2.313273 -93.540857
-23.439504 2.313689 -93.617446
-23.461126 2.313705 -93.593787
-23.484826 2.311257 -93.586196
-23.515177 2.311819 -93.705340
-23.539269 2.309340 -93.646410
-23.561305 2.303391 -93.636986
-23.595604 2.296937 -93.898174
-23.616778 2.299221 -94.024000
-23.644476 2.298182 -93.636829
-23.692126 2.285804 -93.983386
-23.719526 2.291232 -94.394198
-23.736159 2.292223 -94.400532
-23.738943 2.302339 -94.886366
-23.728089 2.304659 -94.860888
