0.006467 -0.003415 -0.019232
0.006119 -0.014126 -0.065894
0.001201 -0.002495 -0.799409
0.002980 0.016751 -0.794490
0.004117 0.045436 -0.836045
0.001674 0.076034 -0.888210
-0.001907 0.117849 -0.807154
-0.004969 0.162411 -0.920173
-0.010116 0.210246 -0.916947
-0.006187 0.258498 -0.912071
-0.008315 0.306709 -0.705119
-0.011351 0.351990 -0.457589
-0.012961 0.395576 -0.228472
-0.019135 0.433095 -0.235597
-0.022774 0.467501 -0.301198
-0.029564 0.498337 -0.399153
-0.025161 0.527042 -0.455184
-0.023135 0.556281 -0.345510
-0.021079 0.579638 -0.300018
-0.021378 0.602302 -0.341878
-0.021913 0.623395 -0.439496
-0.024168 0.641860 -0.502937
-0.030620 0.659769 -0.607444
-0.033451 0.677377 -0.742759
-0.034017 0.698533 -0.870880
-0.032324 0.721987 -0.864508
-0.034445 0.746753 -0.973084
-0.034889 0.775866 -0.951345
-0.037650 0.807123 -1.009305
-0.039926 0.840136 -1.171748
-0.039399 0.876364 -1.103975
-0.039260 0.909063 -0.737664
-0.036492 0.942555 -0.392006
-0.038209 0.978939 0.086811
-0.041294 1.009233 0.565264
-0.041725 1.040616 0.889521
-0.042081 1.069369 1.160618
-0.040823 1.098903 1.343013
-0.041538 1.130009 1.424274
-0.044022 1.160693 1.653196
-0.042195 1.186900 1.867460
-0.044066 1.214708 1.888382
-0.044451 1.243002 1.924229
-0.043709 1.272796 2.081118
-0.043439 1.299414 2.101156
-0.041070 1.326066 2.118353
-0.041383 1.353289 2.119880
-0.041975 1.382649 2.216036
-0.041940 1.410475 2.246406
-0.039933 1.438915 2.356606
-0.039105 1.469383 2.426847
-0.041977 1.500382 2.554620
-0.042400 1.529725 2.549603
-0.045235 1.559322 2.664125
-0.041241 1.588307 2.711515
-0.039029 1.623524 2.785328
-0.039904 1.649735 2.763176
-0.039710 1.684276 2.829537
-0.038500 1.714788 2.924624
-0.041273 1.745358 2.995527
-0.042629 1.774707 3.043162
-0.044103 1.803398 3.149190
-0.045079 1.832206 3.149822
-0.042534 1.861140 3.176514
-0.041981 1.885720 3.264167
-0.042743 1.913955 3.260385
-0.041644 1.941193 3.307109
-0.038836 1.969384 3.304462
-0.036452 1.995342 3.127397
-0.034588 2.024528 2.803632
-0.034098 2.050839 2.361606
-0.038194 2.072822 2.146331
-0.038246 2.100511 1.799557
-0.038981 2.130265 1.401792
-0.039767 2.158786 1.045951
-0.040542 2.190139 0.669668
-0.044439 2.220200 0.235874
-0.043988 2.248217 0.086151
-0.045198 2.279133 0.098305
-0.049036 2.313036 -0.012778
-0.055259 2.342859 -0.031596
-0.056068 2.374161 -0.053877
-0.058605 2.407354 -0.148303
-0.056460 2.435000 -0.283332
-0.059698 2.462820 -0.366525
-0.062285 2.494779 -0.444742
-0.063467 2.523425 -0.552779
-0.065369 2.549799 -0.626710
-0.068916 2.579440 -0.727688
-0.068023 2.610782 -0.853615
-0.064304 2.641236 -0.905871
-0.065398 2.669008 -1.016460
-0.071320 2.698976 -1.121460
-0.073564 2.728878 -1.139655
-0.071524 2.761249 -1.106346
-0.075027 2.793694 -1.153731
-0.075233 2.823098 -1.181452
-0.072137 2.853741 -0.928701
-0.072838 2.880171 -0.534707
-0.072947 2.904568 -0.371459
-0.076799 2.931932 -0.206289
-0.071096 2.959083 -0.020272
-0.067331 2.986294 0.274078
-0.072095 3.012435 0.317093
-0.076779 3.041145 0.309184
-0.075803 3.066788 0.454696
-0.076876 3.093859 0.592526
-0.076194 3.122072 0.620440
-0.075021 3.149793 0.655969
-0.075821 3.182651 0.964116
-0.081936 3.215993 1.096531
-0.081665 3.246924 1.060352
-0.079452 3.278965 1.207010
-0.078999 3.309729 1.284022
-0.081560 3.342075 1.344340
-0.080827 3.371944 1.426770
-0.084326 3.400652 1.501533
-0.083567 3.427920 1.556394
-0.082849 3.454688 1.636037
-0.083625 3.480063 1.736031
-0.086000 3.507593 1.767196
-0.088552 3.535333 1.866808
-0.084771 3.562183 1.900454
-0.083667 3.588603 1.860000
-0.085749 3.618153 1.919814
-0.088614 3.646070 2.013507
-0.090159 3.675511 2.005324
-0.092199 3.706758 1.924235
-0.091770 3.738412 2.022391
-0.090147 3.768719 1.963692
-0.091174 3.797770 1.927782
-0.092693 3.829050 1.924982
-0.090887 3.859032 1.938127
-0.092869 3.890211 1.966169
-0.094008 3.925285 1.961106
-0.091530 3.957210 1.927447
-0.087611 3.988395 1.910308
-0.091777 4.018368 1.887748
-0.090423 4.043815 1.842439
-0.090389 4.071460 1.854555
-0.091340 4.102985 1.839261
-0.088748 4.132880 1.781996
-0.087733 4.162229 1.717367
-0.088785 4.191222 1.728144
-0.088012 4.216102 1.717230
-0.086608 4.244494 1.709211
-0.087109 4.271873 1.639902
-0.087555 4.300877 1.690815
-0.088055 4.330560 1.646877
-0.089509 4.361331 1.639454
-0.090102 4.390226 1.660853
-0.091045 4.421494 1.634245
-0.089881 4.443659 1.580888
-0.092562 4.468743 1.667570
-0.087931 4.499493 1.596562
-0.085492 4.526972 1.506396
-0.083636 4.555477 1.545085
-0.086677 4.583793 1.578093
-0.083882 4.607260 1.519811
-0.082325 4.635493 1.528923
-0.087787 4.668387 1.532495
-0.086859 4.701828 1.646226
-0.084842 4.728556 1.633263
-0.087545 4.760941 1.716237
-0.086304 4.799002 1.865807
-0.088752 4.829395 1.882332
-0.092347 4.861295 1.939097
-0.090795 4.892052 2.021757
-0.087957 4.926121 1.985789
-0.089057 4.955059 1.997858
-0.090886 4.989423 2.086510
-0.090215 5.020805 2.044755
-0.088033 5.047219 2.033087
-0.090522 5.073612 2.062358
-0.092870 5.105164 2.096886
-0.089343 5.134147 2.030258
-0.087256 5.159824 2.007280
-0.086837 5.183534 2.014595
-0.087658 5.214608 2.014377
-0.087658 5.247036 2.050569
-0.089253 5.273372 2.069123
-0.088999 5.304010 2.012771
-0.085195 5.332609 1.991742
-0.088580 5.362914 1.981269
-0.087865 5.397319 1.939640
-0.090815 5.429009 1.853658
-0.092337 5.461887 1.898652
-0.090903 5.491539 1.811569
-0.092218 5.519482 1.843025
-0.091964 5.546283 1.829991
-0.090649 5.577450 1.790685
-0.089955 5.608823 1.752421
-0.089012 5.634805 1.751826
-0.084727 5.667118 1.744781
-0.081034 5.694248 1.716485
-0.081074 5.717011 1.659091
-0.076930 5.739063 1.570949
-0.077147 5.765079 1.549705
-0.076384 5.792594 1.487538
-0.077166 5.818875 1.479886
-0.079531 5.847564 1.497840
-0.079052 5.874566 1.443147
-0.079294 5.906980 1.409230
-0.082517 5.935981 1.504135
-0.086500 5.966715 1.466305
-0.091143 5.999221 0.990859
-0.089549 6.026685 0.677225
-0.094820 6.054773 0.530276
-0.091740 6.084246 0.473080
-0.094777 6.114916 0.175720
-0.098471 6.145422 -0.027127
-0.096695 6.174030 -0.122806
-0.102208 6.199711 -0.381826
-0.100998 6.223864 -0.566262
-0.101190 6.256124 -0.677625
-0.102477 6.284188 -0.840263
-0.102804 6.312555 -1.013190
-0.104009 6.339409 -1.211468
-0.106558 6.367927 -1.252860
-0.109746 6.396990 -1.452709
-0.111023 6.426500 -1.783396
-0.111487 6.458845 -1.900400
-0.108885 6.492430 -1.969649
-0.111303 6.524598 -2.110036
-0.115210 6.557729 -2.406804
-0.117413 6.591809 -2.509979
-0.118362 6.624946 -2.609199
-0.120402 6.657539 -2.863095
-0.121251 6.687043 -3.032116
-0.123947 6.711116 -3.186100
-0.126052 6.744354 -3.322194
-0.128012 6.774654 -3.459854
-0.131279 6.799799 -3.661474
-0.132837 6.821314 -3.835764
-0.135404 6.847243 -3.973637
-0.141211 6.876393 -4.232854
-0.143047 6.898773 -4.358956
-0.146963 6.928044 -4.412428
-0.151026 6.957348 -4.555587
-0.152641 6.984249 -4.843518
-0.156654 7.010685 -4.953700
-0.162444 7.040083 -5.102928
-0.166315 7.072529 -5.240966
-0.171580 7.101708 -5.238904
-0.175990 7.131998 -5.300640
-0.181760 7.158678 -5.404052
-0.186855 7.192496 -5.693663
-0.191535 7.225116 -5.783903
-0.194102 7.259584 -5.755775
-0.195686 7.285891 -5.775571
-0.200317 7.299021 -6.133776
-0.192759 7.283092 -5.932889
-0.196016 7.263690 -5.769543
-0.194189 7.251317 -5.649489
-0.190296 7.266599 -5.558777
-0.200535 7.263140 -5.923368
-0.189985 7.255496 -6.698622
-0.179087 7.251403 -8.126502
-0.164892 7.246324 -10.422299
-0.152897 7.241499 -13.535025
-0.144212 7.240198 -17.703595
-0.134083 7.243239 -22.991190
-0.117387 7.242291 -28.872672
-0.107488 7.242401 -35.003968
-0.103972 7.248699 -41.367443
-0.094996 7.252864 -47.606141
-0.093137 7.257728 -53.432924
-0.091527 7.269964 -58.964631
-0.093161 7.273761 -63.843063
-0.096898 7.279036 -68.369770
-0.102790 7.282430 -72.327787
-0.105504 7.290145 -75.964204
-0.103537 7.295353 -78.989890
-0.102852 7.296802 -81.968824
-0.105091 7.293398 -84.927493
-0.103874 7.292190 -87.321275
-0.107721 7.284873 -89.278409
-0.107417 7.317977 -91.508803
-0.115754 7.323252 -90.520061
-0.126290 7.324617 -90.228331
-0.124443 7.336342 -90.278334
-0.148403 7.337174 -90.487973
-0.169212 7.337448 -90.592850
-0.191382 7.334480 -90.715122
-0.229989 7.332559 -90.724785
-0.275317 7.327284 -90.590044
-0.318360 7.326345 -90.616493
-0.359012 7.334270 -90.261005
-0.414215 7.337345 -90.057784
-0.467537 7.326603 -90.087597
-0.508046 7.325500 -90.083425
-0.541407 7.325033 -89.991154
-0.569954 7.325913 -89.980092
-0.606765 7.320341 -90.007335
-0.637962 7.315098 -90.031962
-0.662884 7.317840 -90.015373
-0.682769 7.318049 -90.007183
-0.707081 7.311944 -90.011149
-0.727083 7.311745 -90.056019
-0.743391 7.314788 -90.137700
-0.769882 7.312612 -90.126009
-0.792731 7.309266 -90.006445
-0.819058 7.310987 -89.913257
-0.838049 7.305123 -89.713507
-0.868479 7.302568 -89.745545
-0.901067 7.299585 -89.535712
-0.922674 7.302989 -89.545646
-0.955256 7.309182 -89.660758
-0.991385 7.309260 -89.177233
-1.028853 7.304272 -88.414475
-1.056318 7.293271 -88.178815
-1.076801 7.286880 -88.432385
-1.104049 7.279355 -88.449064
-1.137205 7.289421 -88.287636
-1.165788 7.296836 -88.026238
-1.200753 7.303787 -87.834571
-1.228124 7.304926 -87.595003
-1.249884 7.298924 -87.654109
-1.278909 7.291740 -87.619518
-1.305074 7.297564 -87.626937
-1.325230 7.304824 -87.509555
-1.360714 7.304430 -87.519534
-1.385025 7.308201 -87.338882
-1.409812 7.302624 -87.307767
-1.438086 7.301911 -87.551101
-1.468985 7.303140 -87.186325
-1.502726 7.302169 -86.210613
-1.541479 7.302273 -85.838559
-1.572239 7.306091 -86.246437
-1.597879 7.303648 -86.671169
-1.622695 7.293484 -86.700450
-1.652990 7.295644 -86.301891
-1.684957 7.299342 -85.911697
-1.716756 7.309436 -86.020581
-1.747974 7.311257 -86.521605
-1.767861 7.308509 -86.738706
-1.788052 7.305707 -86.528652
-1.820426 7.310152 -86.306316
-1.849242 7.320853 -86.620626
-1.870947 7.317715 -86.681922
-1.891118 7.319579 -86.270145
-1.920322 7.321036 -86.065197
-1.950972 7.329310 -86.108846
-1.981846 7.325340 -86.244219
-2.018720 7.314558 -86.261622
-2.048275 7.310642 -85.974281
-2.078381 7.317048 -85.707679
-2.108647 7.319540 -85.594511
-2.139677 7.320725 -85.640445
-2.170978 7.322933 -85.670588
-2.201804 7.318324 -86.016321
-2.232586 7.318677 -86.244381
-2.264151 7.323144 -86.003203
-2.290148 7.319578 -85.845539
-2.318394 7.323408 -86.125631
-2.340935 7.327736 -86.435956
-2.367901 7.327652 -86.555395
-2.388645 7.323448 -86.343185
-2.419513 7.325323 -86.383025
-2.449762 7.330651 -86.736136
-2.470931 7.330299 -87.059077
-2.492953 7.326118 -87.080005
-2.519666 7.324864 -86.994057
-2.552507 7.326087 -86.974402
-2.575745 7.325668 -87.030563
-2.602928 7.331989 -87.396541
-2.625300 7.325085 -87.904919
-2.654142 7.319289 -87.963199
-2.684527 7.324585 -87.993763
-2.715322 7.326121 -88.099921
-2.748051 7.325885 -88.245823
-2.781097 7.330658 -88.606420
-2.807853 7.330823 -88.662538
-2.840537 7.339627 -88.635725
-2.870852 7.340462 -88.752873
-2.898709 7.336480 -88.789404
-2.925258 7.332198 -88.967715
-2.949491 7.329437 -89.143434
-2.974741 7.327240 -89.243199
-3.005489 7.330379 -89.325257
-3.031328 7.332255 -89.417339
-3.053653 7.331248 -89.559960
-3.078793 7.331527 -89.717959
-3.105842 7.328993 -90.093135
-3.132073 7.324092 -89.952760
-3.168477 7.325020 -89.852950
-3.206333 7.322412 -90.212629
-3.240961 7.318634 -90.664673
-3.277885 7.312330 -90.615716
-3.312786 7.312772 -90.383864
-3.353808 7.314689 -90.477795
-3.384384 7.309424 -90.642566
-3.416174 7.306188 -90.904037
-3.446158 7.302101 -91.116902
-3.473140 7.301386 -91.432787
-3.505430 7.303036 -91.652460
-3.528095 7.304653 -91.468437
-3.548126 7.299658 -91.422592
-3.575871 7.298911 -91.672318
-3.601175 7.297442 -91.826397
-3.628813 7.299456 -91.827319
-3.657226 7.292612 -91.887796
-3.685463 7.286438 -92.132589
-3.711084 7.283287 -92.341259
-3.746847 7.285778 -92.299766
-3.777641 7.282848 -92.359241
-3.809344 7.278226 -92.615710
-3.841970 7.280137 -92.731730
-3.872489 7.278611 -92.526133
-3.900773 7.265536 -92.705340
-3.922371 7.249316 -92.957268
-3.950413 7.252226 -92.993983
-3.978075 7.254606 -92.917764
-4.001405 7.251933 -93.000267
-4.025448 7.243936 -93.148594
-4.051953 7.245931 -93.285379
-4.080340 7.248184 -92.999811
-4.106891 7.246407 -92.668781
-4.130838 7.244398 -92.651631
-4.164873 7.250811 -92.613482
-4.200715 7.264329 -91.990064
-4.228567 7.267186 -91.200104
-4.256817 7.263793 -90.574003
-4.286859 7.261462 -90.157826
-4.316762 7.260687 -89.437617
-4.339819 7.250256 -88.925605
-4.362168 7.240046 -88.784669
-4.389784 7.232182 -88.944846
-4.415788 7.230085 -88.886189
-4.439831 7.231277 -88.572251
-4.464221 7.233641 -88.213353
-4.490303 7.236310 -88.144088
-4.516305 7.237590 -88.369290
-4.548169 7.246803 -88.518055
-4.579092 7.261076 -88.335953
-4.608626 7.267442 -87.970656
-4.632677 7.259584 -87.704552
-4.654633 7.251864 -87.781353
-4.688615 7.247399 -87.735335
-4.720478 7.242431 -87.457186
-4.752098 7.248114 -87.381502
-4.785197 7.251082 -87.379008
-4.815896 7.250524 -87.339967
-4.844637 7.247211 -87.286943
-4.874308 7.242051 -87.185043
-4.903802 7.234986 -87.074689
-4.936181 7.235725 -86.915898
-4.964587 7.236574 -86.907105
-4.989018 7.241955 -87.146133
-5.015998 7.252856 -87.539524
-5.043068 7.260553 -87.523630
-5.072428 7.264204 -87.269162
-5.101930 7.266020 -87.165851
-5.129558 7.260766 -87.097801
-5.155033 7.256644 -87.018775
-5.189494 7.254974 -87.078393
-5.226094 7.261882 -87.135089
-5.259292 7.269018 -87.294557
-5.288953 7.267743 -87.112398
-5.319489 7.269534 -87.124174
-5.351359 7.266979 -87.183636
-5.378687 7.267543 -86.987445
-5.403227 7.265340 -86.630772
-5.434639 7.268034 -86.422311
-5.471020 7.272655 -86.631779
-5.492302 7.271524 -87.078953
-5.516715 7.267749 -86.738810
-5.546187 7.267498 -86.216614
-5.580695 7.274499 -86.159937
-5.610459 7.277087 -86.500420
-5.637513 7.275624 -86.661281
-5.667825 7.273567 -86.565798
-5.700219 7.278114 -86.574123
-5.724156 7.280435 -86.619020
-5.751022 7.276621 -86.438536
-5.786033 7.280058 -86.165460
-5.815636 7.282804 -86.236166
-5.842755 7.280957 -86.712058
-5.868590 7.275459 -86.608370
-5.899424 7.275995 -86.012366
-5.938553 7.281808 -85.630690
-5.973653 7.291026 -86.006024
-6.003992 7.286752 -86.510914
-6.036279 7.283061 -86.394974
-6.068242 7.285029 -85.757112
-6.102442 7.287774 -85.500931
-6.135219 7.292738 -85.844651
-6.162469 7.295132 -86.331576
-6.189883 7.298691 -86.243118
-6.214329 7.295959 -85.612179
-6.245661 7.305021 -85.469751
-6.272021 7.315512 -85.932278
-6.282802 7.311430 -86.156226
-6.303275 7.309552 -86.108643
-6.331951 7.318100 -86.466455
-6.359809 7.318766 -86.968673
-6.381238 7.317938 -87.379439
-6.411377 7.312972 -87.717777
-6.448835 7.315198 -88.371967
-6.477537 7.314186 -89.412995
-6.505947 7.312743 -90.015082
-6.536686 7.310425 -90.422270
-6.572456 7.306868 -90.674257
-6.602541 7.305767 -91.099392
-6.632103 7.304914 -91.297235
-6.661176 7.302797 -91.372182
-6.686399 7.303867 -91.644210
-6.707841 7.302677 -91.745107
-6.728965 7.302200 -91.856459
-6.748754 7.294807 -91.980470
-6.768822 7.291594 -92.327934
-6.791127 7.292346 -92.400534
-6.808592 7.289253 -92.167453
-6.837999 7.285983 -92.386882
-6.870274 7.281629 -92.729798
-6.900271 7.287733 -92.757609
-6.931543 7.274166 -92.560340
-6.970580 7.271360 -92.965397
-7.011089 7.271860 -93.125009
-7.056371 7.268755 -93.142272
-7.089906 7.271800 -93.143433
-7.122573 7.270685 -93.080112
-7.151877 7.271985 -92.940104
-7.183205 7.270172 -93.075394
-7.208809 7.268842 -93.293735
-7.236947 7.268948 -93.394757
-7.260534 7.267545 -93.060943
-7.282066 7.260690 -93.209624
-7.306042 7.258515 -93.392996
-7.332117 7.259538 -93.382163
-7.361800 7.253686 -93.469572
-7.401184 7.256222 -93.651882
-7.437636 7.258609 -93.602946
-7.470988 7.255508 -93.556708
-7.507405 7.251323 -93.712749
-7.542659 7.248658 -93.772786
-7.576992 7.243995 -93.777449
-7.607170 7.241375 -93.630972
-7.640813 7.239141 -93.607024
-7.668978 7.235633 -93.668649
-7.695746 7.236021 -93.857667
-7.725078 7.232935 -93.856943
-7.755930 7.229652 -93.449941
-7.782840 7.226846 -92.910071
-7.802729 7.225930 -92.649693
-7.824216 7.223088 -92.693912
-7.846022 7.223947 -92.741464
-7.872722 7.222955 -92.687356
-7.900542 7.217078 -92.581484
-7.930272 7.217917 -92.398707
-7.952442 7.220685 -92.367262
-7.981806 7.222310 -92.263317
-8.011045 7.222470 -91.748073
-8.036222 7.222210 -91.264683
-8.059448 7.221844 -90.976660
-8.086605 7.221696 -91.240646
-8.119574 7.217719 -91.713805
-8.156770 7.220083 -91.626440
-8.187551 7.218824 -91.364130
-8.217156 7.223541 -91.200330
-8.251445 7.221723 -91.035227
-8.280184 7.221258 -90.607852
-8.307380 7.221871 -90.408103
-8.330999 7.214691 -90.484628
-8.357430 7.210674 -90.788890
-8.386597 7.210240 -90.783833
-8.414919 7.212244 -90.636344
-8.437797 7.216265 -90.723420
-8.462147 7.213873 -90.652229
-8.485950 7.215391 -90.429034
-8.508683 7.208530 -90.423347
-8.530821 7.207343 -90.606976
-8.555150 7.203866 -90.781706
-8.577399 7.204050 -90.624889
-8.601109 7.206797 -90.614313
-8.629884 7.202802 -90.676702
-8.660050 7.204634 -90.619000
-8.693955 7.205164 -90.650926
-8.731655 7.207654 -90.785074
-8.764699 7.209132 -90.658473
-8.792247 7.207146 -90.512836
-8.824885 7.210924 -90.751581
-8.851867 7.208176 -90.873834
-8.887046 7.203156 -90.783617
-8.917048 7.205665 -90.619672
-8.947452 7.205864 -90.724665
-8.975463 7.201282 -90.730325
-9.005364 7.199112 -90.360068
-9.032757 7.205037 -90.405521
-9.061476 7.206129 -90.800348
-9.087015 7.200454 -91.009900
-9.114705 7.197048 -91.132604
-9.147693 7.195458 -91.058170
-9.177354 7.193580 -90.696050
-9.211279 7.196679 -90.616601
-9.243564 7.197944 -90.916299
-9.271653 7.194688 -91.083407
-9.302061 7.189354 -90.986722
-9.330286 7.189186 -90.621298
-9.363615 7.188330 -90.842072
-9.396995 7.187841 -91.275279
-9.425065 7.187299 -91.243081
-9.453313 7.185927 -90.718360
-9.490330 7.185181 -90.473460
-9.519293 7.184673 -90.572180
-9.545652 7.186342 -90.927209
-9.572884 7.182088 -91.096848
-9.600236 7.180754 -91.179040
-9.626715 7.178005 -91.114673
-9.657840 7.179461 -90.893597
-9.688920 7.176704 -90.661803
-9.718405 7.175948 -90.621404
-9.746561 7.178465 -90.874774
-9.774969 7.176370 -90.801517
-9.804743 7.175733 -90.851968
-9.831786 7.168334 -90.900142
-9.862806 7.166857 -90.786152
-9.895234 7.169007 -90.799429
-9.930174 7.172569 -90.957688
-9.957833 7.169576 -90.717599
-9.992127 7.164495 -90.875723
-10.018838 7.165882 -90.984109
-10.045277 7.164655 -91.011484
-10.071769 7.162869 -91.017175
-10.099879 7.162261 -90.942587
-10.133199 7.158546 -90.926818
-10.164310 7.157580 -91.133090
-10.193053 7.160231 -91.225427
-10.224021 7.163658 -90.947937
-10.257836 7.160852 -90.630240
-10.286956 7.154983 -90.726551
-10.314445 7.152646 -91.110540
-10.341530 7.156544 -91.196170
-10.370948 7.157823 -90.953869
-10.396212 7.152905 -90.878139
-10.419341 7.154446 -91.083148
-10.448872 7.159936 -91.091365
-10.477243 7.157498 -90.907658
-10.502185 7.152050 -90.827333
-10.529064 7.149750 -90.914722
-10.558610 7.151049 -91.116423
-10.587843 7.157021 -90.840686
-10.622328 7.149284 -90.689812
-10.653308 7.141584 -91.039554
-10.680866 7.146550 -91.213061
-10.712941 7.154292 -90.824065
-10.744695 7.151101 -90.489384
-10.772919 7.142780 -90.666289
-10.802883 7.138774 -91.092423
-10.837011 7.143321 -91.094433
-10.865162 7.144303 -90.845656
-10.892700 7.145120 -90.738480
-10.919061 7.147483 -90.740858
-10.943875 7.145907 -90.703456
-10.969576 7.143560 -90.794598
-10.998813 7.140406 -90.752383
-11.029608 7.137567 -90.348876
-11.056063 7.139058 -90.156243
-11.085067 7.138947 -90.109642
-11.111988 7.138255 -89.686697
-11.140997 7.136273 -89.233745
-11.165297 7.137977 -88.748232
-11.189841 7.138453 -88.429726
-11.213955 7.137668 -88.273446
-11.240203 7.138802 -88.214826
-11.271111 7.136858 -88.058329
-11.299003 7.140489 -88.040178
-11.328065 7.141395 -88.077369
-11.355485 7.143964 -88.194412
-11.388791 7.143462 -87.885167
-11.415072 7.144943 -87.669073
-11.445853 7.141717 -87.800520
-11.478479 7.142782 -88.024168
-11.518136 7.143529 -87.911716
-11.555314 7.146882 -87.543040
-11.585080 7.151229 -87.527240
-11.616190 7.152194 -87.800149
-11.650485 7.152228 -87.740966
-11.677058 7.152308 -87.557994
-11.702631 7.152853 -87.500713
-11.730099 7.149350 -87.745613
-11.758006 7.148129 -87.717112
-11.784981 7.145864 -87.694638
-11.809379 7.146363 -87.768196
-11.831035 7.144074 -87.689062
-11.855133 7.145885 -87.555615
-11.881652 7.150327 -87.531810
-11.906480 7.150819 -87.685372
-11.933479 7.151232 -87.868899
-11.966123 7.149369 -87.748192
-11.996174 7.149476 -87.735281
-12.027967 7.152836 -87.678227
-12.056560 7.152524 -87.465907
-12.086404 7.154330 -87.187254
-12.111801 7.158487 -87.512629
-12.142006 7.157516 -87.861431
-12.175836 7.157628 -88.016845
-12.204430 7.158136 -87.918627
-12.232394 7.162001 -87.830053
-12.262845 7.165237 -87.843352
-12.287976 7.163128 -87.603879
-12.315857 7.164201 -87.486303
-12.336957 7.166914 -87.843619
-12.360648 7.164090 -88.343809
-12.386766 7.159392 -88.388403
-12.415132 7.159821 -88.174288
-12.442030 7.163363 -88.350339
-12.468770 7.163084 -88.514540
-12.497953 7.164719 -88.466388
-12.524890 7.166706 -88.444844
-12.554580 7.164959 -88.283816
-12.585914 7.167503 -88.362760
-12.619147 7.166424 -88.627081
-12.651418 7.165840 -88.854849
-12.684356 7.168596 -88.874931
-12.718496 7.169881 -88.647787
-12.757413 7.173058 -88.640649
-12.788790 7.173005 -88.590599
-12.815569 7.173314 -88.445844
-12.846133 7.172263 -88.708860
-12.874894 7.177306 -89.117604
-12.901551 7.175052 -89.073333
-12.929583 7.176544 -88.770204
-12.953058 7.182257 -88.860122
-12.981196 7.182625 -89.118760
-13.008845 7.181905 -89.307796
-13.035585 7.178249 -89.146561
-13.063480 7.177187 -88.876889
-13.093207 7.179130 -88.948969
-13.125832 7.183142 -89.289645
-13.154982 7.182011 -89.597625
-13.187328 7.182535 -89.370993
-13.223076 7.184466 -89.211363
-13.259576 7.185954 -89.257347
-13.296950 7.182510 -89.064594
-13.331370 7.178640 -88.707415
-13.368604 7.181506 -88.905622
-13.403337 7.178298 -89.739293
-13.425473 7.181805 -89.685777
-13.451597 7.181201 -89.114436
-13.487604 7.171972 -88.787468
-13.518301 7.169364 -89.087611
-13.539313 7.170011 -89.650083
-13.561142 7.173914 -90.176821
-13.579032 7.181664 -90.026995
-13.603403 7.178654 -89.818807
-13.631048 7.176168 -89.951352
-13.657954 7.177357 -90.107871
-13.683886 7.175661 -90.280605
-13.713377 7.182833 -90.389849
-13.746597 7.186630 -90.239244
-13.782993 7.188558 -90.039679
-13.818098 7.182323 -90.014569
-13.851171 7.179998 -90.287147
-13.882799 7.176281 -90.620137
-13.914787 7.177475 -90.829559
-13.940539 7.182654 -90.349472
-13.964250 7.172949 -89.926716
-13.995211 7.158963 -90.396645
-14.019743 7.159944 -91.283279
-14.041442 7.170148 -91.396922
-14.064240 7.171940 -90.935614
-14.089993 7.166923 -90.615173
-14.111307 7.162650 -90.785411
-14.134446 7.160105 -91.109505
-14.158865 7.157992 -91.477844
-14.185120 7.161600 -91.716929
-14.212966 7.171022 -91.438657
-14.241777 7.170248 -91.102101
-14.272480 7.162533 -91.054047
-14.305892 7.156468 -91.370071
-14.343516 7.153167 -91.715952
-14.378562 7.152641 -91.898475
-14.418564 7.157029 -91.762601
-14.442561 7.156951 -91.324590
-14.467405 7.151344 -91.285640
-14.493965 7.147049 -91.627523
-14.526794 7.151409 -91.904847
-14.559083 7.151196 -91.792107
-14.587368 7.148579 -91.444986
-14.610533 7.143323 -91.186754
-14.633796 7.143156 -91.248252
-14.652265 7.142735 -91.789102
-14.677771 7.136648 -92.068345
-14.705445 7.134415 -91.894618
-14.729594 7.131655 -91.585763
-14.756911 7.127968 -91.473561
-14.784593 7.126357 -91.677924
-14.818916 7.124516 -91.968363
-14.854808 7.122925 -91.941927
-14.885356 7.121867 -91.788395
-14.913534 7.119310 -91.895593
-14.944620 7.117183 -91.972615
-14.973380 7.117558 -91.838412
-14.996889 7.117065 -91.559951
-15.020668 7.116882 -91.710405
-15.043292 7.113683 -92.027095
-15.069733 7.110567 -92.253466
-15.099121 7.108539 -92.236198
-15.130340 7.107905 -92.266380
-15.159695 7.105115 -92.387361
-15.191318 7.103701 -92.444363
-15.221966 7.099840 -92.255939
-15.252874 7.097344 -92.038282
-15.290052 7.097693 -92.294144
-15.326851 7.093839 -92.817320
-15.366761 7.093903 -92.830166
-15.405490 7.090394 -92.696628
-15.436818 7.091451 -92.758788
-15.461595 7.086657 -92.951476
-15.482451 7.082399 -92.866893
-15.504149 7.079574 -92.652505
-15.524045 7.081010 -92.452551
-15.545140 7.081154 -92.462184
-15.566289 7.078810 -92.515623
-15.589876 7.078663 -92.699583
-15.616275 7.073673 -92.753732
-15.642518 7.071110 -92.436077
-15.673571 7.070671 -92.356244
-15.706686 7.065795 -92.023822
-15.736082 7.065002 -91.500445
-15.769126 7.065152 -91.106805
-15.803668 7.064064 -90.881998
-15.836675 7.063011 -90.813997
-15.872832 7.060602 -90.694278
-15.907516 7.058430 -90.300027
-15.937363 7.061303 -90.421387
-15.963175 7.057622 -90.665095
-15.982013 7.058235 -90.396413
-16.004848 7.059825 -90.081537
-16.029666 7.060290 -89.911400
-16.054458 7.056781 -89.873640
-16.081343 7.053535 -89.939029
-16.112209 7.051539 -90.036139
-16.141669 7.049826 -89.965007
-16.174993 7.053630 -89.979803
-16.209999 7.054806 -89.915146
-16.241648 7.055677 -89.546584
-16.274708 7.056518 -89.187956
-16.309787 7.054550 -89.221577
-16.347899 7.055081 -89.495722
-16.384882 7.050118 -89.591529
-16.414616 7.047009 -89.371035
-16.446905 7.048844 -88.971757
-16.475273 7.049370 -88.551508
-16.500472 7.052737 -88.563511
-16.522621 7.053459 -88.940444
-16.547084 7.049200 -89.057219
-16.565506 7.043885 -88.659152
-16.589484 7.046457 -88.558465
-16.613376 7.046551 -88.602372
-16.633886 7.047933 -88.658723
-16.659584 7.051190 -88.654531
-16.688539 7.052841 -88.500559
-16.722647 7.054200 -88.384345
-16.760121 7.053243 -88.295306
-16.795719 7.052499 -88.220455
-16.829546 7.052104 -88.199868
-16.866696 7.052254 -88.339392
-16.902399 7.054427 -88.435673
-16.930962 7.058173 -88.180621
-16.967933 7.059923 -88.108556
-17.001161 7.060710 -88.197245
-17.030440 7.062166 -88.267116
-17.061262 7.067697 -88.069443
-17.091252 7.062415 -87.865800
-17.119455 7.053807 -88.097337
-17.146819 7.054554 -88.542251
-17.170338 7.064106 -88.519730
-17.195935 7.065425 -88.246427
-17.224810 7.060122 -88.150498
-17.262971 7.058228 -88.257576
-17.296714 7.059161 -88.314729
-17.328517 7.057615 -88.248307
-17.360146 7.058987 -88.076491
-17.389575 7.051473 -87.947933
-17.414508 7.047272 -88.141959
-17.442931 7.046727 -88.653949
-17.471175 7.050247 -88.987667
-17.499335 7.057474 -88.943883
-17.521251 7.056619 -88.558841
-17.545022 7.053497 -88.519187
-17.575703 7.054950 -88.826178
-17.609000 7.057432 -89.145799
-17.639415 7.059113 -89.238082
-17.668109 7.057361 -89.209262
-17.697130 7.058305 -89.145648
-17.725269 7.059118 -89.276207
-17.754914 7.057196 -89.548814
-17.788098 7.059776 -89.682680
-17.821053 7.060756 -89.240100
-17.845645 7.056397 -88.746822
-17.865634 7.053269 -88.962412
-17.886316 7.049961 -89.682909
-17.912364 7.049022 -90.225751
-17.938622 7.051740 -89.976535
-17.960148 7.054447 -89.815768
-17.988689 7.055533 -89.741215
-18.018181 7.053483 -89.810487
-18.048834 7.051324 -89.764515
-18.079093 7.051989 -89.886466
-18.109454 7.050010 -89.959369
-18.141492 7.049394 -90.041802
-18.168077 7.049941 -90.030427
-18.198097 7.052603 -89.723494
-18.227906 7.058728 -89.337102
-18.253721 7.056762 -88.927999
-18.274126 7.053865 -88.667407
-18.305023 7.051313 -88.639371
-18.332135 7.046797 -88.574757
-18.359469 7.047916 -88.280075
-18.388528 7.050656 -88.233897
-18.416983 7.056521 -88.344810
-18.448401 7.056468 -88.294319
-18.481184 7.054638 -88.052327
-18.512285 7.055633 -88.114692
-18.541068 7.053700 -88.234583
-18.571981 7.055127 -88.106927
-18.605618 7.056579 -88.032269
-18.634193 7.058882 -88.249922
-18.661829 7.067836 -88.672920
-18.688964 7.066872 -88.511853
-18.715707 7.070194 -87.883908
-18.742099 7.070499 -87.590007
-18.768892 7.069905 -87.534491
-18.794812 7.070098 -87.880661
-18.822041 7.066811 -88.124946
-18.849362 7.064011 -88.196168
-18.875522 7.067320 -88.369199
-18.902884 7.068416 -88.316843
-18.926617 7.068572 -87.819532
-18.955673 7.068509 -87.573187
-18.986480 7.070834 -87.718453
-19.008289 7.070904 -88.363126
-19.036946 7.065443 -88.585080
-19.068267 7.065201 -88.177630
-19.102458 7.070331 -88.035352
-19.132301 7.075895 -88.347742
-19.164818 7.076657 -88.609523
-19.201787 7.077158 -88.671477
-19.232971 7.078056 -88.532647
-19.266751 7.078216 -88.453830
-19.298024 7.079092 -88.544785
-19.326338 7.078111 -88.769305
-19.352799 7.076101 -88.797172
-19.379628 7.073084 -88.694261
-19.407014 7.071369 -88.549917
-19.434503 7.070480 -88.660120
-19.456446 7.072645 -88.746657
-19.482336 7.071495 -88.795687
-19.508104 7.070740 -88.807572
-19.537753 7.072582 -88.848412
-19.566690 7.074021 -88.965611
-19.598455 7.073755 -89.002219
-19.627813 7.071107 -88.908350
-19.656988 7.072401 -88.846310
-19.685456 7.075326 -88.870168
-19.718145 7.075031 -89.056367
-19.748911 7.072528 -88.987498
-19.780504 7.072133 -88.799732
-19.809004 7.076388 -88.822030
-19.837303 7.076770 -88.882190
-19.865279 7.075654 -88.891896
-19.896142 7.074081 -88.929622
-19.926726 7.076744 -89.154289
-19.953122 7.081102 -89.266336
-19.975137 7.084316 -89.043423
-20.004065 7.082297 -88.869926
-20.037455 7.080499 -88.952064
-20.070081 7.079799 -89.146524
-20.100390 7.080653 -89.204523
-20.127903 7.079232 -89.123135
-20.157127 7.077109 -89.142925
-20.189517 7.075281 -89.146994
-20.214940 7.076330 -89.185437
-20.248032 7.073673 -89.429628
-20.276096 7.074999 -89.544706
-20.306971 7.077285 -89.636611
-20.339451 7.078146 -89.507580
-20.367663 7.074999 -89.507307
-20.397116 7.072377 -89.612271
-20.425963 7.073089 -90.022802
-20.454849 7.086582 -89.868115
-20.485453 7.089131 -89.450714
-20.515849 7.085157 -89.427386
-20.547545 7.081627 -89.574262
-20.575494 7.080066 -89.739932
-20.607150 7.077925 -89.900999
-20.641252 7.073719 -90.105743
-20.668937 7.073520 -90.252400
-20.696396 7.078195 -90.320925
-20.719730 7.081094 -90.092761
-20.752483 7.079464 -89.900703
-20.784772 7.074815 -90.246598
-20.817178 7.076220 -90.442742
-20.851493 7.077988 -90.538331
-20.888044 7.079908 -90.705211
-20.925601 7.084043 -90.756053
-20.958535 7.084914 -90.683642
-20.995356 7.086756 -90.475247
-21.022282 7.077373 -90.127161
-21.047580 7.073353 -90.133896
-21.080660 7.070152 -90.327640
-21.104756 7.069435 -90.341487
-21.126401 7.065988 -90.257407
-21.149354 7.066238 -90.319972
-21.172014 7.065186 -90.408424
-21.193706 7.062890 -90.302116
-21.214879 7.058801 -90.048742
-21.236620 7.056358 -90.272601
-21.259670 7.055219 -90.841257
-21.294236 7.054340 -90.871914
-21.330011 7.052836 -90.473520
-21.358884 7.053505 -90.258196
-21.392584 7.056675 -90.516211
-21.423990 7.054954 -91.068863
-21.456094 7.054890 -91.409618
-21.487967 7.055159 -91.218149
-21.518032 7.054850 -90.926349
-21.547863 7.051263 -90.743105
-21.577283 7.050739 -90.814740
-21.599780 7.049404 -91.155165
-21.629123 7.045771 -91.415442
-21.653938 7.043338 -91.631662
-21.681203 7.040921 -91.331612
-21.707338 7.040761 -90.971285
-21.728707 7.039452 -90.759388
-21.754703 7.037696 -90.898761
-21.788351 7.033376 -91.160972
-21.815511 7.027214 -91.366184
-21.843272 7.028896 -91.474059
-21.873519 7.025113 -91.346852
-21.902829 7.023378 -91.367001
-21.927085 7.025463 -91.740632
-21.952995 7.020642 -91.772258
-21.980927 7.020238 -91.441579
-22.010416 7.020516 -91.511881
-22.042542 7.020296 -91.589645
-22.071359 7.019830 -91.515339
-22.099674 7.015341 -91.280489
-22.134824 7.017906 -90.888422
-22.158885 7.021345 -91.362594
-22.188935 7.014310 -91.875477
-22.218713 7.008187 -91.683488
-22.248825 7.006846 -91.253891
-22.281004 7.013829 -91.170602
-22.308985 7.017830 -91.543846
-22.334255 7.009975 -91.790943
-22.364345 7.005165 -91.427841
-22.391121 7.004418 -91.246002
-22.417371 7.003807 -91.427134
-22.445947 7.000458 -91.656316
-22.478393 7.001367 -91.509114
-22.511180 7.002898 -91.660493
-22.544388 7.001290 -91.732902
-22.573934 7.000100 -91.722748
-22.609426 7.000055 -91.571136
-22.645166 6.995632 -91.348037
-22.668617 6.991301 -91.363465
-22.693553 6.986488 -91.542734
-22.725419 6.983007 -91.571524
-22.755004 6.981051 -91.160287
-22.784562 6.985019 -91.096710
-22.811991 6.986381 -91.481532
-22.842284 6.977574 -91.594033
-22.867092 6.973713 -91.293873
-22.891944 6.971056 -91.268971
-22.920002 6.969924 -91.309503
-22.948153 6.966243 -91.202490
-22.972906 6.966725 -91.088595
-22.997934 6.965474 -91.196091
-23.031878 6.965146 -91.324194
-23.062249 6.963936 -91.303063
-23.093016 6.963194 -91.206944
-23.126227 6.963152 -91.271233
-23.158771 6.959776 -91.362058
-23.190855 6.954932 -91.161018
-23.220561 6.951877 -90.995865
-23.246867 6.947465 -90.901384
-23.272515 6.944047 -90.897491
-23.300526 6.946299 -90.894146
-23.331503 6.945564 -91.029358
-23.357019 6.947009 -91.165514
-23.384090 6.949840 -91.068636
-23.412181 6.948295 -90.836125
-23.444736 6.942397 -90.705033
-23.477092 6.933638 -90.698468
-23.507887 6.935460 -90.818827
-23.531922 6.937877 -90.556100
-23.561790 6.933505 -90.466951
-23.592883 6.931428 -90.667701
-23.620249 6.933587 -90.649405
-23.650197 6.934744 -90.570934
-23.678317 6.935634 -90.530941
-23.706393 6.932885 -90.577462
-23.735590 6.932018 -90.622149
-23.759887 6.931850 -90.588710
-23.790283 6.930486 -90.412760
-23.820389 6.924039 -90.399014
-23.850903 6.922464 -90.600120
-23.879136 6.928744 -90.547170
-23.910930 6.923505 -90.383722
-23.947453 6.919537 -90.451074
-23.979883 6.918122 -90.388379
-24.011592 6.913981 -90.145367
-24.044069 6.904822 -90.048508
-24.070522 6.897413 -90.318006
-24.096392 6.898266 -90.477642
-24.126361 6.902272 -90.532980
-24.156494 6.905166 -90.617162
-24.183562 6.907122 -90.638016
-24.209992 6.906442 -90.594787
-24.237359 6.898918 -90.572569
-24.266127 6.898131 -90.589544
-24.292024 6.895169 -90.613539
-24.325434 6.894270 -90.640626
-24.354920 6.891934 -90.772391
-24.388370 6.893607 -90.786883
-24.418776 6.891380 -90.603738
-24.449738 6.888572 -90.747107
-24.481282 6.893780 -90.786047
-24.510418 6.888705 -90.530286
-24.536649 6.884462 -90.627806
-24.564458 6.885405 -90.823943
-24.593324 6.881336 -90.823005
-24.616808 6.883994 -91.067238
-24.640162 6.881650 -91.307030
-24.665685 6.879639 -91.175019
-24.690732 6.875813 -91.007019
-24.717052 6.873534 -90.862925
-24.746954 6.872924 -90.911461
-24.772969 6.870994 -91.033974
-24.803526 6.868710 -90.867101
-24.835052 6.867347 -90.555348
-24.862509 6.867386 -90.273084
-24.892175 6.867995 -90.090726
-24.923314 6.866689 -89.917772
-24.956165 6.865189 -89.780433
-24.984412 6.863546 -89.662548
-25.015607 6.865222 -89.664830
-25.045248 6.867156 -89.606594
-25.076482 6.867830 -89.735293
-25.104415 6.866856 -89.429877
-25.130413 6.867584 -89.055013
-25.155093 6.864965 -89.028667
-25.181939 6.862218 -89.034201
-25.207386 6.859766 -88.732765
-25.238450 6.860659 -88.558796
-25.267719 6.858984 -88.474570
-25.294365 6.859585 -88.304281
-25.325333 6.862773 -88.351995
-25.355047 6.861527 -88.464889
-25.383719 6.859076 -88.460052
-25.412396 6.856233 -88.346847
-25.443351 6.855994 -88.164237
-25.477261 6.856094 -88.095728
-25.512820 6.854968 -88.064600
-25.549432 6.853760 -87.972860
-25.582414 6.854880 -88.072631
-25.620237 6.858753 -88.004048
-25.654922 6.865238 -87.978684
-25.688783 6.864616 -87.686525
-25.719253 6.861120 -87.253882
-25.748002 6.858214 -86.879923
-25.778825 6.856167 -86.477309
-25.810053 6.857919 -86.408647
-25.839191 6.857152 -86.347972
-25.864550 6.860188 -86.216376
-25.883114 6.860285 -86.254034
-25.904182 6.860438 -86.220269
-25.922710 6.859732 -86.113513
-25.942677 6.859739 -86.203855
-25.966392 6.861480 -86.492556
-25.989507 6.864514 -86.495355
-26.014851 6.868522 -86.339296
-26.044264 6.868437 -86.418387
-26.077921 6.867969 -86.348675
-26.110692 6.868942 -86.135682
-26.139580 6.876068 -86.109003
-26.173472 6.880651 -86.134348
-26.206522 6.883704 -85.907605
-26.239956 6.883470 -85.630823
-26.273689 6.878351 -84.791317
-26.307727 6.881111 -84.744475
-26.339909 6.877824 -85.351402
-26.375986 6.876648 -85.186609
-26.402647 6.884572 -84.821213
-26.429448 6.888629 -84.367958
-26.449645 6.888973 -84.568403
-26.475496 6.890773 -85.392656
-26.504988 6.887391 -85.543267
-26.524907 6.890613 -85.177551
-26.545419 6.896606 -85.008720
-26.576236 6.899836 -85.095946
-26.610697 6.900658 -85.517960
-26.635041 6.899976 -85.347303
-26.662707 6.905398 -85.017248
-26.693195 6.908064 -85.183136
-26.719264 6.914632 -85.775594
-26.741468 6.915689 -86.176143
-26.764591 6.916238 -86.271193
-26.798721 6.916018 -86.629817
-26.827490 6.914683 -87.046937
-26.856159 6.916160 -87.221996
-26.886945 6.916906 -87.248631
-26.921244 6.920496 -87.537043
-26.950832 6.921152 -87.844718
-26.979356 6.920431 -87.978556
-27.010178 6.919715 -88.115794
-27.038525 6.919517 -88.326115
-27.064183 6.921386 -88.345995
-27.096216 6.912497 -88.395452
-27.125682 6.910583 -88.888897
-27.152651 6.916523 -89.052861
-27.181152 6.912935 -89.130847
-27.213579 6.915518 -89.344482
-27.244023 6.917767 -89.516795
-27.270699 6.921124 -89.271161
-27.299846 6.918146 -89.143451
-27.328849 6.917590 -89.094256
-27.358102 6.919473 -89.041143
-27.384142 6.920156 -88.939169
-27.409830 6.920240 -89.011277
-27.436933 6.926599 -88.778144
-27.459980 6.927420 -88.153620
-27.486525 6.927692 -87.652223
-27.512617 6.924513 -87.169031
-27.536725 6.924996 -86.674280
-27.568405 6.925301 -86.190515
-27.600443 6.921849 -86.170595
-27.629050 6.923261 -86.304657
-27.658795 6.926815 -86.211680
-27.696497 6.930441 -86.011152
-27.728113 6.931267 -86.068224
-27.763765 6.932515 -86.148036
-27.804036 6.935919 -86.007615
-27.839621 6.940497 -85.908904
-27.865235 6.943154 -86.001049
-27.897214 6.945175 -86.317172
-27.933886 6.947407 -86.073820
-27.959481 6.957718 -85.625998
-27.979563 6.959752 -85.783510
-28.008558 6.953707 -86.140321
-28.040607 6.952561 -86.066307
-28.066065 6.956205 -85.908209
-28.088092 6.958470 -86.034348
-28.116220 6.958300 -86.354035
-28.146188 6.960284 -86.439476
-28.174988 6.963197 -86.374540
-28.204986 6.964393 -86.358898
-28.228406 6.968735 -86.539197
-28.261053 6.967396 -86.788275
-28.298089 6.965146 -86.700954
-28.326076 6.970073 -86.508107
-28.358240 6.970337 -86.705075
-28.388715 6.970985 -86.753883
-28.413000 6.968662 -86.793481
-28.436997 6.970419 -87.089263
-28.466424 6.966831 -87.531402
-28.495822 6.966308 -87.624287
-28.523588 6.966367 -87.407534
-28.550951 6.970346 -87.353050
-28.573950 6.975346 -87.832282
-28.602774 6.977173 -88.394788
-28.630464 6.976251 -88.034483
-28.653553 6.979552 -87.834918
-28.682832 6.983513 -88.053749
-28.715512 6.979772 -88.214444
-28.745431 6.980019 -87.893365
-28.774874 6.978507 -87.970398
-28.803795 6.979546 -88.105222
-28.838036 6.975827 -88.090676
-28.871772 6.977246 -87.948143
-28.892206 6.977600 -88.224286
-28.922105 6.973772 -88.353781
-28.955078 6.973194 -88.192729
-28.991105 6.973183 -88.186485
-29.027674 6.974352 -88.343671
-29.060045 6.976264 -88.295689
-29.093344 6.975527 -88.376601
-29.119885 6.971728 -88.376958
-29.145983 6.974544 -88.332732
-29.173465 6.974160 -88.441112
-29.209944 6.969518 -88.538349
-29.234984 6.967515 -88.579622
-29.259770 6.966653 -88.941075
-29.287626 6.967231 -89.404826
-29.322503 6.969756 -89.732970
-29.356975 6.970815 -89.932863
-29.386796 6.972682 -89.779063
-29.414926 6.975228 -89.700293
-29.440345 6.977193 -89.508476
-29.475493 6.971320 -89.815787
-29.505982 6.967110 -90.273100
-29.533351 6.961579 -90.395577
-29.559467 6.957399 -90.164336
-29.592654 6.959572 -89.754331
-29.625828 6.965385 -89.948328
-29.650922 6.966325 -90.606647
-29.662163 6.963978 -90.795244
-29.679696 6.955768 -90.253695
-29.707493 6.946877 -90.288548
-29.732209 6.946579 -90.975083
-29.747440 6.951991 -91.092572
-29.769913 6.953429 -90.888627
-29.796398 6.953948 -90.874581
-29.828419 6.955617 -91.146628
-29.860559 6.954309 -91.275112
-29.884865 6.952711 -91.231439
-29.919409 6.948836 -90.859441
-29.962821 6.939708 -90.768783
-30.001403 6.932606 -91.219285
-30.025723 6.932749 -91.595814
-30.052974 6.935783 -91.457494
-30.083206 6.938137 -91.388444
-30.108959 6.941043 -91.337472
-30.141901 6.934414 -91.414871
-30.170032 6.928580 -91.566108
-30.187049 6.921911 -91.934294
-30.211861 6.920737 -92.442245
-30.232317 6.919076 -92.298363
-30.251657 6.917737 -91.938049
-30.284934 6.911839 -92.062937
-30.319598 6.911494 -92.394440
-30.348646 6.912897 -92.602226
-30.379150 6.911276 -92.355104
-30.417222 6.902935 -92.209315
-30.459234 6.895686 -92.442223
-30.490340 6.895228 -92.641449
-30.520505 6.894286 -92.560577
-30.554574 6.889969 -92.486140
-30.587911 6.886127 -92.714900
-30.612295 6.890755 -92.504920
-30.637037 6.882760 -92.055257
-30.660034 6.875828 -92.022472
-30.687563 6.872740 -92.366776
-30.709624 6.876468 -92.424320
-30.732407 6.879977 -91.887987
-30.754799 6.874356 -91.636218
-30.781672 6.873042 -91.824196
-30.811077 6.872706 -92.024221
-30.839099 6.874452 -91.421856
-30.870011 6.870163 -91.114883
-30.905454 6.867651 -91.291366
-30.934751 6.868494 -90.752687
-30.956332 6.868023 -89.674383
-30.992813 6.868062 -88.809905
-31.031100 6.864924 -88.052074
-31.066852 6.862743 -87.153451
-31.101067 6.865861 -86.567019
-31.133543 6.870487 -86.339636
-31.158089 6.872569 -85.903388
-31.185064 6.871867 -85.444255
-31.214882 6.872714 -85.097118
-31.242264 6.872079 -85.456534
-31.275659 6.868998 -85.272332
-31.301915 6.871901 -84.769306
-31.332519 6.878322 -84.592073
-31.360381 6.884009 -84.949545
-31.393667 6.879192 -85.123277
-31.423434 6.879031 -84.770089
-31.452264 6.882939 -84.349570
-31.475987 6.885276 -84.612808
-31.503709 6.884977 -84.497212
-31.530676 6.885137 -84.252426
-31.553802 6.884540 -84.114762
-31.579951 6.885922 -84.133648
-31.609695 6.888156 -84.315610
-31.632238 6.889984 -84.060080
-31.662037 6.892161 -83.858632
-31.682966 6.894821 -83.555662
-31.706703 6.895790 -83.677151
-31.740116 6.893502 -83.889045
-31.775542 6.888366 -83.587140
-31.805771 6.893244 -83.371752
-31.832867 6.900576 -83.677128
-31.873619 6.904510 -83.787382
-31.912978 6.909231 -83.463705
-31.941932 6.918341 -83.399015
-31.969504 6.922318 -83.734322
-32.002507 6.922179 -83.757915
-32.028396 6.926260 -83.505544
-32.044401 6.929103 -83.476970
-32.072102 6.928808 -83.729960
-32.097834 6.929901 -83.610981
-32.120686 6.928808 -83.467604
-32.135018 6.929702 -83.480451
-32.150483 6.927823 -83.764203
-32.175354 6.929156 -83.986860
-32.211958 6.934118 -83.839184
-32.239936 6.938483 -83.925080
-32.261246 6.945238 -84.298075
-32.285532 6.945117 -84.480140
-32.308384 6.945619 -84.501177
-32.346964 6.943042 -84.442990
-32.380460 6.945246 -84.739798
-32.409617 6.948760 -85.408849
-32.440352 6.941608 -85.765025
-32.478711 6.943710 -85.820267
-32.506076 6.949227 -85.919894
-32.537190 6.953686 -86.326315
-32.574094 6.952128 -86.403140
-32.610698 6.955816 -86.194968
-32.644158 6.962700 -86.284965
-32.677452 6.966663 -86.662991
-32.709840 6.965021 -87.039542
-32.736579 6.963436 -87.280514
-32.766822 6.967817 -87.542494
-32.800090 6.968703 -87.726969
-32.819580 6.970499 -87.774780
-32.848050 6.971675 -88.123684
-32.873518 6.970359 -88.381685
-32.906762 6.968508 -88.515937
-32.942606 6.970212 -88.655446
-32.976226 6.974367 -88.845991
-33.015084 6.973792 -89.049579
-33.047793 6.975489 -89.424533
-33.076754 6.977221 -89.543465
-33.108776 6.971697 -89.677127
-33.139151 6.975859 -89.831582
-33.172743 6.970804 -89.941755
-33.205924 6.969512 -90.072656
-33.244450 6.966104 -90.396253
-33.272042 6.968444 -90.610977
-33.306999 6.967359 -90.578639
-33.339853 6.968054 -90.921226
-33.369649 6.967565 -91.131126
-33.405274 6.959775 -91.276929
-33.432684 6.960707 -91.684527
-33.455485 6.962081 -91.662577
-33.489549 6.956772 -91.931849
-33.501268 6.963661 -92.058255
-33.528870 6.957412 -92.215735
-33.546744 6.957107 -92.365646
-33.563626 6.954449 -92.621631
-33.581243 6.955329 -92.789304
-33.592823 6.955529 -92.904134
-33.619107 6.952286 -93.037115
-33.639704 6.949851 -93.213934
-33.659853 6.945333 -93.422171
-33.676493 6.950511 -93.477540
-33.704352 6.950087 -93.601140
-33.739779 6.941912 -93.759766
-33.774207 6.937523 -93.891014
-33.805534 6.941121 -93.900665
-33.846723 6.933185 -93.920479
-33.879382 6.927795 -94.115355
-33.908075 6.927361 -94.183927
-33.939385 6.924087 -94.196377
-33.971829 6.918689 -94.388252
-33.999788 6.919372 -94.464636
-34.021819 6.921978 -94.424108
-34.044982 6.917626 -94.391917
-34.074125 6.909238 -94.752717
-34.096779 6.910637 -94.931593
-34.120675 6.908191 -94.984587
-34.146850 6.904566 -95.069237
-34.173564 6.899560 -95.100359
-34.207077 6.895591 -95.231944
-34.236184 6.893012 -95.532760
-34.261049 6.897947 -95.785029
-34.280035 6.899065 -95.638055
-34.289434 6.895475 -95.381150
-34.272938 6.891112 -95.269498
-34.262102 6.889086 -95.462771
-34.274709 6.890702 -95.816469
-34.264699 6.907008 -96.963009
-34.260219 6.916578 -98.233439
-34.259534 6.928395 -100.354503
-34.260352 6.943866 -103.594711
-34.259391 6.957993 -107.875629
-34.260795 6.966341 -112.830052
-34.254629 6.972894 -117.346792
-34.255440 6.972434 -121.597049
-34.256556 6.974061 -125.568800
-34.261768 6.976487 -129.527002
-34.263992 6.986594 -133.501742
-34.264677 6.995485 -137.874242
-34.266801 6.999416 -142.447159
-34.264625 7.005751 -146.759151
-34.270715 7.001580 -150.971213
-34.285770 6.990374 -154.107112
-34.298325 6.976514 -155.535124
-34.303157 6.965854 -155.478415
-34.298776 6.967896 -153.388289
-34.293201 6.966122 -152.163310
-34.296312 6.964187 -151.026850
-34.305379 6.958376 -151.407214
-34.292126 6.951642 -151.221443
-34.301279 6.963394 -151.356881
-34.294681 6.953111 -151.250177
-34.292208 6.964697 -151.311100
-34.296035 6.954884 -151.715021
-34.312802 6.938511 -153.864389
-34.321698 6.932027 -155.530079
-34.331594 6.931638 -157.985934
-34.336664 6.936989 -160.746035
-34.341135 6.928817 -164.210036
-34.347973 6.925563 -168.004745
-34.362498 6.916741 -172.237169
-34.378471 6.915333 -176.752672
-34.384347 6.921864 178.868589
-34.383727 6.931615 174.941842
-34.374257 6.948800 171.726817
-34.355682 6.973952 169.798257
-34.346328 7.000172 170.263601
-34.345745 7.005326 171.487158
-34.343688 6.985102 172.255147
-34.352465 6.980496 172.215533
-34.351862 6.970682 172.390465
-34.351639 6.957635 172.564980
-34.349458 6.938884 173.017019
-34.348135 6.908209 173.469772
-34.343728 6.870814 174.061770
-34.337520 6.822521 175.149071
-34.327046 6.782164 175.602637
-34.329975 6.730784 176.172456
-34.330138 6.696218 177.341468
-34.327928 6.669730 177.815293
-34.327782 6.634813 178.300443
-34.330599 6.603742 179.130217
-34.331666 6.577492 179.692859
-34.328194 6.550310 -179.715588
-34.325404 6.524954 -179.158632
-34.327973 6.496718 -178.733406
-34.329450 6.471322 -178.226287
-34.327927 6.450545 -177.724512
-34.325689 6.428841 -177.315180
-34.324996 6.408990 -177.330926
-34.327701 6.383043 -177.240409
-34.337064 6.355929 -177.077995
-34.336221 6.326736 -176.939924
-34.335248 6.292519 -176.830824
-34.339825 6.265287 -176.640965
-34.342391 6.233932 -176.467018
-34.339893 6.205368 -176.295761
-34.342498 6.179563 -176.425098
-34.341249 6.154468 -176.343379
-34.339996 6.125231 -176.202977
-34.337921 6.093948 -176.079899
-34.340414 6.065232 -175.990963
-34.340864 6.037481 -176.041809
-34.340518 6.010779 -175.924829
-34.340450 5.977472 -175.769602
-34.352212 5.945305 -175.773723
-34.353439 5.911457 -175.831790
-34.352665 5.874951 -175.795251
-34.355463 5.840335 -175.680004
-34.363336 5.804674 -175.718028
-34.370308 5.772833 -175.959680
-34.368845 5.741701 -175.887950
-34.372858 5.713354 -175.424171
-34.375503 5.683022 -175.456228
-34.371853 5.658746 -175.707474
-34.369952 5.639220 -175.983573
-34.367618 5.614004 -176.286214
-34.364430 5.595229 -176.317083
-34.365873 5.569660 -176.247779
-34.368949 5.548815 -176.237631
-34.372287 5.526257 -176.401691
-34.375063 5.497416 -176.424881
-34.377496 5.467178 -176.458077
-34.377835 5.435090 -176.512558
-34.383886 5.396709 -176.555709
-34.385550 5.362320 -176.693460
-34.386809 5.323422 -176.727584
-34.393072 5.283814 -176.868818
-34.396541 5.245788 -176.881950
-34.398515 5.212793 -176.985595
-34.406278 5.181391 -177.072323
-34.408225 5.153554 -177.236900
-34.409139 5.132422 -177.334081
-34.405101 5.104296 -177.372808
-34.407454 5.084024 -177.482743
-34.404381 5.066366 -177.577538
-34.401561 5.045533 -177.709179
-34.401458 5.020715 -177.734848
-34.403079 4.990990 -177.760748
-34.405717 4.961211 -177.841700
-34.405026 4.930513 -177.965346
-34.406563 4.899117 -178.006472
-34.409067 4.860735 -178.076730
-34.407955 4.821965 -178.228869
-34.403636 4.797699 -178.207040
-34.398021 4.771423 -177.812641
-34.400292 4.739833 -177.886333
-34.406016 4.710970 -178.222315
-34.402477 4.695213 -178.606912
-34.396167 4.682018 -178.568621
-34.398722 4.657107 -178.309788
-34.405148 4.627394 -178.335670
-34.405612 4.596877 -178.536654
-34.402923 4.568448 -178.594291
-34.406335 4.540163 -178.659863
-34.406935 4.508107 -178.643957
-34.403858 4.469244 -178.787357
-34.404797 4.433004 -178.868214
-34.408960 4.391532 -178.929376
-34.411748 4.347980 -178.812329
-34.419331 4.299716 -179.056371
-34.422213 4.267936 -178.783573
-34.414442 4.248625 -178.438620
-34.414022 4.227635 -178.585334
-34.415054 4.205001 -179.172550
-34.409784 4.187762 -179.558703
-34.405801 4.168133 -179.388439
-34.406186 4.149734 -179.179453
-34.407616 4.125777 -179.256864
-34.410881 4.097287 -179.444945
-34.409367 4.063612 -179.493036
-34.410627 4.031174 -179.515087
-34.405262 3.998405 -179.553311
-34.408182 3.963990 -179.745717
-34.406148 3.928724 -179.789812
-34.405291 3.891557 -179.843480
-34.410000 3.856762 179.992940
-34.414902 3.817996 179.725442
-34.412784 3.780333 179.715077
-34.413069 3.753895 179.888140
-34.419245 3.731744 179.833463
-34.419594 3.713561 179.763363
-34.417192 3.692102 179.515652
-34.412701 3.672093 179.238512
-34.414182 3.643081 179.235257
-34.416899 3.617816 179.344352
-34.416021 3.594802 179.348148
-34.411864 3.571441 179.258903
-34.412490 3.541067 179.109592
-34.413330 3.504933 179.010991
-34.412623 3.475934 178.918972
-34.410904 3.441328 178.867147
-34.405624 3.403672 178.854107
-34.403102 3.367220 178.855027
-34.404705 3.331247 178.888928
-34.402730 3.298090 178.744367
-34.400231 3.259724 178.503515
-34.399947 3.227507 178.541296
-34.398372 3.203666 178.724810
-34.397955 3.184937 178.830434
-34.399103 3.161782 178.709339
-34.397395 3.141712 178.503118
-34.394454 3.120703 178.344863
-34.393115 3.098297 178.209964
-34.392819 3.071724 178.077142
-34.388398 3.047125 177.990316
-34.384526 3.017704 177.977227
-34.384378 2.994655 177.906072
-34.384977 2.964953 177.771241
-34.382310 2.930706 177.827066
-34.378092 2.893638 177.715294
-34.371681 2.855987 177.711286
-34.372631 2.823166 177.571095
-34.372255 2.786522 177.337127
-34.377473 2.741877 177.368000
-34.374739 2.710611 177.757743
-34.370451 2.691741 177.770158
-34.368890 2.670530 177.464898
-34.362954 2.643175 177.179718
-34.364641 2.617543 177.101154
-34.365273 2.594654 177.210346
-34.364199 2.573296 177.267091
-34.364486 2.546837 177.181279
-34.361820 2.520288 177.080811
-34.361520 2.488784 177.035516
-34.357922 2.460257 176.892153
-34.354907 2.427289 176.781249
-34.350937 2.396578 176.901333
-34.350371 2.365530 177.080531
-34.347960 2.333746 177.079724
-34.348650 2.300746 176.850620
-34.346341 2.269636 176.704764
-34.343807 2.242322 176.731907
-34.342108 2.210771 176.793127
-34.341919 2.185119 176.799161
-34.338802 2.158810 176.688997
-34.335482 2.133780 176.647806
-34.332411 2.110126 176.678305
-34.331753 2.082840 176.823184
-34.331071 2.056443 177.011828
-34.328641 2.029372 177.127163
-34.327465 1.998918 177.284695
-34.325446 1.971026 177.516724
-34.323419 1.942749 177.822690
-34.321728 1.909633 178.011080
-34.320636 1.878772 178.269177
-34.320584 1.845836 178.555617
-34.321095 1.806157 178.781323
-34.319674 1.774069 178.857544
-34.321113 1.748580 179.068175
-34.319972 1.726490 179.277366
-34.316223 1.703769 179.295889
-34.312148 1.677899 179.183953
-34.310804 1.652600 179.153573
-34.313227 1.628174 179.333596
-34.309982 1.598653 179.409943
-34.306661 1.569069 179.415729
-34.306631 1.543972 179.426108
-34.305153 1.517969 179.583239
-34.304814 1.488797 179.819208
-34.304081 1.457917 179.962654
-34.303688 1.426030 -179.999418
-34.301763 1.398378 -179.936703
-34.303218 1.366588 -179.880803
-34.300743 1.331264 -179.798949
-34.304547 1.292233 179.948755
-34.311077 1.260782 179.878666
-34.315796 1.233844 -179.892013
-34.314879 1.208864 -179.692221
-34.309177 1.181147 -179.738319
-34.306542 1.159900 -179.814336
-34.302225 1.140135 -179.893219
-34.300924 1.118487 -179.834626
-34.301600 1.092254 -179.728176
-34.302423 1.061348 -179.765285
-34.304132 1.030039 -179.797084
-34.302482 1.002154 -179.768125
-34.296213 0.971237 -179.662245
-34.295123 0.937115 -179.682033
-34.294913 0.903918 -179.679799
-34.293550 0.870850 -179.675105
-34.289038 0.833222 -179.731993
-34.284874 0.797326 -179.952017
-34.291444 0.758950 179.890341
-34.297353 0.731677 179.892255
-34.297264 0.703542 179.867103
-34.294958 0.677853 179.779033
-34.293935 0.655679 179.882957
-34.291206 0.632822 179.956235
-34.289491 0.610333 179.944679
-34.287759 0.586409 179.940408
-34.289186 0.562971 -179.982160
-34.284150 0.532498 -179.987184
-34.280568 0.502975 179.955295
-34.278245 0.470273 179.944729
-34.278250 0.433543 179.897008
-34.276113 0.395960 179.778872
-34.278093 0.356444 179.782027
-34.276882 0.317626 179.784758
-34.276618 0.273455 179.708468
-34.277907 0.232734 179.653552
-34.280230 0.205075 179.973231
-34.280608 0.176764 -179.773808
-34.274589 0.157074 -179.773491
-34.273422 0.135862 179.996944
-34.272241 0.115113 179.771141
-34.272237 0.093371 179.686031
-34.269684 0.072520 179.834126
-34.269632 0.052028 -179.942905
-34.269383 0.028246 -179.844939
-34.265233 0.002456 -179.818445
-34.262128 -0.029998 -179.763303
-34.258997 -0.062078 -179.728381
-34.257789 -0.095599 -179.759701
-34.262016 -0.131441 -179.800396
-34.264125 -0.167847 -179.771536
-34.265833 -0.208140 -179.645192
-34.266862 -0.244633 -179.650263
-34.269473 -0.286846 -179.688364
-34.269351 -0.321814 -179.480685
-34.271785 -0.341337 -179.639547
-34.267973 -0.330419 179.923193
-34.268190 -0.316088 -179.478335
-34.273403 -0.313647 -178.441282
-34.283887 -0.309448 -179.479827
-34.293573 -0.305204 178.955948
-34.305414 -0.298805 176.422083
-34.318308 -0.297015 172.723618
-34.329118 -0.303841 167.836607
-34.334177 -0.310629 162.120795
-34.349674 -0.321403 155.909521
-34.359024 -0.331824 149.388544
-34.366734 -0.331321 142.887077
-34.369369 -0.333772 136.615585
-34.377270 -0.340141 130.876917
-34.381068 -0.347492 125.420464
-34.383421 -0.361251 120.350316
-34.387461 -0.369877 115.769446
-34.391739 -0.374765 111.548147
-34.395225 -0.382137 107.262053
-34.402732 -0.401895 102.595017
-34.405875 -0.411751 97.450317
-34.405032 -0.414965 92.445280
-34.400072 -0.417537 87.821873
-34.391684 -0.415978 83.843273
-34.382062 -0.408817 80.953831
-34.367096 -0.413928 78.914788
-34.363716 -0.404113 78.614109
-34.371848 -0.410094 79.626274
-34.370715 -0.410944 80.747074
-34.370907 -0.404486 82.153199
-34.369384 -0.404536 83.691095
-34.370128 -0.403008 84.768743
-34.370175 -0.398536 86.116864
-34.370422 -0.395622 87.530607
-34.362712 -0.393872 88.889218
-34.361212 -0.393532 89.969397
-34.362785 -0.388683 91.651633
-34.343202 -0.392477 91.914828
-34.322673 -0.389041 91.826952
-34.299747 -0.390354 91.712844
-34.263681 -0.386602 91.719246
-34.225167 -0.381561 91.830456
-34.183056 -0.375309 92.236445
-34.143371 -0.374816 92.448769
-34.094819 -0.376067 92.567124
-34.052439 -0.379626 92.573565
-34.001493 -0.380768 92.675773
-33.959014 -0.379116 92.426106
-33.915104 -0.382729 92.815525
-33.879742 -0.382431 92.680137
-33.845390 -0.383708 92.541454
-33.812659 -0.382561 92.515738
-33.783141 -0.381218 92.793740
-33.767036 -0.388483 92.933469
-33.749290 -0.388502 92.547031
-33.730426 -0.382993 92.394845
-33.712660 -0.379397 92.398931
-33.693157 -0.379471 92.324422
-33.672615 -0.378129 92.337095
-33.652028 -0.381962 92.208156
-33.632616 -0.384640 91.979126
-33.606770 -0.380064 91.915261
-33.583158 -0.377148 92.123516
-33.559974 -0.380503 92.103764
-33.533755 -0.383755 91.863853
-33.504129 -0.385815 91.529323
-33.465587 -0.382875 91.337149
-33.421739 -0.383617 91.713598
-33.387552 -0.389477 91.917923
-33.354885 -0.396568 91.801980
-33.327029 -0.397762 90.965810
-33.291415 -0.389103 90.960322
-33.257862 -0.391423 91.361859
-33.233010 -0.392702 91.559885
-33.208675 -0.400009 91.625369
-33.188182 -0.401102 91.322122
-33.167844 -0.396534 90.970692
-33.146778 -0.391946 90.909154
-33.125850 -0.392443 91.145464
-33.099570 -0.393713 91.351716
-33.073415 -0.396371 91.194066
-33.045162 -0.395885 90.799396
-33.020572 -0.391824 90.731724
-32.992958 -0.394336 91.027090
-32.956475 -0.398756 91.077806
-32.920273 -0.400311 90.659269
-32.892340 -0.397981 90.435455
-32.855171 -0.397341 90.498310
-32.815834 -0.398583 90.587511
-32.772413 -0.399658 90.640304
-32.738367 -0.400355 90.245276
-32.706728 -0.395901 90.027556
-32.674019 -0.393277 89.951214
-32.646358 -0.395386 89.904919
-32.618819 -0.396011 89.976807
-32.588469 -0.394510 90.100268
-32.558460 -0.393232 90.099351
-32.532553 -0.392577 89.965297
-32.506169 -0.393978 89.794864
-32.483836 -0.392362 89.591199
-32.459091 -0.388258 89.360385
-32.433428 -0.386859 89.167450
-32.409628 -0.390007 89.011701
-32.378690 -0.390842 88.898176
-32.347997 -0.390596 88.896877
-32.320720 -0.391570 89.104202
-32.285744 -0.389712 89.367142
-32.244486 -0.386763 89.187414
-32.210048 -0.387203 88.667344
-32.187512 -0.384976 88.601697
-32.163792 -0.381987 88.826301
-32.132131 -0.380952 88.757008
-32.105229 -0.379695 88.786216
-32.075916 -0.377462 88.787937
-32.043807 -0.374645 88.617754
-32.017946 -0.373660 88.452493
-31.995153 -0.369822 88.458458
-31.962871 -0.363468 88.544963
-31.934546 -0.360985 88.397495
-31.906571 -0.363826 87.901463
-31.876343 -0.361354 87.860939
-31.848237 -0.362578 88.253599
-31.817571 -0.356019 88.368650
-31.789543 -0.351534 88.084505
-31.761690 -0.353446 87.988963
-31.733964 -0.356852 88.365556
-31.709574 -0.355083 88.910050
-31.684006 -0.350931 89.308881
-31.659504 -0.349240 89.284205
-31.633661 -0.348793 89.067733
-31.604781 -0.349339 89.022618
-31.579889 -0.352483 89.489692
-31.553504 -0.349416 90.032872
-31.523663 -0.344843 90.205579
-31.491070 -0.343257 90.133072
-31.455254 -0.343971 90.237301
-31.424463 -0.345757 90.497166
-31.391995 -0.342060 90.820126
-31.360364 -0.341696 91.000403
-31.330340 -0.341005 91.153166
-31.301368 -0.339618 91.387617
-31.277122 -0.339439 91.361623
-31.249831 -0.341359 91.406603
-31.222801 -0.342526 91.606399
-31.199346 -0.341227 91.769351
-31.177190 -0.339505 91.850943
-31.151884 -0.338032 91.872929
-31.124595 -0.337631 91.984272
-31.096672 -0.338075 92.051496
-31.066965 -0.336758 92.227820
-31.034799 -0.336541 92.287119
-31.001315 -0.336373 92.474546
-30.968063 -0.336030 92.618281
-30.932431 -0.337611 92.807818
-30.898128 -0.337585 92.879581
-30.864894 -0.338334 92.969095
-30.837065 -0.339980 93.094092
-30.807495 -0.342905 93.056575
-30.779232 -0.343740 92.977618
-30.749432 -0.343840 93.220187
-30.725155 -0.347028 93.454247
-30.704590 -0.347424 93.445983
-30.680602 -0.347806 93.214653
-30.647451 -0.351933 93.401505
-30.619925 -0.353718 93.798859
-30.597235 -0.351345 94.038757
-30.573007 -0.351861 93.867807
-30.540961 -0.350649 93.837148
-30.509760 -0.349966 94.103621
-30.482328 -0.350560 94.237331
-30.454172 -0.349356 94.247168
-30.421686 -0.349158 94.227232
-30.386626 -0.349157 94.147067
-30.352141 -0.351588 94.171982
-30.319770 -0.354409 94.202876
-30.288741 -0.357281 94.283619
-30.258652 -0.361056 94.351352
-30.228025 -0.364266 94.275394
-30.199041 -0.364915 94.368127
-30.169724 -0.369003 94.725948
-30.146226 -0.373690 94.713576
-30.125121 -0.372070 94.346275
-30.097795 -0.371121 94.403611
-30.070726 -0.374587 94.692511
-30.044310 -0.377879 94.767863
-30.014184 -0.379152 94.623488
-29.986256 -0.379671 94.415943
-29.955604 -0.377485 94.311376
-29.926833 -0.377123 94.382941
-29.897089 -0.378262 93.945542
-29.865874 -0.378916 93.332102
-29.835286 -0.381237 93.002313
-29.806278 -0.382880 92.979004
-29.776316 -0.386017 92.672580
-29.744080 -0.382848 92.276773
-29.711345 -0.378804 92.208586
-29.678256 -0.378275 92.166754
-29.646300 -0.376740 92.017957
-29.613796 -0.378751 91.502789
-29.577573 -0.382629 91.108792
-29.548685 -0.382973 91.162001
-29.515116 -0.384704 91.631065
-29.480925 -0.386411 91.689576
-29.455476 -0.384260 91.340658
-29.429949 -0.378323 91.197960
-29.409017 -0.376835 90.941553
-29.391823 -0.379623 90.754451
-29.367896 -0.382899 90.792492
-29.339945 -0.382500 90.658313
-29.316103 -0.379545 90.566399
-29.289419 -0.379694 90.437632
-29.265515 -0.379960 90.323391
-29.233009 -0.377281 90.258519
-29.201083 -0.373524 90.207784
-29.170474 -0.375227 90.042173
-29.136375 -0.376391 89.933926
-29.104714 -0.379679 89.668701
-29.078122 -0.375251 89.704478
-29.045852 -0.374042 89.841533
-29.017350 -0.368819 89.918978
-28.988749 -0.367209 89.990005
-28.961995 -0.366299 89.869460
-28.935939 -0.366312 89.567532
-28.915100 -0.368324 89.245072
-28.897473 -0.368628 89.111278
-28.872119 -0.368162 89.058893
-28.846142 -0.364677 89.069537
-28.820713 -0.364633 89.109777
-28.793032 -0.364503 89.113859
-28.764780 -0.361181 89.134571
-28.734287 -0.359906 89.162993
-28.702722 -0.359063 89.199503
-28.672444 -0.359792 89.249326
-28.640623 -0.360612 89.261146
-28.610897 -0.359532 89.356549
-28.578465 -0.359549 89.410588
-28.547572 -0.356175 89.393005
-28.514665 -0.353351 89.358909
-28.482285 -0.351389 89.347174
-28.449544 -0.350939 89.260468
-28.411397 -0.348070 89.212325
-28.379323 -0.348596 89.121355
-28.338893 -0.350600 89.281612
-28.313268 -0.346415 89.879307
-28.291586 -0.337426 89.952326
-28.265169 -0.329233 89.692922
-28.238777 -0.327802 89.767258
-28.215469 -0.328339 89.813865
-28.190604 -0.329653 89.557836
-28.166399 -0.331723 89.277029
-28.139432 -0.335984 89.348764
-28.110762 -0.335389 89.646691
-28.083521 -0.328052 89.867380
-28.056009 -0.323563 89.847886
-28.022835 -0.320804 89.827656
-27.991090 -0.322057 89.955613
-27.960004 -0.321666 90.197754
-27.926153 -0.319383 90.237138
-27.896514 -0.318694 90.127209
-27.861784 -0.321659 90.192278
-27.830494 -0.323933 90.790707
-27.805358 -0.315132 91.080360
-27.786746 -0.311030 90.891049
-27.758937 -0.308526 90.588810
-27.728830 -0.307377 90.611660
-27.703724 -0.308551 90.822769
-27.680208 -0.310107 90.952082
-27.652931 -0.309957 90.863115
-27.624318 -0.309257 90.621355
-27.591583 -0.312773 90.541844
-27.561999 -0.313553 90.741101
-27.533058 -0.313412 90.878496
-27.505787 -0.311500 90.875805
-27.475579 -0.310287 90.831719
-27.445639 -0.310554 90.951946
-27.419191 -0.310169 91.022390
-27.390716 -0.308504 90.915510
-27.359486 -0.308401 90.756730
-27.329887 -0.307785 90.845562
-27.302075 -0.306770 90.990283
-27.271825 -0.305526 91.066933
-27.241434 -0.303980 91.203830
-27.210922 -0.299094 91.179376
-27.180778 -0.298193 91.219990
-27.156575 -0.299859 91.229862
-27.128150 -0.300847 90.950063
-27.092638 -0.302973 90.701993
-27.059601 -0.305001 90.859586
-27.032328 -0.304439 90.997201
-27.005030 -0.302310 90.970707
-26.979394 -0.301640 90.882841
-26.949478 -0.302538 90.818303
-26.921006 -0.302041 90.808408
-26.895277 -0.302982 90.908108
-26.868560 -0.301424 90.805666
-26.839763 -0.302241 90.700270
-26.807728 -0.301517 90.767875
-26.780005 -0.300879 90.962695
-26.752615 -0.298946 90.971253
-26.722546 -0.296570 90.758974
-26.688800 -0.293133 90.768534
-26.658236 -0.293852 90.953034
-26.629668 -0.294486 90.831233
-26.598419 -0.291656 90.611744
-26.569341 -0.293826 90.694009
-26.540154 -0.296521 90.718480
-26.509198 -0.296101 90.696005
-26.480140 -0.294233 90.795393
-26.454946 -0.293836 90.835659
-26.429407 -0.292474 90.764533
-26.400455 -0.290332 90.765416
-26.368552 -0.290603 90.831948
-26.339740 -0.291161 91.019391
-26.311003 -0.291067 91.255059
-26.282069 -0.293764 91.220248
-26.251990 -0.294268 91.022904
-26.221255 -0.289295 91.000291
-26.189455 -0.287604 91.172131
-26.158659 -0.289464 91.256161
-26.131555 -0.291276 91.198064
-26.103857 -0.293296 91.058638
-26.074976 -0.294754 90.856954
-26.045062 -0.293980 90.842218
-26.015159 -0.295983 91.075417
-25.984014 -0.297069 91.262576
-25.954399 -0.301876 91.216692
-25.925032 -0.301008 90.939142
-25.899750 -0.296437 90.764422
-25.873251 -0.293959 90.903671
-25.844015 -0.296078 91.006477
-25.813917 -0.298060 90.938374
-25.786502 -0.297541 90.847370
-25.759919 -0.293033 91.020570
-25.727571 -0.294027 91.146583
-25.697441 -0.296200 90.940973
-25.669551 -0.296576 90.663377
-25.642548 -0.291545 90.724799
-25.610188 -0.290871 90.890511
-25.572205 -0.296152 90.714399
-25.545436 -0.295526 90.580307
-25.514974 -0.292755 90.761053
-25.478746 -0.292884 90.750635
-25.448475 -0.296057 90.711772
-25.420757 -0.294544 90.816274
-25.391039 -0.294302 90.823575
-25.359916 -0.294583 90.680902
-25.334433 -0.293602 90.482976
-25.309897 -0.293511 90.508528
-25.284975 -0.292430 90.490473
-25.259847 -0.291167 90.365793
-25.234148 -0.292363 90.276743
-25.211218 -0.291895 90.282007
-25.187227 -0.291105 90.313369
-25.161120 -0.291199 90.320873
-25.129375 -0.290792 90.437943
-25.096057 -0.287093 90.371621
-25.063601 -0.287162 90.276612
-25.029614 -0.287516 90.135032
-24.997107 -0.288250 90.121967
-24.966486 -0.290457 90.318691
-24.934148 -0.288104 90.499619
-24.899319 -0.284756 90.430340
-24.868315 -0.284834 90.215018
-24.842406 -0.287816 90.222894
-24.815594 -0.288493 90.428275
-24.783360 -0.281291 90.446285
-24.754763 -0.281281 90.309345
-24.726984 -0.282703 90.367956
-24.700028 -0.281558 90.487348
-24.669285 -0.278449 90.600463
-24.639819 -0.274976 90.605309
-24.610139 -0.271251 90.352499
-24.584186 -0.274865 90.124638
-24.561415 -0.278622 90.158327
-24.537928 -0.277455 90.309350
-24.511750 -0.273863 90.152939
-24.484048 -0.274523 89.901842
-24.456554 -0.277711 89.865710
-24.427451 -0.275451 89.969071
-24.396840 -0.272258 89.913703
-24.366120 -0.273259 89.778325
-24.333298 -0.275006 89.812941
-24.305429 -0.276179 90.001108
-24.271779 -0.270495 90.026136
-24.240015 -0.267824 89.872557
-24.206916 -0.270229 89.800473
-24.175507 -0.269897 90.021515
-24.145705 -0.267244 90.018219
-24.117132 -0.264463 89.821933
-24.087337 -0.264833 89.654513
-24.060192 -0.264428 89.726895
-24.037117 -0.262834 89.805261
-24.017714 -0.263569 89.645784
-23.991372 -0.261878 89.330487
-23.958199 -0.263245 89.460492
-23.934897 -0.261800 89.610617
-23.906142 -0.259336 89.493450
-23.873077 -0.258294 89.309787
-23.842068 -0.255936 89.348976
-23.810728 -0.255195 89.382657
-23.778032 -0.258605 89.396219
-23.747259 -0.260698 89.432918
-23.718405 -0.258343 89.298547
-23.688206 -0.254121 89.014128
-23.655129 -0.252505 88.859233
-23.622489 -0.250103 88.840409
-23.593224 -0.250912 88.874133
-23.565979 -0.250181 88.813477
-23.532944 -0.248783 88.845036
-23.507547 -0.248408 88.908636
-23.487020 -0.247374 88.576257
-23.458593 -0.245079 88.334768
-23.429916 -0.243732 88.492036
-23.403233 -0.246189 88.543291
-23.375720 -0.244940 88.438492
-23.348493 -0.244776 88.305183
-23.319899 -0.241369 88.330885
-23.290988 -0.239798 88.419629
-23.263203 -0.234368 88.625786
-23.231566 -0.235357 88.709582
-23.202648 -0.236083 88.424695
-23.173838 -0.233012 88.145018
-23.141921 -0.229016 88.133939
-23.107042 -0.230514 88.262877
-23.077786 -0.230999 88.321058
-23.044425 -0.227397 88.397708
-23.011011 -0.223918 88.540573
-22.982576 -0.223732 88.445036
-22.953520 -0.219346 88.156315
-22.924983 -0.216393 87.959145
-22.899259 -0.216136 87.880297
-22.873845 -0.216222 87.957792
-22.848708 -0.217144 88.042132
-22.824861 -0.220279 87.875549
-22.796269 -0.215366 87.681480
-22.771032 -0.212314 87.590645
-22.741288 -0.208878 87.535896
-22.712038 -0.207536 87.530473
-22.681860 -0.206010 87.456892
-22.651906 -0.204964 87.324206
-22.619564 -0.204554 87.198318
-22.588652 -0.204217 87.102584
-22.559460 -0.200487 87.116245
-22.525182 -0.196468 87.378997
-22.491678 -0.194233 87.278171
-22.458206 -0.190387 86.960624
-22.427520 -0.187642 86.733785
-22.401482 -0.183656 86.740375
-22.372389 -0.183655 86.673274
-22.344569 -0.183283 86.573336
-22.320585 -0.182163 86.632725
-22.292233 -0.176272 86.760268
-22.257955 -0.171378 86.579892
-22.232167 -0.169377 86.260659
-22.211961 -0.167571 86.372501
-22.182397 -0.164661 86.523687
-22.147744 -0.160692 86.160028
-22.119381 -0.161769 85.713629
-22.099576 -0.162667 85.702869
-22.067234 -0.157805 85.899629
-22.034723 -0.155488 85.746382
-22.009186 -0.156411 85.496538
-21.986085 -0.152289 85.626597
-21.955566 -0.146849 85.902700
-21.924449 -0.139830 85.714976
-21.895829 -0.139410 85.259985
-21.869808 -0.142156 85.267904
-21.841967 -0.142760 85.805618
-21.808977 -0.134560 86.096426
-21.775182 -0.126223 85.843066
-21.743667 -0.122950 85.459625
-21.718465 -0.123135 85.393803
-21.694920 -0.121762 85.626517
-21.667283 -0.118377 85.712239
-21.641943 -0.119112 85.723024
-21.612691 -0.117614 85.879720
-21.582303 -0.115592 85.869943
-21.555559 -0.113306 85.888499
-21.528244 -0.114758 85.900806
-21.500057 -0.117567 86.286956
-21.474709 -0.112652 86.581282
-21.451086 -0.111990 86.632171
-21.427082 -0.111410 86.847875
-21.405907 -0.106669 87.091763
-21.379574 -0.100170 87.123464
-21.350275 -0.094529 87.008853
-21.320367 -0.096563 86.972438
-21.291495 -0.096533 87.234346
-21.263588 -0.092302 87.382029
-21.233476 -0.091383 87.411469
-21.204912 -0.090305 87.473801
-21.177700 -0.090763 87.607693
-21.146047 -0.092355 88.158592
-21.115425 -0.087253 88.848127
-21.088657 -0.086080 89.567579
-21.058900 -0.086237 89.998452
-21.032390 -0.087133 90.429623
-21.001200 -0.089673 91.007534
-20.972941 -0.092411 91.636056
-20.947227 -0.091509 92.244460
-20.917932 -0.091460 92.763507
-20.896639 -0.088915 92.874444
-20.866283 -0.087881 92.724133
-20.829909 -0.088003 92.691473
-20.796848 -0.092244 92.796618
-20.764778 -0.095325 92.934715
-20.733219 -0.097448 93.140454
-20.706868 -0.098732 93.193473
-20.675548 -0.100216 93.208060
-20.637366 -0.102351 93.424687
-20.605988 -0.102303 93.790937
-20.577146 -0.097384 94.074056
-20.552982 -0.095408 93.989841
-20.519519 -0.093321 93.845201
-20.480475 -0.093976 93.951314
-20.449797 -0.096222 94.241168
-20.424114 -0.097259 94.347571
-20.396597 -0.099852 94.298252
-20.370853 -0.099483 94.103487
-20.346754 -0.100219 93.863519
-20.319317 -0.101682 93.779188
-20.291472 -0.102059 93.875275
-20.266050 -0.106013 94.015604
-20.239190 -0.107802 93.959193
-20.214105 -0.108819 93.855100
-20.185547 -0.105156 93.872442
-20.155196 -0.105077 94.085303
-20.122919 -0.104711 94.291460
-20.096459 -0.108475 94.054708
-20.064990 -0.109707 93.820683
-20.034784 -0.111176 93.799199
-20.002775 -0.113890 93.877776
-19.969533 -0.117756 93.662080
-19.941255 -0.117402 93.461967
-19.910809 -0.115302 93.644829
-19.877915 -0.116750 93.738347
-19.849644 -0.116765 93.762687
-19.820432 -0.117783 93.555632
-19.793283 -0.118866 93.374184
-19.767795 -0.122221 93.201838
-19.742132 -0.123545 93.193124
-19.715372 -0.125792 93.270476
-19.687158 -0.128761 93.160117
-19.659099 -0.129341 93.015680
-19.633548 -0.130762 92.818153
-19.602974 -0.130695 92.915102
-19.572762 -0.136045 92.842027
-19.548979 -0.138031 92.661247
-19.521184 -0.134976 92.812518
-19.493332 -0.137730 92.919029
-19.466081 -0.141123 92.920734
-19.439102 -0.140473 92.928754
-19.405251 -0.137681 93.025416
-19.375257 -0.140017 92.903705
-19.347497 -0.140983 92.807080
-19.319660 -0.141951 92.906550
-19.286405 -0.142646 92.995696
-19.249712 -0.145170 92.873452
-19.223965 -0.150470 92.714872
-19.201824 -0.149227 93.056177
-19.161813 -0.144396 93.232599
-19.129133 -0.144396 93.012389
-19.105351 -0.146199 92.943284
-19.077830 -0.147423 93.005506
-19.049094 -0.148832 92.975390
-19.022587 -0.151357 92.954674
-18.997079 -0.151960 92.933422
-18.973416 -0.150317 92.916145
-18.949219 -0.150171 92.941087
-18.920651 -0.150810 93.010935
-18.889507 -0.151565 93.005573
-18.858818 -0.152888 93.001691
-18.825485 -0.153987 93.099313
-18.792356 -0.153590 93.056998
-18.762443 -0.156139 93.056146
-18.728952 -0.156900 93.157528
-18.694795 -0.155917 93.158174
-18.662929 -0.158357 93.114086
-18.632302 -0.157739 93.162696
-18.600652 -0.159626 93.193732
-18.568593 -0.161216 93.222849
-18.536032 -0.158268 93.318840
-18.499266 -0.155539 93.414195
-18.464688 -0.156887 93.406615
-18.435227 -0.159540 93.531527
-18.406431 -0.158246 93.445116
-18.379959 -0.158334 93.000023
-18.352743 -0.166892 92.749483
-18.329036 -0.173248 93.213916
-18.307653 -0.168140 93.510281
-18.282299 -0.162417 93.271887
-18.254075 -0.162202 92.817196
-18.230290 -0.165052 92.559684
-18.201891 -0.165140 92.532252
-18.168817 -0.164587 92.504624
-18.133925 -0.168213 92.382291
-18.099640 -0.178132 92.274108
-18.063501 -0.181668 92.455325
-18.031466 -0.177709 92.712543
-18.000486 -0.172654 92.990690
-17.966259 -0.170606 92.965074
-17.936014 -0.165767 92.805765
-17.908085 -0.165822 92.675949
-17.881888 -0.167353 92.799393
-17.860114 -0.172188 92.716278
-17.842256 -0.174490 92.837906
-17.821450 -0.171859 92.858926
-17.801017 -0.167590 92.550114
-17.777881 -0.163215 92.122659
-17.746897 -0.166235 92.264039
-17.720563 -0.168873 92.626875
-17.695382 -0.170031 92.348587
-17.661595 -0.173943 91.888554
-17.620499 -0.178336 91.838375
-17.588003 -0.182221 91.830627
-17.553116 -0.181113 91.732158
-17.519061 -0.180275 91.766807
-17.486454 -0.176631 91.765091
-17.456740 -0.174679 91.805011
-17.429086 -0.172374 91.765781
-17.400660 -0.173751 91.711646
-17.377611 -0.173686 91.636411
-17.346912 -0.173692 91.571515
-17.326654 -0.173197 91.497106
-17.309743 -0.169849 91.038941
-17.280816 -0.170977 90.877493
-17.255754 -0.177070 90.871632
-17.229149 -0.178130 90.604090
-17.198991 -0.176542 90.349173
-17.166398 -0.174675 90.461086
-17.138810 -0.172959 90.417097
-17.112188 -0.172252 90.289735
-17.081881 -0.169646 90.120068
-17.049891 -0.170335 90.095713
-17.018005 -0.169506 90.045942
-16.982413 -0.167845 90.024737
-16.950722 -0.166691 89.858103
-16.919532 -0.165925 89.618028
-16.890173 -0.161717 89.525151
-16.862748 -0.162849 89.615155
-16.836979 -0.163895 89.467378
-16.806472 -0.161948 89.330027
-16.776687 -0.162069 89.166012
-16.747381 -0.163025 89.010832
-16.718692 -0.164069 88.911538
-16.688751 -0.164854 88.755818
-16.661229 -0.160870 88.602712
-16.631395 -0.158028 88.632237
-16.604640 -0.161000 88.695125
-16.577056 -0.157203 88.629318
-16.549324 -0.152396 88.674055
-16.520104 -0.151631 88.881088
-16.492079 -0.149080 88.979538
-16.463043 -0.146010 89.108841
-16.432356 -0.142449 89.371705
-16.404250 -0.142152 89.670355
-16.377638 -0.142911 89.800124
-16.351940 -0.139614 89.954192
-16.324191 -0.141149 90.082297
-16.299851 -0.143491 90.150546
-16.275401 -0.144624 90.257751
-16.248821 -0.145849 90.324880
-16.222167 -0.145840 90.400327
-16.191232 -0.146516 90.537181
-16.161747 -0.144927 90.639183
-16.132251 -0.144030 90.817467
-16.100709 -0.143208 90.953839
-16.071971 -0.143933 91.033468
-16.044353 -0.144371 91.108532
-16.016243 -0.142775 91.255151
-15.989050 -0.140260 91.337318
-15.961975 -0.139538 91.342433
-15.937555 -0.139153 91.463128
-15.911088 -0.140962 91.569639
-15.884962 -0.140827 91.522183
-15.856656 -0.141584 91.387802
-15.832858 -0.144562 91.274896
-15.812786 -0.144692 91.454239
-15.782340 -0.143952 91.684941
-15.750833 -0.145297 91.694294
-15.724118 -0.145411 91.789081
-15.692818 -0.144675 91.812522
-15.659614 -0.144556 91.926188
-15.628458 -0.145870 91.958722
-15.595235 -0.148072 91.987755
-15.566402 -0.145305 92.104113
-15.533547 -0.143569 92.197044
-15.497609 -0.142517 92.146130
-15.469331 -0.142664 92.008329
-15.445502 -0.145014 92.041873
-15.413335 -0.143376 92.119338
-15.381753 -0.146246 92.101585
-15.354279 -0.146893 92.180754
-15.321932 -0.145052 92.367252
-15.289266 -0.145494 92.338436
-15.261640 -0.144867 92.237098
-15.231151 -0.146853 92.250014
-15.201855 -0.145533 92.352588
-15.172328 -0.145149 92.368545
-15.142458 -0.147172 92.355457
-15.110338 -0.150203 92.356210
-15.078730 -0.148623 92.318491
-15.048837 -0.150466 92.178557
-15.019945 -0.153222 92.203489
-14.992721 -0.152350 92.327249
-14.961856 -0.148877 92.358981
-14.934780 -0.148949 92.363800
-14.901063 -0.147738 92.379533
-14.869085 -0.150328 92.265435
-14.836641 -0.150996 92.287753
-14.805685 -0.150227 92.273674
-14.777450 -0.152924 92.350144
-14.749422 -0.151922 92.314042
-14.721730 -0.152660 92.274786
-14.696415 -0.154021 92.305361
-14.668896 -0.154730 92.413993
-14.645174 -0.152633 92.440513
-14.617362 -0.151869 92.351924
-14.590002 -0.152103 92.353263
-14.562845 -0.155129 92.395178
-14.531142 -0.161175 92.462721
-14.498574 -0.165935 92.742068
-14.471163 -0.160895 92.937020
-14.439413 -0.161362 92.867104
-14.408118 -0.162279 92.999897
-14.377753 -0.160799 92.995554
-14.347206 -0.161909 92.771575
-14.313923 -0.167186 92.673110
-14.282687 -0.168432 92.921621
-14.258416 -0.170177 93.089749
-14.230784 -0.169400 92.920207
-14.201223 -0.170239 92.746967
-14.167227 -0.170122 92.730847
-14.137271 -0.168249 92.852327
-14.110493 -0.167986 92.822704
-14.085809 -0.167380 92.562154
-14.053266 -0.170036 92.452382
-14.021602 -0.175699 92.602149
-13.999388 -0.176348 92.742324
-13.976554 -0.174389 92.534146
-13.943766 -0.172817 92.276663
-13.915034 -0.173884 92.357347
-13.890266 -0.175327 92.516225
-13.866596 -0.173489 92.473764
-13.844376 -0.174823 92.264535
-13.817455 -0.174117 92.043437
-13.787678 -0.178834 92.125510
-13.765190 -0.180469 92.142535
-13.733190 -0.181758 91.977081
-13.697794 -0.184808 91.869881
-13.660727 -0.185359 91.768848
-13.628802 -0.189205 91.643288
-13.589184 -0.189938 91.553897
-13.553975 -0.191719 91.663284
-13.520539 -0.194184 91.710026
-13.489099 -0.193540 91.528237
-13.458451 -0.191119 91.564268
-13.432856 -0.194486 91.615609
-13.408183 -0.197491 91.544736
-13.384345 -0.193259 91.388956
-13.359600 -0.190631 91.368367
-13.333804 -0.193287 91.261020
-13.308510 -0.193540 91.078643
-13.279394 -0.194165 91.049375
-13.253425 -0.196192 91.008080
-13.226718 -0.195033 90.996214
-13.197030 -0.195505 90.973179
-13.165842 -0.193506 91.023350
-13.137791 -0.194267 91.157322
-13.108211 -0.196221 90.924927
-13.078953 -0.193480 90.740264
-13.050207 -0.192331 90.873415
-13.016623 -0.192879 90.932286
-12.984016 -0.193723 90.867167
-12.952597 -0.195519 90.806432
-12.918822 -0.195550 90.715179
-12.889179 -0.193871 90.678401
-12.860000 -0.191601 90.849543
-12.830048 -0.192920 91.004277
-12.799481 -0.196387 90.952296
-12.770036 -0.197328 90.746787
-12.743489 -0.194314 90.695656
-12.716800 -0.194117 90.772374
-12.690967 -0.197228 90.611494
-12.671636 -0.193837 90.541998
-12.651762 -0.192490 90.675470
-12.629230 -0.191816 90.802908
-12.602302 -0.191555 90.782206
-12.574088 -0.194044 90.638022
-12.543767 -0.194008 90.671618
-12.511157 -0.194631 90.977697
-12.475591 -0.194951 91.313645
-12.432449 -0.190997 91.503537
-12.389798 -0.189910 91.209665
-12.350810 -0.194694 90.782628
-12.320066 -0.193668 90.695323
-12.294141 -0.190925 91.226650
-12.255680 -0.188498 91.715954
-12.214640 -0.187428 91.742395
-12.181701 -0.186051 91.335889
-12.162312 -0.188738 91.055096
-12.144262 -0.187434 91.225298
-12.117327 -0.188885 91.417304
-12.089335 -0.191714 91.140343
-12.072138 -0.196492 90.877376
-12.055081 -0.198413 91.035589
-12.028803 -0.198251 91.436713
-11.999244 -0.196899 91.474018
-11.971808 -0.197670 91.368498
-11.943166 -0.196901 91.443454
-11.908742 -0.196489 91.274514
-11.876037 -0.198963 91.091349
-11.844606 -0.199753 91.359982
-11.810136 -0.201701 91.754396
-11.775761 -0.200113 91.974749
-11.743776 -0.198629 92.027854
-11.712798 -0.194652 92.020017
-11.682593 -0.190170 91.859303
-11.655300 -0.192855 91.772764
-11.628867 -0.191240 91.800807
-11.602915 -0.196732 91.662994
-11.582359 -0.206283 91.841793
-11.559301 -0.205110 92.201085
-11.536188 -0.201330 92.218306
-11.511214 -0.200378 92.147140
-11.483910 -0.195723 91.963491
-11.457631 -0.191283 91.411148
-11.429714 -0.194764 90.950632
-11.401605 -0.195015 90.866707
-11.374691 -0.189696 90.838278
-11.345911 -0.177294 90.175650
-11.314606 -0.177170 89.214518
-11.287526 -0.183379 88.777820
-11.262194 -0.177931 88.689270
-11.238761 -0.167228 88.011641
-11.212112 -0.167819 87.061627
-11.184881 -0.173333 86.605335
-11.160094 -0.173287 86.361417
-11.134532 -0.167317 86.160750
-11.111115 -0.159732 85.604253
-11.076850 -0.155715 84.904786
-11.044509 -0.160952 84.884655
-11.021245 -0.160842 85.375361
-11.007623 -0.154580 85.402072
-10.990672 -0.153737 84.323516
-10.948069 -0.145479 83.757156
-10.914778 -0.138780 83.954248
-10.892328 -0.135328 84.225533
-10.866548 -0.131954 83.940678
-10.841722 -0.130494 83.372641
-10.807645 -0.123917 82.788235
-10.767360 -0.117213 82.708138
-10.728142 -0.113984 83.004150
-10.695110 -0.110683 83.316623
-10.662895 -0.106855 83.463659
-10.629978 -0.098368 83.611569
-10.594219 -0.091921 83.886943
-10.560636 -0.087036 84.215840
-10.534606 -0.084388 84.283423
-10.510668 -0.083715 84.300563
-10.485705 -0.086711 84.478499
-10.460008 -0.089223 84.489553
-10.432681 -0.086513 84.687497
-10.405310 -0.083118 84.939392
-10.381893 -0.078441 85.308012
-10.355184 -0.073333 85.743056
-10.327245 -0.068718 86.025411
-10.301277 -0.065486 86.025248
-10.278163 -0.065529 86.137971
-10.249783 -0.066912 86.328176
-10.219341 -0.065091 86.656413
-10.187058 -0.060503 87.118013
-10.154684 -0.057677 87.568060
-10.124691 -0.055297 88.024512
-10.095002 -0.052235 88.419886
-10.066143 -0.047214 88.724596
-10.034890 -0.044775 89.009099
-10.000775 -0.049438 89.271859
-9.969110 -0.052842 89.370405
-9.944383 -0.052663 89.488982
-9.915700 -0.052071 89.639490
-9.888927 -0.051350 89.795790
-9.860977 -0.048200 89.986823
-9.836148 -0.045921 90.283539
-9.811651 -0.043911 90.380448
-9.784040 -0.043820 90.419896
-9.756491 -0.045409 90.351623
-9.728928 -0.049168 90.204050
-9.702291 -0.049134 90.481644
-9.667437 -0.048889 90.789336
-9.633269 -0.047859 90.913199
-9.604208 -0.045003 91.009981
-9.575715 -0.042379 91.070667
-9.544261 -0.041495 91.014111
-9.520895 -0.045265 90.812116
-9.501280 -0.049883 90.876108
-9.478830 -0.054090 91.046211
-9.449486 -0.055378 91.093541
-9.423010 -0.053161 90.974320
-9.404130 -0.053837 90.813612
-9.383213 -0.052486 91.000049
-9.351332 -0.051123 91.312467
-9.318175 -0.049157 91.371503
-9.284031 -0.049177 91.170689
-9.254362 -0.047689 90.847920
-9.225281 -0.047031 90.821985
-9.192415 -0.045653 91.088126
-9.152836 -0.043190 91.133948
-9.116249 -0.042065 90.877435
-9.088328 -0.044357 90.592913
-9.060323 -0.046905 90.505824
-9.031332 -0.051310 90.519792
-9.005757 -0.052345 90.667032
-8.979632 -0.052034 90.609120
-8.958918 -0.053913 90.477453
-8.936256 -0.053673 90.583747
-8.908255 -0.051657 90.648503
-8.875317 -0.052287 90.618157
-8.839612 -0.052185 90.585196
-8.807675 -0.049459 90.585720
-8.772412 -0.050782 90.468580
-8.739045 -0.051909 90.294473
-8.705702 -0.053939 90.249626
-8.673322 -0.053744 90.391361
-8.640102 -0.052290 90.401077
-8.606353 -0.050953 90.244970
-8.574198 -0.052297 90.202807
-8.543992 -0.052564 90.283576
-8.510227 -0.050783 90.361511
-8.474251 -0.049512 90.296744
-8.432432 -0.048004 90.108120
-8.392990 -0.046201 90.071472
-8.358903 -0.043161 89.997318
-8.323551 -0.040786 89.711536
-8.289417 -0.042652 89.700261
-8.254121 -0.041669 89.625172
-8.226897 -0.045725 89.643681
-8.204832 -0.045125 89.970716
-8.186536 -0.041515 89.912390
-8.167569 -0.040557 89.554542
-8.149467 -0.041280 89.352980
-8.132151 -0.041239 89.331784
-8.112985 -0.041379 89.316172
-8.090096 -0.042327 89.430044
-8.063054 -0.041612 89.493579
-8.036844 -0.041075 89.536606
-8.006396 -0.036107 89.541033
-7.983155 -0.035161 89.488505
-7.949174 -0.036688 89.559439
-7.915992 -0.034424 89.672431
-7.889589 -0.033857 89.674068
-7.856101 -0.031378 89.602598
-7.819821 -0.032305 89.560487
-7.792559 -0.033795 89.659183
-7.767253 -0.035879 89.925131
-7.749934 -0.030237 89.959112
-7.737208 -0.022913 89.655812
-7.722101 -0.021656 89.496127
-7.698381 -0.022978 89.457734
-7.676426 -0.025113 89.441856
-7.651642 -0.019063 89.391634
-7.624612 -0.016143 89.358092
-7.593375 -0.013723 89.369336
-7.560596 -0.012049 89.389331
-7.524585 -0.010429 89.370016
-7.489038 -0.009241 89.344033
-7.455045 -0.008616 89.379205
-7.417700 -0.009348 89.315734
-7.379916 -0.008596 89.306998
-7.341210 -0.008439 89.238419
-7.303148 -0.008375 89.231209
-7.272832 -0.009451 89.199292
-7.244902 -0.008018 89.018989
-7.217684 -0.004642 88.908495
-7.187771 -0.001106 88.907900
-7.162680 0.002584 89.087254
-7.135715 0.003408 89.181482
-7.107660 0.003554 88.942098
-7.080778 0.005970 88.809975
-7.054048 0.008539 88.943543
-7.029681 0.009139 89.138743
-7.004487 0.008031 89.003199
-6.977347 0.008388 88.619770
-6.947743 0.011290 88.217049
-6.918703 0.017556 88.270403
-6.890952 0.016261 88.453467
-6.863949 0.015858 88.522394
-6.835884 0.017697 88.609439
-6.811120 0.019326 88.499791
-6.785999 0.022048 88.151229
-6.762031 0.027167 87.896793
-6.733043 0.031834 88.077720
-6.702317 0.030165 88.315808
-6.670961 0.028925 88.169075
-6.633105 0.027914 87.756967
-6.602943 0.031532 87.498282
-6.572540 0.033901 87.582470
-6.539222 0.037862 87.730318
-6.501739 0.040867 87.870235
-6.468509 0.043130 87.755728
-6.439724 0.036180 87.313174
-6.415471 0.037456 87.073818
-6.394008 0.039752 87.197651
-6.367031 0.040614 87.474197
-6.337850 0.040347 87.527462
-6.316625 0.040971 87.256295
-6.296884 0.047940 87.206241
-6.272539 0.050751 87.721856
-6.240240 0.050300 88.127347
-6.208944 0.048758 88.219049
-6.180998 0.050570 88.411947
-6.149856 0.051778 88.602367
-6.118546 0.055636 88.662032
-6.088192 0.058225 88.810475
-6.053323 0.060149 89.067145
-6.016740 0.064623 89.283055
-5.983694 0.069643 89.342671
-5.951264 0.074452 89.396814
-5.922619 0.072928 89.524524
-5.890777 0.071280 89.563503
-5.860342 0.070707 89.524408
-5.834350 0.070768 89.673380
-5.807582 0.070138 89.948909
-5.780339 0.073565 90.141022
-5.754438 0.074552 90.136389
-5.726236 0.075173 89.969993
-5.702246 0.077599 90.045362
-5.671208 0.081259 90.185286
-5.642038 0.079349 90.074870
-5.615856 0.073733 89.991406
-5.588220 0.071638 90.141633
-5.561680 0.070864 90.317129
-5.532150 0.074794 90.534732
-5.500412 0.084806 90.565565
-5.464891 0.088607 90.203280
-5.437191 0.088396 90.269407
-5.405824 0.095192 90.491703
-5.370428 0.099826 90.308010
-5.335287 0.098051 90.268506
-5.298311 0.092232 90.237831
-5.259235 0.086036 90.252620
-5.225013 0.081877 90.028832
-5.193726 0.077219 89.870107
-5.167636 0.076696 90.004585
-5.144430 0.078518 90.041474
-5.122843 0.078757 90.043036
-5.098923 0.077052 90.077193
-5.079498 0.077100 90.154857
-5.063817 0.077847 90.349664
-5.044792 0.087406 90.233856
-5.018999 0.087965 90.059138
-4.990885 0.088228 90.137994
-4.960816 0.089390 90.173953
-4.929218 0.091172 90.221875
-4.895027 0.098295 90.184203
-4.862577 0.103924 90.119465
-4.822695 0.103960 90.071739
-4.783490 0.094982 89.958354
-4.747200 0.086145 89.917937
-4.707718 0.081862 89.700116
-4.668713 0.079183 89.576001
-4.636610 0.078604 89.871287
-4.610689 0.081051 90.119479
-4.582210 0.082114 90.356260
-4.556526 0.088666 90.644506
-4.534778 0.100953 90.565980
-4.511621 0.107317 90.141701
-4.481925 0.108830 89.871181
-4.448529 0.100407 89.890787
-4.419381 0.095082 90.056792
-4.393185 0.093436 90.041780
-4.369469 0.096399 89.728235
-4.333224 0.100466 89.228024
-4.287577 0.099448 89.372407
-4.249120 0.098936 89.880803
-4.219382 0.097918 90.311238
-4.201294 0.102236 90.178143
-4.173340 0.104499 89.754703
-4.142218 0.102458 89.475883
-4.110175 0.103229 89.329327
-4.074490 0.100927 89.615267
-4.046686 0.101807 89.953570
-4.027329 0.102349 90.033848
-4.003143 0.104754 89.897634
-3.983793 0.108983 89.562584
-3.954383 0.111852 89.250425
-3.926180 0.109433 89.212052
-3.895052 0.108493 89.379179
-3.865514 0.103834 89.498601
-3.839194 0.102037 89.237876
-3.810879 0.105232 89.031676
-3.779448 0.111641 89.271534
-3.752099 0.111810 89.615632
-3.730504 0.110813 89.420579
-3.704558 0.112506 88.910264
-3.677224 0.117907 88.793344
-3.645655 0.113899 88.806837
-3.617898 0.110299 88.437559
-3.588366 0.114400 88.187777
-3.560742 0.118735 88.329579
-3.532774 0.120382 88.552033
-3.504000 0.125397 88.674222
-3.478530 0.124549 88.866287
-3.449227 0.118078 88.627048
-3.423023 0.115042 88.668023
-3.395487 0.118819 89.176407
-3.361571 0.119203 89.509836
-3.330677 0.116431 89.476144
-3.299729 0.125707 89.503584
-3.270733 0.129177 89.721281
-3.247337 0.125541 89.813842
-3.218369 0.122269 89.614097
-3.191687 0.122801 89.517077
-3.170082 0.121576 89.655737
-3.141908 0.121300 89.666563
-3.117640 0.120232 89.372934
-3.093074 0.121412 89.293517
-3.064153 0.123175 89.428510
-3.032957 0.120151 89.486704
-3.002625 0.118556 89.432826
-2.968314 0.118043 89.273449
-2.940532 0.117054 89.348821
-2.912908 0.122738 89.453189
-2.879644 0.121895 89.702181
-2.846916 0.118393 89.680324
-2.816257 0.116225 89.438816
-2.791434 0.119348 89.216080
-2.764350 0.123799 89.346457
-2.742048 0.127759 89.641121
-2.711330 0.123004 89.553024
-2.690893 0.121480 88.950382
-2.678480 0.123993 88.765819
-2.654278 0.121173 89.087734
-2.621970 0.120950 89.059294
-2.594039 0.117147 88.871259
-2.564980 0.113971 88.851878
-2.530534 0.113838 88.983841
-2.489871 0.116176 89.119116
-2.449267 0.120205 89.047248
-2.416309 0.119894 88.978377
-2.378320 0.128202 88.859914
-2.342044 0.129969 88.306156
-2.314204 0.122390 88.160602
-2.287030 0.122528 88.659821
-2.259603 0.122422 89.543235
-2.232859 0.134599 89.799898
-2.211064 0.147879 89.119915
-2.195213 0.144202 88.245141
-2.181464 0.136943 88.292823
-2.156114 0.137027 88.687535
-2.123163 0.137950 88.550736
-2.094369 0.135381 88.213422
-2.062915 0.129537 88.316503
-2.033112 0.129834 88.631108
-2.001841 0.136443 89.189164
-1.962772 0.149188 89.265097
-1.927027 0.155491 88.937872
-1.896837 0.156204 88.617022
-1.866381 0.149155 88.375362
-1.838464 0.143142 88.573681
-1.806296 0.139367 88.982100
-1.771756 0.144809 89.335914
-1.742129 0.153693 89.252496
-1.719218 0.164381 88.868996
-1.694642 0.165354 88.509360
-1.673418 0.158002 88.586001
-1.650810 0.154740 88.868148
-1.629084 0.154348 89.029528
-1.604076 0.153858 89.242618
-1.572631 0.154384 89.321347
-1.548006 0.160182 89.902860
-1.539229 0.184787 89.709951
-1.532640 0.190248 88.564982
-1.516019 0.168292 88.527415
-1.494102 0.170857 89.275289
-1.463112 0.178210 89.307137
-1.432088 0.189371 88.722791
-1.397185 0.180650 88.298195
-1.360670 0.176504 88.752487
-1.322962 0.175724 89.181258
-1.285010 0.182684 89.103361
-1.241246 0.188468 88.604827
-1.193680 0.183074 88.288760
-1.152934 0.177355 88.519771
-1.114843 0.173542 88.882915
-1.080147 0.178200 89.195794
-1.058034 0.177831 89.241495
-1.046388 0.187302 88.563988
-1.025957 0.197083 87.956377
-0.997341 0.195680 88.226548
-0.985340 0.186357 88.654953
-0.976496 0.181011 88.462488
-0.956585 0.182346 87.938130
-0.924559 0.180650 87.634057
-0.890119 0.184125 87.516142
-0.851571 0.183430 87.746888
-0.816797 0.183054 87.706262
-0.777222 0.188197 87.196399
-0.734098 0.195084 86.965503
-0.695376 0.195577 87.099081
-0.663675 0.196839 87.092502
-0.631392 0.196953 87.005243
-0.599925 0.202366 86.997745
-0.568602 0.204948 87.121061
-0.542107 0.207093 87.364272
-0.516161 0.208228 87.647224
-0.494245 0.209453 87.807678
-0.474371 0.207935 87.877805
-0.455462 0.203126 88.018289
-0.435511 0.204187 88.122271
-0.416202 0.204919 88.172290
-0.391349 0.207625 88.267242
-0.364739 0.213418 88.515103
-0.339177 0.208621 88.509947
-0.304817 0.211202 88.557588
-0.274354 0.213097 88.679477
-0.238263 0.214638 88.748268
-0.203914 0.215072 88.862577
-0.166286 0.215692 88.969408
-0.135237 0.216822 89.092487
-0.102683 0.218783 89.260019
-0.067823 0.219784 89.411205
-0.039467 0.219577 89.629066
-0.007849 0.220772 89.864867
0.015987 0.213386 89.683866
0.023455 0.205878 88.756353
0.012404 0.224420 88.608290
-0.000700 0.225857 89.168103
-0.010036 0.220297 89.590503
0.000160 0.212866 89.873644
0.007917 0.218450 88.333326
0.016219 0.217807 86.024045
0.017211 0.217274 84.222777
0.016999 0.214930 82.172570
0.020842 0.212305 79.685700
0.020366 0.209754 76.964270
0.021270 0.204728 74.345340
0.022892 0.202310 71.859137
0.021062 0.201714 69.498390
0.018958 0.197870 67.273316
0.022837 0.193486 65.117560
0.022921 0.192696 62.873121
0.020337 0.190294 60.765136
0.019210 0.187439 58.727020
0.021634 0.182809 56.767179
0.020570 0.182021 54.852235
0.021610 0.179130 53.110766
0.022112 0.179388 51.179129
0.020557 0.178016 48.995482
0.018031 0.176159 46.835441
0.018502 0.177203 44.544475
0.014348 0.172896 42.161654
0.016120 0.172373 39.897415
0.020245 0.155902 37.248089
0.018408 0.150733 34.858935
0.018420 0.140927 32.217101
0.024393 0.137832 30.119578
0.024018 0.135087 27.937496
0.027554 0.135362 25.800042
0.028949 0.134483 23.627958
0.026544 0.130390 21.274162
0.030211 0.127468 18.903295
0.036961 0.126521 16.771262
0.042019 0.128913 14.740212
0.049287 0.125113 12.533052
0.050601 0.125713 10.345260
0.052047 0.121294 7.955398
0.053396 0.120676 5.552974
0.056550 0.119251 2.987891
0.057997 0.114437 0.135155
0.062386 0.121947 -2.143769
0.074111 0.129497 -2.946632
0.077677 0.131078 -1.924372
0.078027 0.120633 -1.162842
0.081067 0.136917 -1.243348
0.077917 0.151585 -1.260619
0.073150 0.178322 -1.301044
0.074874 0.207792 -1.436157
0.073994 0.242537 -1.615126
0.071878 0.287900 -1.418955
0.068734 0.328079 -1.128135
0.068498 0.371173 -1.008011
0.064956 0.415283 -0.975002
0.062582 0.460149 -0.980167
0.064077 0.501666 -1.021192
0.062961 0.540662 -0.988992
0.056821 0.575941 -0.995293
0.052878 0.608396 -1.039575
0.051000 0.641693 -1.065854
0.049198 0.671220 -1.112340
0.046827 0.697585 -1.199481
0.044583 0.723670 -1.246240
0.043056 0.746661 -1.247654
0.041537 0.768489 -1.329806
0.041769 0.789261 -1.409035
0.039646 0.810614 -1.459832
0.043182 0.830482 -1.532787
0.042465 0.850033 -1.636481
0.040601 0.873409 -1.667910
0.037842 0.899086 -1.771963
0.035368 0.932289 -1.897317
0.035074 0.965082 -1.953851
0.029739 0.999434 -1.987246
0.026893 1.033696 -2.150591
0.031077 1.066833 -2.217249
0.026583 1.099862 -2.291003
0.020577 1.134782 -2.205399
0.014805 1.165030 -2.260208
0.015255 1.198367 -2.265553
0.010528 1.230710 -2.240329
0.010284 1.265382 -2.362666
0.004892 1.294995 -2.536547
0.004201 1.319718 -2.277045
0.002246 1.345737 -1.815647
0.001959 1.372402 -1.480114
-0.000242 1.397087 -1.337622
0.000033 1.417755 -1.253317
0.001686 1.442576 -0.985982
0.002755 1.465396 -0.684932
0.002653 1.492959 -0.361959
-0.003189 1.518510 -0.016397
-0.002701 1.544207 0.331760
0.000981 1.572208 0.723968
-0.002998 1.600286 1.098052
-0.005057 1.629594 1.520977
-0.006327 1.663619 1.895656
-0.006661 1.698665 2.169185
-0.009396 1.730576 2.384732
-0.011723 1.758794 2.543234
-0.012435 1.791427 2.691829
-0.011597 1.819975 2.811148
-0.008537 1.850574 2.863809
-0.008785 1.878929 3.083946
-0.009624 1.910203 3.348436
-0.013811 1.939452 3.416766
-0.010751 1.964494 3.437331
-0.010140 1.992174 3.472993
-0.009061 2.017469 3.583086
-0.005788 2.042182 3.731221
-0.007222 2.068885 3.852228
-0.007455 2.096554 3.887410
-0.004203 2.123965 4.012978
-0.001339 2.152332 4.114704
-0.002291 2.182603 4.229042
-0.003711 2.213673 4.353059
-0.002160 2.243763 4.359828
-0.004225 2.275234 4.491146
-0.006602 2.306514 4.414163
-0.001178 2.339975 4.500065
0.001735 2.373213 4.571957
0.003886 2.405768 4.737010
0.001737 2.436507 4.734724
0.002183 2.466124 4.633378
0.002013 2.494533 4.711614
0.007418 2.521950 4.691821
0.009140 2.547592 4.684258
0.008676 2.574508 4.711058
0.008446 2.601682 4.675248
0.005886 2.629181 4.259981
0.008971 2.658014 3.786160
0.008934 2.688144 3.679635
0.008616 2.717893 3.616864
0.014909 2.750798 3.428383
0.016252 2.777120 3.057106
0.013078 2.808315 2.907744
0.014494 2.839129 2.975613
0.014076 2.863670 2.814873
0.012442 2.889788 2.648686
0.012746 2.918342 2.515427
0.012822 2.947478 2.404559
0.011612 2.977515 2.306609
0.012046 3.004713 2.163707
0.008967 3.031710 2.020665
0.012256 3.063177 1.937719
0.009510 3.092903 1.694564
0.007772 3.124746 1.594252
0.006048 3.152879 1.500965
0.007767 3.184001 1.364876
0.006770 3.213795 1.258656
0.005255 3.247783 1.178391
0.001440 3.277208 1.119907
0.000919 3.304679 0.916937
-0.000685 3.330949 0.797857
-0.001203 3.361171 0.708501
-0.002622 3.388659 0.764712
-0.003663 3.414256 0.732766
-0.004371 3.442166 0.658373
-0.004060 3.466709 1.018094
-0.004073 3.492941 1.410868
-0.004918 3.519919 1.576177
-0.007206 3.545648 1.714754
-0.005469 3.571211 1.969156
-0.002601 3.596712 2.006429
-0.003981 3.628598 2.056419
-0.006323 3.657518 2.224798
-0.004896 3.688582 2.400077
-0.005618 3.717524 2.569157
-0.009461 3.746971 2.722758
-0.011490 3.778972 2.822040
-0.010938 3.812582 2.981490
-0.008337 3.846759 3.118227
-0.006378 3.880162 3.197009
-0.007230 3.913374 3.252464
-0.006524 3.944580 3.326943
-0.004551 3.975292 3.395700
-0.003466 4.006301 3.494026
-0.002542 4.033627 3.576483
-0.001030 4.060796 3.572679
-0.000589 4.087747 3.674830
0.000672 4.113942 3.692575
0.005198 4.139649 3.783593
0.005440 4.166563 3.906258
0.007835 4.193527 3.963440
0.009969 4.223590 3.994127
0.008752 4.250800 4.116453
0.009846 4.282846 4.143891
0.010235 4.313934 4.173625
0.011386 4.344699 4.218153
0.014962 4.373623 4.230300
0.016836 4.406720 4.347489
0.018495 4.435653 4.343232
0.019911 4.461608 4.350335
0.019505 4.490807 4.421084
0.023269 4.516194 4.486780
0.023116 4.548122 4.499300
0.023918 4.577911 4.502200
0.026973 4.605218 4.526518
0.029618 4.633618 4.536196
0.030667 4.664021 4.477163
0.032405 4.699133 4.443209
0.036347 4.727789 4.288379
0.036640 4.758771 3.986110
0.035709 4.793547 3.747798
0.034902 4.823830 3.457822
0.032320 4.853442 3.155841
0.032404 4.882844 2.903505
0.033290 4.915809 2.860012
0.032746 4.950564 2.742811
0.031891 4.979445 2.486225
0.031773 5.010120 2.364054
0.033134 5.033000 2.229296
0.035240 5.059892 2.132986
0.035841 5.087629 2.102300
0.035111 5.112800 1.976895
0.034161 5.139795 1.911678
0.035942 5.168372 1.724824
0.036296 5.194940 1.707358
0.034103 5.222485 1.718223
0.034419 5.253616 1.589446
0.030517 5.284918 1.438398
0.029779 5.314290 1.361871
0.030384 5.346002 1.351442
0.029088 5.378006 1.293092
0.028120 5.414111 1.164070
0.024966 5.445155 1.092394
0.025157 5.473701 1.111008
0.021101 5.503905 1.020847
0.019873 5.534397 0.870189
0.023043 5.567770 0.807788
0.023490 5.591980 0.882958
0.020879 5.614528 0.825510
0.021525 5.641394 0.675514
0.019072 5.666481 0.515527
0.019671 5.691838 0.384842
0.021979 5.721525 0.423221
0.022279 5.746326 0.427309
0.017940 5.772353 0.405279
0.015775 5.800680 0.279748
0.015435 5.827908 0.080028
0.013314 5.854779 0.093157
0.012546 5.883268 0.130397
0.008699 5.912088 -0.017235
0.009213 5.941219 -0.190891
0.009684 5.976126 -0.276467
0.008798 6.005877 -0.229396
0.006623 6.035383 -0.288028
0.002541 6.065811 -0.407753
0.003778 6.096911 -0.450525
0.000964 6.123428 -0.473916
-0.000827 6.155486 -0.475353
-0.003584 6.182198 -0.697508
-0.002947 6.209562 -0.788221
-0.003177 6.240247 -0.741636
-0.002756 6.269141 -0.800627
-0.007414 6.297246 -0.957948
-0.007832 6.327231 -1.060071
-0.009889 6.360318 -1.090538
-0.009258 6.389213 -1.160208
-0.009954 6.419506 -1.150399
-0.011537 6.448046 -1.180247
-0.012199 6.475250 -1.410805
-0.016634 6.507289 -1.468469
-0.022043 6.537104 -1.561654
-0.022247 6.566194 -1.623257
-0.022342 6.599370 -1.689163
-0.022413 6.626381 -1.794987
-0.024213 6.661075 -1.745979
-0.029942 6.688871 -1.856194
-0.031707 6.715715 -1.936725
-0.032796 6.744790 -2.112755
-0.034684 6.778657 -2.316327
-0.034685 6.808202 -2.303807
-0.038761 6.834198 -2.301772
-0.039782 6.864460 -2.399550
-0.043555 6.893171 -2.537742
-0.047348 6.922058 -2.663070
-0.049386 6.948239 -2.819204
-0.052491 6.976867 -2.849226
-0.055739 7.007603 -2.919085
-0.061100 7.033617 -2.877931
-0.060272 7.062237 -2.944920
-0.059083 7.091221 -3.084451
-0.063148 7.123270 -3.282068
-0.067023 7.152012 -3.237060
-0.071942 7.184692 -3.174021
-0.077112 7.218280 -2.972154
-0.082661 7.252848 -2.718323
-0.087027 7.277872 -2.810707
-0.087079 7.291800 -3.041943
-0.090651 7.306195 -3.100068
