-0.000441 -0.006362 -0.000835
0.002655 0.005883 -0.413948
0.010576 0.029111 -0.785345
0.010612 0.046482 -0.931983
0.009650 0.068781 -0.988253
0.010920 0.091284 -1.073353
0.007686 0.118933 -1.339657
0.006629 0.150853 -1.473216
0.005186 0.190213 -1.654996
0.005687 0.231868 -1.780675
0.005562 0.276080 -2.015584
0.007768 0.322511 -2.349160
0.003233 0.364071 -2.623221
0.002266 0.406261 -2.703912
0.002528 0.441149 -2.811840
0.003632 0.474270 -2.931127
-0.000144 0.508902 -3.013368
0.000839 0.541480 -3.074567
-0.002156 0.571452 -3.327781
-0.007673 0.597711 -3.447787
-0.009814 0.622324 -3.527484
-0.009929 0.647107 -3.631892
-0.007339 0.666881 -3.789406
-0.012523 0.689994 -3.794196
-0.016563 0.710036 -3.809572
-0.016748 0.731888 -3.951493
-0.017321 0.756443 -4.172550
-0.015395 0.777260 -4.340977
-0.018815 0.795291 -4.190564
-0.020312 0.823804 -3.737499
-0.018805 0.852922 -3.578540
-0.017679 0.883534 -3.402570
-0.019456 0.916871 -3.035173
-0.020478 0.948583 -2.843020
-0.024252 0.979351 -2.627416
-0.025856 1.015988 -2.393950
-0.026953 1.047569 -2.272458
-0.023903 1.081593 -2.093984
-0.024317 1.113514 -1.940041
-0.021720 1.141423 -1.713019
-0.020277 1.171884 -1.550569
-0.024047 1.203911 -1.403005
-0.023286 1.232415 -1.293258
-0.026107 1.259675 -1.194814
-0.029292 1.290775 -1.044524
-0.032523 1.319777 -1.091722
-0.032169 1.348625 -1.252956
-0.032662 1.374702 -1.330788
-0.035148 1.401774 -1.392931
-0.038724 1.433554 -1.553915
-0.036754 1.462507 -1.575272
-0.037425 1.491410 -1.581135
-0.032685 1.521630 -1.558368
-0.034503 1.550689 -1.534387
-0.034220 1.583700 -1.499356
-0.034202 1.614033 -1.660050
-0.032963 1.642044 -1.722566
-0.030798 1.677220 -1.647748
-0.032744 1.708992 -1.546504
-0.038183 1.739199 -1.659144
-0.038046 1.767632 -1.852683
-0.038574 1.797202 -1.878214
-0.041885 1.823405 -1.804971
-0.042269 1.850278 -1.882729
-0.042825 1.879218 -2.127558
-0.042228 1.906398 -2.216846
-0.039928 1.937403 -2.216397
-0.040165 1.965825 -2.002880
-0.038607 1.991936 -1.806583
-0.039792 2.022024 -1.589819
-0.037177 2.047664 -1.061663
-0.033373 2.071893 -0.490741
-0.037808 2.097117 0.005994
-0.037234 2.125295 0.293809
-0.036283 2.155232 0.551814
-0.036438 2.185909 0.970272
-0.036552 2.212505 1.375103
-0.036387 2.242972 1.541069
-0.035531 2.267304 1.508877
-0.034984 2.297377 1.575923
-0.036141 2.330354 1.683873
-0.034979 2.359711 1.722169
-0.032138 2.391970 1.717102
-0.035084 2.424120 1.663873
-0.033497 2.454641 1.865090
-0.031273 2.487085 2.062922
-0.030234 2.513995 2.100419
-0.029284 2.541650 2.077415
-0.026577 2.566273 2.022271
-0.027770 2.593682 1.950163
-0.027249 2.620159 2.050534
-0.025625 2.645546 2.033063
-0.023742 2.673888 1.967564
-0.019337 2.702230 1.880541
-0.016933 2.732951 1.843958
-0.016806 2.769220 1.909168
-0.018623 2.802171 1.987664
-0.017776 2.832331 2.017044
-0.015339 2.858930 2.042359
-0.012776 2.887339 2.012371
-0.011361 2.912153 1.916633
-0.014557 2.938765 1.711693
-0.019232 2.966932 1.773655
-0.020614 2.997829 1.866807
-0.017932 3.018513 1.831551
-0.016402 3.048169 1.579726
-0.016635 3.074611 1.364357
-0.019781 3.099076 1.419242
-0.019222 3.125446 1.645830
-0.018851 3.154226 1.682859
-0.008890 3.185632 1.677249
-0.008145 3.217705 1.513813
-0.009937 3.246245 1.512649
-0.013868 3.278428 1.549905
-0.013826 3.310502 1.680503
-0.015492 3.340341 1.591181
-0.014523 3.370147 1.412536
-0.015531 3.396020 1.408328
-0.018512 3.423346 1.433432
-0.018066 3.448649 1.338989
-0.016196 3.472580 1.113881
-0.014381 3.501346 1.082731
-0.015897 3.526706 1.076743
-0.012742 3.556307 1.113419
-0.012825 3.580849 1.051300
-0.012231 3.613475 1.002473
-0.012332 3.648641 0.974710
-0.009670 3.684133 0.979335
-0.013200 3.715241 0.945856
-0.012508 3.747058 0.895983
-0.016334 3.781716 0.970139
-0.015463 3.812884 1.091578
-0.015516 3.841475 1.004905
-0.014786 3.871535 0.895048
-0.016020 3.895442 0.890243
-0.019225 3.923821 0.947185
-0.018520 3.949006 0.973125
-0.013613 3.974354 0.770416
-0.017520 3.998074 0.564859
-0.018841 4.025677 0.603004
-0.018731 4.054283 0.705884
-0.015886 4.085325 0.694215
-0.017236 4.113183 0.607418
-0.013263 4.145120 0.584195
-0.009952 4.171409 0.648038
-0.011707 4.204489 0.786814
-0.016644 4.232153 0.830099
-0.015727 4.266932 0.716243
-0.017766 4.298010 0.559452
-0.018401 4.327340 0.625745
-0.020788 4.357836 0.778081
-0.014427 4.387038 0.730006
-0.018188 4.417576 0.648411
-0.016810 4.447874 0.575436
-0.018314 4.475324 0.616077
-0.022272 4.503634 0.622094
-0.025286 4.533746 0.580463
-0.026345 4.567828 0.510461
-0.024541 4.598900 0.484045
-0.021930 4.628896 0.417425
-0.023464 4.659321 0.440360
-0.020331 4.690667 0.378908
-0.023437 4.713442 0.385482
-0.024968 4.741442 0.292476
-0.022973 4.769731 0.060314
-0.020581 4.797056 0.003555
-0.020384 4.824084 -0.033868
-0.019068 4.851818 -0.053372
-0.023401 4.879631 -0.132979
-0.019302 4.914036 -0.135357
-0.020651 4.942717 -0.071245
-0.020997 4.975914 -0.001786
-0.024071 5.006368 -0.054480
-0.026458 5.039879 -0.193127
-0.026740 5.069780 -0.266900
-0.024568 5.101711 -0.250150
-0.027924 5.131151 -0.233393
-0.028041 5.159078 -0.334376
-0.025071 5.183796 -0.517378
-0.024441 5.208797 -0.557476
-0.027311 5.238944 -0.514636
-0.032618 5.267043 -0.606210
-0.030906 5.297202 -0.741850
-0.031968 5.324983 -0.811350
-0.031338 5.355956 -0.855759
-0.030007 5.385188 -0.949468
-0.029716 5.417182 -0.988525
-0.030048 5.452095 -1.036706
-0.028349 5.484501 -0.997757
-0.033474 5.517343 -0.898970
-0.035008 5.549569 -1.012099
-0.033717 5.575328 -1.140903
-0.031763 5.605403 -1.232114
-0.033834 5.631123 -1.218089
-0.033539 5.659844 -1.278263
-0.032441 5.686245 -1.316964
-0.035127 5.710228 -1.370795
-0.038932 5.734790 -1.392063
-0.039780 5.764703 -1.423376
-0.039734 5.792997 -1.524403
-0.041850 5.821076 -1.661043
-0.041981 5.851458 -1.865713
-0.043125 5.880565 -1.902126
-0.043308 5.913608 -1.924550
-0.048369 5.947093 -1.737803
-0.052089 5.985157 -1.721823
-0.057689 6.016089 -1.879564
-0.053976 6.050016 -1.956939
-0.044159 6.074004 -2.299291
-0.030441 6.084249 -3.588288
-0.046631 6.098067 -4.166815
-0.059792 6.086011 -2.829571
-0.054574 6.074272 -2.148543
-0.045665 6.084429 -2.342304
-0.052367 6.074690 -2.436042
-0.042282 6.081463 -3.508933
-0.034779 6.078816 -4.759653
-0.020533 6.082208 -6.728525
-0.016296 6.088067 -9.532264
-0.004186 6.095559 -12.950480
-0.001462 6.099237 -16.930521
0.008954 6.100261 -20.992063
0.019345 6.096954 -25.736839
0.014029 6.097031 -30.602949
0.008382 6.095800 -35.172024
0.011847 6.095956 -39.388922
0.024046 6.094969 -43.293196
0.030071 6.097472 -46.860482
0.032626 6.101482 -50.370930
0.033684 6.106100 -53.719884
0.037869 6.115072 -56.859769
0.043966 6.119003 -60.048893
0.049069 6.124086 -63.456639
0.049877 6.128940 -67.226888
0.043295 6.132491 -71.373106
0.041796 6.130004 -75.648922
0.043755 6.136676 -79.983169
0.032973 6.144054 -84.473432
0.025867 6.148048 -88.587870
0.022557 6.147141 -91.929081
0.030735 6.148766 -94.078114
0.042334 6.144026 -94.941722
0.040208 6.145549 -93.603012
0.039186 6.143117 -92.481463
0.028253 6.138120 -92.492202
0.016760 6.136632 -92.104671
-0.002343 6.134443 -91.580684
-0.039222 6.137461 -90.952837
-0.084789 6.137785 -90.206254
-0.134936 6.143303 -89.347658
-0.182320 6.143189 -88.444608
-0.230539 6.142903 -87.754271
-0.275629 6.143220 -87.534237
-0.324138 6.139697 -87.380801
-0.361153 6.145661 -87.390251
-0.405177 6.150835 -87.438775
-0.453066 6.146198 -87.043559
-0.482749 6.144682 -86.854848
-0.500656 6.144856 -86.580007
-0.531070 6.141373 -86.422449
-0.547807 6.140750 -86.725297
-0.569150 6.143479 -86.866010
-0.591073 6.146039 -86.741569
-0.601573 6.143964 -86.641099
-0.612207 6.147120 -86.515116
-0.627719 6.145521 -86.435032
-0.646661 6.151240 -86.530637
-0.666950 6.153062 -86.677280
-0.689943 6.150376 -86.702119
-0.717339 6.149147 -86.609304
-0.755900 6.146767 -86.628744
-0.783354 6.149017 -86.588100
-0.810864 6.153806 -86.561167
-0.850381 6.153986 -86.409383
-0.890877 6.157087 -86.469933
-0.922581 6.155404 -86.348526
-0.960540 6.153156 -86.158191
-0.989993 6.154567 -86.261191
-1.036891 6.149903 -86.561166
-1.073826 6.149675 -86.757135
-1.108883 6.160643 -86.724141
-1.141361 6.156976 -86.683098
-1.180527 6.168766 -87.147073
-1.222233 6.172278 -87.587607
-1.263987 6.162733 -86.933334
-1.297301 6.164612 -86.225848
-1.316998 6.165844 -86.828597
-1.330939 6.152877 -87.758034
-1.343770 6.146942 -87.611784
-1.358231 6.146778 -87.102668
-1.390669 6.160147 -87.575338
-1.421122 6.153468 -88.102526
-1.446467 6.153783 -87.990553
-1.469337 6.148164 -87.689030
-1.491804 6.133787 -87.314423
-1.535026 6.138898 -87.581199
-1.574301 6.142482 -88.055476
-1.604365 6.140383 -88.060955
-1.630157 6.156571 -87.925332
-1.640207 6.143483 -87.688343
-1.679118 6.149419 -87.693506
-1.735805 6.169729 -87.608539
-1.755931 6.161476 -87.652625
-1.781149 6.160960 -87.961921
-1.807608 6.154073 -88.149035
-1.821910 6.152212 -88.015292
-1.840822 6.141262 -87.641060
-1.861967 6.141537 -87.422936
-1.890109 6.142162 -87.506629
-1.913726 6.141552 -87.607597
-1.933124 6.140504 -87.454695
-1.966427 6.141597 -87.626804
-1.996366 6.146292 -87.866382
-2.013958 6.144959 -87.871403
-2.034668 6.149270 -87.864049
-2.058311 6.150918 -87.778651
-2.078991 6.153738 -87.866844
-2.103630 6.150550 -87.964720
-2.139388 6.150927 -88.190340
-2.178347 6.152277 -88.142022
-2.198626 6.150067 -87.855224
-2.228885 6.151338 -87.785746
-2.256841 6.149645 -87.685470
-2.295157 6.147539 -87.668910
-2.326001 6.145903 -87.817815
-2.362158 6.145975 -87.883490
-2.398883 6.144021 -87.714304
-2.429142 6.143748 -87.802754
-2.456577 6.147165 -88.019044
-2.483864 6.149774 -88.264116
-2.509461 6.158890 -88.172710
-2.541307 6.161582 -88.164862
-2.573938 6.158346 -88.334646
-2.602481 6.154201 -88.541138
-2.632246 6.154113 -88.455622
-2.666809 6.154961 -88.442784
-2.700360 6.153202 -88.553777
-2.733140 6.156590 -88.717563
-2.774689 6.164914 -88.792204
-2.810358 6.164308 -88.764897
-2.835551 6.159525 -88.869810
-2.859857 6.157520 -89.216819
-2.893703 6.157170 -89.432567
-2.927861 6.160342 -89.404387
-2.953950 6.164829 -89.372169
-2.988921 6.164044 -89.287310
-3.018281 6.163679 -89.021462
-3.041829 6.163708 -88.669356
-3.067114 6.165423 -88.425638
-3.086796 6.158326 -88.271084
-3.112886 6.155644 -87.903618
-3.129839 6.155549 -87.502426
-3.146970 6.148857 -87.345753
-3.161375 6.150759 -87.302862
-3.190243 6.149005 -87.030095
-3.217261 6.149976 -86.692481
-3.234654 6.153453 -86.564439
-3.251107 6.157628 -86.773050
-3.284097 6.162186 -86.854478
-3.325384 6.173777 -86.910022
-3.359019 6.187648 -86.393657
-3.394303 6.187845 -86.141618
-3.417540 6.188103 -86.125925
-3.439285 6.186543 -86.167856
-3.465551 6.177979 -86.120592
-3.500408 6.181028 -85.890829
-3.532692 6.188912 -85.976931
-3.564921 6.187981 -86.046994
-3.589035 6.186231 -86.090953
-3.615998 6.189205 -85.980169
-3.653751 6.189347 -85.949526
-3.688418 6.182892 -85.689613
-3.714829 6.168299 -85.605382
-3.747028 6.166367 -86.062177
-3.774468 6.172106 -86.404484
-3.805288 6.186321 -86.559079
-3.827924 6.192614 -86.234817
-3.851598 6.192747 -86.001758
-3.876377 6.193903 -86.122716
-3.903551 6.189949 -86.341673
-3.935759 6.188503 -86.403914
-3.970195 6.186341 -86.279966
-4.008252 6.188513 -86.250204
-4.044459 6.193731 -86.605605
-4.077976 6.192513 -86.720426
-4.107339 6.188477 -86.538963
-4.141920 6.194555 -86.299112
-4.178773 6.189117 -86.001190
-4.207023 6.185996 -86.326214
-4.241513 6.183782 -86.777234
-4.267305 6.180229 -87.255118
-4.289096 6.180955 -87.340496
-4.312460 6.188780 -87.095482
-4.346924 6.189835 -86.878677
-4.376268 6.203336 -87.221100
-4.397473 6.204483 -87.719283
-4.417817 6.203121 -87.570369
-4.439431 6.197119 -87.262690
-4.470619 6.195225 -87.343174
-4.498972 6.196079 -87.498175
-4.526857 6.207732 -87.780871
-4.553378 6.217571 -87.827592
-4.592745 6.221079 -87.610761
-4.628851 6.214341 -87.659275
-4.675002 6.209367 -87.651192
-4.722660 6.205931 -87.862588
-4.756570 6.214090 -88.007929
-4.785883 6.220356 -88.114883
-4.815944 6.219611 -88.162383
-4.849255 6.227271 -88.237076
-4.887390 6.224161 -88.701432
-4.898465 6.227667 -88.452366
-4.922200 6.226867 -88.069114
-4.946909 6.232811 -88.286870
-4.973978 6.230899 -88.561327
-4.992054 6.229943 -88.292051
-5.013957 6.223195 -88.055671
-5.041221 6.238355 -88.387037
-5.063153 6.233940 -88.622430
-5.078905 6.229960 -88.448478
-5.106868 6.227922 -88.054489
-5.145226 6.233688 -88.318514
-5.170966 6.233530 -88.594888
-5.195871 6.233295 -88.482397
-5.232775 6.227885 -88.062188
-5.274053 6.225835 -88.140248
-5.314786 6.223105 -88.394056
-5.351791 6.236232 -88.857991
-5.368363 6.236383 -88.946510
-5.404147 6.233479 -88.322194
-5.428927 6.233082 -87.895231
-5.465087 6.229111 -88.215003
-5.497584 6.230696 -88.438952
-5.512786 6.234967 -88.368062
-5.535936 6.236075 -88.130185
-5.565818 6.239084 -88.108244
-5.592492 6.237674 -87.978256
-5.615418 6.234514 -87.971153
-5.641117 6.228309 -88.092788
-5.667946 6.228543 -88.332359
-5.693087 6.233240 -88.216393
-5.720169 6.233210 -87.941503
-5.747922 6.230601 -87.951406
-5.784852 6.231536 -88.205556
-5.815126 6.227596 -88.082885
-5.855271 6.228380 -88.057462
-5.894720 6.224908 -87.845296
-5.919925 6.225237 -87.982003
-5.951640 6.231682 -88.293726
-5.981510 6.234926 -88.459801
-6.011312 6.241989 -88.520636
-6.042735 6.243271 -88.230990
-6.069568 6.242615 -88.113394
-6.087410 6.238282 -88.113609
-6.112818 6.233036 -88.300343
-6.135829 6.232607 -88.761165
-6.160884 6.239054 -88.854722
-6.181378 6.243037 -88.579917
-6.202457 6.242539 -88.434443
-6.225691 6.237176 -88.465572
-6.255547 6.239357 -88.651723
-6.290279 6.230523 -88.531546
-6.327310 6.229747 -88.325849
-6.358435 6.222521 -88.484148
-6.391024 6.226717 -88.897564
-6.432120 6.233704 -89.270593
-6.467258 6.237146 -89.139638
-6.500297 6.236920 -88.674888
-6.528046 6.236304 -88.651252
-6.548897 6.236918 -88.955369
-6.571967 6.238897 -89.430573
-6.605581 6.233391 -89.551346
-6.624972 6.233721 -89.239683
-6.647120 6.236263 -89.221398
-6.663193 6.235266 -89.374492
-6.693954 6.239835 -89.595745
-6.715746 6.236636 -89.655138
-6.746190 6.233217 -89.896971
-6.773507 6.236789 -89.913196
-6.793263 6.232518 -89.632435
-6.834139 6.230072 -89.721851
-6.875669 6.233087 -89.961166
-6.901940 6.229224 -90.006174
-6.947992 6.226640 -90.091317
-6.984623 6.234265 -89.782087
-7.010412 6.231443 -89.724087
-7.038631 6.224328 -90.059569
-7.073514 6.222284 -90.234904
-7.102624 6.222897 -90.135901
-7.124285 6.222284 -90.234806
-7.149785 6.226159 -90.315969
-7.177779 6.222530 -90.393852
-7.200138 6.219961 -90.376433
-7.223478 6.221916 -90.585288
-7.252930 6.223166 -90.833285
-7.276286 6.223912 -90.599869
-7.307526 6.225778 -90.418176
-7.328952 6.222463 -90.409369
-7.355277 6.216989 -91.000395
-7.393802 6.225469 -91.244793
-7.434178 6.225911 -90.985741
-7.476634 6.220231 -90.631466
-7.518135 6.217630 -90.534295
-7.560707 6.217915 -90.623031
-7.576064 6.209513 -90.815606
-7.591954 6.209040 -90.747109
-7.616850 6.202514 -90.676484
-7.642195 6.201740 -90.719818
-7.669551 6.202376 -90.481507
-7.692032 6.204659 -90.517030
-7.711739 6.201125 -90.657410
-7.740341 6.200223 -90.953917
-7.767200 6.193972 -90.987675
-7.793303 6.194327 -90.843869
-7.819970 6.193096 -90.880600
-7.846460 6.195006 -91.012822
-7.874384 6.190008 -91.138392
-7.906613 6.189650 -90.964647
-7.933326 6.193980 -90.651248
-7.966142 6.197729 -90.825861
-8.007874 6.201801 -91.085412
-8.041570 6.201888 -90.973535
-8.068404 6.204265 -90.925117
-8.092512 6.197184 -90.959497
-8.120128 6.192230 -90.883151
-8.145664 6.186845 -90.481950
-8.167642 6.187546 -90.401161
-8.188891 6.186443 -90.906539
-8.226065 6.178969 -91.286780
-8.260901 6.174996 -90.914301
-8.282641 6.180212 -90.774377
-8.308777 6.186500 -90.967723
-8.343095 6.177982 -90.804908
-8.376252 6.174460 -90.059832
-8.406022 6.180864 -89.460104
-8.437120 6.183525 -89.205529
-8.457644 6.189208 -88.899145
-8.485469 6.184776 -88.039273
-8.526176 6.185293 -87.300569
-8.561497 6.183658 -87.605585
-8.579985 6.181103 -87.172778
-8.620452 6.186366 -86.842265
-8.656405 6.183990 -86.670442
-8.689894 6.184377 -86.810840
-8.712983 6.185684 -86.907521
-8.742329 6.193960 -86.738064
-8.773368 6.196333 -86.396410
-8.811236 6.197474 -86.138519
-8.850345 6.200179 -86.226560
-8.877478 6.197353 -86.387601
-8.907895 6.196132 -86.346467
-8.934030 6.200354 -86.264310
-8.965262 6.206017 -86.045914
-8.993642 6.208169 -85.747067
-9.037668 6.197613 -85.708821
-9.074020 6.181974 -86.040979
-9.086108 6.186328 -86.479662
-9.105783 6.198709 -86.399826
-9.144029 6.200494 -85.955369
-9.164587 6.201759 -86.003772
-9.191503 6.191936 -86.459268
-9.215228 6.196211 -86.922280
-9.239115 6.202672 -86.892918
-9.257730 6.204300 -86.527176
-9.284685 6.195072 -86.468233
-9.310659 6.196943 -86.638069
-9.340780 6.196083 -86.893230
-9.370180 6.200278 -87.052590
-9.403802 6.204959 -87.018541
-9.434952 6.205172 -86.919689
-9.468249 6.203748 -86.961006
-9.503054 6.200851 -87.073582
-9.537332 6.201117 -87.195515
-9.567164 6.204087 -87.262281
-9.597537 6.198434 -87.619758
-9.629864 6.203621 -87.880458
-9.660480 6.206900 -87.968630
-9.680359 6.207897 -88.228174
-9.700041 6.217090 -88.276043
-9.720359 6.213821 -88.110824
-9.744287 6.208182 -88.134551
-9.772041 6.204807 -88.463356
-9.798770 6.208823 -88.575928
-9.829618 6.210605 -88.377611
-9.859491 6.207328 -88.519034
-9.895629 6.204549 -88.850324
-9.935209 6.202100 -88.812301
-9.971304 6.205846 -88.736798
-10.003462 6.207889 -88.925475
-10.049657 6.202845 -89.167779
-10.084039 6.204921 -89.383401
-10.112451 6.202823 -89.504000
-10.138231 6.202297 -89.550450
-10.166992 6.201229 -89.482043
-10.191133 6.203719 -89.551124
-10.208780 6.200600 -89.953573
-10.240635 6.198651 -90.305502
-10.262939 6.198236 -90.173494
-10.282321 6.199674 -90.127029
-10.302953 6.198797 -90.150043
-10.338995 6.200508 -90.208859
-10.363077 6.199911 -90.175662
-10.383939 6.206942 -90.269703
-10.417558 6.204818 -90.266604
-10.445980 6.201816 -90.026375
-10.473282 6.205539 -89.904260
-10.511162 6.203142 -89.960323
-10.546181 6.202930 -89.930353
-10.576597 6.201287 -89.753627
-10.604092 6.196965 -89.586420
-10.626958 6.200863 -89.556888
-10.651912 6.198215 -89.764878
-10.677064 6.193861 -89.699125
-10.706182 6.195956 -89.567180
-10.731822 6.199772 -89.627561
-10.755449 6.196413 -89.656560
-10.781090 6.192948 -89.472219
-10.805717 6.192677 -89.464802
-10.831654 6.194201 -89.621650
-10.859424 6.195824 -89.922821
-10.894763 6.193644 -89.712723
-10.928995 6.191350 -89.209427
-10.956855 6.192429 -88.708364
-10.978140 6.200182 -88.971397
-11.007225 6.196748 -89.601121
-11.042590 6.185057 -89.681976
-11.080124 6.179631 -89.133321
-11.101803 6.186376 -88.734822
-11.122181 6.191973 -89.153384
-11.148813 6.193809 -89.798748
-11.187282 6.183845 -89.716888
-11.218978 6.181102 -89.174769
-11.243310 6.187509 -89.210591
-11.272868 6.190885 -89.649356
-11.307208 6.185634 -89.979303
-11.336185 6.182168 -89.818382
-11.363630 6.186122 -89.605141
-11.393650 6.186573 -89.642153
-11.422874 6.182270 -89.528519
-11.447388 6.177610 -89.464390
-11.472642 6.183252 -89.784072
-11.497797 6.184762 -90.061114
-11.526076 6.182304 -90.136933
-11.555451 6.179693 -89.916456
-11.584163 6.184181 -89.857302
-11.615793 6.185843 -90.114275
-11.649818 6.182264 -90.306553
-11.681056 6.178104 -90.106209
-11.717962 6.180868 -90.073228
-11.747239 6.183750 -90.279183
-11.777253 6.181169 -90.425732
-11.812444 6.179813 -90.479397
-11.843976 6.177487 -90.559759
-11.875786 6.178308 -90.651941
-11.898149 6.184625 -90.816400
-11.929199 6.181837 -90.709910
-11.956634 6.182232 -90.742181
-11.986990 6.182466 -90.886966
-12.007534 6.181935 -90.927561
-12.038781 6.180559 -90.872644
-12.070986 6.175756 -90.889483
-12.100041 6.175871 -90.956519
-12.129619 6.170446 -91.008591
-12.155127 6.171136 -90.927671
-12.189505 6.167066 -90.907257
-12.222049 6.165101 -91.078568
-12.246745 6.167195 -91.160519
-12.269830 6.162303 -90.914986
-12.309694 6.155154 -90.894983
-12.344526 6.152245 -91.260412
-12.369983 6.152623 -91.437452
-12.395650 6.152528 -91.453184
-12.419282 6.159089 -91.308777
-12.455116 6.154392 -90.888534
-12.490128 6.144154 -91.012274
-12.518655 6.137307 -91.390824
-12.538899 6.144435 -91.553153
-12.561079 6.148028 -91.292471
-12.590153 6.142358 -91.225361
-12.619550 6.139951 -91.266160
-12.654324 6.135241 -91.381780
-12.686816 6.134878 -91.459349
-12.713022 6.134521 -91.238038
-12.736685 6.131823 -90.947522
-12.760054 6.124618 -91.135066
-12.786358 6.127191 -91.345682
-12.811029 6.135984 -91.180730
-12.839723 6.138478 -90.633799
-12.864031 6.134949 -90.073432
-12.893931 6.124883 -89.999594
-12.928086 6.125086 -90.074988
-12.962989 6.131779 -89.775663
-12.992413 6.128386 -89.399774
-13.017919 6.127395 -89.079547
-13.047341 6.127037 -88.769439
-13.079643 6.126103 -88.491148
-13.111471 6.124035 -88.326436
-13.139877 6.122948 -88.192862
-13.169451 6.121352 -88.018870
-13.196170 6.123459 -87.793811
-13.220868 6.126655 -87.615558
-13.241268 6.127427 -87.396430
-13.265145 6.125520 -87.520669
-13.290853 6.122221 -87.704462
-13.312267 6.124417 -87.542931
-13.331989 6.127034 -87.284832
-13.358309 6.126680 -87.160332
-13.388991 6.129633 -87.206215
-13.419695 6.126849 -87.263494
-13.454784 6.125586 -86.968219
-13.487744 6.125615 -86.683496
-13.525824 6.128884 -86.647752
-13.558817 6.132833 -86.899237
-13.592074 6.132115 -87.113747
-13.624825 6.130421 -87.008767
-13.653365 6.128213 -86.719837
-13.685354 6.132336 -86.519347
-13.710116 6.132036 -86.393976
-13.731597 6.131075 -86.575587
-13.755525 6.132117 -87.093082
-13.786587 6.133419 -87.383366
-13.812184 6.133895 -86.748245
-13.830969 6.136753 -86.248255
-13.847797 6.141367 -86.606141
-13.874968 6.139189 -87.287983
-13.915271 6.136520 -87.270113
-13.945822 6.136957 -86.596485
-13.972629 6.141388 -86.296864
-14.000315 6.140460 -86.578252
-14.033077 6.139546 -86.821152
-14.068806 6.138425 -86.854268
-14.101161 6.141515 -86.725380
-14.133206 6.140836 -86.680832
-14.163349 6.142744 -86.856187
-14.193851 6.142741 -87.056106
-14.228238 6.143623 -87.147903
-14.260020 6.143654 -87.028350
-14.287087 6.146409 -86.947629
-14.312587 6.144377 -87.002048
-14.336264 6.145435 -87.322656
-14.363515 6.148090 -87.619631
-14.386745 6.150431 -87.606067
-14.408422 6.151970 -87.338611
-14.427824 6.151203 -87.294247
-14.454712 6.149560 -87.454234
-14.483830 6.146332 -87.637211
-14.515948 6.146589 -87.518582
-14.544843 6.144997 -87.359478
-14.575529 6.146231 -87.523751
-14.609763 6.146124 -87.632709
-14.649228 6.146564 -87.545304
-14.675791 6.147825 -87.531540
-14.709803 6.150050 -87.706519
-14.743789 6.151185 -87.600889
-14.775464 6.150722 -87.531848
-14.802794 6.152439 -87.730564
-14.833242 6.151867 -87.784647
-14.859762 6.151067 -87.780123
-14.884459 6.151485 -87.841257
-14.910089 6.152497 -87.895201
-14.939682 6.156202 -87.948981
-14.964435 6.158209 -87.991779
-14.994555 6.159654 -88.004534
-15.024578 6.160964 -88.090796
-15.050598 6.161130 -88.088532
-15.081032 6.158647 -88.042560
-15.115075 6.161662 -88.146101
-15.142115 6.162063 -88.187763
-15.177274 6.160407 -88.224558
-15.206982 6.159719 -88.341938
-15.238272 6.160638 -88.380620
-15.272287 6.162563 -88.312945
-15.306275 6.164268 -88.190430
-15.343083 6.163768 -88.097378
-15.380261 6.160461 -88.229595
-15.410303 6.159665 -88.510434
-15.435537 6.160792 -88.737484
-15.455529 6.164793 -88.686244
-15.478531 6.164442 -88.410150
-15.514486 6.162029 -88.402100
-15.546919 6.160906 -88.844181
-15.559660 6.164273 -89.132353
-15.574191 6.163124 -88.737385
-15.607254 6.159534 -88.406062
-15.644584 6.161095 -88.671469
-15.676929 6.158782 -89.141298
-15.696685 6.160540 -89.399983
-15.721493 6.159688 -89.075387
-15.762564 6.160354 -88.881459
-15.797228 6.158858 -88.937102
-15.834302 6.156382 -89.117607
-15.863338 6.155043 -89.380234
-15.894716 6.152364 -89.528135
-15.921350 6.148561 -89.405677
-15.948433 6.147806 -89.316886
-15.977547 6.149133 -89.348336
-16.007193 6.150208 -89.673211
-16.035255 6.151101 -89.991470
-16.054288 6.153258 -89.571313
-16.084692 6.149175 -89.061019
-16.122303 6.147998 -89.465029
-16.153842 6.148698 -90.011547
-16.181850 6.148357 -89.757917
-16.207061 6.147594 -89.314897
-16.235635 6.143255 -89.459259
-16.263498 6.145794 -89.709529
-16.293303 6.146059 -89.738762
-16.324261 6.145216 -89.681584
-16.355972 6.145157 -89.668379
-16.382982 6.143546 -89.615400
-16.415587 6.139621 -89.782367
-16.443956 6.138480 -89.925248
-16.473167 6.142001 -89.900940
-16.500314 6.138274 -89.883878
-16.528240 6.135903 -90.066169
-16.557613 6.134736 -90.315880
-16.585123 6.133946 -90.422348
-16.613863 6.134331 -90.531178
-16.640221 6.132882 -90.451294
-16.667117 6.133311 -90.510366
-16.691905 6.130081 -90.558330
-16.718598 6.128743 -90.785910
-16.741674 6.127577 -91.056179
-16.769126 6.127763 -91.253852
-16.794403 6.126209 -91.089048
-16.824734 6.125923 -90.839459
-16.846906 6.122483 -90.850295
-16.874600 6.120120 -91.341194
-16.906556 6.119193 -91.699133
-16.941765 6.120491 -91.489072
-16.966228 6.119645 -91.031763
-16.984350 6.115641 -91.062187
-17.011595 6.111192 -91.732435
-17.051843 6.111302 -91.979173
-17.089455 6.110623 -91.759726
-17.118444 6.108093 -91.586764
-17.144529 6.107121 -91.582573
-17.178794 6.103803 -91.924286
-17.210910 6.099274 -92.142936
-17.248029 6.095738 -92.218826
-17.273285 6.098777 -91.983783
-17.304975 6.096352 -91.719847
-17.331078 6.092729 -91.629431
-17.360169 6.091249 -91.878164
-17.390527 6.086831 -91.884220
-17.416407 6.085510 -91.557202
-17.434181 6.086511 -91.611840
-17.461172 6.088627 -91.704746
-17.485622 6.091396 -91.404456
-17.510623 6.087149 -90.987649
-17.536444 6.085041 -90.795812
-17.566839 6.088242 -90.489968
-17.595206 6.087677 -90.263987
-17.626715 6.088285 -89.887200
-17.659561 6.085641 -89.446321
-17.688525 6.080595 -89.101337
-17.719884 6.081402 -88.692299
-17.752410 6.085036 -88.304556
-17.782244 6.084649 -88.081749
-17.815887 6.085615 -87.880729
-17.847361 6.086673 -87.448305
-17.876173 6.085892 -87.064217
-17.903655 6.085403 -86.725875
-17.928863 6.088150 -86.482482
-17.952335 6.089782 -86.267027
-17.975770 6.090738 -86.227177
-18.003446 6.091326 -86.205210
-18.030000 6.093623 -86.178416
-18.055227 6.094974 -86.170330
-18.076899 6.098048 -85.998507
-18.101505 6.100480 -85.576273
-18.130478 6.104330 -85.606147
-18.159156 6.104080 -85.766200
-18.190693 6.102358 -85.746071
-18.220439 6.103858 -85.409424
-18.254047 6.107658 -85.302402
-18.284208 6.111077 -85.456201
-18.315280 6.110838 -85.570080
-18.349819 6.111371 -85.390867
-18.381488 6.112253 -85.401724
-18.415535 6.113931 -85.411871
-18.439753 6.114240 -85.399172
-18.473864 6.114954 -85.475165
-18.503879 6.114230 -85.999471
-18.534111 6.118226 -86.333836
-18.556935 6.123436 -86.389019
-18.582722 6.125895 -85.916920
-18.615162 6.124645 -85.820975
-18.649590 6.124767 -86.266382
-18.666697 6.125095 -86.765070
-18.685823 6.127061 -86.560644
-18.720889 6.127178 -86.439511
-18.753677 6.130196 -86.914766
-18.774717 6.130588 -87.020482
-18.803078 6.131200 -87.033996
-18.836323 6.129795 -87.214625
-18.863834 6.129938 -87.485335
-18.894759 6.130809 -87.623256
-18.926498 6.130060 -87.729043
-18.962609 6.129351 -88.092029
-18.988975 6.131166 -88.332718
-19.018801 6.132806 -88.457300
-19.051572 6.132235 -88.580163
-19.079398 6.131879 -88.707266
-19.112221 6.130772 -88.798273
-19.139084 6.132508 -88.886655
-19.168919 6.129988 -88.983368
-19.199764 6.132164 -89.080886
-19.229448 6.130610 -88.906824
-19.267859 6.128174 -88.770927
-19.301654 6.130749 -88.834047
-19.332586 6.131045 -88.760422
-19.352081 6.128950 -88.476554
-19.373553 6.127041 -88.380157
-19.394225 6.126337 -88.489749
-19.413318 6.127586 -88.649003
-19.429669 6.129689 -88.627424
-19.450951 6.131780 -88.601524
-19.475336 6.134906 -88.508859
-19.499242 6.135405 -88.293000
-19.526289 6.134209 -88.370860
-19.554927 6.132605 -88.465552
-19.587805 6.136124 -88.484142
-19.623387 6.136916 -88.360288
-19.657504 6.136574 -88.214216
-19.692116 6.131907 -88.220110
-19.727886 6.132105 -88.318547
-19.764566 6.133711 -88.103480
-19.801733 6.129812 -88.191689
-19.832529 6.134951 -88.174231
-19.856597 6.135501 -87.820787
-19.880394 6.132456 -87.721030
-19.898352 6.127930 -87.834544
-19.921456 6.128336 -88.370527
-19.949565 6.139936 -88.370677
-19.972609 6.143021 -87.807800
-19.995585 6.138900 -87.488771
-20.020861 6.135410 -87.966569
-20.054957 6.137578 -88.517394
-20.089749 6.142568 -88.170205
-20.120499 6.144243 -87.418963
-20.146661 6.142186 -87.540460
-20.184094 6.139423 -87.997573
-20.220067 6.140840 -87.650573
-20.250857 6.138064 -87.429991
-20.280131 6.138118 -87.739079
-20.317221 6.141238 -87.799110
-20.350466 6.143439 -87.438169
-20.375668 6.141235 -87.356677
-20.408810 6.138910 -87.694661
-20.444446 6.139161 -87.860679
-20.475196 6.143862 -87.525938
-20.502773 6.144783 -87.564387
-20.525238 6.146461 -87.938604
-20.561778 6.147102 -88.141073
-20.593800 6.146664 -87.746292
-20.615510 6.146838 -87.627029
-20.633029 6.147147 -87.834196
-20.658820 6.147868 -88.115468
-20.680001 6.149300 -88.005870
-20.705091 6.146489 -88.032697
-20.726104 6.146725 -88.087122
-20.752105 6.145952 -88.439560
-20.781812 6.148842 -88.299241
-20.808332 6.149803 -88.025737
-20.834341 6.148550 -88.009651
-20.868394 6.145962 -88.177687
-20.906688 6.145416 -88.112612
-20.946218 6.145746 -87.806619
-20.982901 6.146446 -87.758687
-21.020640 6.143733 -87.968485
-21.059132 6.140151 -87.768445
-21.097146 6.139424 -87.419209
-21.125686 6.138077 -87.445014
-21.149253 6.141053 -87.668299
-21.171433 6.138774 -88.017333
-21.196636 6.138057 -88.088674
-21.214528 6.142748 -88.169753
-21.228957 6.143860 -88.047134
-21.246634 6.145428 -87.792647
-21.261618 6.145390 -87.771882
-21.283419 6.145791 -87.919136
-21.311656 6.143473 -88.150927
-21.344757 6.141942 -87.964520
-21.378636 6.143043 -87.539033
-21.412440 6.149090 -87.277660
-21.448390 6.151236 -87.305616
-21.486492 6.147806 -87.264443
-21.524942 6.147038 -86.878698
-21.558998 6.152204 -86.561724
-21.594193 6.151290 -86.267373
-21.623515 6.151462 -86.104650
-21.651755 6.153701 -86.081405
-21.676468 6.151729 -86.267589
-21.699541 6.150810 -86.250500
-21.717806 6.151063 -85.941796
-21.744397 6.155367 -85.438479
-21.770834 6.160747 -85.415367
-21.796086 6.159613 -85.514110
-21.818699 6.157452 -85.733483
-21.840657 6.161098 -85.497944
-21.868452 6.165549 -85.157087
-21.907177 6.169412 -85.028353
-21.940551 6.174486 -85.326583
-21.969743 6.176796 -85.559439
-21.998209 6.174979 -85.272983
-22.034737 6.176250 -84.871165
-22.075542 6.180385 -84.926818
-22.108603 6.182641 -85.080115
-22.138124 6.184826 -85.198669
-22.164100 6.184835 -84.988685
-22.194417 6.184928 -84.737640
-22.233588 6.187698 -84.919182
-22.257243 6.191345 -85.173036
-22.285655 6.193873 -85.379692
-22.306736 6.196278 -85.304077
-22.329645 6.199951 -84.896436
-22.363783 6.197807 -84.715775
-22.387173 6.200174 -85.014104
-22.406837 6.197718 -85.064330
-22.429457 6.198094 -85.061467
-22.456084 6.197295 -85.152145
-22.481577 6.200760 -85.315886
-22.508680 6.200050 -85.427565
-22.535698 6.204506 -85.474865
-22.566871 6.205037 -85.376943
-22.603381 6.204083 -85.373111
-22.645933 6.202342 -85.945398
-22.674801 6.210314 -86.172516
-22.706809 6.211203 -85.998081
-22.743449 6.207641 -86.071381
-22.777342 6.207285 -86.307020
-22.807610 6.216082 -86.537986
-22.836445 6.210791 -86.645119
-22.865489 6.216674 -86.987715
-22.889108 6.220527 -86.967396
-22.910719 6.221602 -86.877951
-22.935360 6.211469 -87.111901
-22.961950 6.215211 -87.477789
-22.984863 6.214943 -87.508086
-23.017062 6.218493 -87.765015
-23.041610 6.220454 -87.800228
-23.072047 6.224399 -87.888350
-23.103233 6.223841 -87.819906
-23.135282 6.222040 -87.920721
-23.174024 6.217429 -88.146865
-23.209483 6.217013 -88.284737
-23.240489 6.221854 -88.206092
-23.275077 6.219094 -88.200248
-23.304951 6.212664 -88.547862
-23.334373 6.214140 -89.188778
-23.362959 6.222558 -89.557497
-23.388225 6.229888 -89.176029
-23.402461 6.222203 -88.820128
-23.425875 6.215991 -89.380022
-23.453527 6.219575 -89.673788
-23.477058 6.221412 -89.736899
-23.499429 6.218458 -89.954229
-23.529893 6.220017 -90.187550
-23.560882 6.222613 -90.008769
-23.590513 6.222474 -89.642260
-23.617423 6.222127 -89.267465
-23.647211 6.219739 -89.138027
-23.678585 6.221107 -89.132314
-23.712844 6.225248 -88.728932
-23.743071 6.225361 -88.288632
-23.767246 6.221932 -88.196748
-23.798799 6.221273 -88.100863
-23.821154 6.220505 -88.043843
-23.849209 6.220829 -87.868482
-23.875205 6.221829 -87.665501
-23.904194 6.224814 -87.468875
-23.933245 6.227800 -87.522361
-23.966343 6.231466 -87.346329
-23.996462 6.229674 -87.117151
-24.022633 6.229963 -86.965177
-24.054334 6.230472 -86.980844
-24.089659 6.232837 -86.845036
-24.116611 6.235986 -86.556937
-24.139923 6.236230 -86.658761
-24.165568 6.236254 -86.533259
-24.191127 6.237265 -86.318549
-24.211832 6.237245 -86.255601
-24.235695 6.240537 -86.335460
-24.266881 6.241132 -86.672539
-24.305679 6.239612 -86.407968
-24.334712 6.242690 -85.950035
-24.363126 6.244675 -85.850475
-24.399639 6.243826 -85.757424
-24.436671 6.245074 -85.855197
-24.474235 6.246753 -86.055870
-24.508843 6.242707 -86.063249
-24.537775 6.244967 -85.839463
-24.566449 6.251152 -85.644623
-24.591337 6.260827 -85.861968
-24.617275 6.261782 -86.256906
-24.637815 6.249419 -86.115135
-24.661322 6.250220 -85.403921
-24.679927 6.271080 -85.924645
-24.697295 6.270645 -86.895148
-24.719184 6.258682 -87.062258
-24.744450 6.260257 -86.970868
-24.772952 6.271460 -87.579152
-24.802366 6.268415 -88.199846
-24.837190 6.260910 -88.241274
-24.880829 6.263772 -88.091382
-24.918126 6.269482 -88.838784
-24.952329 6.260276 -89.683378
-24.991249 6.250012 -89.622121
-25.027954 6.254744 -89.653535
-25.058274 6.261248 -90.022549
-25.082701 6.256621 -90.278108
-25.108990 6.257293 -90.549273
-25.123975 6.249435 -90.908018
-25.139026 6.245128 -90.872822
-25.163367 6.248197 -90.877709
-25.186146 6.250680 -91.036503
-25.206452 6.253849 -91.287599
-25.225883 6.255542 -91.314550
-25.252505 6.255598 -91.194910
-25.292663 6.252575 -91.299128
-25.325225 6.250858 -91.490455
-25.361789 6.243714 -91.398270
-25.401668 6.244755 -91.540263
-25.434548 6.245003 -91.630509
-25.474354 6.241754 -91.660433
-25.510109 6.238953 -91.776269
-25.541473 6.237398 -91.810534
-25.577529 6.237130 -91.699138
-25.606015 6.236649 -91.757246
-25.634629 6.235133 -91.823167
-25.658135 6.233739 -91.890568
-25.686940 6.230478 -92.181264
-25.704142 6.233077 -92.715347
-25.716931 6.233111 -92.751516
-25.735624 6.230524 -92.555146
-25.764220 6.227683 -92.446894
-25.791868 6.227824 -92.716576
-25.817746 6.225588 -92.877204
-25.844030 6.222555 -93.052440
-25.878100 6.218713 -93.130730
-25.910740 6.217882 -93.226262
-25.949730 6.213797 -93.407060
-25.983637 6.211237 -93.576345
-26.015915 6.209284 -93.537993
-26.056444 6.202905 -93.772482
-26.086547 6.205123 -94.000255
-26.116241 6.211167 -93.969229
-26.146084 6.208897 -93.542090
-26.177399 6.198013 -93.348280
-26.207552 6.189637 -93.886444
-26.234231 6.194694 -94.167443
-26.257752 6.199704 -93.706897
-26.281716 6.185052 -93.263953
-26.313439 6.171848 -93.991418
-26.335591 6.183884 -94.361813
-26.353278 6.186138 -93.746597
-26.378029 6.174796 -93.716297
-26.409097 6.175262 -94.322451
-26.433297 6.182359 -94.290563
-26.463256 6.179766 -93.886454
-26.490929 6.166591 -93.803643
-26.521066 6.158369 -94.352989
-26.553979 6.161690 -94.518687
-26.582457 6.166361 -94.217475
-26.616404 6.162767 -94.076604
-26.647609 6.156271 -94.207539
-26.684204 6.147062 -94.575775
-26.727884 6.142228 -94.853769
-26.766207 6.139239 -94.515886
-26.791123 6.131435 -94.349906
-26.823104 6.125669 -94.867761
-26.854320 6.131158 -95.246777
-26.879125 6.133003 -95.513811
-26.903419 6.140275 -95.463495
-26.922037 6.138396 -95.017525
-26.947293 6.135044 -94.757659
-26.966137 6.131476 -94.640592
-26.990448 6.125194 -95.065035
-27.022170 6.117068 -95.587182
-27.065171 6.114231 -95.387173
-27.089767 6.113537 -94.873483
-27.107372 6.112243 -94.944543
-27.135773 6.109114 -95.343624
-27.175713 6.103667 -95.338235
-27.210715 6.096875 -94.911518
-27.228469 6.092101 -94.963918
-27.257534 6.088508 -95.176382
-27.292967 6.087289 -95.249091
-27.317913 6.087081 -94.986150
-27.342247 6.085388 -95.076208
-27.370210 6.085176 -95.070559
-27.400143 6.083903 -94.772972
-27.422759 6.080179 -94.204272
-27.446894 6.077525 -93.842289
-27.467650 6.077496 -93.905146
-27.501383 6.070555 -93.889259
-27.537730 6.061418 -93.378352
-27.565868 6.063093 -92.849310
-27.588528 6.059766 -92.944254
-27.620430 6.060841 -92.556830
-27.647619 6.062437 -92.180550
-27.672574 6.069007 -92.124083
-27.693864 6.061951 -92.135416
-27.718432 6.064530 -91.507510
-27.739896 6.068059 -91.128276
-27.766817 6.067234 -90.977151
-27.793658 6.055588 -90.465261
-27.823924 6.057443 -90.135360
-27.852513 6.055856 -89.964929
-27.886099 6.057879 -89.671314
-27.919836 6.060481 -89.597654
-27.953679 6.057715 -89.517864
-27.991795 6.052899 -89.383777
-28.027904 6.053213 -89.035441
-28.077918 6.052227 -88.765884
-28.114085 6.054289 -88.626459
-28.141947 6.060020 -88.884141
-28.170746 6.057218 -89.171140
-28.188882 6.057099 -88.933028
-28.204722 6.059591 -88.439309
-28.226286 6.069128 -88.710720
-28.253755 6.058065 -88.898456
-28.278302 6.057687 -88.581448
-28.307342 6.059633 -88.839042
-28.330850 6.059158 -89.303946
-28.357988 6.056299 -89.217376
-28.393810 6.058546 -89.083804
-28.432586 6.063264 -89.218497
-28.467226 6.062302 -89.392376
-28.497525 6.058761 -89.281903
-28.541411 6.058472 -89.232165
-28.583119 6.056204 -89.330366
-28.617051 6.058480 -89.459129
-28.650068 6.064784 -89.581038
-28.677352 6.063357 -89.577641
-28.701440 6.065263 -89.542239
-28.730626 6.063434 -89.537438
-28.751126 6.060023 -89.731057
-28.772390 6.058466 -89.837059
-28.798573 6.057042 -90.049790
-28.818014 6.055680 -90.102653
-28.845483 6.055628 -90.166097
-28.869535 6.054527 -90.295116
-28.898908 6.053825 -90.390307
-28.925716 6.051007 -90.319876
-28.957894 6.047570 -90.249740
-28.992935 6.047174 -90.277558
-29.024495 6.045998 -90.338642
-29.056649 6.046253 -90.082852
-29.092464 6.044766 -89.772979
-29.126076 6.043839 -89.811269
-29.158748 6.045549 -90.267477
-29.175055 6.052679 -89.971780
-29.193701 6.052106 -88.923124
-29.217381 6.046672 -88.724626
-29.235723 6.045544 -89.654230
-29.253086 6.044547 -89.385027
-29.278206 6.048040 -89.769958
-29.304319 6.050093 -89.822374
-29.340638 6.041496 -89.477257
-29.383993 6.036839 -89.641593
-29.427006 6.036360 -89.762462
-29.468183 6.036375 -89.528636
-29.510527 6.037345 -89.036710
-29.551351 6.037905 -88.770921
-29.593584 6.033114 -89.216930
-29.632423 6.038444 -90.246921
-29.663292 6.050509 -89.941922
-29.684197 6.048371 -88.313195
-29.710077 6.034458 -89.241001
-29.735817 6.032362 -90.280784
-29.753546 6.036744 -90.158578
-29.767176 6.040151 -89.412079
-29.778336 6.036496 -89.183312
-29.799970 6.037863 -89.851156
-29.832011 6.042876 -90.267017
-29.865649 6.037960 -89.876376
-29.899831 6.031208 -89.873380
-29.936485 6.035081 -90.488857
-29.976057 6.048289 -90.521205
-30.015083 6.051014 -90.085326
-30.053823 6.047648 -89.859535
-30.093578 6.047835 -90.051604
-30.134636 6.045161 -90.413851
-30.167609 6.045989 -90.819808
-30.198795 6.048973 -90.744577
-30.224518 6.050323 -90.171891
-30.250258 6.049173 -89.972664
-30.279292 6.046140 -90.213985
-30.310669 6.044311 -90.220956
-30.340254 6.042025 -89.967822
-30.360630 6.039333 -89.981777
-30.390309 6.042023 -90.272290
-30.423575 6.044172 -90.198231
-30.451902 6.045724 -90.026473
-30.479412 6.043251 -90.184140
-30.515759 6.041769 -90.150325
-30.552308 6.037666 -90.055168
-30.585065 6.036588 -90.088743
-30.617553 6.041960 -90.268623
-30.655129 6.045184 -90.391111
-30.681183 6.046533 -90.020352
-30.700855 6.042411 -90.044364
-30.728800 6.041937 -90.445548
-30.761299 6.044004 -90.277693
-30.778614 6.041794 -90.126520
-30.807452 6.039679 -90.409289
-30.838424 6.039371 -90.419420
-30.863474 6.040297 -90.220461
-30.884164 6.034881 -90.493581
-30.910794 6.033197 -90.433150
-30.936745 6.032073 -90.400655
-30.966411 6.030997 -90.326197
-31.001046 6.026297 -90.356621
-31.035851 6.021148 -90.331710
-31.067323 6.018543 -90.179549
-31.102284 6.019884 -89.863768
-31.132566 6.022173 -89.474003
-31.163049 6.021710 -89.036840
-31.194391 6.025918 -88.769904
-31.218919 6.029251 -88.521753
-31.239929 6.028163 -88.227955
-31.263220 6.027759 -87.494039
-31.289347 6.030640 -86.965851
-31.311048 6.034955 -86.542343
-31.335270 6.037696 -86.293359
-31.361649 6.038654 -85.854119
-31.380603 6.038038 -85.585523
-31.404946 6.041473 -85.456443
-31.431548 6.042102 -85.488928
-31.459888 6.041285 -85.240395
-31.495360 6.042571 -84.974387
-31.529598 6.046115 -84.984964
-31.558085 6.048707 -84.988014
-31.592266 6.049939 -84.564866
-31.626196 6.056818 -84.517741
-31.661134 6.058203 -84.665860
-31.686774 6.062142 -84.706093
-31.714064 6.064861 -84.376873
-31.749669 6.072621 -84.137635
-31.782772 6.076395 -84.474927
-31.805091 6.073391 -84.556918
-31.829193 6.069711 -84.029668
-31.870533 6.075937 -83.919468
-31.899673 6.081994 -84.430979
-31.920534 6.084074 -84.580200
-31.938321 6.085011 -84.121340
-31.972984 6.088888 -83.844871
-32.004352 6.087786 -84.209550
-32.030454 6.091813 -84.636353
-32.050071 6.097072 -84.785712
-32.073019 6.098825 -84.174371
-32.103460 6.101131 -83.754506
-32.138200 6.106423 -84.242891
-32.167551 6.106444 -84.794113
-32.189252 6.110970 -84.831245
-32.219725 6.114065 -84.332409
-32.256795 6.113683 -83.897458
-32.295898 6.119015 -84.330945
-32.330268 6.132009 -84.587870
-32.359177 6.135106 -84.458327
-32.397559 6.137901 -84.240564
-32.435085 6.140112 -84.159524
-32.473045 6.141506 -84.116063
-32.506079 6.144620 -84.168633
-32.535933 6.146429 -84.199798
-32.570240 6.153608 -84.221078
-32.600920 6.158349 -84.078216
-32.627011 6.160005 -84.069717
-32.657993 6.157057 -84.086592
-32.682900 6.158999 -84.085289
-32.713464 6.159378 -83.961158
-32.739476 6.160985 -83.941026
-32.770528 6.165340 -84.257020
-32.796736 6.169951 -84.626922
-32.823872 6.176557 -84.390853
-32.849242 6.175861 -84.061095
-32.883856 6.171373 -84.298881
-32.915505 6.173286 -84.779961
-32.941389 6.178092 -85.033664
-32.966694 6.176795 -85.004956
-32.994395 6.175028 -85.274358
-33.024434 6.177171 -86.019613
-33.051653 6.186289 -86.449921
-33.083383 6.193567 -86.421045
-33.108374 6.196528 -86.087857
-33.140462 6.185899 -86.224119
-33.174516 6.182442 -86.795937
-33.211812 6.185997 -87.549550
-33.247695 6.190974 -87.845717
-33.291145 6.193165 -88.092462
-33.331972 6.195356 -88.400380
-33.362097 6.190072 -88.820753
-33.394648 6.194798 -89.352211
-33.429392 6.201800 -89.561123
-33.450835 6.205458 -89.476734
-33.475765 6.202483 -89.577858
-33.497837 6.197748 -89.765510
-33.530111 6.192992 -90.072948
-33.542994 6.191719 -89.856412
-33.568755 6.197952 -90.237639
-33.584640 6.198838 -90.209643
-33.601565 6.198049 -90.538102
-33.629173 6.197123 -90.730291
-33.660726 6.195948 -90.761074
-33.690086 6.197810 -90.764858
-33.716930 6.192253 -90.968031
-33.749539 6.189514 -91.110988
-33.787353 6.188243 -91.153018
-33.820724 6.188495 -91.093995
-33.852263 6.190616 -91.393895
-33.887726 6.191921 -91.450390
-33.917231 6.190959 -91.465484
-33.942410 6.189290 -91.542997
-33.972665 6.184384 -91.576190
-34.004506 6.187210 -91.563323
-34.031155 6.186101 -91.646172
-34.044183 6.187343 -91.631033
-34.068466 6.187593 -91.776721
-34.097864 6.187755 -91.799250
-34.123911 6.182783 -91.776160
-34.146287 6.178599 -91.674775
-34.175803 6.177762 -91.711300
-34.203402 6.179295 -91.977252
-34.232320 6.175670 -92.372302
-34.267113 6.171967 -92.480047
-34.299640 6.170268 -92.168415
-34.328984 6.170401 -91.830875
-34.360369 6.174295 -91.830898
-34.387399 6.173228 -92.289777
-34.417385 6.169703 -92.742270
-34.446777 6.160303 -92.808690
-34.476833 6.155160 -92.530908
-34.505893 6.154680 -92.091430
-34.540072 6.160173 -91.852092
-34.572983 6.169370 -92.401979
-34.594077 6.165897 -92.965223
-34.613062 6.158525 -93.248855
-34.596922 6.156501 -92.944598
-34.607029 6.164437 -92.721600
-34.607024 6.158630 -93.828071
-34.614181 6.159015 -95.604912
-34.616770 6.162534 -97.025742
-34.619422 6.160122 -98.816765
-34.622433 6.161694 -100.926235
-34.622330 6.165663 -103.390413
-34.619432 6.168320 -105.930328
-34.618585 6.170609 -108.328059
-34.618797 6.177078 -110.483035
-34.618865 6.180775 -112.605751
-34.621213 6.180570 -114.759725
-34.622801 6.182698 -116.857448
-34.624735 6.188484 -118.959887
-34.624663 6.193911 -121.060844
-34.623865 6.195598 -122.973256
-34.625880 6.197836 -124.665541
-34.627292 6.195833 -126.299996
-34.619732 6.200952 -127.700354
-34.615995 6.203407 -129.007388
-34.618814 6.201670 -130.339923
-34.621847 6.200429 -131.836815
-34.625636 6.200595 -133.332600
-34.627511 6.201695 -135.153692
-34.629242 6.205728 -136.823197
-34.624555 6.206484 -138.543200
-34.621449 6.215324 -140.341903
-34.620305 6.221523 -141.866275
-34.615529 6.223770 -143.442262
-34.619010 6.226580 -144.884102
-34.624416 6.230572 -146.164912
-34.624488 6.229241 -147.477774
-34.627854 6.232734 -148.785871
-34.631449 6.234218 -149.983066
-34.625128 6.235543 -151.431941
-34.625371 6.234755 -153.251307
-34.625178 6.231254 -155.268692
-34.622728 6.233255 -157.779276
-34.619789 6.244808 -160.536880
-34.625551 6.246455 -163.217895
-34.630584 6.244519 -165.715077
-34.638258 6.244483 -167.813839
-34.649324 6.242344 -169.672613
-34.654665 6.241639 -171.217849
-34.654241 6.247982 -172.589852
-34.656966 6.252804 -173.874071
-34.672604 6.251723 -175.075854
-34.676431 6.250083 -176.250439
-34.684327 6.242690 -176.287185
-34.686017 6.223043 -176.393491
-34.686050 6.205447 -176.589330
-34.685231 6.182032 -176.888714
-34.686227 6.156853 -177.092368
-34.686198 6.119581 -177.336867
-34.683128 6.076393 -177.657056
-34.680852 6.030729 -177.964992
-34.685720 5.982802 -178.553324
-34.688170 5.937868 -178.468247
-34.686447 5.884344 -178.369957
-34.687023 5.841621 -178.683609
-34.689257 5.806907 -178.976466
-34.683785 5.779265 -179.110040
-34.680555 5.746774 -179.142714
-34.673565 5.720788 -179.364385
-34.672361 5.699194 -179.477387
-34.676136 5.679658 -179.560705
-34.677532 5.664826 -179.751631
-34.677062 5.649846 179.988659
-34.680058 5.637181 179.826422
-34.677043 5.619753 179.811469
-34.682485 5.594179 179.614072
-34.683299 5.565596 179.426088
-34.684726 5.539683 179.288985
-34.678790 5.509327 179.200267
-34.675203 5.473737 178.991953
-34.670190 5.437153 178.855384
-34.665220 5.399257 178.975955
-34.661747 5.361370 178.808878
-34.655672 5.329075 178.649249
-34.657665 5.307719 178.589497
-34.658630 5.287948 178.494994
-34.657702 5.266325 178.270975
-34.655743 5.245660 178.026075
-34.657989 5.221648 177.906055
-34.655514 5.192939 177.867233
-34.652151 5.166292 177.693496
-34.651159 5.134933 177.547506
-34.651618 5.101754 177.603182
-34.654114 5.069520 178.066923
-34.653679 5.036773 178.545560
-34.651672 5.000438 178.972060
-34.652514 4.961208 179.266724
-34.648992 4.921617 179.630524
-34.649462 4.880385 179.910431
-34.647598 4.849678 -179.679999
-34.650985 4.823958 -179.258686
-34.649431 4.802894 -178.963099
-34.649564 4.782870 -178.892495
-34.649476 4.766277 -178.936032
-34.647317 4.749482 -179.097380
-34.643931 4.727936 -179.308267
-34.645408 4.706484 -179.343488
-34.653451 4.681649 -179.141143
-34.653912 4.654276 -178.870491
-34.653497 4.621103 -178.459481
-34.651605 4.587476 -178.387149
-34.647506 4.549063 -178.588964
-34.647378 4.509713 -178.739782
-34.645958 4.464945 -178.711040
-34.647504 4.421358 -178.386803
-34.651979 4.391057 -178.110081
-34.656114 4.360616 -178.066949
-34.655513 4.337820 -178.339521
-34.658472 4.312070 -178.730451
-34.656691 4.288080 -178.922735
-34.658161 4.265317 -178.962321
-34.661842 4.240153 -178.802482
-34.663684 4.220340 -178.582932
-34.666178 4.201916 -178.543421
-34.666438 4.178684 -178.636694
-34.660583 4.151444 -178.643007
-34.658281 4.124288 -178.767887
-34.655982 4.093063 -178.801390
-34.655029 4.060341 -178.825094
-34.656023 4.024119 -178.827118
-34.656907 3.983991 -178.766733
-34.653411 3.948538 -178.757050
-34.654190 3.908887 -178.986167
-34.660210 3.875850 -179.140737
-34.661044 3.848852 -179.108642
-34.657243 3.823010 -179.076986
-34.656231 3.794627 -179.097368
-34.657561 3.767353 -179.139628
-34.654262 3.742031 -179.047470
-34.652857 3.716084 -178.880252
-34.656012 3.691579 -178.938981
-34.653016 3.661623 -179.101791
-34.655927 3.625993 -179.130524
-34.651085 3.589718 -179.108570
-34.646836 3.561638 -179.223719
-34.648689 3.533140 -179.338502
-34.648959 3.500965 -179.366244
-34.648949 3.472486 -179.287161
-34.655592 3.444856 -179.440799
-34.654999 3.419298 -179.790754
-34.648931 3.389105 -179.629594
-34.650447 3.363215 -179.398282
-34.657848 3.341947 -179.502265
-34.656208 3.319947 -179.718798
-34.653585 3.292608 -179.813791
-34.654153 3.260123 -179.797978
-34.655583 3.230242 -179.646333
-34.655509 3.198824 -179.727403
-34.650775 3.168490 -179.636240
-34.646868 3.131012 -179.252650
-34.644885 3.098233 -179.419369
-34.640809 3.069774 -179.691875
-34.642921 3.044107 -179.715303
-34.645764 3.014878 -179.634110
-34.647509 2.985090 -179.592491
-34.651249 2.960983 -179.722358
-34.650805 2.935388 -179.912848
-34.649597 2.908443 179.936479
-34.645936 2.881009 179.908881
-34.645203 2.851878 179.787310
-34.646029 2.822840 179.613850
-34.645677 2.793427 179.638388
-34.645930 2.761605 179.713669
-34.649017 2.728517 179.787752
-34.644782 2.695673 179.935397
-34.642210 2.661512 -179.866041
-34.638813 2.631185 -179.869429
-34.639761 2.607258 179.794885
-34.640674 2.586196 179.431379
-34.641677 2.566115 179.447549
-34.639246 2.540481 179.579849
-34.637109 2.513779 179.756356
-34.632426 2.485025 179.596701
-34.634894 2.459398 179.391933
-34.635861 2.436698 179.391898
-34.636637 2.411522 179.626972
-34.635155 2.378186 179.946996
-34.634927 2.347930 -179.815577
-34.637183 2.318742 -179.680981
-34.638615 2.284793 -179.543706
-34.635549 2.253074 -179.488134
-34.635607 2.220768 -179.441310
-34.635016 2.181902 -179.578430
-34.637178 2.151764 -179.219031
-34.629726 2.134365 -178.573749
-34.629849 2.108011 -178.504627
-34.628608 2.082417 -178.891236
-34.628984 2.058856 -179.296013
-34.632667 2.040006 -179.228296
-34.632038 2.017148 -178.840918
-34.625127 1.986723 -178.610833
-34.624215 1.955857 -178.798698
-34.625728 1.924921 -178.912439
-34.630984 1.891649 -178.715202
-34.631614 1.857177 -178.358961
-34.634047 1.816396 -178.038650
-34.633525 1.778768 -177.828783
-34.632704 1.744208 -177.738917
-34.636199 1.707970 -177.809837
-34.640866 1.673591 -177.858380
-34.646358 1.653151 -177.318572
-34.636739 1.644523 -176.827041
-34.622152 1.624610 -177.161932
-34.620886 1.604506 -177.764156
-34.628123 1.587150 -177.914131
-34.632642 1.563143 -177.498755
-34.633181 1.538373 -177.162898
-34.632679 1.512172 -177.183458
-34.633891 1.479062 -177.416745
-34.634602 1.447486 -177.514273
-34.637139 1.408570 -177.545768
-34.642344 1.366924 -177.352695
-34.642284 1.326792 -177.091388
-34.643172 1.288908 -177.015265
-34.641363 1.251688 -177.192196
-34.644609 1.212955 -177.581388
-34.644980 1.169844 -178.065184
-34.641942 1.135683 -177.851238
-34.641820 1.118863 -177.238565
-34.644374 1.097120 -177.279407
-34.642802 1.079311 -177.700032
-34.640874 1.057945 -177.950080
-34.638833 1.026355 -177.672443
-34.640080 0.998993 -177.462818
-34.640881 0.969169 -177.479495
-34.643068 0.934400 -177.587458
-34.642220 0.898356 -177.608962
-34.642576 0.857745 -177.407961
-34.643279 0.817052 -177.226665
-34.645696 0.779713 -177.249211
-34.647452 0.746577 -177.421542
-34.648499 0.713122 -177.706932
-34.649757 0.672284 -177.949577
-34.652089 0.631842 -177.953341
-34.647497 0.593787 -177.702846
-34.644566 0.570101 -177.268079
-34.645566 0.555227 -177.024750
-34.647572 0.541873 -177.123141
-34.650482 0.530931 -177.614077
-34.650314 0.517449 -178.238951
-34.647393 0.531262 -177.490637
-34.656548 0.527276 -178.128411
-34.664237 0.533634 -179.881724
-34.667476 0.534157 178.676195
-34.675769 0.533562 176.787955
-34.680872 0.531050 174.340191
-34.678999 0.524396 171.585236
-34.677209 0.517931 168.406719
-34.678668 0.515270 165.234620
-34.681807 0.510813 162.309605
-34.681893 0.504264 159.706163
-34.684610 0.504973 157.396379
-34.689408 0.506182 155.206438
-34.689687 0.505122 153.304436
-34.691918 0.506507 151.768643
-34.694937 0.511848 150.238343
-34.698611 0.511771 148.935251
-34.697007 0.505978 147.307893
-34.700452 0.500362 145.354809
-34.705907 0.490700 143.120523
-34.709348 0.487605 140.583216
-34.710336 0.482797 137.856906
-34.713234 0.479832 135.149029
-34.719600 0.478937 132.402579
-34.724491 0.479946 129.947383
-34.730601 0.478578 127.745259
-34.728403 0.479934 125.864948
-34.730850 0.479016 124.231808
-34.732264 0.478074 122.751089
-34.732704 0.474800 121.076659
-34.731475 0.468947 119.262789
-34.722842 0.461114 117.086257
-34.723321 0.454013 114.702155
-34.722822 0.446851 111.942663
-34.723558 0.444516 109.101914
-34.732313 0.450304 106.669247
-34.737162 0.450093 104.356694
-34.734145 0.445627 102.324664
-34.736394 0.436236 100.214210
-34.739637 0.431466 98.081789
-34.742617 0.433295 96.084128
-34.746828 0.432909 94.014098
-34.749139 0.428128 92.053927
-34.743963 0.454123 89.272591
-34.741781 0.461276 88.140723
-34.747507 0.445405 86.813211
-34.733249 0.447549 87.516346
-34.719081 0.450000 87.333715
-34.693115 0.445492 87.080918
-34.664162 0.449245 86.964088
-34.627661 0.455715 86.890086
-34.581806 0.453190 86.980641
-34.535949 0.452882 87.243285
-34.491570 0.453914 87.455608
-34.443141 0.462136 87.406632
-34.395350 0.465607 87.516843
-34.353784 0.467399 87.525914
-34.319698 0.474740 87.714703
-34.298303 0.483029 87.348535
-34.278771 0.496451 87.265535
-34.268557 0.493739 87.595496
-34.255129 0.489345 87.199395
-34.236081 0.492387 87.299674
-34.217281 0.494360 87.330447
-34.195767 0.496323 87.249059
-34.170715 0.496857 87.244533
-34.138771 0.498285 87.214352
-34.102175 0.501853 87.288464
-34.061260 0.500568 87.321661
-34.016252 0.495332 87.338859
-33.970780 0.501269 87.707064
-33.924108 0.504068 87.992297
-33.876512 0.515088 88.294786
-33.834954 0.523844 89.082041
-33.794348 0.521817 89.654162
-33.769150 0.515708 89.780488
-33.743806 0.516986 89.841466
-33.728048 0.520611 90.242836
-33.713651 0.519514 90.569776
-33.698821 0.519152 90.766863
-33.684079 0.521281 90.750208
-33.669832 0.524506 90.869837
-33.649783 0.524127 91.092561
-33.622386 0.521229 91.198322
-33.597319 0.520298 91.190798
-33.568648 0.521202 91.326390
-33.529051 0.517971 91.474142
-33.494869 0.520289 91.680488
-33.464459 0.520501 91.868562
-33.427741 0.523924 92.098493
-33.386807 0.525401 92.339072
-33.353851 0.521679 92.436955
-33.323723 0.520434 92.449975
-33.299771 0.523359 92.618438
-33.268334 0.523828 92.881219
-33.240490 0.525120 93.031071
-33.220855 0.526187 93.017579
-33.196208 0.526303 92.882167
-33.171183 0.528907 92.683606
-33.153547 0.527724 92.538007
-33.134357 0.526952 92.602430
-33.108270 0.526124 92.711823
-33.079140 0.526564 92.701831
-33.048348 0.525982 92.557481
-33.015902 0.523249 92.305349
-32.988681 0.522876 92.197713
-32.957854 0.522356 92.373821
-32.930136 0.520670 92.452041
-32.897379 0.519432 92.486891
-32.861165 0.520316 92.515677
-32.827915 0.523481 92.407932
-32.797080 0.524209 92.155249
-32.765013 0.527174 92.129041
-32.734134 0.527224 92.272805
-32.701796 0.525879 92.315245
-32.664730 0.516753 92.231238
-32.631899 0.514395 92.095624
-32.602784 0.513984 92.158051
-32.573570 0.515411 92.262748
-32.541898 0.518076 92.332544
-32.511563 0.519032 92.271767
-32.484178 0.516173 92.284718
-32.457488 0.515730 92.234711
-32.437606 0.517836 91.986007
-32.416467 0.512279 92.101902
-32.394685 0.509085 92.459627
-32.372706 0.511373 92.755801
-32.351642 0.514479 92.717088
-32.329596 0.511764 92.771629
-32.305068 0.507960 93.021298
-32.276991 0.506997 93.160355
-32.250095 0.507087 93.282601
-32.219841 0.503675 93.567184
-32.189372 0.501355 93.813120
-32.158727 0.502998 94.045252
-32.126716 0.502468 94.301090
-32.093294 0.500033 94.598277
-32.058838 0.497544 94.909245
-32.023889 0.498151 95.169363
-31.988623 0.498090 95.458039
-31.951589 0.501336 95.393538
-31.923683 0.493176 95.619219
-31.899518 0.483482 96.095647
-31.869242 0.481333 96.329810
-31.843836 0.486412 96.196569
-31.816917 0.485188 95.982233
-31.797343 0.481945 95.845409
-31.774511 0.481219 95.964641
-31.751720 0.482251 96.119813
-31.729040 0.480212 96.237804
-31.706060 0.476272 96.246149
-31.676837 0.472387 96.359188
-31.647356 0.470630 96.638970
-31.616765 0.468848 96.807961
-31.584791 0.466467 96.907297
-31.552003 0.466602 97.062108
-31.515274 0.465009 97.484043
-31.484554 0.465689 97.701594
-31.453581 0.461478 97.348228
-31.421241 0.455779 97.375028
-31.389823 0.451876 97.883542
-31.367509 0.453510 97.977184
-31.348514 0.453625 97.348328
-31.326688 0.454627 96.477008
-31.295393 0.452955 96.051893
-31.269463 0.450784 96.054177
-31.243760 0.451353 95.888947
-31.217961 0.449981 95.393045
-31.187823 0.450716 95.078453
-31.157005 0.449663 95.041935
-31.126910 0.447020 95.044743
-31.097520 0.446769 94.934571
-31.065415 0.444745 94.714380
-31.030427 0.445246 94.483449
-30.993721 0.442378 94.359625
-30.963263 0.440046 94.338689
-30.936040 0.440301 94.089161
-30.907693 0.440409 93.891210
-30.882857 0.436633 93.794845
-30.858782 0.435446 93.616876
-30.830966 0.433044 93.517248
-30.801613 0.431950 93.408229
-30.770609 0.430782 93.175134
-30.742734 0.429725 93.108155
-30.715738 0.430939 93.043082
-30.685638 0.430185 92.983682
-30.655422 0.428344 92.854938
-30.625119 0.430620 92.850340
-30.593895 0.432657 92.806440
-30.564071 0.431897 92.639563
-30.535623 0.432016 92.344251
-30.505036 0.433753 92.343671
-30.475681 0.435257 92.504552
-30.446298 0.432108 92.469122
-30.419987 0.428554 92.059765
-30.395914 0.430715 91.810688
-30.369038 0.432583 91.909142
-30.341525 0.431845 92.108653
-30.314452 0.431308 92.240433
-30.287468 0.428518 92.082717
-30.257474 0.427804 91.753224
-30.232703 0.429211 91.648339
-30.203606 0.430934 91.801663
-30.174152 0.431537 92.097776
-30.143468 0.430321 92.127489
-30.114601 0.430112 91.996343
-30.084312 0.431464 91.780151
-30.053060 0.432675 91.554329
-30.020979 0.433323 91.451751
-29.987142 0.434021 91.584099
-29.958449 0.433738 91.739067
-29.930828 0.432251 91.576836
-29.906513 0.433323 91.321923
-29.882509 0.435781 91.130297
-29.856735 0.436033 91.127545
-29.834909 0.438118 91.225212
-29.809191 0.437268 91.236377
-29.782012 0.438643 91.069437
-29.753156 0.438600 90.770012
-29.726899 0.439543 90.696198
-29.696302 0.440549 90.844861
-29.669377 0.442185 90.986501
-29.637801 0.441963 91.133867
-29.607768 0.443448 91.534525
-29.575508 0.442549 92.053315
-29.541246 0.441736 92.526461
-29.503553 0.442441 92.799725
-29.464887 0.442052 93.249197
-29.431960 0.438693 93.833826
-29.405673 0.436479 94.261595
-29.376712 0.434841 94.420831
-29.345533 0.436137 94.555441
-29.321403 0.433797 94.867660
-29.296820 0.434522 95.075255
-29.270297 0.435182 95.154413
-29.244727 0.436060 95.271786
-29.218289 0.435262 95.462709
-29.189687 0.433197 95.598623
-29.164099 0.431730 95.743706
-29.130584 0.428678 95.889018
-29.098584 0.427937 96.153717
-29.059996 0.426801 96.360443
-29.023477 0.426133 96.481440
-28.994230 0.423392 96.455437
-28.962660 0.416733 96.446993
-28.931817 0.411026 96.816282
-28.903605 0.406956 97.100679
-28.876374 0.409735 97.098006
-28.850134 0.411085 96.817673
-28.825906 0.404955 96.993106
-28.804146 0.407082 97.485109
-28.779324 0.412792 97.421029
-28.751598 0.410913 96.847383
-28.722629 0.405819 96.376332
-28.695550 0.406792 96.064097
-28.666730 0.410165 95.437583
-28.634992 0.409903 94.835462
-28.602587 0.409011 94.157285
-28.572343 0.406413 93.474560
-28.541734 0.405308 92.857165
-28.513217 0.399620 92.406482
-28.489979 0.390294 92.358874
-28.465481 0.388586 92.260910
-28.441133 0.390774 92.030110
-28.418633 0.394951 91.610601
-28.392872 0.396134 91.265931
-28.362698 0.394278 91.174137
-28.326031 0.392892 91.004840
-28.295652 0.391832 90.714001
-28.264666 0.391479 90.541021
-28.229471 0.393801 90.345468
-28.192864 0.397729 90.102395
-28.160145 0.397699 89.865886
-28.122450 0.398045 89.703576
-28.087891 0.396535 89.861422
-28.065074 0.394104 89.826537
-28.032211 0.395941 89.478664
-27.997853 0.398812 89.015232
-27.965107 0.402299 89.131147
-27.944256 0.403795 89.426008
-27.926308 0.404310 89.108650
-27.903388 0.407368 88.770441
-27.883577 0.408950 88.743025
-27.868351 0.409321 88.689390
-27.843668 0.411066 88.517527
-27.816823 0.410959 88.433068
-27.788609 0.412941 88.362007
-27.760977 0.414047 88.258519
-27.728823 0.417216 88.129158
-27.693381 0.419189 88.087995
-27.660324 0.420801 88.020882
-27.630703 0.422168 87.956975
-27.597886 0.423443 87.888148
-27.565055 0.429060 87.829742
-27.530277 0.431690 87.615812
-27.497257 0.434524 87.508756
-27.467248 0.435816 87.618226
-27.445242 0.438472 87.597610
-27.426025 0.441324 87.382611
-27.403373 0.443818 87.177208
-27.380702 0.445350 87.061493
-27.356418 0.445838 87.038325
-27.332654 0.448817 87.013754
-27.305658 0.450139 86.855662
-27.278811 0.452585 86.641591
-27.242408 0.457715 86.588597
-27.208138 0.459476 86.635008
-27.175458 0.461409 86.524466
-27.141015 0.468058 86.503126
-27.106967 0.473569 86.871094
-27.075792 0.473659 87.183445
-27.042162 0.477374 87.316724
-27.008573 0.482834 87.496569
-26.972228 0.489377 88.189316
-26.942402 0.487461 89.061904
-26.917674 0.490309 89.565485
-26.893345 0.493016 89.845631
-26.872137 0.492289 90.158890
-26.849953 0.490469 90.361278
-26.828093 0.488129 90.539849
-26.806900 0.489601 90.543948
-26.786652 0.489680 90.620475
-26.762305 0.489578 90.750509
-26.736402 0.488619 90.865160
-26.708655 0.488654 91.033148
-26.677889 0.488672 91.233220
-26.646887 0.487683 91.386725
-26.611490 0.487939 91.468162
-26.575452 0.487858 91.636500
-26.540930 0.489344 91.886488
-26.504300 0.487777 92.037257
-26.467276 0.487649 91.819588
-26.432096 0.487585 91.943099
-26.405549 0.484088 92.242675
-26.378745 0.480617 92.682711
-26.350189 0.477662 92.751915
-26.327349 0.477703 92.470432
-26.306461 0.483088 92.156615
-26.285946 0.490351 92.061332
-26.262843 0.490353 92.394038
-26.237416 0.487520 92.508300
-26.209909 0.483028 92.482317
-26.183661 0.482168 92.398884
-26.154804 0.485270 92.367685
-26.124137 0.487674 92.367844
-26.089390 0.488908 92.339954
-26.055253 0.489253 92.318436
-26.018050 0.486789 92.185404
-25.986838 0.484097 91.979170
-25.957484 0.482038 91.862878
-25.929290 0.477660 91.926089
-25.903550 0.477555 92.154725
-25.874606 0.483936 92.241196
-25.847485 0.488281 92.129869
-25.822627 0.488763 92.019501
-25.795792 0.485116 92.035832
-25.769098 0.481478 92.074782
-25.740171 0.483761 92.043259
-25.709620 0.486694 91.889092
-25.680528 0.486589 91.845640
-25.651552 0.486032 91.928486
-25.620808 0.486486 91.968116
-25.589514 0.487494 91.925346
-25.554552 0.489428 91.798046
-25.518134 0.492011 91.604447
-25.481691 0.487880 91.513605
-25.453716 0.483845 91.474848
-25.425985 0.479999 91.563519
-25.398602 0.480590 91.705533
-25.372026 0.482195 91.807817
-25.345357 0.485738 91.679488
-25.319836 0.486544 91.456392
-25.295751 0.482647 91.433270
-25.271368 0.480919 91.651953
-25.243840 0.482971 91.799839
-25.213684 0.483981 91.628544
-25.184779 0.486166 91.425569
-25.154002 0.487235 91.242394
-25.124247 0.485996 91.272273
-25.092846 0.485423 91.485520
-25.059081 0.486145 91.626981
-25.022951 0.488981 91.527988
-24.986135 0.489944 91.256424
-24.954984 0.488500 91.207887
-24.928464 0.488316 91.190584
-24.902236 0.489102 91.039651
-24.877610 0.488555 90.966990
-24.849058 0.487441 91.037495
-24.825189 0.486925 91.143199
-24.797910 0.489815 91.131827
-24.771628 0.488931 91.071979
-24.743256 0.488861 90.937217
-24.715923 0.490167 90.978403
-24.687383 0.490627 91.069101
-24.657618 0.491094 91.068156
-24.626836 0.492056 90.837754
-24.595249 0.492491 90.758661
-24.561722 0.491694 90.645170
-24.525532 0.489852 90.473962
-24.491653 0.488591 90.336985
-24.459857 0.489057 90.282170
-24.431878 0.487806 90.054801
-24.405685 0.489449 90.045246
-24.381980 0.489437 90.285145
-24.358614 0.491063 90.221869
-24.333404 0.494321 90.080353
-24.307245 0.495461 90.052241
-24.280467 0.496853 89.979598
-24.254057 0.498727 89.810163
-24.225731 0.500113 89.747412
-24.194694 0.501978 89.805972
-24.164785 0.500967 89.805617
-24.129777 0.505632 89.599072
-24.098736 0.506561 89.431271
-24.066443 0.505268 89.481219
-24.029804 0.508357 89.614559
-23.991807 0.507754 89.727486
-23.953285 0.505866 89.638546
-23.923096 0.503597 89.228520
-23.898008 0.512189 89.302338
-23.871793 0.513664 89.888226
-23.849434 0.509294 90.085899
-23.826159 0.509409 89.929241
-23.807574 0.510639 89.535080
-23.792397 0.514750 89.393669
-23.777642 0.516240 89.590493
-23.766241 0.512056 89.852860
-23.748765 0.513419 89.689932
-23.736107 0.512979 89.196612
-23.713607 0.516354 89.293414
-23.691047 0.515526 89.355807
-23.661576 0.515176 89.469859
-23.623280 0.515590 89.753143
-23.579602 0.515569 90.082890
-23.535911 0.515773 90.564459
-23.494762 0.516883 91.382322
-23.441218 0.519163 91.898173
-23.395745 0.521693 92.125822
-23.352551 0.522686 92.509574
-23.314062 0.521753 92.598374
-23.278439 0.520016 92.620199
-23.245117 0.519957 92.801332
-23.211653 0.520450 92.948963
-23.180878 0.520627 93.136670
-23.153387 0.521088 93.293813
-23.127953 0.518877 93.485013
-23.102248 0.519046 93.618368
-23.078550 0.518143 93.753692
-23.055144 0.517316 93.786849
-23.035084 0.516925 93.931709
-23.008889 0.518095 94.107488
-22.990890 0.518477 94.078648
-22.971925 0.518786 93.778793
-22.954504 0.517295 93.380921
-22.940724 0.509579 93.435635
-22.924275 0.509339 93.892724
-22.899876 0.510461 94.162662
-22.870747 0.515900 93.932129
-22.835790 0.515853 93.535585
-22.805523 0.511038 93.507138
-22.769287 0.508391 93.822920
-22.729137 0.508960 94.066291
-22.688499 0.510421 94.006103
-22.648400 0.508425 93.851202
-22.611014 0.504864 93.908168
-22.567495 0.503362 94.017272
-22.532133 0.503145 94.006245
-22.501147 0.500439 93.873889
-22.469122 0.492647 94.029919
-22.446626 0.490389 94.182832
-22.425449 0.492589 94.462200
-22.402271 0.492450 94.654693
-22.382214 0.493913 94.712243
-22.361634 0.497251 94.440573
-22.341273 0.496989 94.261640
-22.317992 0.494649 94.265130
-22.296808 0.490596 94.194190
-22.270154 0.489480 94.183003
-22.240461 0.488546 94.272662
-22.211014 0.489264 94.219335
-22.177891 0.487771 94.147699
-22.140903 0.485097 94.163145
-22.106071 0.482701 94.161943
-22.071010 0.480980 94.166293
-22.036087 0.480871 94.114107
-21.994044 0.478272 94.025629
-21.957092 0.476473 94.231622
-21.922553 0.472987 94.476260
-21.898262 0.469792 94.528353
-21.870954 0.466236 94.395607
-21.849984 0.464866 94.116316
-21.827542 0.466887 93.975927
-21.801925 0.467059 94.101372
-21.775884 0.463954 94.170298
-21.752088 0.460956 94.018655
-21.725528 0.461787 93.960049
-21.695473 0.461175 94.007055
-21.668506 0.458460 94.099370
-21.637500 0.455592 94.081963
-21.605817 0.454206 94.052399
-21.575419 0.454997 94.070688
-21.545802 0.454553 94.072422
-21.516215 0.452281 93.995064
-21.483859 0.451988 93.902633
-21.453262 0.454818 94.190533
-21.430509 0.450018 94.258923
-21.409071 0.447508 93.905053
-21.383883 0.450187 93.701821
-21.359487 0.448007 93.835880
-21.331803 0.444302 93.868485
-21.306338 0.441236 93.720767
-21.280968 0.441378 93.603819
-21.255129 0.441071 93.712651
-21.226096 0.440318 93.667239
-21.198145 0.437509 93.575442
-21.164666 0.441088 93.577984
-21.126045 0.439444 93.458706
-21.093153 0.439336 93.365010
-21.059895 0.439051 93.355003
-21.022720 0.437701 93.230008
-20.990947 0.435046 93.200103
-20.963288 0.433173 93.294726
-20.932012 0.430958 93.329342
-20.907819 0.430671 93.236950
-20.881493 0.431057 93.083154
-20.859822 0.429504 93.047295
-20.835838 0.429095 93.070276
-20.806653 0.428528 93.091737
-20.778883 0.428690 93.087846
-20.753588 0.427864 93.024120
-20.727474 0.427437 92.976450
-20.695316 0.427343 92.964525
-20.665926 0.427347 93.019892
-20.631988 0.427076 92.872195
-20.599059 0.425531 92.742559
-20.568100 0.426745 92.983289
-20.534727 0.429695 93.062722
-20.502904 0.428218 92.568755
-20.477155 0.421581 92.652206
-20.448879 0.419280 92.919776
-20.418395 0.419182 93.030802
-20.391003 0.420077 92.921631
-20.368512 0.423455 92.669442
-20.343282 0.422896 92.286631
-20.319312 0.420413 92.314084
-20.293310 0.417307 92.454988
-20.264991 0.417560 92.463184
-20.236677 0.419080 92.439392
-20.205362 0.418974 92.219403
-20.174229 0.418787 92.008225
-20.144024 0.415838 92.091914
-20.112584 0.414974 92.281625
-20.077333 0.414326 92.263239
-20.039240 0.412579 92.160523
-20.002107 0.410180 91.923092
-19.973403 0.413867 91.884000
-19.945037 0.413941 91.979137
-19.918109 0.412707 92.071831
-19.895302 0.412814 92.063234
-19.874194 0.413757 91.934692
-19.849410 0.413930 91.603115
-19.823673 0.413034 91.409551
-19.797726 0.414626 91.466495
-19.773250 0.413605 91.549615
-19.749376 0.413051 91.455828
-19.722429 0.414725 91.389863
-19.694673 0.415688 91.294076
-19.666345 0.414600 91.241953
-19.633788 0.412943 91.273329
-19.600584 0.414171 91.388927
-19.565556 0.410770 91.407870
-19.531865 0.413184 91.190900
-19.494881 0.411158 91.093867
-19.462169 0.414801 91.209758
-19.432928 0.412339 91.249824
-19.405249 0.411269 91.075660
-19.379874 0.410767 90.934940
-19.354144 0.411283 90.916619
-19.329561 0.409194 90.891637
-19.306089 0.409570 90.765184
-19.281093 0.411249 90.744985
-19.257606 0.411852 90.767196
-19.231226 0.411260 90.748618
-19.202989 0.411913 90.581348
-19.174051 0.412993 90.460072
-19.141476 0.413996 90.393616
-19.108156 0.414814 90.537016
-19.076855 0.415520 90.496160
-19.041308 0.416543 90.206679
-19.007182 0.413311 90.016988
-18.971865 0.411877 89.846337
-18.941469 0.413962 89.990009
-18.911781 0.414050 89.988869
-18.889166 0.414124 89.878899
-18.868379 0.415381 89.657121
-18.843009 0.412724 89.718982
-18.817897 0.416281 89.774758
-18.790603 0.416894 89.651188
-18.763420 0.416607 89.346029
-18.738056 0.418404 89.239808
-18.708307 0.421847 89.397249
-18.678304 0.423517 89.482659
-18.646365 0.421388 89.416417
-18.616536 0.420705 89.121365
-18.583775 0.422071 88.937363
-18.550605 0.425322 88.987762
-18.513549 0.424108 89.120271
-18.477912 0.423168 89.204519
-18.453964 0.424996 89.003762
-18.426491 0.426201 88.785293
-18.401794 0.429642 88.564957
-18.377931 0.431107 88.390139
-18.354242 0.432994 88.219894
-18.330291 0.435551 88.312046
-18.300661 0.436653 88.307927
-18.272726 0.437520 88.274677
-18.243074 0.440579 88.115349
-18.211858 0.443831 87.903492
-18.181095 0.446806 87.741216
-18.147226 0.448589 87.576190
-18.115658 0.449845 87.668231
-18.083554 0.451580 87.649379
-18.060970 0.450542 88.217914
-18.026798 0.450927 88.881436
-17.987967 0.451753 89.571829
-17.960801 0.454787 89.945343
-17.936128 0.455230 90.012169
-17.911393 0.454746 90.224301
-17.888779 0.455502 90.387978
-17.864763 0.455367 90.354910
-17.839666 0.454888 90.397489
-17.813166 0.455546 90.593357
-17.783515 0.456438 90.888426
-17.750108 0.457499 90.983599
-17.717600 0.459048 90.974265
-17.681724 0.453830 91.057462
-17.644840 0.451985 91.158724
-17.608554 0.452857 91.317031
-17.576803 0.454843 91.481816
-17.542641 0.456066 91.473220
-17.505945 0.456568 91.484006
-17.471833 0.458178 91.296045
-17.444413 0.454541 91.520664
-17.422936 0.455057 91.742297
-17.403365 0.456165 91.772227
-17.381460 0.458200 91.489498
-17.363614 0.456558 91.291079
-17.343984 0.456002 91.513072
-17.323858 0.457310 91.847756
-17.298610 0.460018 91.762700
-17.271346 0.457513 91.646493
-17.237798 0.458281 91.665600
-17.205065 0.459090 91.665076
-17.168619 0.458768 91.673324
-17.130956 0.457970 91.721059
-17.095218 0.459297 91.727106
-17.060177 0.460402 91.716831
-17.024858 0.460570 91.746330
-16.984850 0.457674 91.730189
-16.946364 0.456481 91.540999
-16.913502 0.453379 91.617060
-16.888384 0.453713 91.744750
-16.864081 0.453944 91.855357
-16.846014 0.456590 91.701906
-16.820656 0.458848 91.499605
-16.797313 0.456869 91.602298
-16.775770 0.455529 91.698708
-16.752437 0.456382 91.648889
-16.727105 0.456842 91.642360
-16.698074 0.456042 91.514858
-16.665798 0.456878 91.442707
-16.634322 0.455466 91.475237
-16.602472 0.455283 91.476689
-16.569518 0.456982 91.363242
-16.536897 0.458098 91.239754
-16.501919 0.454392 91.169006
-16.463424 0.454996 91.179436
-16.428543 0.455267 91.228471
-16.399390 0.455414 91.196820
-16.373292 0.451689 91.028923
-16.349465 0.453938 90.881500
-16.325488 0.456437 90.810287
-16.302655 0.456420 90.993740
-16.278857 0.454354 90.941768
-16.253615 0.453926 90.669250
-16.226347 0.453562 90.571440
-16.199904 0.453653 90.680095
-16.170302 0.450917 90.655192
-16.142842 0.452583 90.493690
-16.110560 0.452774 90.450109
-16.075994 0.455091 90.407605
-16.041353 0.456455 90.255833
-16.007848 0.459071 90.230804
-15.977961 0.462600 90.423636
-15.953478 0.460578 90.300423
-15.933525 0.462253 89.969644
-15.908401 0.467719 89.673842
-15.885117 0.467807 89.868244
-15.860652 0.466786 89.833332
-15.836286 0.467286 89.684259
-15.814282 0.466469 89.505947
-15.787253 0.467345 89.587962
-15.760654 0.469084 89.697767
-15.729870 0.471677 89.609389
-15.695600 0.471861 89.524331
-15.659368 0.474491 89.452916
-15.622415 0.476857 89.293969
-15.586508 0.476100 89.181405
-15.547324 0.476841 89.059106
-15.505995 0.478633 89.041897
-15.470192 0.480458 89.046398
-15.440305 0.478606 88.845394
-15.419925 0.478555 88.565061
-15.400774 0.479074 88.796907
-15.377361 0.484047 89.108069
-15.348294 0.481716 88.986672
-15.326682 0.481770 88.467677
-15.307185 0.483058 88.231641
-15.287382 0.482688 88.521495
-15.255561 0.483347 88.656730
-15.224252 0.488644 88.369375
-15.193872 0.489566 88.127915
-15.162186 0.490182 88.109938
-15.128146 0.489998 88.108160
-15.092989 0.495201 87.907584
-15.059510 0.495458 87.733699
-15.024358 0.495420 87.581197
-14.990932 0.494986 87.701874
-14.955768 0.498820 87.779308
-14.925181 0.502509 87.318617
-14.908960 0.495930 87.140183
-14.891745 0.493836 87.671163
-14.866560 0.499343 88.158227
-14.839458 0.507290 87.963191
-14.813889 0.509895 87.302646
-14.796238 0.511270 86.912468
-14.775610 0.508779 87.250730
-14.745626 0.512889 87.615573
-14.714164 0.520131 87.677304
-14.682030 0.521796 87.536796
-14.652797 0.518468 87.673453
-14.621881 0.515904 88.195940
-14.586104 0.520537 88.573303
-14.549965 0.518372 89.003307
-14.510562 0.515847 89.621969
-14.475238 0.516271 90.371506
-14.443829 0.520802 90.863986
-14.416301 0.516178 91.261285
-14.391241 0.510587 92.016831
-14.363729 0.510718 92.840769
-14.341376 0.517252 93.211628
-14.316541 0.520785 93.159218
-14.293176 0.516867 93.304353
-14.271395 0.516685 93.538483
-14.249211 0.514672 93.768745
-14.220492 0.519379 93.868127
-14.191305 0.519668 94.081953
-14.161247 0.518561 94.474136
-14.130622 0.517628 94.665133
-14.093797 0.515371 94.880424
-14.056442 0.514661 95.086911
-14.021831 0.516580 95.274993
-13.992819 0.510800 95.379756
-13.961448 0.506859 95.565235
-13.941473 0.502794 96.073668
-13.930864 0.499533 96.400985
-13.924778 0.511005 95.989613
-13.939581 0.508317 96.198248
-13.918474 0.510130 95.450258
-13.904163 0.502347 95.267674
-13.881377 0.503313 95.447433
-13.867469 0.500028 95.671842
-13.854998 0.498881 95.632315
-13.842017 0.497615 95.663013
-13.829710 0.495014 95.766068
-13.821013 0.500968 95.900461
-13.811591 0.497609 96.096313
-13.796394 0.494293 95.639966
-13.784719 0.491937 95.647025
-13.763039 0.492160 95.798591
-13.735186 0.489364 95.902318
-13.702033 0.490117 95.866092
-13.663559 0.486359 95.821272
-13.615629 0.486113 95.865597
-13.571246 0.481162 96.062247
-13.520754 0.484435 95.901422
-13.471071 0.479959 95.674773
-13.429575 0.472405 95.953200
-13.390102 0.466450 96.262682
-13.352117 0.460502 96.588980
-13.319553 0.460725 96.563719
-13.289856 0.458905 96.399022
-13.260257 0.460875 96.331065
-13.235583 0.457977 96.488095
-13.211551 0.458090 96.748651
-13.182397 0.449028 96.910636
-13.158292 0.445014 96.915565
-13.139490 0.447431 96.927420
-13.120269 0.447594 96.990874
-13.103284 0.451859 96.929773
-13.086264 0.458427 96.735622
-13.065172 0.451006 96.598794
-13.041340 0.444520 96.517937
-13.018621 0.435841 96.339935
-12.997449 0.419100 96.737108
-12.968662 0.423043 97.246199
-12.938592 0.429234 97.072597
-12.915437 0.431278 96.551594
-12.890079 0.426942 96.451315
-12.859277 0.422366 96.490870
-12.823756 0.421283 96.227591
-12.785419 0.419570 95.632561
-12.754048 0.416824 94.933611
-12.725187 0.410376 94.347127
-12.695805 0.404771 94.078861
-12.664483 0.407132 93.868706
-12.634022 0.408485 93.493967
-12.603834 0.407384 93.013839
-12.576255 0.407386 92.556241
-12.544721 0.396977 92.265615
-12.517123 0.400728 92.303751
-12.482141 0.404927 92.466497
-12.451676 0.416822 92.176593
-12.422915 0.419957 91.487147
-12.401731 0.410620 91.179832
-12.374526 0.407895 91.266825
-12.345262 0.415345 91.105193
-12.317751 0.416206 90.686688
-12.293890 0.414776 90.391643
-12.262844 0.412344 90.220695
-12.232420 0.412494 90.073925
-12.200954 0.412732 89.891323
-12.174112 0.410683 89.881781
-12.143304 0.413964 89.862586
-12.110256 0.418228 89.541810
-12.075536 0.416724 89.469401
-12.044734 0.414779 89.347806
-12.019948 0.413981 89.466865
-11.985575 0.422485 89.567284
-11.949438 0.432365 89.025688
-11.929782 0.426067 88.643185
-11.910189 0.420395 89.004328
-11.881456 0.412645 89.075748
-11.851447 0.416217 88.763275
-11.828963 0.421166 88.538148
-11.806883 0.420192 88.726531
-11.779134 0.419468 89.125297
-11.747365 0.418796 89.514404
-11.716821 0.422619 89.754445
-11.682214 0.423803 89.850565
-11.649657 0.425259 89.868838
-11.614266 0.430232 89.977997
-11.579612 0.438096 90.419553
-11.552016 0.431608 90.781522
-11.524123 0.428359 90.971077
-11.498018 0.426776 91.116177
-11.469308 0.426446 91.483908
-11.448467 0.425994 91.807364
-11.422516 0.424611 91.975528
-11.398118 0.424491 92.099465
-11.372109 0.423155 92.262479
-11.349890 0.423199 92.333580
-11.322523 0.423720 92.415104
-11.293460 0.421709 92.629991
-11.262162 0.421428 92.713880
-11.230655 0.422025 92.822979
-11.200718 0.420159 93.011549
-11.165889 0.419875 93.063291
-11.130326 0.424168 93.193416
-11.099455 0.421390 93.281279
-11.065464 0.422602 93.421419
-11.031226 0.419089 93.558639
-10.997214 0.416930 93.604185
-10.969329 0.420032 93.528973
-10.941266 0.411769 93.723318
-10.922998 0.409727 94.053030
-10.896258 0.409983 94.342611
-10.862749 0.409028 94.378462
-10.843765 0.408530 94.203055
-10.821500 0.411836 93.960159
-10.793068 0.414104 93.984415
-10.771388 0.416250 94.144816
-10.743241 0.413129 94.301413
-10.715780 0.408934 94.292137
-10.687954 0.410548 94.195109
-10.654361 0.412063 94.284717
-10.624737 0.410727 94.321767
-10.590045 0.409601 94.371912
-10.556729 0.407540 94.383440
-10.523043 0.397341 94.087784
-10.492100 0.394419 93.798807
-10.461211 0.392436 93.961474
-10.432334 0.393777 94.517934
-10.406660 0.386951 94.777013
-10.383524 0.383499 94.479074
-10.359783 0.383152 94.022737
-10.332215 0.390895 93.859337
-10.308380 0.395984 94.056780
-10.281095 0.391734 94.483685
-10.261662 0.386214 94.486316
-10.234697 0.383353 94.428346
-10.203738 0.383223 94.210016
-10.172982 0.386615 94.069183
-10.140617 0.389275 94.139639
-10.104806 0.386274 94.283110
-10.069889 0.382785 94.419899
-10.032658 0.376308 93.791922
-9.994629 0.375538 93.598018
-9.964986 0.375721 94.078008
-9.937900 0.371840 94.299004
-9.901621 0.373692 94.287367
-9.872371 0.378327 94.000569
-9.846566 0.376684 93.782778
-9.824161 0.374201 93.808993
-9.785328 0.376707 94.062504
-9.761740 0.371358 94.015889
-9.732336 0.363768 93.797224
-9.703905 0.366212 93.661954
-9.675502 0.366281 93.743070
-9.645689 0.367394 93.880431
-9.612049 0.370719 93.887358
-9.581374 0.370833 93.667416
-9.553284 0.365284 93.547254
-9.521460 0.357026 93.582717
-9.484211 0.356507 93.946280
-9.462063 0.363844 93.948387
-9.444569 0.365016 93.771087
-9.420474 0.366484 93.543397
-9.395923 0.370603 93.274030
-9.371892 0.366454 93.362360
-9.347413 0.361519 93.472063
-9.322180 0.361651 93.438344
-9.289750 0.359455 93.290881
-9.253941 0.355105 93.128425
-9.220235 0.356482 93.112264
-9.189741 0.357459 93.094668
-9.155892 0.359343 93.076353
-9.121154 0.358479 92.926842
-9.082896 0.355986 92.834906
-9.048226 0.352498 92.794668
-9.014393 0.349862 93.031695
-8.980083 0.352679 93.393651
-8.955874 0.356836 93.212766
-8.927375 0.358525 92.907009
-8.915852 0.354927 92.577803
-8.889720 0.352020 92.746787
-8.868803 0.355760 92.906931
-8.849056 0.355634 92.912348
-8.828149 0.360994 92.673008
-8.801005 0.355971 92.466347
-8.771805 0.353644 92.511720
-8.741635 0.352507 92.551675
-8.704337 0.351500 92.433082
-8.669827 0.353814 92.413792
-8.634575 0.351715 92.530368
-8.603146 0.345096 92.542340
-8.569933 0.339983 92.368816
-8.536556 0.334147 92.425124
-8.509855 0.338666 92.612387
-8.481335 0.342072 92.469111
-8.455210 0.345413 92.127562
-8.430231 0.344452 91.935486
-8.411541 0.346219 91.995837
-8.392104 0.342364 92.057630
-8.368914 0.341758 92.054621
-8.349298 0.341802 91.829274
-8.323853 0.342783 91.678390
-8.294377 0.343055 91.529283
-8.263833 0.343425 91.627015
-8.234902 0.343433 91.584606
-8.206818 0.345489 91.426735
-8.168427 0.342781 91.231926
-8.141772 0.339141 91.184520
-8.092712 0.340642 91.156574
-8.050624 0.344455 91.029535
-8.027485 0.351797 90.844217
-7.997795 0.351227 90.709583
-7.965747 0.350312 90.719210
-7.943460 0.353326 90.682961
-7.923118 0.350928 90.686184
-7.898580 0.352503 90.708516
-7.872897 0.353039 90.685827
-7.846796 0.354457 90.510453
-7.821932 0.351442 90.499454
-7.788648 0.354958 90.421585
-7.766816 0.362678 90.330305
-7.724400 0.357268 90.301667
-7.689200 0.347775 90.075628
-7.658455 0.347404 89.944339
-7.627225 0.348764 89.911609
-7.605400 0.353559 89.985562
-7.579385 0.349505 89.996027
-7.543574 0.355756 89.910228
-7.500431 0.369725 89.823753
-7.459153 0.371234 89.630334
-7.435585 0.370375 89.672335
-7.409762 0.368292 89.606365
-7.386922 0.372437 89.513324
-7.366672 0.375508 89.463556
-7.343081 0.373493 89.500732
-7.319783 0.374265 89.506138
-7.296122 0.376450 89.439126
-7.268824 0.376165 89.255455
-7.245267 0.384221 89.275801
-7.216690 0.383120 89.267137
-7.178124 0.380502 89.029902
-7.146761 0.376834 88.821886
-7.103923 0.384000 88.804362
-7.073621 0.387617 88.905857
-7.040498 0.393383 88.972130
-7.017628 0.395830 89.153998
-6.975459 0.396686 89.271134
-6.946988 0.395468 89.223678
-6.923572 0.394173 89.106258
-6.904233 0.398965 89.204849
-6.875225 0.399421 89.363037
-6.857287 0.400846 89.505642
-6.841948 0.398186 89.614402
-6.825070 0.394750 89.635498
-6.798952 0.391832 89.893282
-6.778510 0.389697 89.911551
-6.750974 0.389925 90.015688
-6.716183 0.392297 90.250750
-6.685611 0.395601 90.441068
-6.656366 0.397028 90.538899
-6.619962 0.394115 90.629659
-6.576802 0.396314 90.832838
-6.534229 0.399903 90.936002
-6.475394 0.409086 91.125928
-6.441019 0.415658 91.384694
-6.408932 0.417043 91.523854
-6.382893 0.417277 91.566326
-6.359235 0.417035 91.627440
-6.334841 0.416577 91.553785
-6.309827 0.412317 91.503825
-6.283223 0.409136 91.663457
-6.261072 0.412108 91.695841
-6.233558 0.413050 91.776426
-6.207155 0.408898 91.792467
-6.181085 0.415668 91.946810
-6.147236 0.416936 92.067585
-6.117305 0.411957 92.046937
-6.075401 0.409097 92.152982
-6.040653 0.406969 92.239537
-6.009530 0.406031 92.248289
-5.984875 0.409740 92.394520
-5.956684 0.411880 92.436698
-5.928554 0.407643 92.366211
-5.897324 0.405667 92.307046
-5.869701 0.407308 92.433658
-5.845928 0.404493 92.520323
-5.824542 0.404178 92.621394
-5.808531 0.409930 92.719950
-5.786055 0.412818 92.865177
-5.755306 0.413653 92.913799
-5.723750 0.408883 92.875834
-5.695118 0.407779 93.056676
-5.667257 0.409422 93.103306
-5.629513 0.401532 93.053901
-5.599900 0.400562 93.132350
-5.555542 0.404305 93.081230
-5.515511 0.401131 92.956545
-5.484284 0.400465 93.235468
-5.461370 0.401851 93.332469
-5.432837 0.400510 93.232268
-5.408956 0.398029 93.075314
-5.379655 0.402170 93.121089
-5.354482 0.403331 93.281087
-5.329174 0.402325 93.283621
-5.305309 0.399924 93.173779
-5.279753 0.397611 93.071648
-5.245329 0.391709 93.110953
-5.210600 0.393356 93.218339
-5.181194 0.394475 93.176847
-5.139936 0.394316 93.126829
-5.111999 0.392781 93.125161
-5.081309 0.386430 92.969981
-5.049551 0.384611 93.004026
-5.020989 0.384809 93.142664
-5.004231 0.384756 93.398797
-4.993038 0.390089 93.407340
-4.975590 0.395993 93.107169
-4.951384 0.392919 93.064840
-4.929511 0.392283 93.394214
-4.909256 0.392482 93.273316
-4.883335 0.393004 93.058945
-4.852637 0.394310 92.999064
-4.818197 0.392663 93.183877
-4.786144 0.387994 93.086464
-4.752568 0.383602 93.041004
-4.715222 0.388923 93.094300
-4.678313 0.385366 93.088960
-4.636132 0.381937 92.959226
-4.596767 0.381832 92.886740
-4.562868 0.381719 92.713875
-4.527636 0.379060 92.406208
-4.498102 0.378580 92.817351
-4.478147 0.381409 93.420994
-4.459675 0.380255 93.366078
-4.443140 0.376860 92.754571
-4.419789 0.382939 92.326977
-4.397059 0.386115 92.645097
-4.372377 0.381148 92.894408
-4.344843 0.377269 92.683421
-4.313098 0.377707 92.496888
-4.280813 0.377813 92.588126
-4.247281 0.375517 92.580303
-4.213631 0.374859 92.665214
-4.182955 0.372146 92.668789
-4.149349 0.373235 92.702289
-4.118513 0.373273 92.548183
-4.081765 0.372795 92.322596
-4.045478 0.369507 92.066653
-4.013197 0.368712 91.889250
-3.985217 0.364188 92.100523
-3.957994 0.357305 92.362386
-3.934814 0.352229 92.362697
-3.913376 0.351494 92.013728
-3.889120 0.355533 91.734512
-3.867749 0.361989 91.707986
-3.845397 0.368325 91.934809
-3.819566 0.360591 92.003500
-3.788268 0.356421 91.810058
-3.762001 0.356107 91.523368
-3.725434 0.359754 91.433702
-3.690569 0.363840 91.380836
-3.655801 0.362414 91.368608
-3.621006 0.359560 91.208849
-3.585919 0.357361 90.881999
-3.553193 0.357612 90.754511
-3.519183 0.351978 90.707087
-3.482368 0.349504 90.546644
-3.453974 0.347451 90.504679
-3.432266 0.347461 90.393517
-3.407180 0.355587 90.413358
-3.387144 0.355308 90.482970
-3.365466 0.356086 90.438930
-3.342834 0.360663 90.320247
-3.317176 0.363859 90.107283
-3.294136 0.366446 89.982447
-3.268503 0.362836 90.082733
-3.240405 0.360343 90.066510
-3.206960 0.357848 89.900468
-3.176456 0.362860 89.869630
-3.145454 0.369331 89.825024
-3.111941 0.372224 89.618781
-3.075924 0.372576 89.509083
-3.041224 0.369032 89.453347
-3.003990 0.364772 89.324518
-2.973236 0.362464 89.067730
-2.941350 0.361811 88.943352
-2.925287 0.361346 89.069308
-2.908463 0.365482 89.361304
-2.889326 0.373884 89.282684
-2.879928 0.367402 89.107641
-2.890425 0.374884 89.270401
-2.875563 0.377373 88.219982
-2.855784 0.373076 88.447052
-2.835935 0.377001 88.430328
-2.808672 0.374112 88.204444
-2.771951 0.376575 88.142479
-2.727180 0.381687 88.343543
-2.680936 0.387552 88.341355
-2.634595 0.394453 88.131817
-2.583545 0.391733 88.127396
-2.531195 0.385834 88.270641
-2.485702 0.387180 87.928947
-2.444330 0.391378 87.885159
-2.404197 0.392565 87.786296
-2.365302 0.398572 87.840079
-2.337219 0.403714 87.874346
-2.307933 0.402173 87.972738
-2.285894 0.399638 88.184129
-2.267695 0.396622 88.574247
-2.250876 0.396518 88.884255
-2.240947 0.398106 89.079031
-2.226341 0.397837 89.243749
-2.206138 0.399979 89.311282
-2.185032 0.400460 89.237091
-2.157704 0.395777 89.363019
-2.128613 0.398277 89.623655
-2.094104 0.400894 89.909980
-2.066904 0.402105 89.949645
-2.028196 0.402548 89.969950
-1.986660 0.403925 90.164409
-1.961318 0.404511 90.352753
-1.933336 0.409145 90.482635
-1.906586 0.411348 90.760526
-1.884460 0.408734 90.830151
-1.842569 0.414925 90.671121
-1.785879 0.405967 90.390987
-1.714457 0.411622 90.444983
-1.646037 0.415086 90.487306
-1.599970 0.415001 90.692065
-1.554464 0.416058 90.981112
-1.512883 0.421730 91.220248
-1.479071 0.424430 90.955458
-1.453394 0.422469 90.704359
-1.438864 0.426626 90.621330
-1.428213 0.428253 90.721706
-1.416426 0.428903 90.652358
-1.404016 0.428512 90.039753
-1.388097 0.432591 89.793446
-1.371655 0.438890 89.999155
-1.342750 0.437940 90.378081
-1.305432 0.438617 90.559867
-1.277617 0.432121 90.535409
-1.239842 0.419021 90.456372
-1.200101 0.426630 90.482464
-1.143061 0.441582 90.327896
-1.090215 0.448036 90.424869
-1.060776 0.447841 90.734651
-1.040078 0.445584 90.689306
-1.015618 0.448459 90.556272
-0.996586 0.451015 90.617356
-0.986444 0.453034 90.795659
-0.975892 0.447803 90.877900
-0.962694 0.446379 90.039761
-0.941422 0.444246 90.074907
-0.923719 0.447643 90.232331
-0.902691 0.447936 90.099972
-0.878702 0.448530 89.932683
-0.845069 0.451112 89.927779
-0.805544 0.455830 89.930941
-0.764135 0.456773 89.840486
-0.726634 0.458111 89.656834
-0.686690 0.462735 89.725796
-0.649754 0.470200 89.801203
-0.612654 0.473165 89.799278
-0.578261 0.476057 89.637421
-0.548499 0.475565 89.639808
-0.518885 0.478056 89.721720
-0.489172 0.480408 89.629813
-0.461498 0.481003 89.544603
-0.433944 0.480497 89.442023
-0.412328 0.481721 89.429550
-0.388324 0.482763 89.454519
-0.363428 0.483491 89.364133
-0.336777 0.484665 89.263497
-0.308522 0.483779 89.103096
-0.281265 0.484029 89.130250
-0.249280 0.484603 89.180001
-0.222086 0.488976 89.130936
-0.188203 0.491766 89.073069
-0.154961 0.492677 88.900386
-0.131048 0.488355 88.968483
-0.114208 0.493955 88.926262
-0.139371 0.485944 88.639474
-0.129842 0.491444 89.316231
-0.138642 0.484064 89.339094
-0.150505 0.486541 87.955546
-0.157143 0.487429 86.302863
-0.163722 0.485626 83.853185
-0.162448 0.485433 80.850865
-0.166697 0.493504 76.898918
-0.168591 0.494037 72.109032
-0.167006 0.481931 67.072903
-0.161670 0.455886 61.758787
-0.157325 0.431224 56.397499
-0.163550 0.415418 51.432410
-0.163466 0.407311 46.815394
-0.157248 0.403590 42.502752
-0.147550 0.399844 38.533908
-0.142199 0.399089 35.026089
-0.137496 0.402407 32.099313
-0.130731 0.402695 29.830929
-0.124663 0.401691 28.258372
-0.112818 0.414283 27.589242
-0.123078 0.410858 26.925289
-0.114979 0.397458 25.082917
-0.109353 0.392365 23.419454
-0.106295 0.387785 22.402898
-0.102338 0.386509 21.095576
-0.103181 0.385430 19.952593
-0.097328 0.385150 17.837781
-0.098057 0.390318 16.775387
-0.093363 0.390509 14.880324
-0.086101 0.394019 12.834004
-0.083463 0.393522 11.817041
-0.080677 0.393896 9.839077
-0.077054 0.396858 8.560159
-0.072539 0.404759 7.538998
-0.069182 0.408267 6.475956
-0.070368 0.409217 5.415046
-0.068268 0.412839 4.270606
-0.066582 0.406470 2.778806
-0.062356 0.404233 1.165504
-0.068925 0.395877 0.600205
-0.071556 0.394383 1.661535
-0.068716 0.405541 1.765500
-0.066347 0.419447 1.639316
-0.064893 0.434573 1.610465
-0.061267 0.463288 1.368793
-0.066420 0.498450 1.261218
-0.071492 0.530572 1.158299
-0.073124 0.567833 1.232105
-0.073639 0.611654 1.456357
-0.073724 0.659983 1.565753
-0.070902 0.708192 1.515202
-0.073978 0.750948 1.418581
-0.080890 0.788886 1.368345
-0.081287 0.821380 1.276683
-0.078588 0.851967 1.229851
-0.078946 0.885751 1.145259
-0.081942 0.916604 0.955726
-0.081091 0.942832 1.029133
-0.083588 0.967111 0.987562
-0.081247 0.985100 0.937359
-0.080332 1.002339 0.927559
-0.082827 1.020920 0.845272
-0.082371 1.042637 0.628924
-0.081378 1.058279 0.435212
-0.079145 1.080934 0.254544
-0.073514 1.105910 0.251378
-0.076420 1.131497 0.152249
-0.078930 1.165686 0.191371
-0.081944 1.199470 0.124941
-0.085136 1.233339 -0.028279
-0.087344 1.270306 -0.067330
-0.090429 1.308405 -0.081463
-0.093459 1.347034 -0.075324
-0.099108 1.384049 -0.068547
-0.100956 1.417342 -0.094527
-0.096401 1.452087 -0.120192
-0.099929 1.484864 -0.178985
-0.100531 1.519417 -0.278659
-0.101488 1.547988 -0.215642
-0.101331 1.572025 -0.163439
-0.102189 1.594025 -0.124905
-0.102707 1.621504 -0.083367
-0.104510 1.647717 -0.046011
-0.103987 1.672340 0.000039
-0.104125 1.693200 0.013508
-0.105933 1.717069 0.077349
-0.109570 1.746019 0.105837
-0.109043 1.769399 0.075491
-0.106057 1.796733 0.180048
-0.109702 1.823850 0.464249
-0.110873 1.854480 0.641821
-0.114498 1.882932 0.633344
-0.117836 1.913221 0.779679
-0.117668 1.947352 1.088963
-0.114730 1.979129 1.261089
-0.117378 2.009133 1.404962
-0.117233 2.037229 1.512370
-0.116732 2.066038 1.497629
-0.117044 2.092346 1.544644
-0.120377 2.122634 1.621321
-0.122208 2.151326 1.752604
-0.120273 2.179323 1.814547
-0.123142 2.204141 1.942979
-0.120287 2.228091 1.877222
-0.119577 2.253221 1.970432
-0.120314 2.279204 2.102041
-0.116671 2.311537 2.139177
-0.113479 2.343452 2.118147
-0.113960 2.375107 2.314622
-0.114869 2.405665 2.417630
-0.113480 2.436391 2.508385
-0.112869 2.468779 2.605381
-0.115147 2.501626 2.691038
-0.110938 2.526968 2.731019
-0.107616 2.559800 2.716599
-0.108494 2.590560 2.717382
-0.110346 2.617353 2.792932
-0.111943 2.646514 2.815420
-0.109594 2.678839 2.808394
-0.108455 2.709271 2.898085
-0.107378 2.738795 2.910406
-0.109004 2.769049 2.862848
-0.106054 2.800809 2.912969
-0.105349 2.830059 2.917781
-0.104882 2.856409 2.969244
-0.105721 2.884396 2.959353
-0.105872 2.909349 2.895119
-0.108753 2.933771 2.898955
-0.108108 2.956259 2.838208
-0.109878 2.984959 2.731947
-0.111962 3.009225 2.661975
-0.113347 3.033384 2.632930
-0.111798 3.058035 2.577825
-0.109027 3.086100 2.493971
-0.111695 3.113614 2.484398
-0.112288 3.143194 2.553106
-0.111544 3.172713 2.498854
-0.111265 3.201182 2.389120
-0.107147 3.228344 2.545854
-0.107125 3.258367 2.496996
-0.108485 3.292724 2.397793
-0.110186 3.323628 2.416569
-0.112032 3.352484 2.415695
-0.108671 3.380770 2.409966
-0.109398 3.409180 2.336819
-0.114534 3.435956 2.283279
-0.115260 3.458926 2.230938
-0.112763 3.492806 2.252211
-0.114806 3.526875 2.185367
-0.114446 3.556036 2.179228
-0.112876 3.584595 2.126575
-0.112090 3.614919 2.108829
-0.112959 3.646536 2.105740
-0.114885 3.679917 1.977580
-0.115543 3.709726 1.967640
-0.112303 3.736503 1.939389
-0.111420 3.768754 1.963255
-0.114443 3.801196 1.863048
-0.114817 3.827607 1.738793
-0.112978 3.853279 1.815593
-0.115179 3.883602 1.770085
-0.119422 3.911222 1.677561
-0.121746 3.937943 1.662484
-0.122028 3.968922 1.541885
-0.118806 3.996525 1.531393
-0.119862 4.025362 1.574947
-0.122913 4.055768 1.463661
-0.120617 4.084847 1.413424
-0.116107 4.116461 1.479331
-0.122929 4.148911 1.364899
-0.122007 4.183936 1.190902
-0.120481 4.212927 1.261867
-0.121470 4.242502 1.181403
-0.120594 4.268406 1.081222
-0.120602 4.294969 1.163936
-0.119225 4.323684 1.055165
-0.118548 4.355366 1.052111
-0.124364 4.383801 0.965437
-0.125178 4.410794 0.982487
-0.126082 4.439422 0.917632
-0.127460 4.465322 0.878188
-0.128034 4.493397 0.848108
-0.124079 4.522333 0.875970
-0.128544 4.553212 0.862759
-0.131520 4.578555 0.776372
-0.130726 4.602479 0.670856
-0.124105 4.638656 0.701239
-0.126195 4.674387 0.746438
-0.126554 4.703421 0.730573
-0.125926 4.725674 0.694223
-0.129853 4.753093 0.660189
-0.133399 4.778850 0.583857
-0.133261 4.809919 0.549843
-0.134710 4.837105 0.514185
-0.132921 4.865900 0.355103
-0.133036 4.897435 0.358567
-0.131612 4.933576 0.314846
-0.130927 4.964780 0.276005
-0.130105 4.999826 0.272624
-0.140964 5.030179 0.406723
-0.141428 5.063098 0.227182
-0.144878 5.088851 0.325674
-0.149819 5.121260 0.290231
-0.153733 5.149819 0.171502
-0.149358 5.183544 0.101699
-0.151025 5.212449 0.195778
-0.151731 5.234146 0.034996
-0.151620 5.266003 -0.010003
-0.155317 5.290676 -0.012002
-0.156775 5.317296 -0.065884
-0.156007 5.349009 -0.101655
-0.157381 5.377447 -0.120564
-0.159602 5.403094 -0.161921
-0.156158 5.440523 -0.266156
-0.157347 5.474032 -0.194773
-0.159669 5.503228 -0.169782
-0.158977 5.530045 -0.205957
-0.160925 5.557414 -0.284852
-0.164745 5.588047 -0.108933
-0.163061 5.623545 0.462530
-0.158773 5.642054 0.722731
-0.154438 5.664440 0.857027
-0.155343 5.694279 0.928389
-0.156246 5.721547 0.957716
-0.153541 5.744605 0.945526
-0.154060 5.773861 1.093990
-0.158310 5.804462 1.249316
-0.158104 5.835102 1.305266
-0.158868 5.867188 1.423954
-0.161043 5.898039 1.537161
-0.161500 5.930681 1.662974
-0.163076 5.956606 1.697593
-0.164227 5.976806 1.940458
-0.165545 5.993411 1.974159
-0.166699 6.006345 1.847317
