0 0 -4.7e-05 0 0.002932 a b 9.53124e-05 1 0
0 0 -0.000485 0 0.016165 a b -0.00903393 1 0
0 0 0.000832 0 0.035867 a b -0.0152711 1 0
0 0 0.001512 0 0.054606 a b -0.0199602 1 0
0 0 0.005134 0 0.075446 a b -0.0244541 1 0
0 0 0.009529 0 0.095413 a b -0.0253485 1 0
0 0 0.006023 0 0.122796 a b -0.0219734 1 0
0 0 0.003817 0 0.155422 a b -0.019326 1 0
0 0 0.00534 0 0.186964 a b -0.0191648 1 0
0 0 0.004302 0 0.225724 a b -0.0223002 1 0
0 0 0.000911 0 0.259618 a b -0.0279008 1 0
0 0 0.003329 0 0.283095 a b -0.0321134 1 0
0 0 0.002151 0 0.306847 a b -0.0346289 1 0
0 0 -0.000124 0 0.330342 a b -0.0335992 1 0
0 0 -0.003931 0 0.347843 a b -0.0315185 1 0
0 0 -0.006095 0 0.366595 a b -0.0313304 1 0
0 0 -0.005787 0 0.385224 a b -0.0335244 1 0
0 0 -0.006505 0 0.405743 a b -0.0356428 1 0
0 0 -0.010761 0 0.418717 a b -0.040304 1 0
0 0 -0.007627 0 0.432419 a b -0.0420861 1 0
0 0 -0.008276 0 0.442535 a b -0.042985 1 0
0 0 -0.012371 0 0.465346 a b -0.0440831 1 0
0 0 -0.010371 0 0.476431 a b -0.0448013 1 0
0 0 -0.011624 0 0.488977 a b -0.0452096 1 0
0 0 -0.009852 0 0.506909 a b -0.0444721 1 0
0 0 -0.012727 0 0.525942 a b -0.0433761 1 0
0 0 -0.01875 0 0.546026 a b -0.0429189 1 0
0 0 -0.022605 0 0.567911 a b -0.0452588 1 0
0 0 -0.021897 0 0.59142 a b -0.0503337 1 0
0 0 -0.020019 0 0.612215 a b -0.0534785 1 0
0 0 -0.016241 0 0.631154 a b -0.0514343 1 0
0 0 -0.015935 0 0.651061 a b -0.046819 1 0
0 0 -0.017737 0 0.674101 a b -0.0420829 1 0
0 0 -0.01895 0 0.695306 a b -0.0407077 1 0
0 0 -0.020295 0 0.711987 a b -0.0417281 1 0
0 0 -0.020048 0 0.731226 a b -0.0438691 1 0
0 0 -0.024081 0 0.748391 a b -0.0463225 1 0
0 0 -0.028343 0 0.763581 a b -0.0482657 1 0
0 0 -0.028995 0 0.781451 a b -0.0494244 1 0
0 0 -0.029917 0 0.795123 a b -0.0495761 1 0
0 0 -0.033317 0 0.808715 a b -0.0492088 1 0
0 0 -0.037318 0 0.822618 a b -0.051253 1 0
0 0 -0.03728 0 0.835806 a b -0.0551262 1 0
0 0 -0.034654 0 0.851486 a b -0.0581622 1 0
0 0 -0.034514 0 0.868414 a b -0.0579854 1 0
0 0 -0.035048 0 0.888429 a b -0.0559441 1 0
0 0 -0.037482 0 0.90947 a b -0.0561795 1 0
0 0 -0.038991 0 0.928804 a b -0.0568631 1 0
0 0 -0.040192 0 0.954045 a b -0.0567633 1 0
0 0 -0.04262 0 0.978801 a b -0.0548207 1 0
0 0 -0.044743 0 0.998832 a b -0.0531695 1 0
0 0 -0.045988 0 1.01924 a b -0.0521549 1 0
0 0 -0.045208 0 1.03873 a b -0.0517959 1 0
0 0 -0.044623 0 1.05532 a b -0.0529786 1 0
0 0 -0.046081 0 1.07098 a b -0.0548248 1 0
0 0 -0.044234 0 1.0875 a b -0.0567366 1 0
0 0 -0.04666 0 1.10508 a b -0.0601004 1 0
0 0 -0.047958 0 1.12416 a b -0.0618959 1 0
0 0 -0.052687 0 1.13873 a b -0.0623929 1 0
0 0 -0.056633 0 1.15589 a b -0.0607499 1 0
0 0 -0.057566 0 1.17134 a b -0.0593876 1 0
0 0 -0.056179 0 1.18675 a b -0.0603219 1 0
0 0 -0.05741 0 1.20461 a b -0.0619071 1 0
0 0 -0.061674 0 1.22229 a b -0.0622736 1 0
0 0 -0.063199 0 1.23729 a b -0.0617199 1 0
0 0 -0.064997 0 1.2565 a b -0.059789 1 0
0 0 -0.070265 0 1.27505 a b -0.0568255 1 0
0 0 -0.067705 0 1.28951 a b -0.05402 1 0
0 0 -0.067686 0 1.30573 a b -0.054238 1 0
0 0 -0.067777 0 1.3249 a b -0.0548352 1 0
0 0 -0.070858 0 1.34482 a b -0.0531988 1 0
0 0 -0.071105 0 1.36246 a b -0.0513998 1 0
0 0 -0.073818 0 1.38354 a b -0.0496205 1 0
0 0 -0.070595 0 1.40223 a b -0.0484292 1 0
0 0 -0.067199 0 1.41908 a b -0.0468247 1 0
0 0 -0.071447 0 1.43834 a b -0.0457952 1 0
0 0 -0.074721 0 1.45978 a b -0.0437772 1 0
0 0 -0.07843 0 1.47886 a b -0.0414177 1 0
0 0 -0.077227 0 1.49432 a b -0.0398385 1 0
0 0 -0.078395 0 1.50858 a b -0.0393795 1 0
0 0 -0.079685 0 1.5258 a b -0.0396864 1 0
0 0 -0.082258 0 1.54705 a b -0.0380504 1 0
0 0 -0.079838 0 1.56203 a b -0.0374931 1 0
0 0 -0.079406 0 1.57974 a b -0.0375543 1 0
0 0 -0.081058 0 1.59732 a b -0.0365904 1 0
0 0 -0.081029 0 1.61439 a b -0.036055 1 0
0 0 -0.080069 0 1.6319 a b -0.0360845 1 0
0 0 -0.079249 0 1.64789 a b -0.0354142 1 0
0 0 -0.080779 0 1.66603 a b -0.0339572 1 0
0 0 -0.076542 0 1.68758 a b -0.0338057 1 0
0 0 -0.078321 0 1.70803 a b -0.0352745 1 0
0 0 -0.08159 0 1.72937 a b -0.0351333 1 0
0 0 -0.083767 0 1.75355 a b -0.0335463 1 0
0 0 -0.086744 0 1.77726 a b -0.03101 1 0
0 0 -0.085986 0 1.79332 a b -0.0288061 1 0
0 0 -0.082021 0 1.80942 a b -0.0277202 1 0
0 0 -0.078956 0 1.8284 a b -0.0293886 1 0
0 0 -0.080988 0 1.8461 a b -0.0317833 1 0
0 0 -0.082674 0 1.86372 a b -0.0320368 1 0
0 0 -0.082573 0 1.88239 a b -0.0307284 1 0
0 0 -0.084584 0 1.90134 a b -0.0304791 1 0
0 0 -0.088263 0 1.91871 a b -0.0304223 1 0
0 0 -0.089175 0 1.93358 a b -0.0290308 1 0
0 0 -0.088586 0 1.95212 a b -0.0256475 1 0
0 0 -0.090891 0 1.97156 a b -0.0233062 1 0
0 0 -0.09152 0 1.99352 a b -0.0231531 1 0
0 0 -0.08688 0 2.01444 a b -0.0246451 1 0
0 0 -0.089522 0 2.03278 a b -0.0249907 1 0
0 0 -0.09128 0 2.04991 a b -0.0237838 1 0
0 0 -0.096493 0 2.07088 a b -0.0237384 1 0
0 0 -0.094346 0 2.09218 a b -0.0234113 1 0
0 0 -0.093994 0 2.11366 a b -0.0231018 1 0
0 0 -0.095436 0 2.13369 a b -0.0222267 1 0
0 0 -0.093149 0 2.15119 a b -0.0217879 1 0
0 0 -0.094432 0 2.17011 a b -0.0216495 1 0
0 0 -0.094614 0 2.18975 a b -0.0227158 1 0
0 0 -0.09545 0 2.20809 a b -0.0226918 1 0
0 0 -0.09508 0 2.2261 a b -0.0214652 1 0
0 0 -0.096163 0 2.24546 a b -0.0191447 1 0
0 0 -0.097453 0 2.2663 a b -0.0174082 1 0
0 0 -0.099428 0 2.28189 a b -0.0173406 1 0
0 0 -0.099691 0 2.2966 a b -0.0175427 1 0
0 0 -0.104983 0 2.31705 a b -0.0190082 1 0
0 0 -0.107407 0 2.33072 a b -0.0202756 1 0
0 0 -0.106195 0 2.3494 a b -0.0202082 1 0
0 0 -0.102152 0 2.36724 a b -0.0200031 1 0
0 0 -0.102381 0 2.38632 a b -0.0198628 1 0
0 0 -0.103276 0 2.40544 a b -0.0187429 1 0
0 0 -0.10582 0 2.42443 a b -0.0175197 1 0
0 0 -0.106883 0 2.44624 a b -0.0184347 1 0
0 0 -0.10585 0 2.4673 a b -0.0209808 1 0
0 0 -0.105196 0 2.48714 a b -0.0205166 1 0
0 0 -0.106265 0 2.50813 a b -0.0191453 1 0
0 0 -0.106689 0 2.53325 a b -0.0182265 1 0
0 0 -0.106538 0 2.55709 a b -0.0179487 1 0
0 0 -0.107887 0 2.57789 a b -0.0179562 1 0
0 0 -0.111285 0 2.59695 a b -0.0180594 1 0
0 0 -0.114178 0 2.61395 a b -0.0193935 1 0
0 0 -0.119032 0 2.63495 a b -0.022736 1 0
0 0 -0.114743 0 2.64927 a b -0.0285644 1 0
0 0 -0.108197 0 2.66435 a b -0.0325303 1 0
0 0 -0.113122 0 2.65481 a b -0.0343464 1 0
