0 0 -0.086862 0 2.72868 a b -1.61836 1 0
0 0 -0.112576 0 2.72664 a b -1.61982 1 0
0 0 -0.141169 0 2.72767 a b -1.62248 1 0
0 0 -0.17484 0 2.72152 a b -1.62219 1 0
0 0 -0.204914 0 2.71882 a b -1.61991 1 0
0 0 -0.228243 0 2.71944 a b -1.61862 1 0
0 0 -0.252937 0 2.71764 a b -1.6187 1 0
0 0 -0.274502 0 2.71405 a b -1.61974 1 0
0 0 -0.294018 0 2.71273 a b -1.61877 1 0
0 0 -0.312611 0 2.71225 a b -1.61832 1 0
0 0 -0.325476 0 2.71039 a b -1.61917 1 0
0 0 -0.338891 0 2.71258 a b -1.61934 1 0
0 0 -0.358534 0 2.7119 a b -1.61845 1 0
0 0 -0.368359 0 2.70964 a b -1.61966 1 0
0 0 -0.385242 0 2.70872 a b -1.61963 1 0
0 0 -0.401447 0 2.70669 a b -1.61883 1 0
0 0 -0.420168 0 2.70446 a b -1.61954 1 0
0 0 -0.438627 0 2.7026 a b -1.61906 1 0
0 0 -0.461715 0 2.70069 a b -1.61929 1 0
0 0 -0.483947 0 2.69901 a b -1.6193 1 0
0 0 -0.506162 0 2.6978 a b -1.61979 1 0
0 0 -0.531014 0 2.69715 a b -1.61962 1 0
0 0 -0.552305 0 2.69576 a b -1.61957 1 0
0 0 -0.572396 0 2.69351 a b -1.61908 1 0
0 0 -0.592926 0 2.69456 a b -1.61963 1 0
0 0 -0.611445 0 2.69162 a b -1.61921 1 0
0 0 -0.626693 0 2.69132 a b -1.61828 1 0
0 0 -0.643797 0 2.68743 a b -1.6183 1 0
0 0 -0.661658 0 2.68486 a b -1.61826 1 0
0 0 -0.680625 0 2.68465 a b -1.61827 1 0
0 0 -0.697783 0 2.68375 a b -1.61812 1 0
0 0 -0.717322 0 2.6817 a b -1.61854 1 0
0 0 -0.731655 0 2.6824 a b -1.61865 1 0
0 0 -0.751249 0 2.68036 a b -1.6186 1 0
0 0 -0.772465 0 2.67882 a b -1.61812 1 0
0 0 -0.791529 0 2.67592 a b -1.6183 1 0
0 0 -0.81156 0 2.67388 a b -1.61769 1 0
0 0 -0.828461 0 2.67433 a b -1.61795 1 0
0 0 -0.847153 0 2.67323 a b -1.61837 1 0
0 0 -0.859962 0 2.67081 a b -1.61939 1 0
0 0 -0.872922 0 2.66841 a b -1.6147 1 0
0 0 -0.893284 0 2.67089 a b -1.6092 1 0
0 0 -0.916835 0 2.66933 a b -1.60703 1 0
0 0 -0.937919 0 2.66411 a b -1.6073 1 0
0 0 -0.956064 0 2.66459 a b -1.6084 1 0
0 0 -0.971738 0 2.66197 a b -1.60771 1 0
0 0 -0.99055 0 2.66058 a b -1.60701 1 0
0 0 -1.00781 0 2.65991 a b -1.60519 1 0
0 0 -1.02178 0 2.65998 a b -1.60236 1 0
0 0 -1.03823 0 2.66058 a b -1.59981 1 0
0 0 -1.05623 0 2.65815 a b -1.59848 1 0
0 0 -1.06991 0 2.65726 a b -1.59733 1 0
0 0 -1.08687 0 2.65944 a b -1.59688 1 0
0 0 -1.10153 0 2.65684 a b -1.59328 1 0
0 0 -1.12023 0 2.65721 a b -1.59046 1 0
0 0 -1.13813 0 2.65811 a b -1.5871 1 0
0 0 -1.15838 0 2.65777 a b -1.58369 1 0
0 0 -1.17815 0 2.65614 a b -1.58024 1 0
0 0 -1.19646 0 2.65486 a b -1.5779 1 0
0 0 -1.21642 0 2.65148 a b -1.57773 1 0
0 0 -1.23678 0 2.65648 a b -1.57831 1 0
0 0 -1.25532 0 2.65486 a b -1.57735 1 0
0 0 -1.27066 0 2.65325 a b -1.57497 1 0
0 0 -1.28913 0 2.6557 a b -1.5716 1 0
0 0 -1.30635 0 2.65676 a b -1.56983 1 0
0 0 -1.32755 0 2.65227 a b -1.57037 1 0
0 0 -1.34978 0 2.65137 a b -1.57087 1 0
0 0 -1.36533 0 2.65315 a b -1.5695 1 0
0 0 -1.38114 0 2.65299 a b -1.56937 1 0
0 0 -1.4032 0 2.654 a b -1.56744 1 0
0 0 -1.42193 0 2.65246 a b -1.56688 1 0
0 0 -1.44278 0 2.65133 a b -1.56514 1 0
0 0 -1.45954 0 2.65008 a b -1.5644 1 0
0 0 -1.48059 0 2.65019 a b -1.56386 1 0
0 0 -1.50033 0 2.65049 a b -1.56234 1 0
0 0 -1.51797 0 2.65098 a b -1.56089 1 0
0 0 -1.53696 0 2.65004 a b -1.55897 1 0
0 0 -1.55605 0 2.64635 a b -1.55757 1 0
0 0 -1.57366 0 2.6459 a b -1.55677 1 0
0 0 -1.59548 0 2.6477 a b -1.55744 1 0
0 0 -1.61326 0 2.64935 a b -1.55637 1 0
0 0 -1.63356 0 2.64925 a b -1.55475 1 0
0 0 -1.65193 0 2.6482 a b -1.55252 1 0
0 0 -1.66759 0 2.64795 a b -1.55155 1 0
0 0 -1.68288 0 2.64909 a b -1.55228 1 0
0 0 -1.70085 0 2.64778 a b -1.55109 1 0
0 0 -1.71958 0 2.64608 a b -1.5504 1 0
0 0 -1.73903 0 2.64906 a b -1.54917 1 0
0 0 -1.7578 0 2.6484 a b -1.54905 1 0
0 0 -1.78014 0 2.64888 a b -1.54765 1 0
0 0 -1.79995 0 2.65126 a b -1.54542 1 0
0 0 -1.81666 0 2.64955 a b -1.54395 1 0
0 0 -1.83065 0 2.64858 a b -1.54323 1 0
0 0 -1.84365 0 2.64617 a b -1.54422 1 0
0 0 -1.86451 0 2.64624 a b -1.54481 1 0
0 0 -1.88601 0 2.64859 a b -1.54488 1 0
0 0 -1.90108 0 2.64932 a b -1.54298 1 0
0 0 -1.91983 0 2.64939 a b -1.54147 1 0
0 0 -1.93698 0 2.6499 a b -1.54005 1 0
0 0 -1.95626 0 2.64933 a b -1.53948 1 0
0 0 -1.97592 0 2.64812 a b -1.53868 1 0
0 0 -1.99829 0 2.64685 a b -1.53803 1 0
0 0 -2.01424 0 2.64725 a b -1.53855 1 0
0 0 -2.03411 0 2.64922 a b -1.53832 1 0
0 0 -2.05583 0 2.6506 a b -1.53721 1 0
0 0 -2.07408 0 2.65015 a b -1.53585 1 0
0 0 -2.09005 0 2.65177 a b -1.53522 1 0
0 0 -2.10865 0 2.65113 a b -1.53585 1 0
0 0 -2.12501 0 2.6506 a b -1.53688 1 0
0 0 -2.14334 0 2.65023 a b -1.53617 1 0
0 0 -2.16051 0 2.64981 a b -1.53591 1 0
0 0 -2.17739 0 2.64986 a b -1.53511 1 0
0 0 -2.19303 0 2.64864 a b -1.53533 1 0
0 0 -2.21371 0 2.64987 a b -1.53638 1 0
0 0 -2.23562 0 2.65243 a b -1.53483 1 0
0 0 -2.25702 0 2.65294 a b -1.53461 1 0
0 0 -2.2755 0 2.65206 a b -1.53463 1 0
0 0 -2.29077 0 2.65141 a b -1.53364 1 0
0 0 -2.31139 0 2.65085 a b -1.53309 1 0
0 0 -2.33646 0 2.65348 a b -1.53271 1 0
0 0 -2.36613 0 2.65377 a b -1.53363 1 0
0 0 -2.39599 0 2.65459 a b -1.5334 1 0
0 0 -2.42795 0 2.65278 a b -1.53229 1 0
0 0 -2.46332 0 2.65082 a b -1.5297 1 0
0 0 -2.49941 0 2.6517 a b -1.53072 1 0
0 0 -2.53265 0 2.65131 a b -1.53242 1 0
0 0 -2.56696 0 2.65288 a b -1.53157 1 0
0 0 -2.6012 0 2.65297 a b -1.52995 1 0
0 0 -2.63397 0 2.65396 a b -1.53055 1 0
0 0 -2.66161 0 2.65495 a b -1.53268 1 0
0 0 -2.68826 0 2.65227 a b -1.53243 1 0
0 0 -2.71485 0 2.65587 a b -1.53121 1 0
0 0 -2.73846 0 2.65508 a b -1.53114 1 0
0 0 -2.76451 0 2.65236 a b -1.5322 1 0
0 0 -2.78893 0 2.65241 a b -1.53147 1 0
0 0 -2.81533 0 2.65261 a b -1.53199 1 0
0 0 -2.84423 0 2.65205 a b -1.53254 1 0
0 0 -2.87126 0 2.65579 a b -1.53328 1 0
0 0 -2.90171 0 2.65391 a b -1.53374 1 0
0 0 -2.92927 0 2.65527 a b -1.53322 1 0
0 0 -2.96094 0 2.65384 a b -1.53259 1 0
0 0 -2.99397 0 2.65203 a b -1.53303 1 0
0 0 -3.02646 0 2.65081 a b -1.53427 1 0
0 0 -3.05757 0 2.6509 a b -1.53447 1 0
0 0 -3.08631 0 2.65055 a b -1.53449 1 0
0 0 -3.11606 0 2.65189 a b -1.53337 1 0
0 0 -3.14256 0 2.65191 a b -1.53448 1 0
0 0 -3.16994 0 2.65119 a b -1.53464 1 0
0 0 -3.19585 0 2.6532 a b -1.53363 1 0
0 0 -3.22519 0 2.65401 a b -1.53321 1 0
0 0 -3.2553 0 2.65424 a b -1.53221 1 0
0 0 -3.27864 0 2.65162 a b -1.53212 1 0
0 0 -3.30659 0 2.65354 a b -1.53233 1 0
0 0 -3.33661 0 2.65412 a b -1.5316 1 0
0 0 -3.36401 0 2.65397 a b -1.53026 1 0
0 0 -3.39161 0 2.65533 a b -1.52947 1 0
0 0 -3.42284 0 2.65548 a b -1.5302 1 0
0 0 -3.45377 0 2.65487 a b -1.53016 1 0
0 0 -3.4829 0 2.65443 a b -1.52892 1 0
0 0 -3.5115 0 2.65622 a b -1.52703 1 0
0 0 -3.54085 0 2.65801 a b -1.52687 1 0
0 0 -3.57417 0 2.65624 a b -1.5277 1 0
0 0 -3.60055 0 2.65534 a b -1.52807 1 0
0 0 -3.62772 0 2.65663 a b -1.52803 1 0
0 0 -3.65814 0 2.65746 a b -1.52669 1 0
0 0 -3.68895 0 2.66126 a b -1.52749 1 0
0 0 -3.71628 0 2.65952 a b -1.52612 1 0
0 0 -3.74618 0 2.65795 a b -1.52604 1 0
0 0 -3.77659 0 2.65858 a b -1.52612 1 0
0 0 -3.80674 0 2.6615 a b -1.52588 1 0
0 0 -3.83269 0 2.66192 a b -1.52615 1 0
0 0 -3.86465 0 2.66342 a b -1.52586 1 0
0 0 -3.89143 0 2.66281 a b -1.52514 1 0
0 0 -3.9227 0 2.66257 a b -1.52581 1 0
0 0 -3.95142 0 2.66271 a b -1.52671 1 0
0 0 -3.98461 0 2.66473 a b -1.52651 1 0
0 0 -4.00987 0 2.66544 a b -1.52537 1 0
0 0 -4.04131 0 2.66302 a b -1.52553 1 0
0 0 -4.07072 0 2.66147 a b -1.52692 1 0
0 0 -4.09731 0 2.66365 a b -1.52817 1 0
0 0 -4.12446 0 2.6675 a b -1.52743 1 0
0 0 -4.1523 0 2.66803 a b -1.52652 1 0
0 0 -4.18048 0 2.66622 a b -1.52633 1 0
0 0 -4.21216 0 2.6655 a b -1.52813 1 0
0 0 -4.24223 0 2.66553 a b -1.52924 1 0
0 0 -4.27072 0 2.66726 a b -1.52956 1 0
0 0 -4.29852 0 2.66881 a b -1.5281 1 0
0 0 -4.32396 0 2.66708 a b -1.52784 1 0
0 0 -4.35565 0 2.66566 a b -1.53007 1 0
0 0 -4.3861 0 2.66699 a b -1.52959 1 0
0 0 -4.4167 0 2.66901 a b -1.53049 1 0
0 0 -4.44491 0 2.6681 a b -1.53105 1 0
0 0 -4.47391 0 2.67108 a b -1.5322 1 0
0 0 -4.50129 0 2.67097 a b -1.53138 1 0
0 0 -4.53163 0 2.67065 a b -1.5315 1 0
0 0 -4.56048 0 2.6703 a b -1.53164 1 0
0 0 -4.58903 0 2.67062 a b -1.53282 1 0
0 0 -4.6196 0 2.67354 a b -1.53277 1 0
0 0 -4.64724 0 2.6723 a b -1.53341 1 0
0 0 -4.67757 0 2.67125 a b -1.53247 1 0
0 0 -4.70789 0 2.6699 a b -1.53347 1 0
0 0 -4.73789 0 2.66928 a b -1.53462 1 0
0 0 -4.76928 0 2.67134 a b -1.53338 1 0
0 0 -4.79951 0 2.67064 a b -1.53383 1 0
0 0 -4.82872 0 2.67017 a b -1.53326 1 0
0 0 -4.85782 0 2.66994 a b -1.53516 1 0
0 0 -4.88746 0 2.6712 a b -1.53603 1 0
0 0 -4.918 0 2.67357 a b -1.53435 1 0
0 0 -4.94568 0 2.67261 a b -1.53435 1 0
0 0 -4.96961 0 2.67156 a b -1.53488 1 0
0 0 -4.99538 0 2.67127 a b -1.53565 1 0
0 0 -5.02576 0 2.67202 a b -1.53656 1 0
0 0 -5.05282 0 2.67377 a b -1.53685 1 0
0 0 -5.08075 0 2.67285 a b -1.5367 1 0
0 0 -5.10735 0 2.67274 a b -1.53666 1 0
0 0 -5.138 0 2.67161 a b -1.53752 1 0
0 0 -5.17077 0 2.67169 a b -1.53813 1 0
0 0 -5.20153 0 2.67106 a b -1.539 1 0
0 0 -5.23354 0 2.67285 a b -1.54001 1 0
0 0 -5.26284 0 2.67351 a b -1.5392 1 0
0 0 -5.29133 0 2.67242 a b -1.53963 1 0
0 0 -5.32281 0 2.67255 a b -1.5406 1 0
0 0 -5.34974 0 2.67263 a b -1.54073 1 0
0 0 -5.37887 0 2.6725 a b -1.54105 1 0
0 0 -5.4087 0 2.67352 a b -1.54231 1 0
0 0 -5.43997 0 2.67262 a b -1.5433 1 0
0 0 -5.46608 0 2.67332 a b -1.54235 1 0
0 0 -5.48985 0 2.67295 a b -1.54289 1 0
0 0 -5.51616 0 2.67248 a b -1.54534 1 0
0 0 -5.54735 0 2.67345 a b -1.54531 1 0
0 0 -5.58221 0 2.67268 a b -1.54539 1 0
0 0 -5.60875 0 2.67209 a b -1.54447 1 0
0 0 -5.6335 0 2.67326 a b -1.54651 1 0
0 0 -5.66336 0 2.67432 a b -1.54837 1 0
0 0 -5.69402 0 2.67558 a b -1.54722 1 0
0 0 -5.72436 0 2.6767 a b -1.54724 1 0
0 0 -5.75131 0 2.67549 a b -1.54747 1 0
0 0 -5.77786 0 2.67733 a b -1.55024 1 0
0 0 -5.80674 0 2.67562 a b -1.55144 1 0
0 0 -5.83911 0 2.67015 a b -1.55127 1 0
0 0 -5.87088 0 2.66986 a b -1.55098 1 0
0 0 -5.89451 0 2.67169 a b -1.55297 1 0
0 0 -5.92062 0 2.66867 a b -1.55467 1 0
0 0 -5.95003 0 2.66846 a b -1.554 1 0
0 0 -5.97941 0 2.67005 a b -1.55641 1 0
0 0 -6.00944 0 2.667 a b -1.557 1 0
0 0 -6.03905 0 2.66798 a b -1.55751 1 0
0 0 -6.06637 0 2.66838 a b -1.55992 1 0
0 0 -6.10087 0 2.66804 a b -1.55993 1 0
0 0 -6.13072 0 2.66669 a b -1.56095 1 0
0 0 -6.16199 0 2.66592 a b -1.56293 1 0
0 0 -6.18941 0 2.66605 a b -1.5641 1 0
0 0 -6.21866 0 2.66746 a b -1.56407 1 0
0 0 -6.25012 0 2.66486 a b -1.56484 1 0
0 0 -6.28011 0 2.66392 a b -1.56579 1 0
0 0 -6.30619 0 2.6646 a b -1.56778 1 0
0 0 -6.33845 0 2.66273 a b -1.56893 1 0
0 0 -6.36482 0 2.66322 a b -1.56871 1 0
0 0 -6.39457 0 2.66118 a b -1.56963 1 0
0 0 -6.4288 0 2.65925 a b -1.57144 1 0
0 0 -6.45669 0 2.65925 a b -1.57121 1 0
0 0 -6.48588 0 2.66001 a b -1.57193 1 0
0 0 -6.51577 0 2.65948 a b -1.5735 1 0
0 0 -6.54564 0 2.65802 a b -1.57206 1 0
0 0 -6.57909 0 2.65682 a b -1.57284 1 0
0 0 -6.61027 0 2.65688 a b -1.57556 1 0
0 0 -6.64052 0 2.65492 a b -1.57582 1 0
0 0 -6.66689 0 2.6558 a b -1.57617 1 0
0 0 -6.69278 0 2.65539 a b -1.57575 1 0
0 0 -6.71974 0 2.65438 a b -1.57501 1 0
0 0 -6.75262 0 2.65292 a b -1.57594 1 0
0 0 -6.7776 0 2.65233 a b -1.57984 1 0
0 0 -6.80317 0 2.65145 a b -1.57843 1 0
0 0 -6.83638 0 2.65242 a b -1.57871 1 0
0 0 -6.86404 0 2.65122 a b -1.5795 1 0
0 0 -6.88978 0 2.64861 a b -1.57871 1 0
0 0 -6.92347 0 2.64857 a b -1.57992 1 0
0 0 -6.95274 0 2.64771 a b -1.5807 1 0
0 0 -6.98278 0 2.64588 a b -1.58181 1 0
0 0 -7.01127 0 2.64688 a b -1.58333 1 0
0 0 -7.03975 0 2.64633 a b -1.5817 1 0
0 0 -7.07305 0 2.64496 a b -1.5801 1 0
0 0 -7.10782 0 2.64411 a b -1.58363 1 0
0 0 -7.1327 0 2.64433 a b -1.5864 1 0
0 0 -7.15883 0 2.6432 a b -1.58521 1 0
0 0 -7.19145 0 2.64233 a b -1.58533 1 0
0 0 -7.22107 0 2.64066 a b -1.58675 1 0
0 0 -7.24834 0 2.64011 a b -1.58684 1 0
0 0 -7.27536 0 2.63741 a b -1.58773 1 0
0 0 -7.3038 0 2.63892 a b -1.58942 1 0
0 0 -7.33533 0 2.64025 a b -1.5893 1 0
0 0 -7.36237 0 2.6367 a b -1.58842 1 0
0 0 -7.39014 0 2.6347 a b -1.59026 1 0
0 0 -7.41428 0 2.63636 a b -1.59281 1 0
0 0 -7.44186 0 2.63761 a b -1.59246 1 0
0 0 -7.47166 0 2.63522 a b -1.59209 1 0
0 0 -7.50262 0 2.63233 a b -1.59283 1 0
0 0 -7.53283 0 2.63212 a b -1.59453 1 0
0 0 -7.56433 0 2.63093 a b -1.59548 1 0
0 0 -7.5952 0 2.63016 a b -1.59635 1 0
0 0 -7.62003 0 2.63034 a b -1.59581 1 0
0 0 -7.65196 0 2.62989 a b -1.5975 1 0
0 0 -7.68198 0 2.63276 a b -1.59717 1 0
0 0 -7.70962 0 2.62908 a b -1.59631 1 0
0 0 -7.73409 0 2.62677 a b -1.59814 1 0
0 0 -7.76377 0 2.62633 a b -1.59908 1 0
0 0 -7.79257 0 2.62585 a b -1.599 1 0
0 0 -7.81858 0 2.62482 a b -1.60012 1 0
0 0 -7.84726 0 2.62318 a b -1.59908 1 0
0 0 -7.8754 0 2.62012 a b -1.60026 1 0
0 0 -7.9042 0 2.62036 a b -1.60294 1 0
0 0 -7.93922 0 2.61974 a b -1.60338 1 0
0 0 -7.96715 0 2.61914 a b -1.60221 1 0
0 0 -7.99547 0 2.6168 a b -1.60407 1 0
0 0 -8.02481 0 2.61741 a b -1.6053 1 0
0 0 -8.05634 0 2.61582 a b -1.60519 1 0
0 0 -8.08576 0 2.61312 a b -1.60618 1 0
0 0 -8.1177 0 2.61286 a b -1.60643 1 0
0 0 -8.14787 0 2.61002 a b -1.60733 1 0
0 0 -8.17086 0 2.60548 a b -1.6077 1 0
0 0 -8.20335 0 2.60358 a b -1.60828 1 0
0 0 -8.22894 0 2.60261 a b -1.60872 1 0
0 0 -8.25738 0 2.60254 a b -1.60963 1 0
0 0 -8.2836 0 2.60138 a b -1.60882 1 0
0 0 -8.31162 0 2.59855 a b -1.60898 1 0
0 0 -8.34032 0 2.59901 a b -1.61006 1 0
0 0 -8.37043 0 2.5974 a b -1.60853 1 0
0 0 -8.40042 0 2.59682 a b -1.605 1 0
0 0 -8.42668 0 2.59684 a b -1.60249 1 0
0 0 -8.45622 0 2.59554 a b -1.60044 1 0
0 0 -8.48683 0 2.59514 a b -1.59594 1 0
0 0 -8.51673 0 2.59348 a b -1.59168 1 0
0 0 -8.54338 0 2.59429 a b -1.58952 1 0
0 0 -8.57529 0 2.59453 a b -1.58558 1 0
0 0 -8.60454 0 2.59381 a b -1.58214 1 0
0 0 -8.63106 0 2.59204 a b -1.57953 1 0
0 0 -8.65563 0 2.59211 a b -1.57674 1 0
0 0 -8.68277 0 2.59206 a b -1.57604 1 0
0 0 -8.71526 0 2.59208 a b -1.57614 1 0
0 0 -8.74693 0 2.59319 a b -1.57435 1 0
0 0 -8.77424 0 2.59372 a b -1.57205 1 0
0 0 -8.7998 0 2.59272 a b -1.57141 1 0
0 0 -8.82747 0 2.59204 a b -1.57182 1 0
0 0 -8.85648 0 2.59048 a b -1.57175 1 0
0 0 -8.89109 0 2.59246 a b -1.57072 1 0
0 0 -8.92067 0 2.59249 a b -1.56961 1 0
0 0 -8.9472 0 2.59257 a b -1.56921 1 0
0 0 -8.97378 0 2.59113 a b -1.57026 1 0
0 0 -8.99891 0 2.58946 a b -1.57062 1 0
0 0 -9.02981 0 2.59334 a b -1.56876 1 0
0 0 -9.05722 0 2.59228 a b -1.56899 1 0
0 0 -9.08635 0 2.59114 a b -1.56899 1 0
0 0 -9.11442 0 2.59225 a b -1.5688 1 0
0 0 -9.14283 0 2.59207 a b -1.56996 1 0
0 0 -9.1747 0 2.5909 a b -1.56796 1 0
0 0 -9.2068 0 2.59306 a b -1.56758 1 0
0 0 -9.23568 0 2.59267 a b -1.56809 1 0
0 0 -9.2676 0 2.59201 a b -1.56676 1 0
0 0 -9.29567 0 2.59214 a b -1.56682 1 0
0 0 -9.3241 0 2.59179 a b -1.56666 1 0
0 0 -9.355 0 2.59308 a b -1.56674 1 0
0 0 -9.38416 0 2.59193 a b -1.56651 1 0
0 0 -9.41107 0 2.5913 a b -1.56521 1 0
0 0 -9.43813 0 2.59107 a b -1.56574 1 0
0 0 -9.46429 0 2.58968 a b -1.56562 1 0
0 0 -9.49738 0 2.59173 a b -1.56664 1 0
0 0 -9.5221 0 2.59171 a b -1.56809 1 0
0 0 -9.5532 0 2.59088 a b -1.5661 1 0
0 0 -9.58241 0 2.59222 a b -1.56504 1 0
0 0 -9.6049 0 2.59309 a b -1.56658 1 0
0 0 -9.63369 0 2.5928 a b -1.56775 1 0
0 0 -9.6655 0 2.59333 a b -1.56752 1 0
0 0 -9.69623 0 2.59262 a b -1.56594 1 0
0 0 -9.72799 0 2.59431 a b -1.56616 1 0
0 0 -9.7567 0 2.59293 a b -1.56924 1 0
0 0 -9.7869 0 2.59148 a b -1.57012 1 0
0 0 -9.81692 0 2.5921 a b -1.57083 1 0
0 0 -9.84553 0 2.59254 a b -1.57089 1 0
0 0 -9.87611 0 2.59191 a b -1.57141 1 0
0 0 -9.90364 0 2.58998 a b -1.57348 1 0
0 0 -9.92897 0 2.58938 a b -1.5752 1 0
0 0 -9.95874 0 2.59162 a b -1.57533 1 0
0 0 -9.98807 0 2.59069 a b -1.57486 1 0
0 0 -10.0222 0 2.5877 a b -1.57648 1 0
0 0 -10.0548 0 2.58842 a b -1.57766 1 0
0 0 -10.0829 0 2.58941 a b -1.57685 1 0
0 0 -10.111 0 2.58813 a b -1.57683 1 0
0 0 -10.1415 0 2.58629 a b -1.57908 1 0
0 0 -10.1708 0 2.58584 a b -1.58016 1 0
0 0 -10.1964 0 2.58608 a b -1.58059 1 0
0 0 -10.2267 0 2.58687 a b -1.57923 1 0
0 0 -10.2617 0 2.58599 a b -1.58039 1 0
0 0 -10.2891 0 2.58444 a b -1.58317 1 0
0 0 -10.3161 0 2.58462 a b -1.58237 1 0
0 0 -10.3453 0 2.58487 a b -1.58018 1 0
0 0 -10.3743 0 2.58426 a b -1.58093 1 0
0 0 -10.3973 0 2.58238 a b -1.58334 1 0
0 0 -10.4253 0 2.58194 a b -1.58516 1 0
0 0 -10.451 0 2.58293 a b -1.58299 1 0
0 0 -10.4847 0 2.58399 a b -1.58248 1 0
0 0 -10.5142 0 2.58261 a b -1.58461 1 0
0 0 -10.5421 0 2.58007 a b -1.58562 1 0
0 0 -10.5736 0 2.58199 a b -1.58606 1 0
0 0 -10.6065 0 2.58133 a b -1.58735 1 0
0 0 -10.6338 0 2.57973 a b -1.5859 1 0
0 0 -10.6633 0 2.57863 a b -1.58742 1 0
0 0 -10.6916 0 2.57829 a b -1.58836 1 0
0 0 -10.7222 0 2.57943 a b -1.58887 1 0
0 0 -10.7524 0 2.57918 a b -1.58923 1 0
0 0 -10.7799 0 2.57863 a b -1.58898 1 0
0 0 -10.809 0 2.57902 a b -1.58965 1 0
0 0 -10.8351 0 2.58143 a b -1.58957 1 0
0 0 -10.8665 0 2.57777 a b -1.58875 1 0
0 0 -10.8978 0 2.57677 a b -1.59091 1 0
0 0 -10.9301 0 2.58011 a b -1.59214 1 0
0 0 -10.9616 0 2.58064 a b -1.5912 1 0
0 0 -10.9946 0 2.58047 a b -1.59109 1 0
0 0 -11.0198 0 2.57763 a b -1.58995 1 0
0 0 -11.0479 0 2.57234 a b -1.59164 1 0
0 0 -11.0707 0 2.57353 a b -1.59398 1 0
0 0 -11.0979 0 2.57601 a b -1.59355 1 0
0 0 -11.1299 0 2.57554 a b -1.59279 1 0
0 0 -11.1553 0 2.57077 a b -1.59242 1 0
0 0 -11.1875 0 2.56894 a b -1.59445 1 0
0 0 -11.2227 0 2.57204 a b -1.59578 1 0
0 0 -11.2602 0 2.57628 a b -1.59463 1 0
0 0 -11.3077 0 2.58187 a b -1.59419 1 0
0 0 -11.3482 0 2.58039 a b -1.59593 1 0
0 0 -11.388 0 2.58249 a b -1.59692 1 0
0 0 -11.4295 0 2.58297 a b -1.59939 1 0
0 0 -11.4661 0 2.58531 a b -1.60284 1 0
0 0 -11.4957 0 2.58615 a b -1.60471 1 0
0 0 -11.5335 0 2.58663 a b -1.60263 1 0
0 0 -11.5639 0 2.58668 a b -1.59929 1 0
0 0 -11.5925 0 2.57964 a b -1.6082 1 0
0 0 -11.6233 0 2.57133 a b -1.60872 1 0
0 0 -11.6495 0 2.566 a b -1.60625 1 0
0 0 -11.6642 0 2.5597 a b -1.61267 1 0
0 0 -11.6858 0 2.55487 a b -1.61676 1 0
0 0 -11.709 0 2.55358 a b -1.6163 1 0
0 0 -11.7319 0 2.54944 a b -1.61958 1 0
0 0 -11.7566 0 2.54486 a b -1.62389 1 0
0 0 -11.7869 0 2.54314 a b -1.62568 1 0
0 0 -11.8125 0 2.54269 a b -1.63008 1 0
0 0 -11.8421 0 2.54636 a b -1.63174 1 0
0 0 -11.8754 0 2.5475 a b -1.6363 1 0
0 0 -11.9129 0 2.54972 a b -1.64114 1 0
0 0 -11.9395 0 2.54532 a b -1.64859 1 0
0 0 -11.9587 0 2.54792 a b -1.65197 1 0
0 0 -11.9765 0 2.55026 a b -1.65215 1 0
0 0 -11.9957 0 2.54784 a b -1.65489 1 0
0 0 -12.0127 0 2.54397 a b -1.65923 1 0
0 0 -12.0327 0 2.54513 a b -1.66032 1 0
0 0 -12.0517 0 2.55172 a b -1.66249 1 0
0 0 -12.0716 0 2.54824 a b -1.65943 1 0
0 0 -12.084 0 2.53954 a b -1.65435 1 0
0 0 -12.093 0 2.5308 a b -1.65383 1 0
0 0 -12.1102 0 2.5273 a b -1.65249 1 0
0 0 -12.1302 0 2.52486 a b -1.65248 1 0
0 0 -12.1546 0 2.52188 a b -1.64773 1 0
0 0 -12.1784 0 2.51509 a b -1.64457 1 0
0 0 -12.2073 0 2.50699 a b -1.63993 1 0
0 0 -12.2347 0 2.49974 a b -1.63293 1 0
0 0 -12.2607 0 2.49663 a b -1.62698 1 0
0 0 -12.2914 0 2.49624 a b -1.62131 1 0
0 0 -12.3296 0 2.49771 a b -1.61671 1 0
0 0 -12.3667 0 2.49855 a b -1.61131 1 0
0 0 -12.3967 0 2.50463 a b -1.6024 1 0
0 0 -12.4256 0 2.506 a b -1.59696 1 0
0 0 -12.4547 0 2.50798 a b -1.59206 1 0
0 0 -12.4859 0 2.50565 a b -1.58656 1 0
0 0 -12.5191 0 2.50846 a b -1.5808 1 0
0 0 -12.539 0 2.51144 a b -1.57953 1 0
0 0 -12.5675 0 2.50847 a b -1.5761 1 0
0 0 -12.592 0 2.50434 a b -1.57382 1 0
0 0 -12.6131 0 2.50265 a b -1.57482 1 0
0 0 -12.6395 0 2.5 a b -1.57604 1 0
0 0 -12.6692 0 2.49637 a b -1.57414 1 0
0 0 -12.7026 0 2.49915 a b -1.57236 1 0
0 0 -12.7427 0 2.50235 a b -1.57442 1 0
0 0 -12.7855 0 2.49691 a b -1.57701 1 0
0 0 -12.8197 0 2.49497 a b -1.57794 1 0
0 0 -12.8586 0 2.4978 a b -1.57893 1 0
0 0 -12.899 0 2.49886 a b -1.58056 1 0
0 0 -12.932 0 2.49597 a b -1.58124 1 0
0 0 -12.968 0 2.49715 a b -1.58286 1 0
0 0 -12.9998 0 2.49704 a b -1.5829 1 0
0 0 -13.028 0 2.4966 a b -1.5842 1 0
0 0 -13.0551 0 2.49683 a b -1.58509 1 0
0 0 -13.0825 0 2.4964 a b -1.58658 1 0
0 0 -13.1023 0 2.49474 a b -1.58851 1 0
0 0 -13.121 0 2.49392 a b -1.58953 1 0
0 0 -13.1452 0 2.49436 a b -1.58993 1 0
0 0 -13.1691 0 2.49479 a b -1.59214 1 0
0 0 -13.1926 0 2.49394 a b -1.59286 1 0
0 0 -13.2237 0 2.49302 a b -1.59325 1 0
0 0 -13.2607 0 2.49274 a b -1.59611 1 0
0 0 -13.2901 0 2.4933 a b -1.59748 1 0
0 0 -13.3229 0 2.49423 a b -1.59772 1 0
0 0 -13.3561 0 2.49153 a b -1.59845 1 0
0 0 -13.3905 0 2.49015 a b -1.60118 1 0
0 0 -13.4213 0 2.4897 a b -1.60383 1 0
0 0 -13.4495 0 2.49101 a b -1.60382 1 0
0 0 -13.4772 0 2.49287 a b -1.60363 1 0
0 0 -13.504 0 2.4888 a b -1.60522 1 0
0 0 -13.5346 0 2.48701 a b -1.60783 1 0
0 0 -13.559 0 2.4868 a b -1.60948 1 0
0 0 -13.588 0 2.48733 a b -1.60939 1 0
0 0 -13.6118 0 2.48673 a b -1.60993 1 0
0 0 -13.6419 0 2.4817 a b -1.6112 1 0
0 0 -13.6732 0 2.47999 a b -1.61264 1 0
0 0 -13.6983 0 2.48135 a b -1.61489 1 0
0 0 -13.7263 0 2.47936 a b -1.61471 1 0
0 0 -13.7571 0 2.47884 a b -1.61609 1 0
0 0 -13.7877 0 2.47655 a b -1.61651 1 0
0 0 -13.8197 0 2.47361 a b -1.61766 1 0
0 0 -13.8511 0 2.47312 a b -1.6195 1 0
0 0 -13.8798 0 2.47189 a b -1.61924 1 0
0 0 -13.9092 0 2.46951 a b -1.62021 1 0
0 0 -13.939 0 2.472 a b -1.62147 1 0
0 0 -13.9687 0 2.46704 a b -1.62222 1 0
0 0 -13.9936 0 2.46971 a b -1.62228 1 0
0 0 -14.0173 0 2.4681 a b -1.62081 1 0
0 0 -14.0485 0 2.46331 a b -1.62298 1 0
0 0 -14.0759 0 2.46601 a b -1.62366 1 0
0 0 -14.1055 0 2.46716 a b -1.62205 1 0
0 0 -14.1325 0 2.46418 a b -1.6204 1 0
0 0 -14.1575 0 2.46173 a b -1.62 1 0
0 0 -14.1858 0 2.45579 a b -1.62122 1 0
0 0 -14.2099 0 2.45951 a b -1.62186 1 0
0 0 -14.2347 0 2.46179 a b -1.61769 1 0
0 0 -14.2655 0 2.45726 a b -1.61462 1 0
0 0 -14.2947 0 2.45527 a b -1.614 1 0
0 0 -14.325 0 2.45117 a b -1.61297 1 0
0 0 -14.3538 0 2.45365 a b -1.61387 1 0
0 0 -14.3819 0 2.45679 a b -1.6104 1 0
0 0 -14.4154 0 2.45183 a b -1.60734 1 0
0 0 -14.4443 0 2.45043 a b -1.60697 1 0
0 0 -14.4718 0 2.44571 a b -1.6077 1 0
0 0 -14.5028 0 2.44867 a b -1.60998 1 0
0 0 -14.5323 0 2.45159 a b -1.60678 1 0
0 0 -14.5579 0 2.44765 a b -1.60468 1 0
0 0 -14.588 0 2.44521 a b -1.60691 1 0
0 0 -14.6173 0 2.44689 a b -1.60592 1 0
0 0 -14.6451 0 2.44332 a b -1.60636 1 0
0 0 -14.6805 0 2.44424 a b -1.60615 1 0
0 0 -14.7056 0 2.44308 a b -1.60503 1 0
0 0 -14.7338 0 2.44252 a b -1.60488 1 0
0 0 -14.7647 0 2.43951 a b -1.60497 1 0
0 0 -14.7941 0 2.43916 a b -1.60399 1 0
0 0 -14.8217 0 2.43679 a b -1.60593 1 0
0 0 -14.8553 0 2.43573 a b -1.60594 1 0
0 0 -14.8885 0 2.43537 a b -1.60495 1 0
0 0 -14.9211 0 2.43286 a b -1.60396 1 0
0 0 -14.9452 0 2.43395 a b -1.60418 1 0
0 0 -14.9723 0 2.43314 a b -1.60785 1 0
0 0 -15.0013 0 2.42991 a b -1.61014 1 0
0 0 -15.0335 0 2.43049 a b -1.60664 1 0
0 0 -15.0586 0 2.4308 a b -1.60448 1 0
0 0 -15.0868 0 2.43376 a b -1.60578 1 0
0 0 -15.1188 0 2.43316 a b -1.60905 1 0
0 0 -15.149 0 2.43083 a b -1.61067 1 0
0 0 -15.1758 0 2.42878 a b -1.60983 1 0
0 0 -15.2041 0 2.43007 a b -1.60935 1 0
0 0 -15.2339 0 2.42941 a b -1.61096 1 0
0 0 -15.2615 0 2.42743 a b -1.61539 1 0
0 0 -15.2952 0 2.42463 a b -1.61535 1 0
0 0 -15.3229 0 2.42436 a b -1.61375 1 0
0 0 -15.3482 0 2.42478 a b -1.61437 1 0
0 0 -15.3767 0 2.42299 a b -1.61699 1 0
0 0 -15.4065 0 2.42294 a b -1.61864 1 0
0 0 -15.4345 0 2.42297 a b -1.61774 1 0
0 0 -15.463 0 2.42158 a b -1.62069 1 0
0 0 -15.4929 0 2.41831 a b -1.62073 1 0
0 0 -15.5232 0 2.41737 a b -1.61963 1 0
0 0 -15.5481 0 2.41825 a b -1.62115 1 0
0 0 -15.5771 0 2.41334 a b -1.62151 1 0
0 0 -15.6055 0 2.41249 a b -1.61996 1 0
0 0 -15.6334 0 2.42128 a b -1.62013 1 0
0 0 -15.6607 0 2.41986 a b -1.62436 1 0
0 0 -15.6907 0 2.41025 a b -1.62599 1 0
0 0 -15.7215 0 2.40471 a b -1.62284 1 0
0 0 -15.7491 0 2.40738 a b -1.62362 1 0
0 0 -15.7789 0 2.41062 a b -1.62729 1 0
0 0 -15.8076 0 2.40238 a b -1.62708 1 0
0 0 -15.8422 0 2.40059 a b -1.62575 1 0
0 0 -15.8698 0 2.40473 a b -1.62516 1 0
0 0 -15.8978 0 2.40928 a b -1.62537 1 0
0 0 -15.9255 0 2.40286 a b -1.62823 1 0
0 0 -15.9531 0 2.3948 a b -1.62735 1 0
0 0 -15.984 0 2.39141 a b -1.62622 1 0
0 0 -16.0106 0 2.39357 a b -1.62684 1 0
0 0 -16.0382 0 2.39373 a b -1.62595 1 0
0 0 -16.0629 0 2.3903 a b -1.62577 1 0
0 0 -16.0878 0 2.3879 a b -1.62337 1 0
0 0 -16.1161 0 2.38953 a b -1.61901 1 0
0 0 -16.1402 0 2.38964 a b -1.61585 1 0
0 0 -16.1673 0 2.39168 a b -1.61544 1 0
0 0 -16.1991 0 2.38479 a b -1.61143 1 0
0 0 -16.2294 0 2.38712 a b -1.60253 1 0
0 0 -16.2581 0 2.38726 a b -1.59909 1 0
0 0 -16.2863 0 2.38506 a b -1.59772 1 0
0 0 -16.3152 0 2.38408 a b -1.59285 1 0
0 0 -16.3449 0 2.38352 a b -1.58627 1 0
0 0 -16.3746 0 2.38762 a b -1.5819 1 0
0 0 -16.4039 0 2.38891 a b -1.57787 1 0
0 0 -16.4322 0 2.3885 a b -1.57419 1 0
0 0 -16.4568 0 2.39213 a b -1.57145 1 0
0 0 -16.4789 0 2.39134 a b -1.56548 1 0
0 0 -16.5083 0 2.39348 a b -1.56049 1 0
0 0 -16.5377 0 2.39256 a b -1.5573 1 0
0 0 -16.5619 0 2.39236 a b -1.55334 1 0
0 0 -16.5892 0 2.39559 a b -1.55006 1 0
0 0 -16.6187 0 2.39514 a b -1.54783 1 0
0 0 -16.654 0 2.3955 a b -1.54641 1 0
0 0 -16.6859 0 2.3962 a b -1.54892 1 0
0 0 -16.7132 0 2.39933 a b -1.5496 1 0
0 0 -16.7414 0 2.39944 a b -1.54762 1 0
0 0 -16.7718 0 2.39792 a b -1.54775 1 0
0 0 -16.8018 0 2.39854 a b -1.54902 1 0
0 0 -16.8296 0 2.40015 a b -1.54875 1 0
0 0 -16.8574 0 2.40098 a b -1.54728 1 0
0 0 -16.8888 0 2.40123 a b -1.54747 1 0
0 0 -16.9132 0 2.4015 a b -1.54862 1 0
0 0 -16.934 0 2.40187 a b -1.54706 1 0
0 0 -16.9609 0 2.40072 a b -1.5476 1 0
0 0 -16.9891 0 2.40346 a b -1.54911 1 0
0 0 -17.0164 0 2.40531 a b -1.54756 1 0
0 0 -17.0444 0 2.40687 a b -1.54558 1 0
0 0 -17.0725 0 2.40004 a b -1.54602 1 0
0 0 -17.1068 0 2.39878 a b -1.54648 1 0
0 0 -17.1387 0 2.40361 a b -1.54713 1 0
0 0 -17.1688 0 2.4065 a b -1.54587 1 0
0 0 -17.1942 0 2.40594 a b -1.54722 1 0
0 0 -17.2217 0 2.41168 a b -1.54713 1 0
0 0 -17.2503 0 2.41219 a b -1.54574 1 0
0 0 -17.2761 0 2.4128 a b -1.54625 1 0
0 0 -17.3053 0 2.40984 a b -1.54774 1 0
0 0 -17.3362 0 2.41231 a b -1.54956 1 0
0 0 -17.3609 0 2.41606 a b -1.5506 1 0
0 0 -17.3859 0 2.41726 a b -1.54902 1 0
0 0 -17.4123 0 2.41335 a b -1.54838 1 0
0 0 -17.4453 0 2.40833 a b -1.55096 1 0
0 0 -17.4732 0 2.412 a b -1.55264 1 0
0 0 -17.5029 0 2.41576 a b -1.55212 1 0
0 0 -17.5332 0 2.41263 a b -1.5526 1 0
0 0 -17.5654 0 2.41427 a b -1.55533 1 0
0 0 -17.5969 0 2.41801 a b -1.55557 1 0
0 0 -17.6241 0 2.41575 a b -1.55465 1 0
0 0 -17.6549 0 2.41384 a b -1.55652 1 0
0 0 -17.685 0 2.41416 a b -1.55846 1 0
0 0 -17.7129 0 2.41753 a b -1.55839 1 0
0 0 -17.7432 0 2.41544 a b -1.55741 1 0
0 0 -17.7703 0 2.41329 a b -1.56007 1 0
0 0 -17.7976 0 2.41853 a b -1.56221 1 0
0 0 -17.8241 0 2.41821 a b -1.56126 1 0
0 0 -17.8522 0 2.41663 a b -1.5626 1 0
0 0 -17.8791 0 2.41924 a b -1.56344 1 0
0 0 -17.908 0 2.41961 a b -1.56391 1 0
0 0 -17.9385 0 2.41901 a b -1.56457 1 0
0 0 -17.9659 0 2.41783 a b -1.56464 1 0
0 0 -17.9992 0 2.41831 a b -1.56693 1 0
0 0 -18.0296 0 2.42147 a b -1.56648 1 0
0 0 -18.0605 0 2.41863 a b -1.56776 1 0
0 0 -18.0909 0 2.41895 a b -1.56949 1 0
0 0 -18.1255 0 2.41763 a b -1.56985 1 0
0 0 -18.156 0 2.41882 a b -1.57163 1 0
0 0 -18.1831 0 2.41888 a b -1.57332 1 0
0 0 -18.2115 0 2.41947 a b -1.57426 1 0
0 0 -18.2363 0 2.41989 a b -1.57549 1 0
0 0 -18.2621 0 2.42142 a b -1.57734 1 0
0 0 -18.2909 0 2.42164 a b -1.57884 1 0
0 0 -18.3216 0 2.4208 a b -1.57853 1 0
0 0 -18.3487 0 2.42187 a b -1.58049 1 0
0 0 -18.3794 0 2.42078 a b -1.58192 1 0
0 0 -18.4098 0 2.42114 a b -1.58106 1 0
0 0 -18.437 0 2.42082 a b -1.583 1 0
0 0 -18.4661 0 2.41802 a b -1.58339 1 0
0 0 -18.4985 0 2.42062 a b -1.58371 1 0
0 0 -18.5298 0 2.42465 a b -1.5851 1 0
0 0 -18.5624 0 2.42319 a b -1.58731 1 0
0 0 -18.5926 0 2.41956 a b -1.5888 1 0
0 0 -18.6191 0 2.41787 a b -1.58869 1 0
0 0 -18.6478 0 2.41942 a b -1.59078 1 0
0 0 -18.6795 0 2.4229 a b -1.59194 1 0
0 0 -18.7091 0 2.42359 a b -1.59206 1 0
0 0 -18.7381 0 2.42556 a b -1.59374 1 0
0 0 -18.7659 0 2.42176 a b -1.59674 1 0
0 0 -18.7978 0 2.41756 a b -1.59692 1 0
0 0 -18.8293 0 2.4181 a b -1.59573 1 0
0 0 -18.853 0 2.4165 a b -1.5973 1 0
0 0 -18.8796 0 2.42006 a b -1.59877 1 0
0 0 -18.9161 0 2.41588 a b -1.59694 1 0
0 0 -18.9405 0 2.41837 a b -1.59605 1 0
0 0 -18.968 0 2.41424 a b -1.59675 1 0
0 0 -18.9993 0 2.41194 a b -1.59258 1 0
0 0 -19.0235 0 2.41527 a b -1.58932 1 0
0 0 -19.0509 0 2.41796 a b -1.58982 1 0
0 0 -19.0794 0 2.41744 a b -1.58957 1 0
0 0 -19.1026 0 2.41564 a b -1.58746 1 0
0 0 -19.1264 0 2.41843 a b -1.58517 1 0
0 0 -19.1551 0 2.4185 a b -1.58452 1 0
0 0 -19.1833 0 2.41592 a b -1.58423 1 0
0 0 -19.2122 0 2.41506 a b -1.5823 1 0
0 0 -19.2396 0 2.41792 a b -1.58272 1 0
0 0 -19.2715 0 2.4168 a b -1.5829 1 0
0 0 -19.305 0 2.41614 a b -1.58197 1 0
0 0 -19.3354 0 2.4189 a b -1.5825 1 0
0 0 -19.3642 0 2.41745 a b -1.58247 1 0
0 0 -19.3916 0 2.41744 a b -1.58238 1 0
0 0 -19.4229 0 2.42084 a b -1.58412 1 0
0 0 -19.4563 0 2.41843 a b -1.58289 1 0
0 0 -19.4821 0 2.41862 a b -1.5832 1 0
0 0 -19.5116 0 2.41818 a b -1.58283 1 0
0 0 -19.5423 0 2.41701 a b -1.58239 1 0
0 0 -19.5692 0 2.41645 a b -1.58518 1 0
0 0 -19.5953 0 2.41606 a b -1.58471 1 0
0 0 -19.6264 0 2.41654 a b -1.58267 1 0
0 0 -19.6506 0 2.41933 a b -1.58339 1 0
0 0 -19.6841 0 2.41976 a b -1.58441 1 0
0 0 -19.7144 0 2.41915 a b -1.58551 1 0
0 0 -19.744 0 2.41803 a b -1.5853 1 0
0 0 -19.7733 0 2.42001 a b -1.58496 1 0
0 0 -19.8002 0 2.41862 a b -1.58559 1 0
0 0 -19.8297 0 2.41598 a b -1.58634 1 0
0 0 -19.8582 0 2.41591 a b -1.58811 1 0
0 0 -19.8876 0 2.41691 a b -1.58846 1 0
0 0 -19.9229 0 2.41719 a b -1.58856 1 0
0 0 -19.9525 0 2.42135 a b -1.5887 1 0
0 0 -19.9847 0 2.42097 a b -1.58852 1 0
0 0 -20.0153 0 2.4185 a b -1.58975 1 0
0 0 -20.0457 0 2.41992 a b -1.58816 1 0
0 0 -20.0749 0 2.41755 a b -1.5902 1 0
0 0 -20.105 0 2.42235 a b -1.59134 1 0
0 0 -20.1318 0 2.42522 a b -1.58957 1 0
0 0 -20.1631 0 2.42309 a b -1.59052 1 0
0 0 -20.1957 0 2.42107 a b -1.59281 1 0
0 0 -20.2197 0 2.42528 a b -1.59128 1 0
0 0 -20.2473 0 2.4237 a b -1.58583 1 0
0 0 -20.2826 0 2.41755 a b -1.59266 1 0
0 0 -20.3067 0 2.42328 a b -1.60039 1 0
0 0 -20.3287 0 2.42405 a b -1.5933 1 0
0 0 -20.3602 0 2.41869 a b -1.59145 1 0
0 0 -20.3944 0 2.41942 a b -1.59618 1 0
0 0 -20.4257 0 2.42134 a b -1.59724 1 0
0 0 -20.4546 0 2.4197 a b -1.59515 1 0
0 0 -20.4832 0 2.41888 a b -1.59547 1 0
0 0 -20.5105 0 2.41695 a b -1.59723 1 0
0 0 -20.539 0 2.41657 a b -1.59735 1 0
0 0 -20.5709 0 2.40901 a b -1.59865 1 0
0 0 -20.6026 0 2.40712 a b -1.60043 1 0
0 0 -20.6281 0 2.41108 a b -1.60096 1 0
0 0 -20.6524 0 2.41337 a b -1.60015 1 0
0 0 -20.6777 0 2.41236 a b -1.60176 1 0
0 0 -20.7037 0 2.41596 a b -1.60178 1 0
0 0 -20.728 0 2.41175 a b -1.59816 1 0
0 0 -20.7591 0 2.40695 a b -1.60163 1 0
0 0 -20.7872 0 2.41333 a b -1.60711 1 0
0 0 -20.8121 0 2.41732 a b -1.60235 1 0
0 0 -20.8456 0 2.41218 a b -1.59928 1 0
0 0 -20.8764 0 2.41163 a b -1.60363 1 0
0 0 -20.9077 0 2.41208 a b -1.60555 1 0
0 0 -20.9355 0 2.41255 a b -1.60273 1 0
0 0 -20.9711 0 2.4102 a b -1.60357 1 0
0 0 -20.9982 0 2.4105 a b -1.6046 1 0
0 0 -21.0254 0 2.41054 a b -1.60401 1 0
0 0 -21.0594 0 2.40842 a b -1.6036 1 0
0 0 -21.0903 0 2.40456 a b -1.60486 1 0
0 0 -21.1152 0 2.40444 a b -1.6068 1 0
0 0 -21.1418 0 2.40654 a b -1.60646 1 0
0 0 -21.1688 0 2.40482 a b -1.60606 1 0
0 0 -21.2027 0 2.40021 a b -1.60752 1 0
0 0 -21.2321 0 2.40173 a b -1.6078 1 0
0 0 -21.2626 0 2.40234 a b -1.60772 1 0
0 0 -21.2953 0 2.40249 a b -1.6093 1 0
0 0 -21.3193 0 2.40034 a b -1.60952 1 0
0 0 -21.3474 0 2.40041 a b -1.61022 1 0
0 0 -21.3817 0 2.39776 a b -1.61064 1 0
0 0 -21.4084 0 2.39711 a b -1.6124 1 0
0 0 -21.4382 0 2.39604 a b -1.61252 1 0
0 0 -21.4689 0 2.39679 a b -1.61384 1 0
0 0 -21.5 0 2.39954 a b -1.6138 1 0
0 0 -21.5281 0 2.39695 a b -1.6138 1 0
0 0 -21.5558 0 2.39611 a b -1.61427 1 0
0 0 -21.584 0 2.39142 a b -1.61522 1 0
0 0 -21.6102 0 2.39373 a b -1.61611 1 0
0 0 -21.6423 0 2.39065 a b -1.61693 1 0
0 0 -21.6706 0 2.38737 a b -1.61725 1 0
0 0 -21.6978 0 2.38701 a b -1.61799 1 0
0 0 -21.7222 0 2.38531 a b -1.619 1 0
0 0 -21.7497 0 2.38831 a b -1.61812 1 0
0 0 -21.7778 0 2.38555 a b -1.62048 1 0
0 0 -21.8115 0 2.38449 a b -1.62003 1 0
0 0 -21.8363 0 2.38661 a b -1.6202 1 0
0 0 -21.8636 0 2.38519 a b -1.62196 1 0
0 0 -21.8951 0 2.38103 a b -1.62372 1 0
0 0 -21.9269 0 2.38115 a b -1.62471 1 0
0 0 -21.9559 0 2.38009 a b -1.624 1 0
0 0 -21.9847 0 2.37976 a b -1.62328 1 0
0 0 -22.0118 0 2.37599 a b -1.62597 1 0
0 0 -22.0401 0 2.37458 a b -1.62736 1 0
0 0 -22.0711 0 2.37195 a b -1.62691 1 0
0 0 -22.1 0 2.37568 a b -1.6273 1 0
0 0 -22.1239 0 2.37258 a b -1.62957 1 0
0 0 -22.1558 0 2.37139 a b -1.62976 1 0
0 0 -22.1846 0 2.37076 a b -1.63048 1 0
0 0 -22.2139 0 2.37033 a b -1.63189 1 0
0 0 -22.2411 0 2.36868 a b -1.63312 1 0
0 0 -22.2768 0 2.36745 a b -1.63401 1 0
0 0 -22.3105 0 2.36859 a b -1.6352 1 0
0 0 -22.3398 0 2.36497 a b -1.6359 1 0
0 0 -22.3618 0 2.36522 a b -1.63638 1 0
0 0 -22.397 0 2.36346 a b -1.63827 1 0
0 0 -22.4294 0 2.36409 a b -1.63994 1 0
0 0 -22.4606 0 2.36517 a b -1.64025 1 0
0 0 -22.5062 0 2.36357 a b -1.6389 1 0
0 0 -22.5392 0 2.36462 a b -1.64174 1 0
0 0 -22.5726 0 2.36489 a b -1.64299 1 0
0 0 -22.6113 0 2.36719 a b -1.64381 1 0
0 0 -22.6486 0 2.36689 a b -1.64338 1 0
0 0 -22.6814 0 2.3659 a b -1.64434 1 0
0 0 -22.7138 0 2.35905 a b -1.64829 1 0
0 0 -22.7378 0 2.35241 a b -1.64872 1 0
0 0 -22.7694 0 2.35344 a b -1.64787 1 0
0 0 -22.8065 0 2.35236 a b -1.64926 1 0
0 0 -22.8428 0 2.34951 a b -1.64987 1 0
0 0 -22.8658 0 2.34347 a b -1.6536 1 0
0 0 -22.8998 0 2.33993 a b -1.656 1 0
0 0 -22.9357 0 2.34133 a b -1.65683 1 0
0 0 -22.9646 0 2.34258 a b -1.65841 1 0
0 0 -22.99 0 2.33894 a b -1.65977 1 0
0 0 -23.0214 0 2.33322 a b -1.6609 1 0
0 0 -23.0516 0 2.33227 a b -1.66266 1 0
0 0 -23.0835 0 2.33296 a b -1.66484 1 0
0 0 -23.1158 0 2.32779 a b -1.66633 1 0
0 0 -23.1508 0 2.32563 a b -1.66896 1 0
0 0 -23.1824 0 2.3218 a b -1.66993 1 0
0 0 -23.2078 0 2.3219 a b -1.67192 1 0
0 0 -23.2408 0 2.31863 a b -1.67062 1 0
0 0 -23.2629 0 2.3285 a b -1.66432 1 0
0 0 -23.2921 0 2.33006 a b -1.65751 1 0
0 0 -23.3202 0 2.33407 a b -1.65223 1 0
0 0 -23.3424 0 2.33341 a b -1.64126 1 0
0 0 -23.3709 0 2.32068 a b -1.63456 1 0
0 0 -23.3962 0 2.31515 a b -1.63364 1 0
0 0 -23.4154 0 2.31327 a b -1.6326 1 0
0 0 -23.4395 0 2.31369 a b -1.63393 1 0
0 0 -23.4611 0 2.31371 a b -1.63352 1 0
0 0 -23.4848 0 2.31126 a b -1.63339 1 0
0 0 -23.5152 0 2.31182 a b -1.63547 1 0
0 0 -23.5393 0 2.30934 a b -1.63444 1 0
0 0 -23.5613 0 2.30339 a b -1.63427 1 0
0 0 -23.5956 0 2.29694 a b -1.63883 1 0
0 0 -23.6168 0 2.29922 a b -1.64103 1 0
0 0 -23.6445 0 2.29818 a b -1.63427 1 0
0 0 -23.6921 0 2.2858 a b -1.64032 1 0
0 0 -23.7195 0 2.29123 a b -1.64749 1 0
0 0 -23.7362 0 2.29222 a b -1.6476 1 0
0 0 -23.7389 0 2.30234 a b -1.65608 1 0
0 0 -23.7281 0 2.30466 a b -1.65563 1 0
