0 0 -0.113122 0 2.65481 a b 3.10725 1 0
0 0 -0.108197 0 2.66435 a b 3.10906 1 0
0 0 -0.114743 0 2.64927 a b 3.11303 1 0
0 0 -0.119032 0 2.63495 a b 3.11886 1 0
0 0 -0.114178 0 2.61395 a b 3.1222 1 0
0 0 -0.111285 0 2.59695 a b 3.12353 1 0
0 0 -0.107887 0 2.57789 a b 3.12364 1 0
0 0 -0.106538 0 2.55709 a b 3.12364 1 0
0 0 -0.106689 0 2.53325 a b 3.12337 1 0
0 0 -0.106265 0 2.50813 a b 3.12245 1 0
0 0 -0.105196 0 2.48714 a b 3.12108 1 0
0 0 -0.10585 0 2.4673 a b 3.12061 1 0
0 0 -0.106883 0 2.44624 a b 3.12316 1 0
0 0 -0.10582 0 2.42443 a b 3.12407 1 0
0 0 -0.103276 0 2.40544 a b 3.12285 1 0
0 0 -0.102381 0 2.38632 a b 3.12173 1 0
0 0 -0.102152 0 2.36724 a b 3.12159 1 0
0 0 -0.106195 0 2.3494 a b 3.12138 1 0
0 0 -0.107407 0 2.33072 a b 3.12132 1 0
0 0 -0.104983 0 2.31705 a b 3.12258 1 0
0 0 -0.099691 0 2.2966 a b 3.12405 1 0
0 0 -0.099428 0 2.28189 a b 3.12425 1 0
0 0 -0.097453 0 2.2663 a b 3.12418 1 0
0 0 -0.096163 0 2.24546 a b 3.12245 1 0
0 0 -0.09508 0 2.2261 a b 3.12013 1 0
0 0 -0.09545 0 2.20809 a b 3.1189 1 0
0 0 -0.094614 0 2.18975 a b 3.11888 1 0
0 0 -0.094432 0 2.17011 a b 3.11994 1 0
0 0 -0.093149 0 2.15119 a b 3.1198 1 0
0 0 -0.095436 0 2.13369 a b 3.11937 1 0
0 0 -0.093994 0 2.11366 a b 3.11849 1 0
0 0 -0.094346 0 2.09218 a b 3.11818 1 0
0 0 -0.096493 0 2.07088 a b 3.11785 1 0
0 0 -0.09128 0 2.04991 a b 3.11781 1 0
0 0 -0.089522 0 2.03278 a b 3.1166 1 0
0 0 -0.08688 0 2.01444 a b 3.11695 1 0
0 0 -0.09152 0 1.99352 a b 3.11844 1 0
0 0 -0.090891 0 1.97156 a b 3.11829 1 0
0 0 -0.088586 0 1.95212 a b 3.11595 1 0
0 0 -0.089175 0 1.93358 a b 3.11256 1 0
0 0 -0.088263 0 1.91871 a b 3.11117 1 0
0 0 -0.084584 0 1.90134 a b 3.11111 1 0
0 0 -0.082573 0 1.88239 a b 3.11086 1 0
0 0 -0.082674 0 1.86372 a b 3.10956 1 0
0 0 -0.080988 0 1.8461 a b 3.10981 1 0
0 0 -0.078956 0 1.8284 a b 3.1122 1 0
0 0 -0.082021 0 1.80942 a b 3.11387 1 0
0 0 -0.085986 0 1.79332 a b 3.11279 1 0
0 0 -0.086744 0 1.77726 a b 3.11058 1 0
0 0 -0.083767 0 1.75355 a b 3.10805 1 0
0 0 -0.08159 0 1.72937 a b 3.10646 1 0
0 0 -0.078321 0 1.70803 a b 3.10632 1 0
0 0 -0.076542 0 1.68758 a b 3.10779 1 0
0 0 -0.080779 0 1.66603 a b 3.10764 1 0
0 0 -0.079249 0 1.64789 a b 3.10618 1 0
0 0 -0.080069 0 1.6319 a b 3.10551 1 0
0 0 -0.081029 0 1.61439 a b 3.10554 1 0
0 0 -0.081058 0 1.59732 a b 3.105 1 0
0 0 -0.079406 0 1.57974 a b 3.10404 1 0
0 0 -0.079838 0 1.56203 a b 3.1041 1 0
0 0 -0.082258 0 1.54705 a b 3.10354 1 0
0 0 -0.079685 0 1.5258 a b 3.10191 1 0
0 0 -0.078395 0 1.50858 a b 3.10221 1 0
0 0 -0.077227 0 1.49432 a b 3.10175 1 0
0 0 -0.07843 0 1.47886 a b 3.10017 1 0
0 0 -0.074721 0 1.45978 a b 3.09782 1 0
0 0 -0.071447 0 1.43834 a b 3.0958 1 0
0 0 -0.067199 0 1.41908 a b 3.09477 1 0
0 0 -0.070595 0 1.40223 a b 3.09316 1 0
0 0 -0.073818 0 1.38354 a b 3.09197 1 0
0 0 -0.071105 0 1.36246 a b 3.09019 1 0
0 0 -0.070858 0 1.34482 a b 3.08839 1 0
0 0 -0.067777 0 1.3249 a b 3.08676 1 0
0 0 -0.067686 0 1.30573 a b 3.08735 1 0
0 0 -0.067705 0 1.28951 a b 3.08757 1 0
0 0 -0.070265 0 1.27505 a b 3.08477 1 0
0 0 -0.064997 0 1.2565 a b 3.0818 1 0
0 0 -0.063199 0 1.23729 a b 3.07987 1 0
0 0 -0.061674 0 1.22229 a b 3.07932 1 0
0 0 -0.05741 0 1.20461 a b 3.07969 1 0
0 0 -0.056179 0 1.18675 a b 3.08127 1 0
0 0 -0.057566 0 1.17134 a b 3.08221 1 0
0 0 -0.056633 0 1.15589 a b 3.08084 1 0
0 0 -0.052687 0 1.13873 a b 3.0792 1 0
0 0 -0.047958 0 1.12416 a b 3.0797 1 0
0 0 -0.04666 0 1.10508 a b 3.08149 1 0
0 0 -0.044234 0 1.0875 a b 3.08486 1 0
0 0 -0.046081 0 1.07098 a b 3.08677 1 0
0 0 -0.044623 0 1.05532 a b 3.08861 1 0
0 0 -0.045208 0 1.03873 a b 3.0898 1 0
0 0 -0.045988 0 1.01924 a b 3.08944 1 0
0 0 -0.044743 0 0.998832 a b 3.08842 1 0
0 0 -0.04262 0 0.978801 a b 3.08677 1 0
0 0 -0.040192 0 0.954045 a b 3.08483 1 0
0 0 -0.038991 0 0.928804 a b 3.08473 1 0
0 0 -0.037482 0 0.90947 a b 3.08541 1 0
0 0 -0.035048 0 0.888429 a b 3.08565 1 0
0 0 -0.034514 0 0.868414 a b 3.08361 1 0
0 0 -0.034654 0 0.851486 a b 3.08343 1 0
0 0 -0.03728 0 0.835806 a b 3.08647 1 0
0 0 -0.037318 0 0.822618 a b 3.09034 1 0
0 0 -0.033317 0 0.808715 a b 3.09238 1 0
0 0 -0.029917 0 0.795123 a b 3.09202 1 0
0 0 -0.028995 0 0.781451 a b 3.09217 1 0
0 0 -0.028343 0 0.763581 a b 3.09333 1 0
0 0 -0.024081 0 0.748391 a b 3.09527 1 0
0 0 -0.020048 0 0.731226 a b 3.09772 1 0
0 0 -0.020295 0 0.711987 a b 3.09986 1 0
0 0 -0.01895 0 0.695306 a b 3.10088 1 0
0 0 -0.017737 0 0.674101 a b 3.09951 1 0
0 0 -0.015935 0 0.651061 a b 3.09477 1 0
0 0 -0.016241 0 0.631154 a b 3.09016 1 0
0 0 -0.020019 0 0.612215 a b 3.08811 1 0
0 0 -0.021897 0 0.59142 a b 3.09126 1 0
0 0 -0.022605 0 0.567911 a b 3.09633 1 0
0 0 -0.01875 0 0.546026 a b 3.09867 1 0
0 0 -0.012727 0 0.525942 a b 3.09822 1 0
0 0 -0.009852 0 0.506909 a b 3.09712 1 0
0 0 -0.011624 0 0.488977 a b 3.09638 1 0
0 0 -0.010371 0 0.476431 a b 3.09679 1 0
0 0 -0.012371 0 0.465346 a b 3.09751 1 0
0 0 -0.008276 0 0.442535 a b 3.09861 1 0
0 0 -0.007627 0 0.432419 a b 3.09951 1 0
0 0 -0.010761 0 0.418717 a b 3.10129 1 0
0 0 -0.006505 0 0.405743 a b 3.10595 1 0
0 0 -0.005787 0 0.385224 a b 3.10807 1 0
0 0 -0.006095 0 0.366595 a b 3.11026 1 0
0 0 -0.003931 0 0.347843 a b 3.11007 1 0
0 0 -0.000124 0 0.330342 a b 3.10799 1 0
0 0 0.002151 0 0.306847 a b 3.10696 1 0
0 0 0.003329 0 0.283095 a b 3.10948 1 0
0 0 0.000911 0 0.259618 a b 3.11369 1 0
0 0 0.004302 0 0.225724 a b 3.11929 1 0
0 0 0.00534 0 0.186964 a b 3.12243 1 0
0 0 0.003817 0 0.155422 a b 3.12227 1 0
0 0 0.006023 0 0.122796 a b 3.11962 1 0
0 0 0.009529 0 0.095413 a b 3.11624 1 0
0 0 0.005134 0 0.075446 a b 3.11714 1 0
0 0 0.001512 0 0.054606 a b 3.12163 1 0
0 0 0.000832 0 0.035867 a b 3.12632 1 0
0 0 -0.000485 0 0.016165 a b 3.13256 1 0
0 0 -4.7e-05 0 0.002932 a b -3.1415 1 0
