0 0 40.9621 0 27.1816 a b 0.0499207 10 0
0 0 40.961 0 27.1963 a b 0.0530009 10 0
0 0 40.96 0 27.2086 a b 0.0496486 10 0
0 0 40.9633 0 27.2306 a b 0.0513352 10 0
0 0 40.9635 0 27.2591 a b 0.0507397 10 0
0 0 40.9568 0 27.2976 a b 0.0530392 10 0
0 0 40.9594 0 27.3396 a b 0.0479217 10 0
0 0 40.9589 0 27.3851 a b 0.0470926 10 0
0 0 40.9556 0 27.4329 a b 0.0530656 10 0
0 0 40.9647 0 27.4844 a b 0.0561976 10 0
0 0 40.9694 0 27.5267 a b 0.0554851 10 0
0 0 40.9665 0 27.5702 a b 0.0521475 10 0
0 0 40.9613 0 27.6126 a b 0.0531987 10 0
0 0 40.9568 0 27.6604 a b 0.0543504 10 0
0 0 40.9638 0 27.6958 a b 0.053628 10 0
0 0 40.9683 0 27.7261 a b 0.0503914 10 0
0 0 40.9618 0 27.7574 a b 0.0502144 10 0
0 0 40.9601 0 27.7797 a b 0.0503105 10 0
0 0 40.9584 0 27.8001 a b 0.0513497 10 0
0 0 40.9632 0 27.8192 a b 0.0503464 10 0
0 0 40.9666 0 27.839 a b 0.0493613 10 0
0 0 40.9662 0 27.8616 a b 0.0473157 10 0
0 0 40.9631 0 27.8754 a b 0.0464375 10 0
0 0 40.9673 0 27.8948 a b 0.046806 10 0
0 0 40.9644 0 27.9132 a b 0.0447857 10 0
0 0 40.9609 0 27.9371 a b 0.0449966 10 0
0 0 40.9561 0 27.9598 a b 0.0425999 10 0
0 0 40.9553 0 27.9813 a b 0.0398395 10 0
0 0 40.9692 0 28.0097 a b 0.038318 10 0
0 0 40.9781 0 28.0426 a b 0.0368932 10 0
0 0 40.9782 0 28.0739 a b 0.0346159 10 0
0 0 40.9765 0 28.1125 a b 0.0307394 10 0
0 0 40.9729 0 28.1511 a b 0.0327771 10 0
0 0 40.9704 0 28.1963 a b 0.0372718 10 0
0 0 40.9709 0 28.2452 a b 0.0336054 10 0
0 0 40.981 0 28.3021 a b 0.0214714 10 0
0 0 40.9836 0 28.3367 a b 0.021337 10 0
0 0 40.9905 0 28.3685 a b 0.0302937 10 0
0 0 40.9933 0 28.4028 a b 0.0316668 10 0
0 0 40.9871 0 28.4317 a b 0.0282173 10 0
0 0 40.9825 0 28.4555 a b 0.026829 10 0
0 0 40.9761 0 28.4794 a b 0.0284898 10 0
0 0 40.9714 0 28.4991 a b 0.0259734 10 0
0 0 40.9698 0 28.5177 a b 0.0254927 10 0
0 0 40.9737 0 28.5309 a b 0.028165 10 0
0 0 40.9716 0 28.5473 a b 0.0291278 10 0
0 0 40.9707 0 28.5627 a b 0.024272 10 0
0 0 40.967 0 28.5771 a b 0.0179203 10 0
0 0 40.966 0 28.5997 a b 0.0134902 10 0
0 0 40.9738 0 28.6268 a b 0.0143969 10 0
0 0 40.9819 0 28.6584 a b 0.0168323 10 0
0 0 40.9803 0 28.6913 a b 0.015246 10 0
0 0 40.981 0 28.7224 a b 0.0156402 10 0
0 0 40.9849 0 28.7601 a b 0.0138689 10 0
0 0 40.9819 0 28.8101 a b 0.013557 10 0
0 0 40.9762 0 28.8497 a b 0.0136864 10 0
0 0 40.976 0 28.8828 a b 0.0090551 10 0
0 0 40.9769 0 28.9141 a b 0.00294018 10 0
0 0 40.9843 0 28.943 a b 0.00304233 10 0
0 0 40.9834 0 28.974 a b 0.0107018 10 0
0 0 40.9797 0 29.0066 a b 0.0164972 10 0
0 0 40.9731 0 29.0317 a b 0.0138716 10 0
0 0 40.9744 0 29.0531 a b 0.00781356 10 0
0 0 40.9743 0 29.0742 a b 0.00403073 10 0
0 0 40.9736 0 29.0928 a b 0.00539502 10 0
0 0 40.977 0 29.111 a b 0.00703121 10 0
0 0 40.974 0 29.1303 a b 0.00847849 10 0
0 0 40.9731 0 29.1456 a b 0.0069909 10 0
0 0 40.9584 0 29.1767 a b 0.00704366 10 0
0 0 40.9529 0 29.203 a b 0.00328113 10 0
0 0 40.952 0 29.2306 a b 0.00241915 10 0
0 0 40.95 0 29.2601 a b 0.00319772 10 0
0 0 40.9432 0 29.2899 a b 0.0015155 10 0
0 0 40.9388 0 29.3245 a b 0.00231563 10 0
0 0 40.9363 0 29.3606 a b 0.0070638 10 0
0 0 40.9375 0 29.3954 a b 0.010244 10 0
0 0 40.9385 0 29.4305 a b 0.0124452 10 0
0 0 40.941 0 29.4669 a b 0.0101481 10 0
0 0 40.9385 0 29.5027 a b 0.0108759 10 0
0 0 40.9388 0 29.5354 a b 0.0147893 10 0
0 0 40.9429 0 29.5621 a b 0.0163742 10 0
0 0 40.9398 0 29.5904 a b 0.017411 10 0
0 0 40.9361 0 29.6169 a b 0.0206425 10 0
0 0 40.9375 0 29.6408 a b 0.025175 10 0
0 0 40.939 0 29.6636 a b 0.0310753 10 0
0 0 40.9419 0 29.685 a b 0.037064 10 0
0 0 40.942 0 29.7065 a b 0.0411024 10 0
0 0 40.942 0 29.7279 a b 0.0453206 10 0
0 0 40.9406 0 29.752 a b 0.0492813 10 0
0 0 40.9447 0 29.7753 a b 0.0529025 10 0
0 0 40.947 0 29.7985 a b 0.0545206 10 0
0 0 40.9443 0 29.8271 a b 0.0564936 10 0
0 0 40.9442 0 29.8593 a b 0.0594539 10 0
0 0 40.9449 0 29.8932 a b 0.0639063 10 0
0 0 40.9451 0 29.9267 a b 0.0678399 10 0
0 0 40.9523 0 29.9649 a b 0.0702455 10 0
0 0 40.96 0 29.9994 a b 0.0697996 10 0
0 0 40.9659 0 30.0361 a b 0.0688788 10 0
0 0 40.9717 0 30.0703 a b 0.0741645 10 0
0 0 40.978 0 30.1003 a b 0.0814567 10 0
0 0 40.9772 0 30.1259 a b 0.0869495 10 0
0 0 40.9744 0 30.1525 a b 0.0892807 10 0
0 0 40.9734 0 30.1744 a b 0.0881354 10 0
0 0 40.9712 0 30.2014 a b 0.0863806 10 0
0 0 40.9701 0 30.2253 a b 0.0865693 10 0
0 0 40.9733 0 30.2465 a b 0.0870905 10 0
0 0 40.979 0 30.2722 a b 0.0879447 10 0
0 0 40.9853 0 30.3 a b 0.0899914 10 0
0 0 40.9757 0 30.3233 a b 0.0903729 10 0
0 0 40.9734 0 30.3498 a b 0.0895014 10 0
0 0 40.9701 0 30.3841 a b 0.0894265 10 0
0 0 40.9744 0 30.4172 a b 0.0914266 10 0
0 0 40.9811 0 30.4494 a b 0.0941169 10 0
0 0 40.9862 0 30.4815 a b 0.0945492 10 0
0 0 40.9904 0 30.5088 a b 0.0915925 10 0
0 0 40.9932 0 30.5359 a b 0.0920629 10 0
0 0 40.9965 0 30.562 a b 0.0924834 10 0
0 0 40.9954 0 30.5842 a b 0.0917413 10 0
0 0 40.9957 0 30.6087 a b 0.0917254 10 0
0 0 40.994 0 30.6311 a b 0.0955553 10 0
0 0 40.9908 0 30.6538 a b 0.102404 10 0
0 0 40.9918 0 30.6758 a b 0.101794 10 0
0 0 40.9965 0 30.7006 a b 0.0980375 10 0
0 0 40.9944 0 30.7264 a b 0.100606 10 0
0 0 40.9947 0 30.7582 a b 0.102669 10 0
0 0 40.9986 0 30.7894 a b 0.102797 10 0
0 0 40.9974 0 30.8231 a b 0.105015 10 0
0 0 41.0004 0 30.8573 a b 0.106139 10 0
0 0 41.0052 0 30.8912 a b 0.107532 10 0
0 0 41.0045 0 30.9273 a b 0.109812 10 0
0 0 41.0043 0 30.9606 a b 0.110722 10 0
0 0 41.0083 0 31.0013 a b 0.109713 10 0
0 0 41.0137 0 31.0322 a b 0.112932 10 0
0 0 41.0202 0 31.0586 a b 0.113897 10 0
0 0 41.0257 0 31.0851 a b 0.112899 10 0
0 0 41.0278 0 31.1103 a b 0.110534 10 0
0 0 41.0263 0 31.1365 a b 0.111818 10 0
0 0 41.0259 0 31.1595 a b 0.114366 10 0
0 0 41.0249 0 31.1828 a b 0.116236 10 0
0 0 41.0238 0 31.2072 a b 0.116 10 0
0 0 41.0253 0 31.2358 a b 0.115142 10 0
0 0 41.0282 0 31.2628 a b 0.117888 10 0
0 0 41.036 0 31.2946 a b 0.116466 10 0
0 0 41.0371 0 31.3243 a b 0.116668 10 0
0 0 41.0421 0 31.355 a b 0.117499 10 0
0 0 41.0421 0 31.3859 a b 0.117356 10 0
0 0 41.0477 0 31.4164 a b 0.118448 10 0
0 0 41.0515 0 31.4485 a b 0.118795 10 0
0 0 41.0547 0 31.4928 a b 0.118088 10 0
0 0 41.0662 0 31.5221 a b 0.115647 10 0
0 0 41.0697 0 31.5439 a b 0.120277 10 0
0 0 41.0701 0 31.5695 a b 0.127459 10 0
0 0 41.0697 0 31.5976 a b 0.125201 10 0
0 0 41.0637 0 31.6223 a b 0.115845 10 0
0 0 41.0605 0 31.642 a b 0.105308 10 0
0 0 41.0646 0 31.663 a b 0.103577 10 0
0 0 41.065 0 31.6899 a b 0.104251 10 0
0 0 41.0637 0 31.7244 a b 0.098106 10 0
0 0 41.0676 0 31.7576 a b 0.0861723 10 0
0 0 41.0674 0 31.7824 a b 0.0774427 10 0
0 0 41.0679 0 31.8134 a b 0.0719749 10 0
0 0 41.0674 0 31.848 a b 0.066469 10 0
0 0 41.0684 0 31.8839 a b 0.0562829 10 0
0 0 41.0711 0 31.9129 a b 0.0463035 10 0
0 0 41.0745 0 31.945 a b 0.0401097 10 0
0 0 41.0732 0 31.9788 a b 0.0334212 10 0
0 0 41.0772 0 32.0078 a b 0.0270966 10 0
0 0 41.0748 0 32.034 a b 0.024362 10 0
0 0 41.0672 0 32.0599 a b 0.0170976 10 0
0 0 41.0674 0 32.0781 a b 0.00887646 10 0
0 0 41.0757 0 32.095 a b 0.00632139 10 0
0 0 41.0721 0 32.1189 a b 0.00673112 10 0
0 0 41.0727 0 32.1443 a b 0.00114359 10 0
0 0 41.074 0 32.1754 a b -0.00365413 10 0
0 0 41.0754 0 32.2022 a b -0.00752063 10 0
0 0 41.0744 0 32.2322 a b -0.0105208 10 0
0 0 41.0734 0 32.2656 a b -0.0148049 10 0
0 0 41.0738 0 32.2949 a b -0.0204157 10 0
0 0 41.0737 0 32.327 a b -0.0251369 10 0
0 0 41.0742 0 32.362 a b -0.0273863 10 0
0 0 41.0709 0 32.3964 a b -0.0322589 10 0
0 0 41.071 0 32.4278 a b -0.0364603 10 0
0 0 41.0716 0 32.4597 a b -0.0387166 10 0
0 0 41.0712 0 32.4895 a b -0.0342035 10 0
0 0 41.0629 0 32.519 a b -0.0342036 10 0
0 0 41.0535 0 32.5489 a b -0.0427934 10 0
0 0 41.0529 0 32.5742 a b -0.0535706 10 0
0 0 41.0593 0 32.5954 a b -0.0536255 10 0
0 0 41.0576 0 32.6187 a b -0.0502141 10 0
0 0 41.0553 0 32.6438 a b -0.050659 10 0
0 0 41.0555 0 32.6681 a b -0.0524487 10 0
0 0 41.0542 0 32.6918 a b -0.05034 10 0
0 0 41.0557 0 32.718 a b -0.0481972 10 0
0 0 41.0551 0 32.7447 a b -0.0445992 10 0
0 0 41.0531 0 32.7709 a b -0.0411017 10 0
0 0 41.0504 0 32.8014 a b -0.0365506 10 0
0 0 41.0504 0 32.8352 a b -0.0270792 10 0
0 0 41.0542 0 32.8633 a b -0.020015 10 0
0 0 41.056 0 32.893 a b -0.0125367 10 0
0 0 41.0561 0 32.9224 a b -0.00940478 10 0
0 0 41.0555 0 32.956 a b -0.00546618 10 0
0 0 41.0511 0 32.9895 a b 7.76289e-05 10 0
0 0 41.0479 0 33.0203 a b 0.00982906 10 0
0 0 41.0441 0 33.0437 a b 0.0113825 10 0
0 0 41.0422 0 33.067 a b 0.00791264 10 0
0 0 41.0423 0 33.0933 a b 0.00838419 10 0
0 0 41.0417 0 33.1184 a b 0.0118666 10 0
0 0 41.0422 0 33.1447 a b 0.0159558 10 0
0 0 41.0389 0 33.1723 a b 0.0184951 10 0
0 0 41.0416 0 33.1994 a b 0.0177304 10 0
0 0 41.0391 0 33.2276 a b 0.0190511 10 0
0 0 41.037 0 33.2564 a b 0.0217046 10 0
0 0 41.0352 0 33.2848 a b 0.0229669 10 0
0 0 41.0371 0 33.3126 a b 0.0222875 10 0
0 0 41.0381 0 33.3439 a b 0.0224349 10 0
0 0 41.0365 0 33.3721 a b 0.0236669 10 0
0 0 41.0359 0 33.4037 a b 0.0259771 10 0
0 0 41.0382 0 33.4347 a b 0.0251638 10 0
0 0 41.0403 0 33.462 a b 0.0213969 10 0
0 0 41.0377 0 33.4932 a b 0.0201239 10 0
0 0 41.0405 0 33.5288 a b 0.0226299 10 0
0 0 41.0406 0 33.5575 a b 0.0260399 10 0
0 0 41.0352 0 33.5796 a b 0.0271339 10 0
0 0 41.0298 0 33.6049 a b 0.0266832 10 0
0 0 41.0304 0 33.633 a b 0.0289712 10 0
0 0 41.0328 0 33.6579 a b 0.0279373 10 0
0 0 41.034 0 33.6835 a b 0.0265018 10 0
0 0 41.0339 0 33.712 a b 0.0274236 10 0
0 0 41.0309 0 33.7421 a b 0.0286775 10 0
0 0 41.0295 0 33.7724 a b 0.0286284 10 0
0 0 41.0282 0 33.8027 a b 0.0287547 10 0
0 0 41.0279 0 33.8344 a b 0.0277258 10 0
0 0 41.0295 0 33.8651 a b 0.0277625 10 0
0 0 41.0329 0 33.8943 a b 0.0268041 10 0
0 0 41.0333 0 33.9269 a b 0.0254084 10 0
0 0 41.0329 0 33.9596 a b 0.0256965 10 0
0 0 41.0327 0 33.9922 a b 0.0283128 10 0
0 0 41.0375 0 34.0244 a b 0.0296789 10 0
0 0 41.0366 0 34.0542 a b 0.026864 10 0
0 0 41.0338 0 34.0825 a b 0.0268037 10 0
0 0 41.0363 0 34.1075 a b 0.0260608 10 0
0 0 41.0348 0 34.1323 a b 0.0276227 10 0
0 0 41.0359 0 34.1586 a b 0.0265899 10 0
0 0 41.0347 0 34.1821 a b 0.0270984 10 0
0 0 41.0353 0 34.2131 a b 0.0283435 10 0
0 0 41.0366 0 34.2438 a b 0.0269954 10 0
0 0 41.0381 0 34.2747 a b 0.0261432 10 0
0 0 41.0375 0 34.3047 a b 0.0269029 10 0
0 0 41.0382 0 34.3387 a b 0.027668 10 0
0 0 41.0398 0 34.3754 a b 0.0261237 10 0
0 0 41.0402 0 34.4082 a b 0.0250616 10 0
0 0 41.0416 0 34.4411 a b 0.0254734 10 0
0 0 41.0415 0 34.4729 a b 0.0262947 10 0
0 0 41.0422 0 34.506 a b 0.0266136 10 0
0 0 41.0423 0 34.5364 a b 0.0275499 10 0
0 0 41.0427 0 34.563 a b 0.0251001 10 0
0 0 41.0402 0 34.5841 a b 0.0251546 10 0
0 0 41.0372 0 34.6067 a b 0.0264983 10 0
0 0 41.0389 0 34.6308 a b 0.0277207 10 0
0 0 41.0378 0 34.6545 a b 0.0269381 10 0
0 0 41.0403 0 34.6772 a b 0.025431 10 0
0 0 41.0404 0 34.7046 a b 0.0243376 10 0
0 0 41.0395 0 34.7321 a b 0.0261594 10 0
0 0 41.039 0 34.7667 a b 0.0243865 10 0
0 0 41.041 0 34.7946 a b 0.0211053 10 0
0 0 41.0405 0 34.825 a b 0.0228477 10 0
0 0 41.039 0 34.8598 a b 0.0228534 10 0
0 0 41.0385 0 34.8992 a b 0.0202398 10 0
0 0 41.0406 0 34.9356 a b 0.0165153 10 0
0 0 41.0433 0 34.9695 a b 0.0158457 10 0
0 0 41.0422 0 35.0065 a b 0.0162425 10 0
0 0 41.0411 0 35.0388 a b 0.01432 10 0
0 0 41.0399 0 35.069 a b 0.0111119 10 0
0 0 41.0385 0 35.0951 a b 0.0140055 10 0
0 0 41.039 0 35.1189 a b 0.0165638 10 0
0 0 41.036 0 35.1448 a b 0.0151304 10 0
0 0 41.0333 0 35.1689 a b 0.0127123 10 0
0 0 41.0354 0 35.1939 a b 0.0106774 10 0
0 0 41.0355 0 35.2201 a b 0.0111267 10 0
0 0 41.0333 0 35.2446 a b 0.00992036 10 0
0 0 41.0336 0 35.2711 a b 0.00884592 10 0
0 0 41.0356 0 35.2999 a b 0.00791864 10 0
0 0 41.0335 0 35.3274 a b 0.00651793 10 0
0 0 41.0342 0 35.3573 a b 0.00664321 10 0
0 0 41.033 0 35.3874 a b 0.00633722 10 0
0 0 41.0315 0 35.4196 a b 0.00524866 10 0
0 0 41.0301 0 35.453 a b 0.003367 10 0
0 0 41.0304 0 35.4861 a b -0.00131495 10 0
0 0 41.0327 0 35.521 a b -0.00499444 10 0
0 0 41.0332 0 35.5523 a b -0.00377815 10 0
0 0 41.0325 0 35.5814 a b -0.00224383 10 0
0 0 41.03 0 35.6095 a b -0.00356442 10 0
0 0 41.0297 0 35.638 a b -0.00703588 10 0
0 0 41.0289 0 35.6651 a b -0.00800028 10 0
0 0 41.0297 0 35.6907 a b -0.00952728 10 0
0 0 41.0319 0 35.717 a b -0.0104187 10 0
0 0 41.0301 0 35.7451 a b -0.0121468 10 0
0 0 41.029 0 35.7724 a b -0.0136281 10 0
0 0 41.0281 0 35.7995 a b -0.0153698 10 0
0 0 41.0259 0 35.83 a b -0.0167043 10 0
0 0 41.0271 0 35.8608 a b -0.018938 10 0
0 0 41.026 0 35.8909 a b -0.0214635 10 0
0 0 41.0254 0 35.9233 a b -0.0226248 10 0
0 0 41.0254 0 35.9555 a b -0.0250851 10 0
0 0 41.0246 0 35.9849 a b -0.0245034 10 0
0 0 41.0251 0 36.0119 a b -0.0227587 10 0
0 0 41.023 0 36.0366 a b -0.0257008 10 0
0 0 41.0206 0 36.0622 a b -0.0304025 10 0
0 0 41.0219 0 36.0856 a b -0.0325494 10 0
0 0 41.0221 0 36.1079 a b -0.0313381 10 0
0 0 41.02 0 36.132 a b -0.0317506 10 0
0 0 41.019 0 36.1542 a b -0.0358812 10 0
0 0 41.019 0 36.1784 a b -0.0351634 10 0
0 0 41.0185 0 36.2008 a b -0.0321422 10 0
0 0 41.0161 0 36.2222 a b -0.027335 10 0
0 0 41.0131 0 36.2431 a b -0.0226791 10 0
0 0 41.0108 0 36.2586 a b -0.0218441 10 0
0 0 41.0105 0 36.2721 a b -0.0246783 10 0
0 0 41.0099 0 36.2845 a b -0.0268562 10 0
0 0 41.009 0 36.2997 a b -0.026704 10 0
0 0 41.011 0 36.3148 a b -0.0372741 10 0
0 0 41.0141 0 36.3291 a b -0.0395169 10 0
0 0 41.0155 0 36.3462 a b -0.0378878 10 0
0 0 41.0168 0 36.3718 a b -0.0357491 10 0
0 0 41.0139 0 36.4047 a b -0.0355095 10 0
0 0 41.0086 0 36.4481 a b -0.0351416 10 0
0 0 41.0055 0 36.4962 a b -0.0352014 10 0
0 0 41.0012 0 36.5367 a b -0.046272 10 0
0 0 40.9982 0 36.5809 a b -0.0437117 10 0
0 0 40.9963 0 36.6216 a b -0.0362052 10 0
0 0 40.9973 0 36.6594 a b -0.0290873 10 0
0 0 40.9959 0 36.6935 a b -0.026504 10 0
0 0 40.9901 0 36.731 a b -0.0200611 10 0
0 0 40.9922 0 36.7605 a b -0.00537871 10 0
0 0 40.9928 0 36.7893 a b 0.00411362 10 0
0 0 40.9915 0 36.8162 a b 0.00920753 10 0
0 0 40.9934 0 36.8433 a b 0.015751 10 0
0 0 40.9956 0 36.8664 a b 0.0192801 10 0
0 0 40.9962 0 36.888 a b 0.019289 10 0
0 0 40.995 0 36.9138 a b 0.0227666 10 0
0 0 40.9951 0 36.9373 a b 0.0256519 10 0
0 0 40.9956 0 36.9616 a b 0.0286323 10 0
0 0 40.9987 0 36.9862 a b 0.0254231 10 0
0 0 41.0015 0 37.0114 a b 0.0195172 10 0
0 0 41.0062 0 37.0383 a b 0.0194538 10 0
0 0 41.0094 0 37.0633 a b 0.0236557 10 0
0 0 41.0079 0 37.0901 a b 0.029362 10 0
0 0 41.0067 0 37.1147 a b 0.0334749 10 0
0 0 41.0081 0 37.1404 a b 0.0334083 10 0
0 0 41.0072 0 37.167 a b 0.0289962 10 0
0 0 41.0035 0 37.1945 a b 0.0266809 10 0
0 0 41.0028 0 37.226 a b 0.0291812 10 0
0 0 41.0062 0 37.2555 a b 0.0328089 10 0
0 0 41.0078 0 37.2861 a b 0.0350087 10 0
0 0 41.0082 0 37.3174 a b 0.0351689 10 0
0 0 41.0076 0 37.3495 a b 0.0352973 10 0
0 0 41.0062 0 37.3835 a b 0.0344215 10 0
0 0 41.0047 0 37.4162 a b 0.0341753 10 0
0 0 41.004 0 37.4487 a b 0.0339631 10 0
0 0 41.0023 0 37.4819 a b 0.038331 10 0
0 0 41.0068 0 37.5128 a b 0.0380519 10 0
0 0 41.007 0 37.5432 a b 0.0349454 10 0
0 0 41.0072 0 37.5691 a b 0.0345494 10 0
0 0 41.008 0 37.5971 a b 0.0363075 10 0
0 0 41.0063 0 37.6225 a b 0.0377187 10 0
0 0 41.0049 0 37.6476 a b 0.0376154 10 0
0 0 41.0048 0 37.6731 a b 0.035632 10 0
0 0 41.0037 0 37.6963 a b 0.0327348 10 0
0 0 41.0025 0 37.7193 a b 0.0320867 10 0
0 0 41.0013 0 37.7481 a b 0.0323592 10 0
0 0 41.0022 0 37.7779 a b 0.0318272 10 0
0 0 41.0035 0 37.806 a b 0.0320632 10 0
0 0 41.003 0 37.8356 a b 0.0317715 10 0
0 0 41.0015 0 37.866 a b 0.0317828 10 0
0 0 41.001 0 37.8982 a b 0.0318362 10 0
0 0 41 0 37.9302 a b 0.0308798 10 0
0 0 40.9997 0 37.9626 a b 0.0308557 10 0
0 0 41.0005 0 37.9958 a b 0.0305184 10 0
0 0 41.0024 0 38.0292 a b 0.0284326 10 0
0 0 41.0032 0 38.0571 a b 0.0262133 10 0
0 0 41.0036 0 38.0837 a b 0.0255215 10 0
0 0 41.0041 0 38.1091 a b 0.0260901 10 0
0 0 41.0033 0 38.1364 a b 0.0259051 10 0
0 0 41.0024 0 38.1644 a b 0.0257064 10 0
0 0 41.0011 0 38.1943 a b 0.0250231 10 0
0 0 41.0013 0 38.2225 a b 0.0241266 10 0
0 0 41.0006 0 38.2518 a b 0.0230932 10 0
0 0 41.0015 0 38.2815 a b 0.0218915 10 0
0 0 41.0048 0 38.3119 a b 0.0200958 10 0
0 0 41.0092 0 38.3438 a b 0.0191327 10 0
0 0 41.0118 0 38.3767 a b 0.0191854 10 0
0 0 41.0108 0 38.4067 a b 0.017697 10 0
0 0 41.0111 0 38.4379 a b 0.0163407 10 0
0 0 41.0113 0 38.4692 a b 0.0161495 10 0
0 0 41.0123 0 38.4983 a b 0.0180399 10 0
0 0 41.0088 0 38.5273 a b 0.0213074 10 0
0 0 41.0032 0 38.5515 a b 0.0192008 10 0
0 0 41.0009 0 38.5743 a b 0.0137367 10 0
0 0 41.0036 0 38.5972 a b 0.0111443 10 0
0 0 41.0031 0 38.6212 a b 0.0119138 10 0
0 0 41.0038 0 38.6454 a b 0.0123568 10 0
0 0 41.0038 0 38.6708 a b 0.0119213 10 0
0 0 41.0012 0 38.6989 a b 0.010561 10 0
0 0 40.9999 0 38.7282 a b 0.0092512 10 0
0 0 41.0005 0 38.7591 a b 0.0101998 10 0
0 0 40.9996 0 38.7927 a b 0.00890179 10 0
0 0 40.9999 0 38.8265 a b 0.00551847 10 0
0 0 41.0009 0 38.8615 a b 0.00479079 10 0
0 0 41.0008 0 38.897 a b 0.00422855 10 0
0 0 40.999 0 38.934 a b 0.00303183 10 0
0 0 41.0029 0 38.97 a b 0.0014612 10 0
0 0 41.0054 0 39.0053 a b 0.00455712 10 0
0 0 41.0034 0 39.0354 a b 0.00950665 10 0
0 0 40.9999 0 39.0602 a b 0.00993059 10 0
0 0 40.9987 0 39.0852 a b 0.00422649 10 0
0 0 40.9971 0 39.1082 a b -0.00158939 10 0
0 0 40.9951 0 39.129 a b -0.00208558 10 0
0 0 40.994 0 39.1486 a b -0.000852125 10 0
0 0 40.9932 0 39.169 a b -0.000390172 10 0
0 0 40.9946 0 39.1911 a b -0.00246889 10 0
0 0 40.9968 0 39.2169 a b -0.00331348 10 0
0 0 40.996 0 39.244 a b -0.00236779 10 0
0 0 40.9938 0 39.2722 a b -0.000893176 10 0
0 0 40.9925 0 39.3047 a b -0.00104163 10 0
0 0 40.9931 0 39.3384 a b -0.00274445 10 0
0 0 40.9921 0 39.3732 a b -0.00411881 10 0
0 0 40.9914 0 39.4109 a b -0.00547053 10 0
0 0 40.9904 0 39.4495 a b -0.00682236 10 0
0 0 40.9908 0 39.4888 a b -0.00938659 10 0
0 0 40.9925 0 39.5244 a b -0.0106378 10 0
0 0 40.9958 0 39.551 a b -0.0089448 10 0
0 0 40.9937 0 39.5774 a b -0.00825792 10 0
0 0 40.9899 0 39.602 a b -0.0100644 10 0
0 0 40.9903 0 39.6239 a b -0.0129972 10 0
0 0 40.9848 0 39.6472 a b -0.0151689 10 0
0 0 40.9828 0 39.6698 a b -0.0146803 10 0
0 0 40.9825 0 39.6942 a b -0.0144596 10 0
0 0 40.9827 0 39.7195 a b -0.0156843 10 0
0 0 40.9823 0 39.7471 a b -0.0179316 10 0
0 0 40.9814 0 39.7746 a b -0.0193255 10 0
0 0 40.9788 0 39.8031 a b -0.019768 10 0
0 0 40.9783 0 39.8339 a b -0.0206635 10 0
0 0 40.9743 0 39.8678 a b -0.0204576 10 0
0 0 40.971 0 39.9004 a b -0.0211752 10 0
0 0 40.9692 0 39.9351 a b -0.0221062 10 0
0 0 40.966 0 39.9682 a b -0.0221952 10 0
0 0 40.9662 0 40.0021 a b -0.0229179 10 0
0 0 40.9693 0 40.0368 a b -0.0174538 10 0
0 0 40.9699 0 40.0608 a b -0.0120436 10 0
0 0 40.9698 0 40.0818 a b -0.0107286 10 0
0 0 40.9662 0 40.1031 a b -0.00996629 10 0
0 0 40.9648 0 40.1274 a b -0.00599633 10 0
0 0 40.9652 0 40.1477 a b -0.00318095 10 0
0 0 40.966 0 40.1678 a b -0.00260681 10 0
0 0 40.9661 0 40.1926 a b -0.00333875 10 0
0 0 40.9631 0 40.2208 a b -0.00163059 10 0
0 0 40.961 0 40.2489 a b 0.00163164 10 0
0 0 40.9604 0 40.2791 a b 0.00338072 10 0
0 0 40.9602 0 40.3102 a b 0.00457065 10 0
0 0 40.9575 0 40.3466 a b 0.00487442 10 0
0 0 40.9551 0 40.3833 a b 0.00461908 10 0
0 0 40.9536 0 40.4216 a b 0.00624714 10 0
0 0 40.9499 0 40.4587 a b 0.00881686 10 0
0 0 40.9502 0 40.494 a b 0.0107804 10 0
0 0 40.9512 0 40.5293 a b 0.00963032 10 0
0 0 40.9502 0 40.5603 a b 0.0124446 10 0
0 0 40.9502 0 40.5903 a b 0.016484 10 0
0 0 40.9531 0 40.618 a b 0.0190886 10 0
0 0 40.953 0 40.6381 a b 0.0178274 10 0
0 0 40.9528 0 40.6589 a b 0.0145407 10 0
0 0 40.9471 0 40.6807 a b 0.0123674 10 0
0 0 40.9415 0 40.7014 a b 0.014209 10 0
0 0 40.9419 0 40.7243 a b 0.0169735 10 0
0 0 40.9451 0 40.7514 a b 0.0169217 10 0
0 0 40.9462 0 40.7789 a b 0.01543 10 0
0 0 40.9445 0 40.8073 a b 0.016579 10 0
0 0 40.9408 0 40.8383 a b 0.0190351 10 0
0 0 40.9407 0 40.8704 a b 0.0210319 10 0
0 0 40.9423 0 40.9038 a b 0.0193598 10 0
0 0 40.9419 0 40.9398 a b 0.0182244 10 0
0 0 40.9405 0 40.9749 a b 0.0171565 10 0
0 0 40.9445 0 41.013 a b 0.0163806 10 0
0 0 40.9475 0 41.0508 a b 0.0152513 10 0
0 0 40.9481 0 41.0831 a b 0.0145884 10 0
0 0 40.9473 0 41.1133 a b 0.0148843 10 0
0 0 40.9442 0 41.1413 a b 0.0159943 10 0
0 0 40.9442 0 41.165 a b 0.0165227 10 0
0 0 40.9447 0 41.1897 a b 0.0160613 10 0
0 0 40.9457 0 41.213 a b 0.0143822 10 0
0 0 40.9466 0 41.2376 a b 0.0139471 10 0
0 0 40.9456 0 41.2656 a b 0.0126193 10 0
0 0 40.9446 0 41.2907 a b 0.0114087 10 0
0 0 40.9449 0 41.3186 a b 0.0113885 10 0
0 0 40.9458 0 41.3505 a b 0.0112249 10 0
0 0 40.945 0 41.3808 a b 0.0111669 10 0
0 0 40.9429 0 41.4159 a b 0.0113874 10 0
0 0 40.9412 0 41.4504 a b 0.0113731 10 0
0 0 40.9398 0 41.48 a b 0.011248 10 0
0 0 40.9417 0 41.5169 a b 0.0107547 10 0
0 0 40.9429 0 41.5554 a b 0.0100061 10 0
0 0 40.9456 0 41.5894 a b 0.00946438 10 0
0 0 40.944 0 41.6206 a b 0.0112242 10 0
0 0 40.9392 0 41.6497 a b 0.0121809 10 0
0 0 40.935 0 41.6734 a b 0.0123987 10 0
0 0 40.9345 0 41.6966 a b 0.0112123 10 0
0 0 40.9351 0 41.7188 a b 0.0105814 10 0
0 0 40.9353 0 41.7407 a b 0.0102689 10 0
0 0 40.9352 0 41.7639 a b 0.0116786 10 0
0 0 40.9321 0 41.7821 a b 0.0111232 10 0
0 0 40.9313 0 41.8087 a b 0.0113259 10 0
0 0 40.9312 0 41.8345 a b 0.0132549 10 0
0 0 40.9296 0 41.8635 a b 0.0124674 10 0
0 0 40.9295 0 41.8954 a b 0.0124793 10 0
0 0 40.9258 0 41.9312 a b 0.013793 10 0
0 0 40.9263 0 41.9635 a b 0.0118168 10 0
0 0 40.9274 0 41.9946 a b 0.00927208 10 0
0 0 40.9326 0 42.0236 a b 0.00731551 10 0
0 0 40.935 0 42.0553 a b 0.0081855 10 0
0 0 40.9334 0 42.0843 a b 0.00867596 10 0
0 0 40.9335 0 42.1143 a b 0.00665944 10 0
0 0 40.9339 0 42.1422 a b 0.00627774 10 0
0 0 40.933 0 42.1706 a b 0.00841477 10 0
0 0 40.9325 0 42.1963 a b 0.00682764 10 0
0 0 40.9358 0 42.2254 a b 0.00577808 10 0
0 0 40.9346 0 42.2523 a b 0.00646621 10 0
0 0 40.9327 0 42.2828 a b 0.00711635 10 0
0 0 40.9305 0 42.3134 a b 0.00605547 10 0
0 0 40.9298 0 42.3421 a b 0.00450946 10 0
0 0 40.9294 0 42.373 a b 0.00516978 10 0
0 0 40.927 0 42.402 a b 0.00500592 10 0
0 0 40.9254 0 42.4325 a b 0.00382792 10 0
0 0 40.9245 0 42.4612 a b 0.00198185 10 0
0 0 40.9258 0 42.4928 a b -4.08091e-05 10 0
0 0 40.9242 0 42.5262 a b 0.00172506 10 0
0 0 40.9218 0 42.5513 a b 0.00112387 10 0
0 0 40.9202 0 42.5742 a b -0.0034578 10 0
0 0 40.9223 0 42.603 a b -0.00283206 10 0
0 0 40.9226 0 42.6272 a b -0.00211908 10 0
0 0 40.9209 0 42.6498 a b -0.00561579 10 0
0 0 40.9198 0 42.6795 a b -0.00462401 10 0
0 0 40.9207 0 42.708 a b -0.00551252 10 0
0 0 40.9212 0 42.736 a b -0.00890787 10 0
0 0 40.9211 0 42.7653 a b -0.00852602 10 0
0 0 40.9195 0 42.7961 a b -0.00771094 10 0
0 0 40.9163 0 42.8276 a b -0.00878564 10 0
0 0 40.9154 0 42.862 a b -0.0100014 10 0
0 0 40.9174 0 42.8943 a b -0.0111088 10 0
0 0 40.9162 0 42.9263 a b -0.0116073 10 0
0 0 40.9176 0 42.957 a b -0.0120737 10 0
0 0 40.9162 0 42.9873 a b -0.00648961 10 0
0 0 40.9153 0 43.0081 a b 0.00168026 10 0
0 0 40.9099 0 43.0237 a b -0.0017216 10 0
0 0 40.9082 0 43.0489 a b -0.00611888 10 0
0 0 40.9115 0 43.0715 a b -0.00170695 10 0
0 0 40.9124 0 43.088 a b 0.00289225 10 0
0 0 40.9116 0 43.1072 a b 0.00430155 10 0
0 0 40.9108 0 43.1292 a b 0.00636711 10 0
0 0 40.9108 0 43.1547 a b 0.0118863 10 0
0 0 40.9121 0 43.1805 a b 0.0184434 10 0
0 0 40.9106 0 43.2069 a b 0.0201675 10 0
0 0 40.9076 0 43.2373 a b 0.0197973 10 0
0 0 40.9061 0 43.2738 a b 0.021286 10 0
0 0 40.9083 0 43.3091 a b 0.0226812 10 0
0 0 40.9072 0 43.3421 a b 0.023817 10 0
0 0 40.91 0 43.3778 a b 0.0233011 10 0
0 0 40.9105 0 43.4153 a b 0.0237429 10 0
0 0 40.9101 0 43.4509 a b 0.0249708 10 0
0 0 40.906 0 43.4849 a b 0.0263509 10 0
0 0 40.9058 0 43.515 a b 0.0235779 10 0
0 0 40.9054 0 43.5443 a b 0.0226277 10 0
0 0 40.903 0 43.5719 a b 0.026661 10 0
0 0 40.9034 0 43.5927 a b 0.0289111 10 0
0 0 40.9054 0 43.615 a b 0.0271597 10 0
0 0 40.9063 0 43.6426 a b 0.0260786 10 0
0 0 40.9064 0 43.6696 a b 0.027085 10 0
0 0 40.9062 0 43.6987 a b 0.0283632 10 0
0 0 40.9065 0 43.7314 a b 0.0285577 10 0
0 0 40.9088 0 43.7623 a b 0.0261426 10 0
0 0 40.9096 0 43.7939 a b 0.0237147 10 0
0 0 40.909 0 43.8278 a b 0.0238707 10 0
0 0 40.9094 0 43.8615 a b 0.0241696 10 0
0 0 40.9096 0 43.8938 a b 0.0221732 10 0
0 0 40.9096 0 43.928 a b 0.020618 10 0
0 0 40.9101 0 43.9619 a b 0.0181631 10 0
0 0 40.911 0 43.9936 a b 0.0175402 10 0
0 0 40.9126 0 44.0254 a b 0.0157799 10 0
0 0 40.9108 0 44.0529 a b 0.0138298 10 0
0 0 40.91 0 44.0776 a b 0.0132101 10 0
0 0 40.9092 0 44.1006 a b 0.0138162 10 0
0 0 40.908 0 44.1235 a b 0.0135517 10 0
0 0 40.909 0 44.1458 a b 0.0122321 10 0
0 0 40.9099 0 44.1697 a b 0.01228 10 0
0 0 40.9079 0 44.1953 a b 0.0136248 10 0
0 0 40.9084 0 44.2211 a b 0.0124431 10 0
0 0 40.9079 0 44.2505 a b 0.0112202 10 0
0 0 40.9071 0 44.2804 a b 0.0103036 10 0
0 0 40.9078 0 44.3119 a b 0.0108665 10 0
0 0 40.9069 0 44.3416 a b 0.0139544 10 0
0 0 40.9068 0 44.3754 a b 0.0166084 10 0
0 0 40.9053 0 44.4073 a b 0.0183896 10 0
0 0 40.9055 0 44.4384 a b 0.0207109 10 0
0 0 40.9056 0 44.4725 a b 0.0222312 10 0
0 0 40.9073 0 44.5009 a b 0.0232334 10 0
0 0 40.9096 0 44.524 a b 0.0261686 10 0
0 0 40.9095 0 44.5468 a b 0.0282043 10 0
0 0 40.9077 0 44.5686 a b 0.0305093 10 0
0 0 40.9075 0 44.589 a b 0.0316408 10 0
0 0 40.9093 0 44.6098 a b 0.0334459 10 0
0 0 40.9086 0 44.6363 a b 0.0360966 10 0
0 0 40.9106 0 44.6614 a b 0.0366571 10 0
0 0 40.9126 0 44.6875 a b 0.0407361 10 0
0 0 40.9147 0 44.7156 a b 0.044176 10 0
0 0 40.9164 0 44.7444 a b 0.0485617 10 0
0 0 40.9166 0 44.7787 a b 0.0525494 10 0
0 0 40.9169 0 44.8104 a b 0.0570524 10 0
0 0 40.9152 0 44.8422 a b 0.0625958 10 0
0 0 40.9152 0 44.8764 a b 0.0676067 10 0
0 0 40.9155 0 44.9133 a b 0.0733916 10 0
0 0 40.9143 0 44.9482 a b 0.0774266 10 0
0 0 40.9165 0 44.9803 a b 0.079266 10 0
0 0 40.9202 0 45.0042 a b 0.0800895 10 0
0 0 40.9255 0 45.0321 a b 0.080068 10 0
0 0 40.9278 0 45.0586 a b 0.0825034 10 0
0 0 40.9276 0 45.0816 a b 0.0861625 10 0
0 0 40.9273 0 45.1083 a b 0.0893773 10 0
0 0 40.9265 0 45.1341 a b 0.0927822 10 0
0 0 40.928 0 45.1622 a b 0.0950363 10 0
0 0 40.9301 0 45.1884 a b 0.0949995 10 0
0 0 40.9348 0 45.217 a b 0.0939366 10 0
0 0 40.9369 0 45.2465 a b 0.0966018 10 0
0 0 40.9376 0 45.2758 a b 0.0997525 10 0
0 0 40.9395 0 45.3071 a b 0.102467 10 0
0 0 40.9388 0 45.346 a b 0.104163 10 0
0 0 40.9405 0 45.3773 a b 0.103679 10 0
0 0 40.9442 0 45.4137 a b 0.105435 10 0
0 0 40.9475 0 45.4491 a b 0.105627 10 0
0 0 40.9501 0 45.482 a b 0.107751 10 0
0 0 40.9539 0 45.5125 a b 0.105368 10 0
0 0 40.9619 0 45.5427 a b 0.10203 10 0
0 0 40.9696 0 45.5677 a b 0.105872 10 0
0 0 40.9727 0 45.5931 a b 0.108011 10 0
0 0 40.9692 0 45.6143 a b 0.108285 10 0
0 0 40.9649 0 45.6351 a b 0.106093 10 0
0 0 40.9635 0 45.6543 a b 0.107796 10 0
0 0 40.9664 0 45.6729 a b 0.110072 10 0
0 0 40.9717 0 45.6937 a b 0.109219 10 0
0 0 40.9721 0 45.7165 a b 0.106246 10 0
0 0 40.976 0 45.7452 a b 0.105823 10 0
0 0 40.9749 0 45.7768 a b 0.108922 10 0
0 0 40.9748 0 45.8136 a b 0.108823 10 0
0 0 40.9771 0 45.8505 a b 0.10678 10 0
0 0 40.98 0 45.8847 a b 0.106032 10 0
0 0 40.9826 0 45.9186 a b 0.105958 10 0
0 0 40.9862 0 45.9556 a b 0.104659 10 0
0 0 40.9882 0 45.9942 a b 0.100072 10 0
0 0 40.9986 0 46.0298 a b 0.0999072 10 0
0 0 41.0046 0 46.0627 a b 0.103501 10 0
0 0 41.0044 0 46.0889 a b 0.101983 10 0
0 0 41.0049 0 46.1134 a b 0.0960717 10 0
0 0 41.0045 0 46.1354 a b 0.0887027 10 0
0 0 41.0057 0 46.158 a b 0.0837914 10 0
0 0 41.0092 0 46.1785 a b 0.0846968 10 0
0 0 41.0061 0 46.1986 a b 0.0828482 10 0
0 0 41.005 0 46.2227 a b 0.0704905 10 0
0 0 41.0047 0 46.2516 a b 0.0567451 10 0
0 0 41.0061 0 46.2794 a b 0.0477024 10 0
0 0 41.0046 0 46.3061 a b 0.0369162 10 0
0 0 41.0016 0 46.3372 a b 0.0236596 10 0
0 0 41.001 0 46.3712 a b 0.00961837 10 0
0 0 40.9992 0 46.4065 a b -0.00157673 10 0
0 0 40.9975 0 46.4406 a b -0.0119593 10 0
0 0 40.9939 0 46.4755 a b -0.0213903 10 0
0 0 40.9934 0 46.5092 a b -0.0296677 10 0
0 0 40.9928 0 46.5403 a b -0.0377966 10 0
0 0 40.9923 0 46.5656 a b -0.0433407 10 0
0 0 40.9892 0 46.5899 a b -0.0475125 10 0
0 0 40.9883 0 46.61 a b -0.0520282 10 0
0 0 40.9879 0 46.6334 a b -0.0584922 10 0
0 0 40.9864 0 46.6573 a b -0.0649872 10 0
0 0 40.9853 0 46.6821 a b -0.0662219 10 0
0 0 40.984 0 46.7091 a b -0.0651392 10 0
0 0 40.9819 0 46.7356 a b -0.065401 10 0
0 0 40.9788 0 46.7659 a b -0.0663487 10 0
0 0 40.9766 0 46.7964 a b -0.0667617 10 0
0 0 40.9756 0 46.8298 a b -0.0654462 10 0
0 0 40.972 0 46.8648 a b -0.0634643 10 0
0 0 40.9696 0 46.8996 a b -0.0622023 10 0
0 0 40.9671 0 46.9352 a b -0.0615384 10 0
0 0 40.9557 0 46.9761 a b -0.0537487 10 0
0 0 40.955 0 47.0096 a b -0.0390626 10 0
0 0 40.9595 0 47.0303 a b -0.0342904 10 0
0 0 40.9567 0 47.0515 a b -0.0325602 10 0
0 0 40.9589 0 47.0738 a b -0.0269132 10 0
0 0 40.9633 0 47.0938 a b -0.0260721 10 0
0 0 40.9606 0 47.1109 a b -0.0261603 10 0
0 0 40.9586 0 47.1359 a b -0.0244352 10 0
0 0 40.9589 0 47.1617 a b -0.0226766 10 0
0 0 40.959 0 47.1832 a b -0.0210382 10 0
0 0 40.9568 0 47.2118 a b -0.0210589 10 0
0 0 40.9533 0 47.2436 a b -0.0191585 10 0
0 0 40.9536 0 47.275 a b -0.0167795 10 0
0 0 40.9529 0 47.3075 a b -0.0151591 10 0
0 0 40.9512 0 47.3427 a b -0.0117029 10 0
0 0 40.9501 0 47.3766 a b -0.00951529 10 0
0 0 40.9493 0 47.4138 a b -0.00833941 10 0
0 0 40.9469 0 47.4482 a b -0.00873196 10 0
0 0 40.9444 0 47.4825 a b -0.00875513 10 0
0 0 40.9404 0 47.5141 a b -0.00844394 10 0
0 0 40.9365 0 47.541 a b -0.00673889 10 0
0 0 40.9357 0 47.5648 a b -0.00682319 10 0
0 0 40.9369 0 47.5872 a b -0.00844705 10 0
0 0 40.9341 0 47.6096 a b -0.0120355 10 0
0 0 40.9305 0 47.6333 a b -0.0124091 10 0
0 0 40.9312 0 47.6591 a b -0.012329 10 0
0 0 40.9287 0 47.6878 a b -0.0131204 10 0
0 0 40.9284 0 47.7166 a b -0.014818 10 0
0 0 40.9264 0 47.7427 a b -0.0153662 10 0
0 0 40.9231 0 47.7751 a b -0.0151338 10 0
0 0 40.9212 0 47.8114 a b -0.017042 10 0
0 0 40.9178 0 47.8433 a b -0.0209323 10 0
0 0 40.9157 0 47.8752 a b -0.0229231 10 0
0 0 40.9146 0 47.91 a b -0.0213361 10 0
0 0 40.911 0 47.9488 a b -0.0216864 10 0
0 0 40.909 0 47.9862 a b -0.0254007 10 0
0 0 40.9086 0 48.0208 a b -0.0286604 10 0
0 0 40.9084 0 48.0461 a b -0.0309285 10 0
0 0 40.9108 0 48.0688 a b -0.0326465 10 0
0 0 40.9096 0 48.0904 a b -0.03271 10 0
0 0 40.9058 0 48.1127 a b -0.0320808 10 0
0 0 40.9019 0 48.1343 a b -0.0322065 10 0
0 0 40.8996 0 48.1603 a b -0.0342107 10 0
0 0 40.8988 0 48.1867 a b -0.0356596 10 0
0 0 40.8965 0 48.2169 a b -0.0373312 10 0
0 0 40.8955 0 48.246 a b -0.0374382 10 0
0 0 40.8922 0 48.2744 a b -0.0379556 10 0
0 0 40.8899 0 48.3065 a b -0.0391609 10 0
0 0 40.8868 0 48.3386 a b -0.0406803 10 0
0 0 40.8851 0 48.3709 a b -0.0389969 10 0
0 0 40.8859 0 48.3987 a b -0.0379801 10 0
0 0 40.8838 0 48.426 a b -0.0346422 10 0
0 0 40.8814 0 48.4501 a b -0.0338524 10 0
0 0 40.8795 0 48.4736 a b -0.0355582 10 0
0 0 40.8789 0 48.493 a b -0.0369652 10 0
0 0 40.8787 0 48.5071 a b -0.036056 10 0
0 0 40.8792 0 48.5217 a b -0.0352239 10 0
0 0 40.879 0 48.5093 a b -0.0351952 10 0
0 0 40.8811 0 48.4986 a b -0.0359887 10 0
0 0 40.8812 0 48.4868 a b -0.0372085 10 0
0 0 40.8845 0 48.475 a b -0.0417052 10 0
0 0 40.8831 0 48.4856 a b -0.0441551 10 0
0 0 40.8847 0 48.5076 a b -0.0459383 10 0
0 0 40.8863 0 48.5267 a b -0.0374407 10 0
0 0 40.8869 0 48.5483 a b -0.0272855 10 0
0 0 40.8879 0 48.5771 a b -0.0195605 10 0
0 0 40.8859 0 48.6155 a b -0.00766388 10 0
0 0 40.8898 0 48.6613 a b 0.0109028 10 0
0 0 40.8918 0 48.7044 a b 0.0350785 10 0
0 0 40.8955 0 48.7506 a b 0.0560338 10 0
0 0 40.8997 0 48.7996 a b 0.076763 10 0
0 0 40.901 0 48.8452 a b 0.0927615 10 0
0 0 40.9024 0 48.8834 a b 0.101664 10 0
0 0 40.9031 0 48.9229 a b 0.10451 10 0
0 0 40.9041 0 48.9631 a b 0.10873 10 0
0 0 40.904 0 48.9967 a b 0.106189 10 0
0 0 40.9124 0 49.0343 a b 0.109057 10 0
0 0 40.9209 0 49.066 a b 0.118879 10 0
0 0 40.9189 0 49.0804 a b 0.121301 10 0
0 0 40.9148 0 49.0946 a b 0.11526 10 0
0 0 40.9157 0 49.112 a b 0.112008 10 0
0 0 40.9153 0 49.127 a b 0.11439 10 0
0 0 40.9159 0 49.1376 a b 0.114125 10 0
0 0 40.9188 0 49.1498 a b 0.107829 10 0
0 0 40.9236 0 49.1712 a b 0.107022 10 0
0 0 40.9276 0 49.1916 a b 0.110436 10 0
0 0 40.9259 0 49.2151 a b 0.11053 10 0
0 0 40.9284 0 49.2446 a b 0.108823 10 0
0 0 40.9333 0 49.2758 a b 0.108322 10 0
0 0 40.9385 0 49.3107 a b 0.107419 10 0
0 0 40.941 0 49.3502 a b 0.106933 10 0
0 0 40.9449 0 49.3909 a b 0.108033 10 0
0 0 40.9464 0 49.4272 a b 0.106421 10 0
0 0 40.9478 0 49.463 a b 0.103492 10 0
0 0 40.9505 0 49.503 a b 0.0984519 10 0
0 0 40.9544 0 49.5407 a b 0.100326 10 0
0 0 40.9567 0 49.5726 a b 0.106574 10 0
0 0 40.9541 0 49.597 a b 0.105373 10 0
0 0 40.953 0 49.6206 a b 0.0969002 10 0
0 0 40.958 0 49.6425 a b 0.0856579 10 0
0 0 40.9581 0 49.6646 a b 0.077306 10 0
0 0 40.9581 0 49.6913 a b 0.0775745 10 0
0 0 40.9607 0 49.7136 a b 0.0796352 10 0
0 0 40.9649 0 49.733 a b 0.0761799 10 0
0 0 40.9665 0 49.7575 a b 0.0699086 10 0
0 0 40.9653 0 49.7853 a b 0.0655567 10 0
0 0 40.9659 0 49.8157 a b 0.0657201 10 0
0 0 40.9676 0 49.8478 a b 0.0647192 10 0
0 0 40.9715 0 49.8839 a b 0.0615757 10 0
0 0 40.9737 0 49.9165 a b 0.0559738 10 0
0 0 40.9723 0 49.9498 a b 0.0501878 10 0
0 0 40.9707 0 49.9849 a b 0.04759 10 0
0 0 40.968 0 50.0184 a b 0.0487744 10 0
0 0 40.9696 0 50.0503 a b 0.0527283 10 0
0 0 40.9746 0 50.0797 a b 0.0519105 10 0
0 0 40.9769 0 50.1065 a b 0.0468013 10 0
0 0 40.9752 0 50.1328 a b 0.0422674 10 0
0 0 40.9744 0 50.1558 a b 0.0378831 10 0
0 0 40.9753 0 50.1797 a b 0.0339593 10 0
0 0 40.9752 0 50.2058 a b 0.0314347 10 0
0 0 40.975 0 50.2313 a b 0.0316698 10 0
0 0 40.9747 0 50.2567 a b 0.0314426 10 0
0 0 40.9746 0 50.29 a b 0.0311692 10 0
0 0 40.976 0 50.319 a b 0.0283399 10 0
0 0 40.9777 0 50.3474 a b 0.0244451 10 0
0 0 40.9748 0 50.3783 a b 0.0213547 10 0
0 0 40.9734 0 50.4081 a b 0.019623 10 0
0 0 40.9719 0 50.4405 a b 0.0176833 10 0
0 0 40.9749 0 50.4729 a b 0.0152696 10 0
0 0 40.9799 0 50.5029 a b 0.012435 10 0
0 0 40.9804 0 50.5294 a b 0.0122244 10 0
0 0 40.9783 0 50.554 a b 0.011613 10 0
0 0 40.9731 0 50.5778 a b 0.00778387 10 0
0 0 40.9705 0 50.6017 a b 0.00770481 10 0
0 0 40.9713 0 50.6271 a b 0.00821634 10 0
0 0 40.9719 0 50.6524 a b 0.00613776 10 0
0 0 40.968 0 50.6801 a b 0.00230273 10 0
0 0 40.9664 0 50.7106 a b 0.00170949 10 0
0 0 40.9661 0 50.7434 a b 0.000850792 10 0
0 0 40.9612 0 50.7779 a b -0.000357743 10 0
0 0 40.9591 0 50.8164 a b -0.000837342 10 0
0 0 40.9602 0 50.8506 a b -0.00391438 10 0
0 0 40.9598 0 50.8855 a b -0.00582134 10 0
0 0 40.9591 0 50.9191 a b -0.00733899 10 0
0 0 40.9582 0 50.9533 a b -0.00988412 10 0
0 0 40.961 0 50.9864 a b -0.0132948 10 0
0 0 40.9622 0 51.0169 a b -0.016398 10 0
0 0 40.9621 0 51.0439 a b -0.014879 10 0
0 0 40.9618 0 51.0723 a b -0.014087 10 0
0 0 40.9598 0 51.1014 a b -0.0152445 10 0
0 0 40.956 0 51.1219 a b -0.0184444 10 0
0 0 40.9535 0 51.1465 a b -0.0221851 10 0
0 0 40.955 0 51.1684 a b -0.0245203 10 0
0 0 40.9559 0 51.194 a b -0.0258804 10 0
0 0 40.9547 0 51.2195 a b -0.0258949 10 0
0 0 40.9531 0 51.2471 a b -0.0260062 10 0
0 0 40.9491 0 51.2779 a b -0.0255645 10 0
0 0 40.9441 0 51.3118 a b -0.0273203 10 0
0 0 40.9402 0 51.3413 a b -0.033082 10 0
0 0 40.9387 0 51.3717 a b -0.0375054 10 0
0 0 40.94 0 51.4013 a b -0.0382643 10 0
0 0 40.9404 0 51.4332 a b -0.0297438 10 0
0 0 40.9412 0 51.4647 a b -0.01882 10 0
0 0 40.9429 0 51.4967 a b -0.00855477 10 0
0 0 40.943 0 51.5247 a b 0.00194274 10 0
0 0 40.9419 0 51.5517 a b 0.00980323 10 0
0 0 40.9407 0 51.5773 a b 0.0151921 10 0
0 0 40.9398 0 51.6028 a b 0.0169111 10 0
0 0 40.9393 0 51.6243 a b 0.0177378 10 0
0 0 40.9393 0 51.6465 a b 0.0202807 10 0
0 0 40.938 0 51.6714 a b 0.0238225 10 0
0 0 40.9384 0 51.6945 a b 0.0251756 10 0
0 0 40.9354 0 51.7215 a b 0.0281272 10 0
0 0 40.9344 0 51.7489 a b 0.030382 10 0
0 0 40.9332 0 51.7779 a b 0.0321233 10 0
0 0 40.9333 0 51.8081 a b 0.0356278 10 0
0 0 40.9342 0 51.841 a b 0.0378789 10 0
0 0 40.932 0 51.8758 a b 0.0399197 10 0
0 0 40.9317 0 51.9068 a b 0.0399447 10 0
0 0 40.9354 0 51.9412 a b 0.0392335 10 0
0 0 40.9407 0 51.982 a b 0.0394564 10 0
0 0 40.942 0 52.0174 a b 0.0403061 10 0
0 0 40.9424 0 52.0542 a b 0.0445696 10 0
0 0 40.9427 0 52.0821 a b 0.0541634 10 0
0 0 40.9381 0 52.1093 a b 0.0563897 10 0
0 0 40.9362 0 52.1353 a b 0.0528603 10 0
0 0 40.9354 0 52.1614 a b 0.0499788 10 0
0 0 40.9352 0 52.1907 a b 0.052807 10 0
0 0 40.9372 0 52.2143 a b 0.0540115 10 0
0 0 40.94 0 52.2384 a b 0.0508618 10 0
0 0 40.942 0 52.2673 a b 0.0494017 10 0
0 0 40.9411 0 52.2986 a b 0.0515822 10 0
0 0 40.9417 0 52.3263 a b 0.0539209 10 0
0 0 40.943 0 52.3542 a b 0.0554306 10 0
0 0 40.9421 0 52.3843 a b 0.0561678 10 0
0 0 40.9454 0 52.4182 a b 0.0561474 10 0
0 0 40.948 0 52.4494 a b 0.0557222 10 0
0 0 40.9479 0 52.4838 a b 0.0585938 10 0
0 0 40.9442 0 52.5159 a b 0.0635919 10 0
0 0 40.9451 0 52.5431 a b 0.0649961 10 0
0 0 40.9454 0 52.5682 a b 0.0639996 10 0
0 0 40.9478 0 52.5936 a b 0.0633117 10 0
0 0 40.9486 0 52.618 a b 0.0623343 10 0
0 0 40.9502 0 52.6415 a b 0.0603455 10 0
0 0 40.9527 0 52.6647 a b 0.0597421 10 0
0 0 40.9516 0 52.6919 a b 0.0625538 10 0
0 0 40.9533 0 52.7129 a b 0.0632476 10 0
0 0 40.9546 0 52.7339 a b 0.0627126 10 0
0 0 40.9552 0 52.7648 a b 0.0652575 10 0
0 0 40.9553 0 52.7901 a b 0.06556 10 0
0 0 40.955 0 52.8203 a b 0.0662035 10 0
0 0 40.9567 0 52.854 a b 0.0675577 10 0
0 0 40.9578 0 52.886 a b 0.0682618 10 0
0 0 40.9609 0 52.9194 a b 0.0670974 10 0
0 0 40.9619 0 52.9542 a b 0.0686379 10 0
0 0 40.9631 0 52.9904 a b 0.0696122 10 0
0 0 40.9618 0 53.0236 a b 0.0659999 10 0
0 0 40.966 0 53.0546 a b 0.0606288 10 0
0 0 40.9668 0 53.0833 a b 0.0534525 10 0
0 0 40.9666 0 53.1098 a b 0.0454605 10 0
0 0 40.9652 0 53.1379 a b 0.0406243 10 0
0 0 40.9658 0 53.162 a b 0.0377456 10 0
0 0 40.9678 0 53.1856 a b 0.0303045 10 0
0 0 40.9666 0 53.2094 a b 0.021416 10 0
0 0 40.9627 0 53.2349 a b 0.0181458 10 0
0 0 40.962 0 53.26 a b 0.016404 10 0
0 0 40.9638 0 53.2841 a b 0.0119398 10 0
0 0 40.9625 0 53.3108 a b 0.0037635 10 0
0 0 40.9609 0 53.3442 a b -0.00167592 10 0
0 0 40.9621 0 53.3788 a b -0.00502315 10 0
0 0 40.9623 0 53.4102 a b -0.00929393 10 0
0 0 40.9626 0 53.4447 a b -0.0160476 10 0
0 0 40.9588 0 53.4741 a b -0.0225639 10 0
0 0 40.9534 0 53.5115 a b -0.0232415 10 0
0 0 40.9532 0 53.5483 a b -0.0209298 10 0
0 0 40.9533 0 53.5767 a b -0.0247269 10 0
0 0 40.9454 0 53.6023 a b -0.0169128 10 0
0 0 40.9519 0 53.6206 a b -0.00358847 10 0
0 0 40.956 0 53.6387 a b 0.00316009 10 0
0 0 40.953 0 53.657 a b 0.00915612 10 0
0 0 40.9515 0 53.676 a b 0.0194138 10 0
0 0 40.9551 0 53.6987 a b 0.0295534 10 0
0 0 40.962 0 53.7258 a b 0.0347265 10 0
0 0 40.9605 0 53.7546 a b 0.0358939 10 0
0 0 40.9581 0 53.7847 a b 0.0362647 10 0
0 0 40.9568 0 53.82 a b 0.0395607 10 0
0 0 40.9582 0 53.8591 a b 0.0428941 10 0
0 0 40.9608 0 53.8956 a b 0.0448131 10 0
0 0 40.9638 0 53.9319 a b 0.0456539 10 0
0 0 40.9673 0 53.9702 a b 0.0481066 10 0
0 0 40.9649 0 54.0035 a b 0.0524678 10 0
0 0 40.9686 0 54.035 a b 0.0566886 10 0
0 0 40.9741 0 54.066 a b 0.0558631 10 0
0 0 40.9748 0 54.0898 a b 0.0512053 10 0
0 0 40.9728 0 54.1083 a b 0.0484314 10 0
0 0 40.9713 0 54.1252 a b 0.0498826 10 0
0 0 40.9726 0 54.1467 a b 0.0534089 10 0
0 0 40.9731 0 54.1708 a b 0.0553297 10 0
0 0 40.974 0 54.2004 a b 0.0548327 10 0
0 0 40.9764 0 54.2254 a b 0.0544592 10 0
0 0 40.9734 0 54.2535 a b 0.0550834 10 0
0 0 40.9744 0 54.2866 a b 0.0543971 10 0
0 0 40.9751 0 54.3226 a b 0.0530494 10 0
0 0 40.9779 0 54.3533 a b 0.0516655 10 0
0 0 40.9799 0 54.3869 a b 0.0522712 10 0
0 0 40.9826 0 54.42 a b 0.05203 10 0
0 0 40.9806 0 54.4553 a b 0.0508747 10 0
0 0 40.9798 0 54.4934 a b 0.0489436 10 0
0 0 40.9795 0 54.528 a b 0.0486448 10 0
0 0 40.9792 0 54.5568 a b 0.0476512 10 0
0 0 40.9815 0 54.5868 a b 0.0473525 10 0
0 0 40.9838 0 54.615 a b 0.0452784 10 0
0 0 40.9853 0 54.6393 a b 0.0435768 10 0
0 0 40.9863 0 54.6638 a b 0.0423639 10 0
0 0 40.9885 0 54.6862 a b 0.0425012 10 0
0 0 40.9903 0 54.7139 a b 0.0423565 10 0
0 0 40.9901 0 54.7422 a b 0.0421655 10 0
0 0 40.9909 0 54.7688 a b 0.0405462 10 0
0 0 40.9897 0 54.7954 a b 0.0396541 10 0
0 0 40.9905 0 54.8223 a b 0.0378194 10 0
0 0 40.9925 0 54.8555 a b 0.0367347 10 0
0 0 40.9937 0 54.887 a b 0.0368468 10 0
0 0 40.9947 0 54.9186 a b 0.0349084 10 0
0 0 40.9947 0 54.9501 a b 0.0329597 10 0
0 0 40.9953 0 54.9788 a b 0.0331439 10 0
0 0 40.9921 0 55.0088 a b 0.0370615 10 0
0 0 40.9869 0 55.0423 a b 0.0323566 10 0
0 0 40.9943 0 55.0644 a b 0.0243137 10 0
0 0 40.9993 0 55.0819 a b 0.0261779 10 0
0 0 40.9968 0 55.1047 a b 0.0304433 10 0
0 0 40.9954 0 55.129 a b 0.0290861 10 0
0 0 40.9988 0 55.1531 a b 0.0234899 10 0
0 0 41.0042 0 55.1735 a b 0.023197 10 0
0 0 41.0036 0 55.1994 a b 0.0280112 10 0
0 0 41.0024 0 55.2326 a b 0.0271482 10 0
0 0 41.0007 0 55.2621 a b 0.0228712 10 0
0 0 41.0032 0 55.2942 a b 0.0205455 10 0
0 0 41.0024 0 55.3315 a b 0.0229663 10 0
0 0 41.0023 0 55.3664 a b 0.023324 10 0
0 0 41.0023 0 55.4002 a b 0.019709 10 0
0 0 41.0004 0 55.4314 a b 0.0154981 10 0
0 0 40.9973 0 55.4681 a b 0.0144263 10 0
0 0 40.9999 0 55.5028 a b 0.0152428 10 0
0 0 40.9983 0 55.5312 a b 0.0121104 10 0
0 0 40.9976 0 55.5575 a b 0.00502236 10 0
0 0 40.9995 0 55.5837 a b 0.00452853 10 0
0 0 40.9992 0 55.6063 a b 0.00721065 10 0
0 0 40.997 0 55.6283 a b 0.0049068 10 0
0 0 40.9967 0 55.6516 a b 0.00031536 10 0
0 0 40.9949 0 55.6755 a b -0.00167857 10 0
0 0 40.9978 0 55.7005 a b 0.000110092 10 0
0 0 40.9989 0 55.7276 a b -0.00108457 10 0
0 0 40.9968 0 55.7547 a b -0.00319101 10 0
0 0 40.995 0 55.7846 a b -0.00622201 10 0
0 0 40.9957 0 55.8154 a b -0.00881741 10 0
0 0 40.9964 0 55.8517 a b -0.00983909 10 0
0 0 40.9962 0 55.8844 a b -0.0109992 10 0
0 0 40.9962 0 55.9186 a b -0.0130621 10 0
0 0 40.9953 0 55.9519 a b -0.016326 10 0
0 0 40.9968 0 55.9869 a b -0.0133979 10 0
0 0 40.9938 0 56.0199 a b -0.00904631 10 0
0 0 40.9887 0 56.0479 a b -0.0152082 10 0
0 0 40.9877 0 56.0778 a b -0.0233326 10 0
0 0 40.991 0 56.106 a b -0.0244678 10 0
0 0 40.9915 0 56.1326 a b -0.0200685 10 0
0 0 40.988 0 56.1517 a b -0.0181629 10 0
0 0 40.9841 0 56.1788 a b -0.0196224 10 0
0 0 40.9821 0 56.2057 a b -0.0240399 10 0
0 0 40.9818 0 56.2323 a b -0.0258124 10 0
0 0 40.9792 0 56.2592 a b -0.0245055 10 0
0 0 40.9779 0 56.2862 a b -0.0252454 10 0
0 0 40.9778 0 56.319 a b -0.0288047 10 0
0 0 40.9786 0 56.3496 a b -0.0320476 10 0
0 0 40.9763 0 56.3812 a b -0.0325034 10 0
0 0 40.9751 0 56.4144 a b -0.0329913 10 0
0 0 40.9744 0 56.4513 a b -0.0340191 10 0
0 0 40.9742 0 56.486 a b -0.0375204 10 0
0 0 40.9727 0 56.5219 a b -0.0414509 10 0
0 0 40.9703 0 56.5493 a b -0.041979 10 0
0 0 40.9668 0 56.5769 a b -0.0392974 10 0
0 0 40.9736 0 56.5992 a b -0.0396245 10 0
0 0 40.9728 0 56.6217 a b -0.0442586 10 0
0 0 40.9703 0 56.6453 a b -0.0484816 10 0
0 0 40.965 0 56.6683 a b -0.0507875 10 0
0 0 40.9613 0 56.691 a b -0.0511282 10 0
0 0 40.9624 0 56.7179 a b -0.0515268 10 0
0 0 40.9588 0 56.7406 a b -0.0536743 10 0
0 0 40.9569 0 56.7754 a b -0.0541711 10 0
0 0 40.9554 0 56.807 a b -0.056565 10 0
0 0 40.9522 0 56.8327 a b -0.0613194 10 0
0 0 40.9483 0 56.8642 a b -0.0618111 10 0
0 0 40.9447 0 56.8973 a b -0.0619249 10 0
0 0 40.9435 0 56.9307 a b -0.0643952 10 0
0 0 40.9387 0 56.9646 a b -0.0647431 10 0
0 0 40.9375 0 57.0006 a b -0.0617714 10 0
0 0 40.9349 0 57.0263 a b -0.0620476 10 0
0 0 40.9335 0 57.0475 a b -0.0594721 10 0
0 0 40.9349 0 57.07 a b -0.0583154 10 0
0 0 40.9316 0 57.0928 a b -0.0573551 10 0
0 0 40.9335 0 57.1127 a b -0.0559592 10 0
0 0 40.9322 0 57.1328 a b -0.0562814 10 0
0 0 40.9292 0 57.1621 a b -0.0541823 10 0
0 0 40.929 0 57.1858 a b -0.052848 10 0
0 0 40.9272 0 57.2172 a b -0.0489805 10 0
0 0 40.9265 0 57.2465 a b -0.047657 10 0
0 0 40.9222 0 57.2801 a b -0.0437121 10 0
0 0 40.9208 0 57.3172 a b -0.0378358 10 0
0 0 40.9187 0 57.3468 a b -0.034756 10 0
0 0 40.9161 0 57.3796 a b -0.0292327 10 0
0 0 40.916 0 57.4213 a b -0.0221624 10 0
0 0 40.9162 0 57.4598 a b -0.01779 10 0
0 0 40.9171 0 57.4995 a b -0.0145128 10 0
0 0 40.9175 0 57.5286 a b -0.010826 10 0
0 0 40.9179 0 57.5503 a b -0.00501041 10 0
0 0 40.9181 0 57.5761 a b 0.00174658 10 0
0 0 40.9138 0 57.6006 a b 0.00111676 10 0
0 0 40.9124 0 57.6223 a b -0.00167901 10 0
0 0 40.9122 0 57.6386 a b -0.000307548 10 0
0 0 40.9116 0 57.6611 a b 0.00375129 10 0
0 0 40.9115 0 57.6872 a b 0.0070698 10 0
0 0 40.9137 0 57.7142 a b 0.00798331 10 0
0 0 40.9147 0 57.7456 a b 0.0088167 10 0
0 0 40.9141 0 57.7746 a b 0.010614 10 0
0 0 40.9128 0 57.8053 a b 0.0141211 10 0
0 0 40.9124 0 57.839 a b 0.0176132 10 0
0 0 40.9121 0 57.8775 a b 0.0193616 10 0
0 0 40.9102 0 57.9158 a b 0.0208036 10 0
0 0 40.9098 0 57.9501 a b 0.0198467 10 0
0 0 40.9102 0 57.9906 a b 0.0169886 10 0
0 0 40.9142 0 58.0226 a b 0.00982667 10 0
0 0 40.918 0 58.04 a b 0.0131254 10 0
0 0 40.9177 0 58.0609 a b 0.0228948 10 0
0 0 40.9146 0 58.0828 a b 0.0283513 10 0
0 0 40.9085 0 58.1104 a b 0.0262401 10 0
0 0 40.9084 0 58.1334 a b 0.0162774 10 0
0 0 40.9089 0 58.1558 a b 0.0129631 10 0
0 0 40.9077 0 58.1757 a b 0.020196 10 0
0 0 40.9061 0 58.2046 a b 0.0236576 10 0
0 0 40.9093 0 58.2348 a b 0.0201712 10 0
0 0 40.9066 0 58.2635 a b 0.0178438 10 0
0 0 40.9059 0 58.2916 a b 0.0191552 10 0
0 0 40.906 0 58.3249 a b 0.0227914 10 0
0 0 40.9059 0 58.3594 a b 0.0224959 10 0
0 0 40.906 0 58.3974 a b 0.0220426 10 0
0 0 40.9068 0 58.43 a b 0.0240346 10 0
0 0 40.9051 0 58.4695 a b 0.025174 10 0
0 0 40.9038 0 58.5087 a b 0.0214089 10 0
0 0 40.9056 0 58.5425 a b 0.019398 10 0
0 0 40.9101 0 58.5668 a b 0.0210777 10 0
0 0 40.9097 0 58.5919 a b 0.0232774 10 0
0 0 40.9067 0 58.6131 a b 0.0259559 10 0
0 0 40.9039 0 58.634 a b 0.0274976 10 0
0 0 40.9037 0 58.658 a b 0.0262521 10 0
0 0 40.9051 0 58.683 a b 0.0263009 10 0
0 0 40.9076 0 58.705 a b 0.0261502 10 0
0 0 40.906 0 58.7318 a b 0.0285129 10 0
0 0 40.9047 0 58.7606 a b 0.0271662 10 0
0 0 40.9049 0 58.7886 a b 0.026745 10 0
0 0 40.9053 0 58.8179 a b 0.0285203 10 0
0 0 40.9049 0 58.8478 a b 0.0280726 10 0
0 0 40.9031 0 58.8846 a b 0.029493 10 0
0 0 40.9048 0 58.9168 a b 0.0306884 10 0
0 0 40.9049 0 58.9531 a b 0.032204 10 0
0 0 40.9037 0 58.987 a b 0.0312288 10 0
0 0 40.9034 0 59.0212 a b 0.0282696 10 0
0 0 40.9065 0 59.057 a b 0.02812 10 0
0 0 40.9051 0 59.0871 a b 0.0294373 10 0
0 0 40.9049 0 59.1149 a b 0.0302978 10 0
0 0 40.9053 0 59.1428 a b 0.0324732 10 0
0 0 40.9028 0 59.1653 a b 0.0337936 10 0
0 0 40.9058 0 59.1841 a b 0.0347333 10 0
0 0 40.9077 0 59.2133 a b 0.0360406 10 0
0 0 40.9082 0 59.2396 a b 0.0382637 10 0
0 0 40.908 0 59.2619 a b 0.0387386 10 0
0 0 40.9096 0 59.2881 a b 0.037785 10 0
0 0 40.9121 0 59.3215 a b 0.0377225 10 0
0 0 40.9122 0 59.3536 a b 0.0388857 10 0
0 0 40.911 0 59.3843 a b 0.0402169 10 0
0 0 40.909 0 59.416 a b 0.0382015 10 0
0 0 40.911 0 59.4561 a b 0.0386537 10 0
0 0 40.9109 0 59.4959 a b 0.0394424 10 0
0 0 40.9093 0 59.5305 a b 0.037491 10 0
0 0 40.911 0 59.5683 a b 0.0351396 10 0
0 0 40.9098 0 59.6012 a b 0.035347 10 0
0 0 40.91 0 59.6299 a b 0.034216 10 0
0 0 40.9122 0 59.6547 a b 0.0363256 10 0
0 0 40.9129 0 59.6771 a b 0.0357215 10 0
0 0 40.9152 0 59.7015 a b 0.0359331 10 0
0 0 40.9123 0 59.7253 a b 0.0359043 10 0
0 0 40.9134 0 59.7449 a b 0.035591 10 0
0 0 40.9172 0 59.7664 a b 0.0341309 10 0
0 0 40.9162 0 59.7945 a b 0.0323181 10 0
0 0 40.9191 0 59.8252 a b 0.0343816 10 0
0 0 40.9194 0 59.8529 a b 0.0360133 10 0
0 0 40.9181 0 59.886 a b 0.0355608 10 0
0 0 40.9196 0 59.9129 a b 0.0345821 10 0
0 0 40.9206 0 59.9486 a b 0.035869 10 0
0 0 40.9239 0 59.9858 a b 0.0360015 10 0
0 0 40.9291 0 60.022 a b 0.0308137 10 0
0 0 40.9255 0 60.0518 a b 0.0281412 10 0
0 0 40.9258 0 60.0821 a b 0.0316296 10 0
0 0 40.9264 0 60.1118 a b 0.0369737 10 0
0 0 40.9294 0 60.1313 a b 0.0358745 10 0
0 0 40.9329 0 60.1504 a b 0.0322063 10 0
0 0 40.929 0 60.176 a b 0.0255996 10 0
0 0 40.9245 0 60.2007 a b 0.0238138 10 0
0 0 40.9286 0 60.2314 a b 0.0221631 10 0
0 0 40.9308 0 60.2614 a b 0.0190922 10 0
0 0 40.9306 0 60.2899 a b 0.0133502 10 0
0 0 40.931 0 60.314 a b 0.00907239 10 0
0 0 40.9285 0 60.3463 a b 0.00295522 10 0
0 0 40.9266 0 60.3799 a b -0.00166587 10 0
0 0 40.9271 0 60.4146 a b -0.00495445 10 0
0 0 40.9261 0 60.4467 a b -0.00902568 10 0
0 0 40.9274 0 60.4836 a b -0.0121685 10 0
0 0 40.9264 0 60.5213 a b -0.0203172 10 0
0 0 40.9158 0 60.564 a b -0.027657 10 0
0 0 40.907 0 60.6052 a b -0.0234672 10 0
0 0 40.9071 0 60.637 a b -0.0222457 10 0
0 0 40.9105 0 60.6659 a b -0.0267218 10 0
0 0 40.9093 0 60.6863 a b -0.0373116 10 0
0 0 40.9052 0 60.708 a b -0.0415787 10 0
0 0 40.9045 0 60.7304 a b -0.0395404 10 0
0 0 40.905 0 60.7661 a b -0.0384463 10 0
0 0 40.9068 0 60.7965 a b -0.0467827 10 0
0 0 40.9032 0 60.8223 a b -0.0530933 10 0
0 0 40.9024 0 60.8465 a b -0.0527246 10 0
0 0 40.9021 0 60.8811 a b -0.0537675 10 0
0 0 40.8985 0 60.9069 a b -0.0610066 10 0
0 0 40.8983 0 60.9316 a b -0.0629269 10 0
0 0 40.8958 0 60.952 a b -0.0625809 10 0
0 0 40.8965 0 60.9774 a b -0.0593425 10 0
0 0 40.8953 0 61.0081 a b -0.0579115 10 0
0 0 40.8912 0 61.0303 a b -0.0552615 10 0
0 0 40.886 0 61.0597 a b -0.0412179 10 0
0 0 40.8866 0 61.1004 a b -0.0340705 10 0
0 0 40.8884 0 61.1338 a b -0.0378998 10 0
0 0 40.8909 0 61.1549 a b -0.0385797 10 0
0 0 40.8891 0 61.1715 a b -0.0315296 10 0
0 0 40.8898 0 61.197 a b -0.0236 10 0
0 0 40.8869 0 61.2225 a b -0.0194622 10 0
0 0 40.8846 0 61.2492 a b -0.0179873 10 0
0 0 40.8849 0 61.276 a b -0.0226692 10 0
0 0 40.8841 0 61.3 a b -0.0244738 10 0
0 0 40.8831 0 61.3247 a b -0.0220574 10 0
0 0 40.8811 0 61.3478 a b -0.0167154 10 0
0 0 40.8825 0 61.377 a b -0.0133048 10 0
0 0 40.8794 0 61.4094 a b -0.0130803 10 0
0 0 40.8774 0 61.4355 a b -0.0154856 10 0
0 0 40.8793 0 61.458 a b -0.0137234 10 0
0 0 40.878 0 61.486 a b -0.00840999 10 0
0 0 40.8743 0 61.5205 a b -0.00497278 10 0
0 0 40.8739 0 61.5526 a b -0.00619116 10 0
0 0 40.8752 0 61.5824 a b -0.00514251 10 0
0 0 40.8749 0 61.6157 a b -0.00238814 10 0
0 0 40.8738 0 61.6502 a b -0.00123046 10 0
0 0 40.8753 0 61.6842 a b -0.00112899 10 0
0 0 40.8735 0 61.7217 a b 0.00296608 10 0
0 0 40.8733 0 61.7568 a b 0.0073168 10 0
0 0 40.8719 0 61.786 a b 0.013897 10 0
0 0 40.8679 0 61.8094 a b 0.016498 10 0
0 0 40.8621 0 61.8243 a b 0.00547637 10 0
0 0 40.8624 0 61.8396 a b -0.00734004 10 0
