0 0 34.7423 0 61.8657 a b 1.55454 10 0
0 0 34.7534 0 61.8598 a b 1.55569 10 0
0 0 34.7734 0 61.8574 a b 1.55562 10 0
0 0 34.7979 0 61.8506 a b 1.55628 10 0
0 0 34.8295 0 61.8568 a b 1.5613 10 0
0 0 34.8621 0 61.8699 a b 1.55849 10 0
0 0 34.8843 0 61.8711 a b 1.5529 10 0
0 0 34.9177 0 61.8609 a b 1.5523 10 0
0 0 34.9537 0 61.8601 a b 1.55271 10 0
0 0 34.9899 0 61.8599 a b 1.55381 10 0
0 0 35.0214 0 61.8603 a b 1.55584 10 0
0 0 35.0513 0 61.8634 a b 1.55664 10 0
0 0 35.0798 0 61.8667 a b 1.55457 10 0
0 0 35.1096 0 61.8607 a b 1.55496 10 0
0 0 35.1369 0 61.8596 a b 1.5582 10 0
0 0 35.1632 0 61.8663 a b 1.55883 10 0
0 0 35.189 0 61.8655 a b 1.55609 10 0
0 0 35.2154 0 61.8621 a b 1.55963 10 0
0 0 35.2417 0 61.8687 a b 1.56297 10 0
0 0 35.2684 0 61.8733 a b 1.55873 10 0
0 0 35.2921 0 61.8606 a b 1.5581 10 0
0 0 35.323 0 61.864 a b 1.5686 10 0
0 0 35.3612 0 61.8782 a b 1.56869 10 0
0 0 35.3933 0 61.8817 a b 1.56228 10 0
0 0 35.4246 0 61.881 a b 1.56142 10 0
0 0 35.457 0 61.8789 a b 1.56364 10 0
0 0 35.4913 0 61.8798 a b 1.56523 10 0
0 0 35.5252 0 61.881 a b 1.56484 10 0
0 0 35.5568 0 61.8843 a b 1.56443 10 0
0 0 35.5855 0 61.882 a b 1.5657 10 0
0 0 35.6124 0 61.8819 a b 1.56649 10 0
0 0 35.6383 0 61.8821 a b 1.56813 10 0
0 0 35.6647 0 61.882 a b 1.5686 10 0
0 0 35.6878 0 61.8824 a b 1.56892 10 0
0 0 35.7117 0 61.8859 a b 1.56943 10 0
0 0 35.7377 0 61.8859 a b 1.56979 10 0
0 0 35.761 0 61.8835 a b 1.56908 10 0
0 0 35.7867 0 61.8825 a b 1.57175 10 0
0 0 35.815 0 61.8857 a b 1.57316 10 0
0 0 35.8464 0 61.8919 a b 1.57429 10 0
0 0 35.8846 0 61.8915 a b 1.57089 10 0
0 0 35.9135 0 61.8892 a b 1.57237 10 0
0 0 35.9519 0 61.8909 a b 1.57381 10 0
0 0 35.9829 0 61.8921 a b 1.57323 10 0
0 0 36.0154 0 61.8935 a b 1.57416 10 0
0 0 36.0473 0 61.891 a b 1.57548 10 0
0 0 36.0777 0 61.8907 a b 1.57658 10 0
0 0 36.1064 0 61.8919 a b 1.57659 10 0
0 0 36.1343 0 61.8902 a b 1.57713 10 0
0 0 36.1617 0 61.8874 a b 1.5782 10 0
0 0 36.1854 0 61.8897 a b 1.57918 10 0
0 0 36.2106 0 61.8942 a b 1.57886 10 0
0 0 36.2334 0 61.8939 a b 1.58309 10 0
0 0 36.2601 0 61.8863 a b 1.58576 10 0
0 0 36.2871 0 61.889 a b 1.58335 10 0
0 0 36.3122 0 61.8947 a b 1.58447 10 0
0 0 36.3449 0 61.8893 a b 1.59073 10 0
0 0 36.3808 0 61.8878 a b 1.58737 10 0
0 0 36.411 0 61.8965 a b 1.58401 10 0
0 0 36.4444 0 61.8992 a b 1.58552 10 0
0 0 36.4774 0 61.8982 a b 1.58607 10 0
0 0 36.5145 0 61.8964 a b 1.58617 10 0
0 0 36.5495 0 61.8918 a b 1.58784 10 0
0 0 36.5774 0 61.8906 a b 1.58947 10 0
0 0 36.6075 0 61.8905 a b 1.5912 10 0
0 0 36.6314 0 61.8918 a b 1.59119 10 0
0 0 36.6552 0 61.8906 a b 1.59163 10 0
0 0 36.6757 0 61.8885 a b 1.59098 10 0
0 0 36.6968 0 61.8911 a b 1.59057 10 0
0 0 36.7205 0 61.888 a b 1.59502 10 0
0 0 36.7407 0 61.8885 a b 1.59851 10 0
0 0 36.7642 0 61.8849 a b 1.59885 10 0
0 0 36.7932 0 61.885 a b 1.59779 10 0
0 0 36.8271 0 61.8882 a b 1.60032 10 0
0 0 36.8655 0 61.887 a b 1.60277 10 0
0 0 36.9019 0 61.8872 a b 1.59992 10 0
0 0 36.9389 0 61.8891 a b 1.6001 10 0
0 0 36.9686 0 61.8862 a b 1.59943 10 0
0 0 37.0053 0 61.8859 a b 1.5972 10 0
0 0 37.0415 0 61.8876 a b 1.60038 10 0
0 0 37.0757 0 61.8864 a b 1.60353 10 0
0 0 37.1055 0 61.882 a b 1.60368 10 0
0 0 37.1333 0 61.88 a b 1.60368 10 0
0 0 37.1594 0 61.8831 a b 1.60421 10 0
0 0 37.1844 0 61.8846 a b 1.6048 10 0
0 0 37.203 0 61.8858 a b 1.60458 10 0
0 0 37.2228 0 61.8858 a b 1.60535 10 0
0 0 37.2409 0 61.884 a b 1.60789 10 0
0 0 37.2598 0 61.8804 a b 1.60758 10 0
0 0 37.2812 0 61.8811 a b 1.60713 10 0
0 0 37.3094 0 61.8816 a b 1.61173 10 0
0 0 37.335 0 61.8822 a b 1.61619 10 0
0 0 37.3629 0 61.8806 a b 1.61422 10 0
0 0 37.4115 0 61.8829 a b 1.61126 10 0
0 0 37.4521 0 61.8833 a b 1.61025 10 0
0 0 37.4849 0 61.8827 a b 1.60927 10 0
0 0 37.5188 0 61.8794 a b 1.60742 10 0
0 0 37.5552 0 61.8754 a b 1.60577 10 0
0 0 37.5952 0 61.8741 a b 1.60716 10 0
0 0 37.6238 0 61.8746 a b 1.6086 10 0
0 0 37.6545 0 61.8746 a b 1.60842 10 0
0 0 37.6853 0 61.8768 a b 1.60732 10 0
0 0 37.7106 0 61.8755 a b 1.60747 10 0
0 0 37.7307 0 61.8738 a b 1.6074 10 0
0 0 37.7503 0 61.8733 a b 1.60549 10 0
0 0 37.7749 0 61.8706 a b 1.60422 10 0
0 0 37.7959 0 61.8726 a b 1.60974 10 0
0 0 37.8129 0 61.8735 a b 1.61651 10 0
0 0 37.8314 0 61.8707 a b 1.61811 10 0
0 0 37.8625 0 61.8683 a b 1.61132 10 0
0 0 37.9061 0 61.8713 a b 1.60893 10 0
0 0 37.9421 0 61.8703 a b 1.6075 10 0
0 0 37.9807 0 61.8688 a b 1.60926 10 0
0 0 38.0164 0 61.8678 a b 1.61033 10 0
0 0 38.0511 0 61.8667 a b 1.60707 10 0
0 0 38.0833 0 61.8661 a b 1.60538 10 0
0 0 38.1139 0 61.8657 a b 1.60885 10 0
0 0 38.1427 0 61.8658 a b 1.61195 10 0
0 0 38.1694 0 61.8715 a b 1.61141 10 0
0 0 38.1897 0 61.8726 a b 1.6057 10 0
0 0 38.2096 0 61.8658 a b 1.60079 10 0
0 0 38.2317 0 61.8595 a b 1.60751 10 0
0 0 38.2491 0 61.8606 a b 1.61631 10 0
0 0 38.2717 0 61.8709 a b 1.62093 10 0
0 0 38.2989 0 61.8743 a b 1.61715 10 0
0 0 38.321 0 61.8718 a b 1.60961 10 0
0 0 38.3516 0 61.8631 a b 1.60573 10 0
0 0 38.3899 0 61.8614 a b 1.60782 10 0
0 0 38.4249 0 61.8632 a b 1.60607 10 0
0 0 38.4619 0 61.8605 a b 1.60355 10 0
0 0 38.5001 0 61.8583 a b 1.60515 10 0
0 0 38.5382 0 61.8561 a b 1.60498 10 0
0 0 38.5718 0 61.8562 a b 1.60402 10 0
0 0 38.6058 0 61.8554 a b 1.60463 10 0
0 0 38.6391 0 61.8557 a b 1.60625 10 0
0 0 38.6678 0 61.8577 a b 1.60659 10 0
0 0 38.6973 0 61.8581 a b 1.60663 10 0
0 0 38.7213 0 61.8579 a b 1.60336 10 0
0 0 38.7407 0 61.8562 a b 1.60006 10 0
0 0 38.7598 0 61.8554 a b 1.60264 10 0
0 0 38.7794 0 61.858 a b 1.60829 10 0
0 0 38.8017 0 61.8654 a b 1.61105 10 0
0 0 38.8248 0 61.8675 a b 1.60749 10 0
0 0 38.8467 0 61.8627 a b 1.59928 10 0
0 0 38.8804 0 61.8515 a b 1.59586 10 0
0 0 38.9211 0 61.8479 a b 1.59913 10 0
0 0 38.9606 0 61.8525 a b 1.59851 10 0
0 0 38.9914 0 61.8515 a b 1.59581 10 0
0 0 39.028 0 61.8496 a b 1.59715 10 0
0 0 39.0599 0 61.8499 a b 1.59822 10 0
0 0 39.0934 0 61.8509 a b 1.59614 10 0
0 0 39.1233 0 61.8508 a b 1.59362 10 0
0 0 39.1532 0 61.8505 a b 1.5936 10 0
0 0 39.1809 0 61.8503 a b 1.59422 10 0
0 0 39.2101 0 61.8508 a b 1.5945 10 0
0 0 39.236 0 61.8518 a b 1.59222 10 0
0 0 39.2598 0 61.8513 a b 1.59083 10 0
0 0 39.2846 0 61.8522 a b 1.59172 10 0
0 0 39.3142 0 61.8565 a b 1.59342 10 0
0 0 39.3448 0 61.8576 a b 1.59257 10 0
0 0 39.3739 0 61.8507 a b 1.59045 10 0
0 0 39.4019 0 61.8475 a b 1.59064 10 0
0 0 39.4377 0 61.8436 a b 1.59076 10 0
0 0 39.4733 0 61.8468 a b 1.59034 10 0
0 0 39.5049 0 61.848 a b 1.58975 10 0
0 0 39.5362 0 61.8444 a b 1.58844 10 0
0 0 39.5623 0 61.8417 a b 1.58615 10 0
0 0 39.594 0 61.8456 a b 1.58649 10 0
0 0 39.6165 0 61.8514 a b 1.58905 10 0
0 0 39.6377 0 61.8508 a b 1.59184 10 0
0 0 39.6572 0 61.8496 a b 1.59412 10 0
0 0 39.679 0 61.8479 a b 1.59314 10 0
0 0 39.6993 0 61.8458 a b 1.59141 10 0
0 0 39.7187 0 61.8474 a b 1.58828 10 0
0 0 39.7441 0 61.8514 a b 1.58783 10 0
0 0 39.7702 0 61.8547 a b 1.5897 10 0
0 0 39.801 0 61.8545 a b 1.58927 10 0
0 0 39.8384 0 61.8516 a b 1.58293 10 0
0 0 39.8746 0 61.8547 a b 1.5757 10 0
0 0 39.9118 0 61.8558 a b 1.57653 10 0
0 0 39.9539 0 61.8448 a b 1.57338 10 0
0 0 39.9972 0 61.8474 a b 1.56628 10 0
0 0 40.0418 0 61.8475 a b 1.558 10 0
0 0 40.0837 0 61.8499 a b 1.55388 10 0
0 0 40.1182 0 61.8458 a b 1.55095 10 0
0 0 40.1492 0 61.8455 a b 1.54653 10 0
0 0 40.1781 0 61.8466 a b 1.54119 10 0
0 0 40.2104 0 61.8502 a b 1.53918 10 0
0 0 40.2258 0 61.85 a b 1.53846 10 0
0 0 40.2389 0 61.8483 a b 1.53605 10 0
0 0 40.2534 0 61.8506 a b 1.53106 10 0
0 0 40.2862 0 61.8591 a b 1.53197 10 0
0 0 40.3022 0 61.8574 a b 1.53307 10 0
0 0 40.3205 0 61.8602 a b 1.53399 10 0
0 0 40.3379 0 61.8603 a b 1.53491 10 0
0 0 40.3607 0 61.862 a b 1.53667 10 0
0 0 40.3942 0 61.858 a b 1.53768 10 0
0 0 40.4355 0 61.8604 a b 1.53911 10 0
0 0 40.4665 0 61.8648 a b 1.54077 10 0
0 0 40.5064 0 61.8689 a b 1.54116 10 0
0 0 40.5457 0 61.872 a b 1.54325 10 0
0 0 40.5859 0 61.8768 a b 1.54347 10 0
0 0 40.6307 0 61.8801 a b 1.54559 10 0
0 0 40.6701 0 61.879 a b 1.54647 10 0
0 0 40.7101 0 61.8766 a b 1.54654 10 0
0 0 40.7493 0 61.8806 a b 1.54683 10 0
0 0 40.7851 0 61.8836 a b 1.54561 10 0
0 0 40.8191 0 61.885 a b 1.54442 10 0
0 0 40.8495 0 61.881 a b 1.54288 10 0
