0 0 46.3816 0 61.8887 a b 3.12639 11 0
0 0 46.3777 0 61.8758 a b 3.13137 11 0
0 0 46.3905 0 61.857 a b 3.13483 11 0
0 0 46.394 0 61.8275 a b 3.13219 11 0
0 0 46.3956 0 61.7951 a b 3.12912 11 0
0 0 46.3921 0 61.764 a b 3.12805 11 0
0 0 46.389 0 61.7248 a b 3.13104 11 0
0 0 46.3865 0 61.6858 a b 3.13446 11 0
0 0 46.3887 0 61.6519 a b 3.13747 11 0
0 0 46.392 0 61.6147 a b 3.13631 11 0
0 0 46.3939 0 61.5816 a b 3.13608 11 0
0 0 46.3931 0 61.5518 a b 3.1386 11 0
0 0 46.3951 0 61.5179 a b 3.13969 11 0
0 0 46.3941 0 61.4878 a b 3.1347 11 0
0 0 46.3887 0 61.4658 a b 3.13289 11 0
0 0 46.3881 0 61.4402 a b 3.13935 11 0
0 0 46.3964 0 61.4153 a b 3.14127 11 0
0 0 46.3954 0 61.3877 a b 3.13581 11 0
0 0 46.3923 0 61.3575 a b 3.1328 11 0
0 0 46.3964 0 61.3296 a b 3.13276 11 0
0 0 46.3992 0 61.3028 a b 3.1317 11 0
0 0 46.3957 0 61.2753 a b 3.12756 11 0
0 0 46.3959 0 61.2527 a b 3.12833 11 0
0 0 46.3978 0 61.2111 a b 3.13172 11 0
0 0 46.3995 0 61.1729 a b 3.12861 11 0
0 0 46.4 0 61.144 a b 3.12104 11 0
0 0 46.3998 0 61.1099 a b 3.12056 11 0
0 0 46.3995 0 61.068 a b 3.12192 11 0
0 0 46.4013 0 61.0308 a b 3.11889 11 0
0 0 46.403 0 61.0004 a b 3.11991 11 0
0 0 46.4071 0 60.9697 a b 3.12518 11 0
0 0 46.4018 0 60.9419 a b 3.12287 11 0
0 0 46.4045 0 60.9227 a b 3.12737 11 0
0 0 46.4101 0 60.8994 a b 3.1273 11 0
0 0 46.4134 0 60.8808 a b 3.12851 11 0
0 0 46.4119 0 60.851 a b 3.13133 11 0
0 0 46.4142 0 60.8281 a b 3.13382 11 0
0 0 46.4151 0 60.8083 a b 3.13608 11 0
0 0 46.4152 0 60.7913 a b 3.13914 11 0
0 0 46.4112 0 60.7762 a b -3.13809 11 0
0 0 46.4135 0 60.7574 a b -3.12912 11 0
0 0 46.4162 0 60.7321 a b -3.12286 11 0
0 0 46.4196 0 60.7052 a b -3.11873 11 0
0 0 46.4187 0 60.6786 a b -3.11029 11 0
0 0 46.413 0 60.6485 a b -3.10349 11 0
0 0 46.4071 0 60.6141 a b -3.10125 11 0
0 0 46.4059 0 60.5813 a b -3.09636 11 0
0 0 46.4036 0 60.5441 a b -3.09237 11 0
0 0 46.403 0 60.5097 a b -3.09537 11 0
0 0 46.4018 0 60.4837 a b -3.09371 11 0
0 0 46.4008 0 60.4568 a b -3.09154 11 0
0 0 46.4003 0 60.4274 a b -3.0915 11 0
0 0 46.4039 0 60.4023 a b -3.09532 11 0
0 0 46.4058 0 60.3746 a b -3.09175 11 0
0 0 46.3986 0 60.3446 a b -3.08988 11 0
0 0 46.3928 0 60.318 a b -3.09182 11 0
0 0 46.3894 0 60.2933 a b -3.09489 11 0
0 0 46.3901 0 60.2578 a b -3.0911 11 0
0 0 46.3957 0 60.2263 a b -3.08584 11 0
0 0 46.3912 0 60.1918 a b -3.08109 11 0
0 0 46.3846 0 60.1579 a b -3.08399 11 0
0 0 46.3853 0 60.1266 a b -3.08812 11 0
0 0 46.388 0 60.0975 a b -3.08646 11 0
0 0 46.3863 0 60.0678 a b -3.07668 11 0
0 0 46.3777 0 60.0311 a b -3.07091 11 0
0 0 46.3758 0 60.0013 a b -3.07292 11 0
0 0 46.3716 0 59.9771 a b -3.07832 11 0
0 0 46.3785 0 59.9548 a b -3.08312 11 0
0 0 46.3836 0 59.9322 a b -3.07914 11 0
0 0 46.3847 0 59.9039 a b -3.07171 11 0
0 0 46.3778 0 59.8753 a b -3.07114 11 0
0 0 46.3714 0 59.8485 a b -3.07778 11 0
0 0 46.3678 0 59.8191 a b -3.08404 11 0
0 0 46.3711 0 59.7907 a b -3.08341 11 0
0 0 46.3697 0 59.7626 a b -3.07609 11 0
0 0 46.3675 0 59.7301 a b -3.0707 11 0
0 0 46.3639 0 59.6961 a b -3.07264 11 0
0 0 46.3625 0 59.66 a b -3.07928 11 0
0 0 46.3607 0 59.6248 a b -3.08319 11 0
0 0 46.3628 0 59.5938 a b -3.08531 11 0
0 0 46.3599 0 59.5599 a b -3.08769 11 0
0 0 46.3596 0 59.5311 a b -3.08851 11 0
0 0 46.3624 0 59.5057 a b -3.0858 11 0
0 0 46.3588 0 59.4854 a b -3.08678 11 0
0 0 46.357 0 59.4651 a b -3.09303 11 0
0 0 46.3577 0 59.4349 a b -3.09475 11 0
0 0 46.3584 0 59.415 a b -3.08763 11 0
0 0 46.3564 0 59.395 a b -3.08185 11 0
0 0 46.3565 0 59.3659 a b -3.08674 11 0
0 0 46.3564 0 59.329 a b -3.09817 11 0
0 0 46.3553 0 59.289 a b -3.10145 11 0
0 0 46.3566 0 59.251 a b -3.09717 11 0
0 0 46.3576 0 59.2233 a b -3.09465 11 0
0 0 46.3562 0 59.1933 a b -3.09577 11 0
0 0 46.3563 0 59.1617 a b -3.10027 11 0
0 0 46.3562 0 59.1268 a b -3.10421 11 0
0 0 46.3571 0 59.0989 a b -3.10047 11 0
0 0 46.3568 0 59.0748 a b -3.10045 11 0
0 0 46.3536 0 59.0473 a b -3.10264 11 0
0 0 46.3513 0 59.0198 a b -3.10349 11 0
0 0 46.3479 0 58.9957 a b -3.10413 11 0
0 0 46.3505 0 58.9733 a b -3.10776 11 0
0 0 46.3497 0 58.9397 a b -3.10951 11 0
0 0 46.3508 0 58.908 a b -3.10362 11 0
0 0 46.3524 0 58.8904 a b -3.10109 11 0
0 0 46.3491 0 58.8669 a b -3.11026 11 0
0 0 46.351 0 58.8368 a b -3.11969 11 0
0 0 46.3502 0 58.8054 a b -3.12555 11 0
0 0 46.3491 0 58.775 a b -3.12572 11 0
0 0 46.3487 0 58.7452 a b -3.13069 11 0
0 0 46.3485 0 58.7153 a b -3.13975 11 0
0 0 46.3484 0 58.6858 a b 3.13636 11 0
0 0 46.3485 0 58.6601 a b 3.12656 11 0
0 0 46.3501 0 58.6366 a b 3.11645 11 0
0 0 46.3561 0 58.6086 a b 3.10974 11 0
0 0 46.3558 0 58.5753 a b 3.10747 11 0
0 0 46.3551 0 58.5491 a b 3.10817 11 0
0 0 46.3472 0 58.5205 a b 3.10721 11 0
0 0 46.3501 0 58.4897 a b 3.10779 11 0
0 0 46.3557 0 58.4597 a b 3.10539 11 0
0 0 46.3593 0 58.4314 a b 3.10195 11 0
0 0 46.3554 0 58.3962 a b 3.10249 11 0
0 0 46.357 0 58.3678 a b 3.10747 11 0
0 0 46.3635 0 58.3446 a b 3.10703 11 0
0 0 46.3614 0 58.3243 a b 3.10139 11 0
0 0 46.3634 0 58.3016 a b 3.09991 11 0
0 0 46.3615 0 58.274 a b 3.10356 11 0
0 0 46.3593 0 58.2462 a b 3.11015 11 0
0 0 46.3574 0 58.2158 a b 3.11177 11 0
0 0 46.355 0 58.1828 a b 3.11137 11 0
0 0 46.3514 0 58.1471 a b 3.11528 11 0
0 0 46.3555 0 58.1128 a b 3.12382 11 0
0 0 46.3621 0 58.0763 a b 3.12774 11 0
0 0 46.3673 0 58.044 a b 3.12413 11 0
0 0 46.37 0 58.0091 a b 3.12534 11 0
0 0 46.3711 0 57.9737 a b 3.12488 11 0
0 0 46.3731 0 57.9407 a b 3.12353 11 0
0 0 46.3728 0 57.9064 a b 3.12246 11 0
0 0 46.3715 0 57.8734 a b 3.12624 11 0
0 0 46.3718 0 57.8415 a b 3.1313 11 0
0 0 46.3726 0 57.8131 a b 3.12971 11 0
0 0 46.3745 0 57.7958 a b 3.12721 11 0
0 0 46.3761 0 57.7729 a b 3.1293 11 0
0 0 46.3825 0 57.7493 a b 3.1325 11 0
0 0 46.3853 0 57.7286 a b 3.13165 11 0
0 0 46.3841 0 57.7112 a b 3.13104 11 0
0 0 46.382 0 57.6932 a b 3.12974 11 0
0 0 46.3795 0 57.6686 a b 3.13419 11 0
0 0 46.379 0 57.6437 a b 3.13791 11 0
0 0 46.3786 0 57.6159 a b 3.13616 11 0
0 0 46.3822 0 57.5772 a b 3.13613 11 0
0 0 46.3853 0 57.5431 a b 3.13825 11 0
0 0 46.387 0 57.5039 a b -3.14135 11 0
0 0 46.3875 0 57.4668 a b -3.1407 11 0
0 0 46.3866 0 57.434 a b 3.14001 11 0
0 0 46.3859 0 57.391 a b 3.13988 11 0
0 0 46.385 0 57.3488 a b 3.14018 11 0
0 0 46.38 0 57.3119 a b 3.13976 11 0
0 0 46.3818 0 57.2821 a b 3.14052 11 0
0 0 46.3846 0 57.2526 a b 3.13922 11 0
0 0 46.3883 0 57.2232 a b 3.14054 11 0
0 0 46.3855 0 57.198 a b 3.14027 11 0
0 0 46.3906 0 57.1775 a b 3.13893 11 0
0 0 46.3926 0 57.1559 a b 3.13975 11 0
0 0 46.3951 0 57.1377 a b 3.14017 11 0
0 0 46.3928 0 57.1238 a b 3.13984 11 0
0 0 46.3911 0 57.1058 a b 3.14001 11 0
0 0 46.3902 0 57.0885 a b -3.13901 11 0
0 0 46.3902 0 57.0672 a b -3.13428 11 0
0 0 46.3909 0 57.0342 a b -3.13477 11 0
0 0 46.3929 0 57.0005 a b -3.14002 11 0
0 0 46.3953 0 56.9661 a b -3.13836 11 0
0 0 46.3969 0 56.9292 a b -3.13427 11 0
0 0 46.3949 0 56.8962 a b -3.13826 11 0
0 0 46.3971 0 56.8628 a b -3.14056 11 0
0 0 46.3967 0 56.8301 a b -3.13811 11 0
0 0 46.3978 0 56.7994 a b -3.13536 11 0
0 0 46.398 0 56.7712 a b -3.13382 11 0
0 0 46.3995 0 56.7456 a b -3.13309 11 0
0 0 46.3985 0 56.7208 a b -3.13245 11 0
0 0 46.3972 0 56.6969 a b -3.13308 11 0
0 0 46.3974 0 56.6745 a b -3.13482 11 0
0 0 46.3976 0 56.652 a b -3.13549 11 0
0 0 46.399 0 56.6285 a b -3.13163 11 0
0 0 46.4002 0 56.6092 a b -3.1276 11 0
0 0 46.3976 0 56.5848 a b -3.12458 11 0
0 0 46.3953 0 56.5608 a b -3.12306 11 0
0 0 46.3962 0 56.5259 a b -3.12381 11 0
0 0 46.3964 0 56.4894 a b -3.1242 11 0
0 0 46.398 0 56.4571 a b -3.12364 11 0
0 0 46.3984 0 56.4239 a b -3.11995 11 0
0 0 46.3995 0 56.3908 a b -3.11735 11 0
0 0 46.4004 0 56.3609 a b -3.11826 11 0
0 0 46.4025 0 56.3324 a b -3.11748 11 0
0 0 46.4027 0 56.3031 a b -3.11482 11 0
0 0 46.4004 0 56.2711 a b -3.11216 11 0
0 0 46.3994 0 56.2394 a b -3.11151 11 0
0 0 46.4008 0 56.203 a b -3.11131 11 0
0 0 46.401 0 56.1696 a b -3.10975 11 0
0 0 46.3998 0 56.1376 a b -3.10723 11 0
0 0 46.3984 0 56.1055 a b -3.10696 11 0
0 0 46.3967 0 56.0722 a b -3.10574 11 0
0 0 46.3909 0 56.0416 a b -3.10496 11 0
0 0 46.3875 0 56.0108 a b -3.10487 11 0
0 0 46.3878 0 55.9837 a b -3.10372 11 0
0 0 46.3911 0 55.9583 a b -3.10134 11 0
0 0 46.3921 0 55.9376 a b -3.10103 11 0
0 0 46.3922 0 55.9152 a b -3.10337 11 0
0 0 46.3893 0 55.8895 a b -3.10239 11 0
0 0 46.3852 0 55.87 a b -3.0965 11 0
0 0 46.3808 0 55.8502 a b -3.0971 11 0
0 0 46.3802 0 55.819 a b -3.09655 11 0
0 0 46.3802 0 55.7842 a b -3.09201 11 0
0 0 46.384 0 55.7545 a b -3.09162 11 0
0 0 46.3844 0 55.7248 a b -3.09591 11 0
0 0 46.3823 0 55.6855 a b -3.09707 11 0
0 0 46.3808 0 55.6492 a b -3.09498 11 0
0 0 46.382 0 55.6228 a b -3.09395 11 0
0 0 46.38 0 55.5907 a b -3.09838 11 0
0 0 46.3777 0 55.5549 a b -3.10163 11 0
0 0 46.3745 0 55.5245 a b -3.09809 11 0
0 0 46.377 0 55.504 a b -3.09673 11 0
0 0 46.3789 0 55.4823 a b -3.0965 11 0
0 0 46.383 0 55.4635 a b -3.09276 11 0
0 0 46.3833 0 55.4534 a b -3.09368 11 0
0 0 46.3812 0 55.438 a b -3.09995 11 0
0 0 46.3773 0 55.4168 a b -3.09952 11 0
0 0 46.3732 0 55.3966 a b -3.09404 11 0
0 0 46.3733 0 55.3764 a b -3.09292 11 0
0 0 46.37 0 55.3523 a b -3.09609 11 0
0 0 46.3705 0 55.3209 a b -3.09635 11 0
0 0 46.3726 0 55.2844 a b -3.09227 11 0
0 0 46.3725 0 55.2524 a b -3.09567 11 0
0 0 46.3706 0 55.2176 a b -3.09688 11 0
0 0 46.3686 0 55.1823 a b -3.09254 11 0
0 0 46.368 0 55.1485 a b -3.09066 11 0
0 0 46.3665 0 55.1152 a b -3.09549 11 0
0 0 46.3582 0 55.0797 a b -3.09745 11 0
0 0 46.3571 0 55.0441 a b -3.09117 11 0
0 0 46.3595 0 55.0055 a b -3.08853 11 0
0 0 46.3573 0 54.9751 a b -3.09192 11 0
0 0 46.3564 0 54.9434 a b -3.09343 11 0
0 0 46.3551 0 54.914 a b -3.0924 11 0
0 0 46.3542 0 54.8855 a b -3.09088 11 0
0 0 46.3541 0 54.8563 a b -3.08787 11 0
0 0 46.3575 0 54.8281 a b -3.08738 11 0
0 0 46.3548 0 54.7981 a b -3.08911 11 0
0 0 46.3516 0 54.7694 a b -3.09037 11 0
0 0 46.3498 0 54.7432 a b -3.08919 11 0
0 0 46.3493 0 54.712 a b -3.08518 11 0
0 0 46.3532 0 54.6776 a b -3.08831 11 0
0 0 46.3521 0 54.6484 a b -3.08888 11 0
0 0 46.3522 0 54.618 a b -3.08795 11 0
0 0 46.3488 0 54.586 a b -3.09055 11 0
0 0 46.3447 0 54.5574 a b -3.09096 11 0
0 0 46.342 0 54.5242 a b -3.08737 11 0
0 0 46.3418 0 54.4928 a b -3.08814 11 0
0 0 46.3403 0 54.4601 a b -3.09006 11 0
0 0 46.338 0 54.4255 a b -3.08836 11 0
0 0 46.3395 0 54.3942 a b -3.08714 11 0
0 0 46.3375 0 54.3638 a b -3.08433 11 0
0 0 46.336 0 54.3325 a b -3.08318 11 0
0 0 46.3355 0 54.3039 a b -3.08711 11 0
0 0 46.3336 0 54.2795 a b -3.08883 11 0
0 0 46.3305 0 54.2547 a b -3.0854 11 0
0 0 46.3308 0 54.2287 a b -3.08248 11 0
0 0 46.3307 0 54.1962 a b -3.07996 11 0
0 0 46.3299 0 54.1677 a b -3.08008 11 0
0 0 46.3289 0 54.1348 a b -3.08147 11 0
0 0 46.3272 0 54.1074 a b -3.08521 11 0
0 0 46.327 0 54.0827 a b -3.08679 11 0
0 0 46.3258 0 54.0581 a b -3.0838 11 0
0 0 46.3236 0 54.0281 a b -3.07971 11 0
0 0 46.3214 0 53.9957 a b -3.07823 11 0
0 0 46.3218 0 53.9628 a b -3.079 11 0
0 0 46.3198 0 53.933 a b -3.07967 11 0
0 0 46.318 0 53.9032 a b -3.07946 11 0
0 0 46.3223 0 53.8713 a b -3.08102 11 0
0 0 46.3176 0 53.846 a b -3.0813 11 0
0 0 46.3146 0 53.8176 a b -3.07817 11 0
0 0 46.3127 0 53.7861 a b -3.07539 11 0
0 0 46.3116 0 53.76 a b -3.07657 11 0
0 0 46.3082 0 53.7352 a b -3.07592 11 0
0 0 46.3066 0 53.7066 a b -3.074 11 0
0 0 46.3024 0 53.6831 a b -3.07281 11 0
0 0 46.2973 0 53.6568 a b -3.07164 11 0
0 0 46.2955 0 53.6267 a b -3.07039 11 0
0 0 46.2938 0 53.5953 a b -3.07006 11 0
0 0 46.2937 0 53.5687 a b -3.07161 11 0
0 0 46.2928 0 53.5425 a b -3.07218 11 0
0 0 46.291 0 53.5128 a b -3.07052 11 0
0 0 46.289 0 53.4842 a b -3.0718 11 0
0 0 46.2898 0 53.4583 a b -3.07293 11 0
0 0 46.2894 0 53.428 a b -3.07181 11 0
0 0 46.2843 0 53.3994 a b -3.07137 11 0
0 0 46.2856 0 53.3685 a b -3.07457 11 0
0 0 46.2873 0 53.3444 a b -3.07488 11 0
0 0 46.2845 0 53.3149 a b -3.07188 11 0
0 0 46.2757 0 53.2827 a b -3.07353 11 0
0 0 46.2723 0 53.2525 a b -3.07935 11 0
0 0 46.2745 0 53.2181 a b -3.0847 11 0
0 0 46.2755 0 53.1868 a b -3.08502 11 0
0 0 46.2737 0 53.1565 a b -3.08338 11 0
0 0 46.2701 0 53.1283 a b -3.08554 11 0
0 0 46.2666 0 53.0991 a b -3.08916 11 0
0 0 46.2673 0 53.073 a b -3.09575 11 0
0 0 46.2709 0 53.0475 a b -3.10054 11 0
0 0 46.2708 0 53.023 a b -3.09799 11 0
0 0 46.2689 0 52.9973 a b -3.09892 11 0
0 0 46.2684 0 52.9732 a b -3.10254 11 0
0 0 46.2661 0 52.9523 a b -3.10898 11 0
0 0 46.2666 0 52.9244 a b -3.1179 11 0
0 0 46.2647 0 52.8951 a b -3.1213 11 0
0 0 46.2596 0 52.8684 a b -3.12632 11 0
0 0 46.2595 0 52.8366 a b -3.13275 11 0
0 0 46.2586 0 52.8058 a b -3.1387 11 0
0 0 46.2586 0 52.7727 a b 3.13317 11 0
0 0 46.2604 0 52.7408 a b 3.1242 11 0
0 0 46.2625 0 52.7074 a b 3.11891 11 0
0 0 46.2624 0 52.6753 a b 3.11277 11 0
0 0 46.2618 0 52.6389 a b 3.10846 11 0
0 0 46.2644 0 52.6041 a b 3.11081 11 0
0 0 46.2698 0 52.5805 a b 3.11537 11 0
0 0 46.2701 0 52.5542 a b 3.11409 11 0
0 0 46.2702 0 52.5263 a b 3.11292 11 0
0 0 46.2759 0 52.4991 a b 3.11665 11 0
0 0 46.281 0 52.4793 a b 3.12074 11 0
0 0 46.2808 0 52.4593 a b 3.12044 11 0
0 0 46.2777 0 52.4352 a b 3.12098 11 0
0 0 46.2761 0 52.4142 a b 3.11901 11 0
0 0 46.2741 0 52.3887 a b 3.1138 11 0
0 0 46.2763 0 52.3509 a b 3.11724 11 0
0 0 46.28 0 52.3156 a b 3.12561 11 0
0 0 46.282 0 52.2863 a b 3.13002 11 0
0 0 46.2829 0 52.2586 a b 3.13152 11 0
0 0 46.2829 0 52.232 a b 3.12933 11 0
0 0 46.2844 0 52.198 a b 3.12591 11 0
0 0 46.2816 0 52.1653 a b 3.12414 11 0
0 0 46.2815 0 52.1366 a b 3.12347 11 0
0 0 46.2784 0 52.1046 a b 3.12201 11 0
0 0 46.2715 0 52.065 a b 3.12736 11 0
0 0 46.2743 0 52.0364 a b 3.13862 11 0
0 0 46.2829 0 52.0139 a b -3.13715 11 0
0 0 46.2932 0 51.992 a b 3.14086 11 0
0 0 46.2921 0 51.9633 a b 3.13275 11 0
0 0 46.2865 0 51.9358 a b 3.12878 11 0
0 0 46.2803 0 51.9065 a b 3.13014 11 0
0 0 46.2779 0 51.8756 a b 3.13508 11 0
0 0 46.2805 0 51.8463 a b 3.13996 11 0
0 0 46.2844 0 51.8148 a b -3.14058 11 0
0 0 46.2867 0 51.7805 a b 3.14158 11 0
0 0 46.2892 0 51.7411 a b 3.14131 11 0
0 0 46.2936 0 51.7028 a b -3.14105 11 0
0 0 46.2971 0 51.6705 a b 3.13593 11 0
0 0 46.2867 0 51.636 a b 3.13253 11 0
0 0 46.287 0 51.6011 a b 3.13881 11 0
0 0 46.2861 0 51.5729 a b -3.1412 11 0
0 0 46.2796 0 51.5451 a b -3.14004 11 0
0 0 46.2825 0 51.5191 a b -3.13814 11 0
0 0 46.2954 0 51.4986 a b -3.13893 11 0
0 0 46.2994 0 51.4817 a b 3.1352 11 0
0 0 46.2889 0 51.4629 a b 3.13436 11 0
0 0 46.2878 0 51.4398 a b -3.14025 11 0
0 0 46.2955 0 51.4125 a b -3.1385 11 0
0 0 46.2947 0 51.3925 a b 3.13895 11 0
0 0 46.2864 0 51.3669 a b 3.13482 11 0
0 0 46.2873 0 51.3389 a b 3.13998 11 0
0 0 46.295 0 51.3018 a b -3.14006 11 0
0 0 46.3019 0 51.2596 a b 3.13692 11 0
0 0 46.2975 0 51.2196 a b 3.13268 11 0
0 0 46.295 0 51.1784 a b 3.13318 11 0
0 0 46.2959 0 51.1326 a b 3.13627 11 0
0 0 46.3008 0 51.0806 a b 3.13791 11 0
0 0 46.3028 0 51.0379 a b 3.13522 11 0
0 0 46.3009 0 51.0091 a b 3.13397 11 0
0 0 46.3025 0 50.9842 a b 3.13191 11 0
0 0 46.2975 0 50.9676 a b 3.13456 11 0
0 0 46.2984 0 50.9425 a b -3.12731 11 0
0 0 46.2985 0 50.9558 a b -3.13265 11 0
0 0 46.2972 0 50.9423 a b -3.13107 11 0
0 0 46.2954 0 50.924 a b -3.13592 11 0
0 0 46.2995 0 50.9099 a b 3.13803 11 0
0 0 46.3038 0 50.8981 a b 3.13331 11 0
0 0 46.3041 0 50.8789 a b 3.13709 11 0
0 0 46.3012 0 50.8454 a b -3.13994 11 0
0 0 46.303 0 50.8111 a b -3.14065 11 0
0 0 46.3042 0 50.7878 a b 3.13801 11 0
0 0 46.3045 0 50.7694 a b 3.13711 11 0
0 0 46.3039 0 50.7486 a b 3.13686 11 0
0 0 46.3073 0 50.7329 a b 3.13343 11 0
0 0 46.3153 0 50.7217 a b 3.13571 11 0
0 0 46.3159 0 50.706 a b -3.13854 11 0
0 0 46.3113 0 50.6822 a b -3.13324 11 0
0 0 46.3011 0 50.6514 a b -3.13826 11 0
0 0 46.3042 0 50.6243 a b 3.12914 11 0
0 0 46.3196 0 50.5977 a b 3.12575 11 0
0 0 46.3199 0 50.566 a b 3.1377 11 0
0 0 46.3103 0 50.5314 a b -3.13837 11 0
0 0 46.303 0 50.4951 a b -3.13755 11 0
0 0 46.303 0 50.46 a b 3.13908 11 0
0 0 46.3057 0 50.4266 a b 3.13572 11 0
0 0 46.3061 0 50.3915 a b 3.13599 11 0
0 0 46.3058 0 50.3558 a b 3.13647 11 0
0 0 46.3058 0 50.3259 a b 3.13563 11 0
0 0 46.3103 0 50.2948 a b 3.13749 11 0
0 0 46.3095 0 50.2659 a b 3.14048 11 0
0 0 46.3062 0 50.2409 a b 3.13963 11 0
0 0 46.3104 0 50.2144 a b 3.13588 11 0
0 0 46.3222 0 50.1836 a b 3.13632 11 0
0 0 46.3235 0 50.1567 a b 3.14133 11 0
0 0 46.3123 0 50.141 a b 3.14156 11 0
0 0 46.306 0 50.1183 a b 3.13063 11 0
0 0 46.3095 0 50.0938 a b 3.11983 11 0
0 0 46.322 0 50.0641 a b 3.12235 11 0
0 0 46.3238 0 50.042 a b 3.13466 11 0
0 0 46.3186 0 50.0212 a b 3.13969 11 0
0 0 46.3169 0 49.9967 a b 3.13543 11 0
0 0 46.3167 0 49.966 a b 3.1261 11 0
0 0 46.32 0 49.9306 a b 3.11906 11 0
0 0 46.3229 0 49.8938 a b 3.12155 11 0
0 0 46.3206 0 49.8628 a b 3.12934 11 0
0 0 46.32 0 49.8286 a b 3.13467 11 0
0 0 46.3211 0 49.7957 a b 3.13742 11 0
0 0 46.3207 0 49.7583 a b 3.13425 11 0
0 0 46.3222 0 49.7149 a b 3.13392 11 0
0 0 46.3224 0 49.6767 a b 3.13655 11 0
0 0 46.3225 0 49.6429 a b 3.13618 11 0
0 0 46.3219 0 49.6128 a b 3.13317 11 0
0 0 46.3202 0 49.58 a b 3.12964 11 0
0 0 46.3211 0 49.5522 a b 3.13287 11 0
0 0 46.3231 0 49.5263 a b 3.13951 11 0
0 0 46.3248 0 49.5051 a b 3.14135 11 0
0 0 46.3245 0 49.4764 a b -3.13849 11 0
0 0 46.3265 0 49.4596 a b -3.13576 11 0
0 0 46.3273 0 49.4436 a b 3.13981 11 0
0 0 46.3297 0 49.4143 a b 3.13049 11 0
0 0 46.3306 0 49.3797 a b 3.13155 11 0
0 0 46.3338 0 49.3531 a b 3.13887 11 0
0 0 46.3313 0 49.329 a b -3.13742 11 0
0 0 46.3317 0 49.3039 a b -3.13836 11 0
0 0 46.3313 0 49.2689 a b -3.14086 11 0
0 0 46.3301 0 49.2349 a b -3.14046 11 0
0 0 46.3303 0 49.2009 a b 3.14121 11 0
0 0 46.3307 0 49.1629 a b 3.1408 11 0
0 0 46.3288 0 49.1202 a b -3.13921 11 0
0 0 46.3285 0 49.0872 a b -3.13531 11 0
0 0 46.3303 0 49.0526 a b -3.13602 11 0
0 0 46.3296 0 49.0209 a b -3.13901 11 0
0 0 46.3319 0 48.9896 a b -3.14111 11 0
0 0 46.3322 0 48.9632 a b 3.14096 11 0
0 0 46.3316 0 48.9376 a b -3.13949 11 0
0 0 46.3329 0 48.9168 a b -3.13864 11 0
0 0 46.3327 0 48.8946 a b -3.14112 11 0
0 0 46.3327 0 48.8764 a b 3.14127 11 0
0 0 46.3319 0 48.8558 a b -3.13982 11 0
0 0 46.3331 0 48.8393 a b -3.13802 11 0
0 0 46.3352 0 48.8155 a b -3.13889 11 0
0 0 46.3362 0 48.7908 a b 3.14122 11 0
0 0 46.3346 0 48.7609 a b 3.14084 11 0
0 0 46.3369 0 48.7313 a b 3.14014 11 0
0 0 46.3368 0 48.6972 a b 3.13822 11 0
0 0 46.3363 0 48.6598 a b 3.13674 11 0
0 0 46.3375 0 48.621 a b 3.13685 11 0
0 0 46.3395 0 48.582 a b 3.13603 11 0
0 0 46.3421 0 48.5475 a b 3.13418 11 0
0 0 46.3437 0 48.514 a b 3.13061 11 0
0 0 46.3437 0 48.4808 a b 3.12535 11 0
0 0 46.3403 0 48.4489 a b 3.11881 11 0
0 0 46.3423 0 48.4233 a b 3.11334 11 0
0 0 46.3399 0 48.3966 a b 3.11203 11 0
0 0 46.3431 0 48.3729 a b 3.1127 11 0
0 0 46.3468 0 48.3525 a b 3.1093 11 0
0 0 46.3483 0 48.3328 a b 3.10461 11 0
0 0 46.3482 0 48.316 a b 3.1026 11 0
0 0 46.3493 0 48.2959 a b 3.10331 11 0
0 0 46.3494 0 48.2781 a b 3.10256 11 0
0 0 46.3522 0 48.257 a b 3.10124 11 0
0 0 46.3519 0 48.2351 a b 3.0971 11 0
0 0 46.3505 0 48.2073 a b 3.10169 11 0
0 0 46.3512 0 48.1745 a b 3.1048 11 0
0 0 46.3524 0 48.1422 a b 3.10521 11 0
0 0 46.3516 0 48.1094 a b 3.11007 11 0
0 0 46.3536 0 48.068 a b 3.11293 11 0
0 0 46.3572 0 48.0303 a b 3.10834 11 0
0 0 46.3582 0 48.0019 a b 3.10475 11 0
0 0 46.3587 0 47.967 a b 3.11181 11 0
0 0 46.3597 0 47.9268 a b 3.11676 11 0
0 0 46.3627 0 47.8881 a b 3.11481 11 0
0 0 46.365 0 47.8598 a b 3.11124 11 0
0 0 46.3666 0 47.833 a b 3.11356 11 0
0 0 46.3673 0 47.8029 a b 3.11973 11 0
0 0 46.3688 0 47.7733 a b 3.12219 11 0
0 0 46.3746 0 47.752 a b 3.11885 11 0
0 0 46.3755 0 47.7346 a b 3.11822 11 0
0 0 46.3746 0 47.7161 a b 3.12023 11 0
0 0 46.3716 0 47.6918 a b 3.12247 11 0
0 0 46.3728 0 47.6637 a b 3.1204 11 0
0 0 46.3741 0 47.6448 a b 3.11527 11 0
0 0 46.3727 0 47.6256 a b 3.11656 11 0
0 0 46.3727 0 47.6038 a b 3.124 11 0
0 0 46.373 0 47.5731 a b 3.12806 11 0
0 0 46.3754 0 47.541 a b 3.12747 11 0
0 0 46.3768 0 47.5114 a b 3.12754 11 0
0 0 46.3764 0 47.4735 a b 3.12948 11 0
0 0 46.3774 0 47.43 a b 3.12837 11 0
0 0 46.3801 0 47.3898 a b 3.12808 11 0
0 0 46.3814 0 47.3471 a b 3.13182 11 0
0 0 46.3821 0 47.2975 a b 3.13798 11 0
0 0 46.3793 0 47.2564 a b 3.13933 11 0
0 0 46.3808 0 47.2174 a b 3.13786 11 0
0 0 46.3831 0 47.1828 a b 3.14055 11 0
0 0 46.3807 0 47.1511 a b -3.13804 11 0
0 0 46.3784 0 47.1231 a b -3.13671 11 0
0 0 46.3776 0 47.0998 a b -3.13927 11 0
0 0 46.3802 0 47.0862 a b -3.13809 11 0
0 0 46.3816 0 47.0745 a b -3.13334 11 0
0 0 46.3788 0 47.0608 a b -3.12986 11 0
0 0 46.381 0 47.0457 a b -3.13089 11 0
0 0 46.3824 0 47.0247 a b -3.13134 11 0
0 0 46.3825 0 46.9997 a b -3.12956 11 0
0 0 46.3838 0 46.9636 a b -3.12524 11 0
0 0 46.3788 0 46.9278 a b -3.12153 11 0
0 0 46.3782 0 46.8895 a b -3.12366 11 0
0 0 46.3777 0 46.8509 a b -3.12472 11 0
0 0 46.3782 0 46.8152 a b -3.12309 11 0
0 0 46.3765 0 46.78 a b -3.11896 11 0
0 0 46.3754 0 46.7414 a b -3.11544 11 0
0 0 46.3739 0 46.7026 a b -3.11367 11 0
0 0 46.3708 0 46.6703 a b -3.11339 11 0
0 0 46.3706 0 46.6408 a b -3.11565 11 0
0 0 46.3738 0 46.6121 a b -3.11418 11 0
0 0 46.3737 0 46.5943 a b -3.10632 11 0
0 0 46.373 0 46.5835 a b -3.10586 11 0
0 0 46.3729 0 46.57 a b -3.10993 11 0
0 0 46.3718 0 46.5498 a b -3.10621 11 0
0 0 46.368 0 46.5314 a b -3.10256 11 0
0 0 46.367 0 46.5062 a b -3.10848 11 0
0 0 46.3689 0 46.473 a b -3.11187 11 0
0 0 46.37 0 46.4438 a b -3.10536 11 0
0 0 46.3683 0 46.4227 a b -3.10368 11 0
0 0 46.3686 0 46.3988 a b -3.10114 11 0
0 0 46.3688 0 46.3755 a b -3.10043 11 0
0 0 46.367 0 46.3468 a b -3.10317 11 0
0 0 46.3692 0 46.3145 a b -3.10421 11 0
0 0 46.37 0 46.2788 a b -3.10132 11 0
0 0 46.3692 0 46.2422 a b -3.09851 11 0
0 0 46.3685 0 46.2039 a b -3.09918 11 0
0 0 46.3678 0 46.1632 a b -3.10255 11 0
0 0 46.3657 0 46.1212 a b -3.10344 11 0
0 0 46.364 0 46.077 a b -3.1017 11 0
0 0 46.3643 0 46.0416 a b -3.10161 11 0
0 0 46.3637 0 46.0061 a b -3.10365 11 0
0 0 46.3626 0 45.9688 a b -3.10456 11 0
0 0 46.362 0 45.9441 a b -3.10235 11 0
0 0 46.3649 0 45.9268 a b -3.10319 11 0
0 0 46.3647 0 45.9094 a b -3.10917 11 0
0 0 46.3679 0 45.8922 a b -3.11162 11 0
0 0 46.3766 0 45.8706 a b -3.10821 11 0
0 0 46.3755 0 45.8552 a b -3.10513 11 0
0 0 46.3711 0 45.8335 a b -3.10749 11 0
0 0 46.365 0 45.801 a b -3.11057 11 0
0 0 46.3638 0 45.7603 a b -3.10496 11 0
0 0 46.3628 0 45.7267 a b -3.10129 11 0
0 0 46.3672 0 45.6872 a b -3.10022 11 0
0 0 46.3674 0 45.646 a b -3.10707 11 0
0 0 46.3637 0 45.6031 a b -3.11543 11 0
0 0 46.3602 0 45.561 a b -3.11686 11 0
0 0 46.3618 0 45.5207 a b -3.11742 11 0
0 0 46.3646 0 45.4874 a b -3.12091 11 0
0 0 46.3666 0 45.4599 a b -3.12473 11 0
0 0 46.3651 0 45.4383 a b -3.12957 11 0
0 0 46.3606 0 45.4151 a b -3.12828 11 0
0 0 46.3647 0 45.3983 a b -3.12517 11 0
0 0 46.3691 0 45.3816 a b -3.12925 11 0
0 0 46.3702 0 45.3644 a b -3.13666 11 0
0 0 46.3668 0 45.3432 a b -3.13979 11 0
0 0 46.3604 0 45.3146 a b -3.13637 11 0
0 0 46.3644 0 45.2895 a b -3.14137 11 0
0 0 46.358 0 45.2718 a b 3.12819 11 0
0 0 46.3525 0 45.2473 a b 3.12734 11 0
0 0 46.3583 0 45.2164 a b 3.12879 11 0
0 0 46.3672 0 45.1862 a b 3.11784 11 0
0 0 46.367 0 45.1655 a b 3.10286 11 0
0 0 46.3612 0 45.1406 a b 3.09821 11 0
0 0 46.3632 0 45.1143 a b 3.10064 11 0
0 0 46.3663 0 45.0847 a b 3.09518 11 0
0 0 46.3634 0 45.0608 a b 3.08752 11 0
0 0 46.3584 0 45.0411 a b 3.08907 11 0
0 0 46.3581 0 45.0152 a b 3.09632 11 0
0 0 46.3632 0 44.9888 a b 3.09997 11 0
0 0 46.3695 0 44.966 a b 3.09816 11 0
0 0 46.3705 0 44.943 a b 3.10093 11 0
0 0 46.3738 0 44.9175 a b 3.10385 11 0
0 0 46.3775 0 44.8869 a b 3.10476 11 0
0 0 46.3795 0 44.846 a b 3.10211 11 0
0 0 46.3788 0 44.811 a b 3.10538 11 0
0 0 46.3803 0 44.7747 a b 3.10487 11 0
0 0 46.3785 0 44.7392 a b 3.10722 11 0
0 0 46.378 0 44.7041 a b 3.11407 11 0
0 0 46.3796 0 44.6707 a b 3.11612 11 0
0 0 46.3824 0 44.6407 a b 3.11493 11 0
0 0 46.3849 0 44.6118 a b 3.11393 11 0
0 0 46.3907 0 44.583 a b 3.1105 11 0
0 0 46.394 0 44.5604 a b 3.11515 11 0
0 0 46.3968 0 44.5276 a b 3.11844 11 0
0 0 46.3983 0 44.4972 a b 3.11734 11 0
0 0 46.3992 0 44.4769 a b 3.11314 11 0
0 0 46.3914 0 44.4607 a b 3.1162 11 0
0 0 46.3911 0 44.4353 a b 3.12171 11 0
0 0 46.394 0 44.4052 a b 3.12528 11 0
0 0 46.3964 0 44.3737 a b 3.12358 11 0
0 0 46.4036 0 44.3488 a b 3.11952 11 0
0 0 46.4072 0 44.3181 a b 3.1207 11 0
0 0 46.4102 0 44.2845 a b 3.12087 11 0
0 0 46.4082 0 44.251 a b 3.1207 11 0
0 0 46.4038 0 44.2208 a b 3.12306 11 0
0 0 46.4017 0 44.1834 a b 3.12586 11 0
0 0 46.4032 0 44.1527 a b 3.12856 11 0
0 0 46.4033 0 44.1268 a b 3.13435 11 0
0 0 46.4019 0 44.1018 a b 3.13542 11 0
0 0 46.4064 0 44.0745 a b 3.13275 11 0
0 0 46.4117 0 44.0438 a b 3.13393 11 0
0 0 46.4141 0 44.0127 a b 3.13156 11 0
0 0 46.4209 0 43.9869 a b 3.12946 11 0
0 0 46.42 0 43.9649 a b 3.13275 11 0
0 0 46.4171 0 43.9412 a b 3.13716 11 0
0 0 46.4124 0 43.9117 a b 3.1381 11 0
0 0 46.4182 0 43.8827 a b 3.13676 11 0
0 0 46.4216 0 43.8505 a b 3.14035 11 0
0 0 46.4245 0 43.8245 a b -3.14069 11 0
0 0 46.4228 0 43.7984 a b -3.14154 11 0
0 0 46.4258 0 43.7708 a b 3.13864 11 0
0 0 46.4284 0 43.7425 a b 3.14105 11 0
0 0 46.4291 0 43.7162 a b -3.13719 11 0
0 0 46.4247 0 43.6922 a b -3.13494 11 0
0 0 46.4225 0 43.6646 a b -3.13612 11 0
0 0 46.4253 0 43.6319 a b -3.1388 11 0
0 0 46.432 0 43.6009 a b -3.13854 11 0
0 0 46.4355 0 43.5766 a b -3.13305 11 0
0 0 46.4345 0 43.544 a b -3.12992 11 0
0 0 46.4345 0 43.5088 a b -3.13056 11 0
0 0 46.4325 0 43.4748 a b -3.13566 11 0
0 0 46.4319 0 43.4421 a b -3.13982 11 0
0 0 46.435 0 43.4089 a b -3.13572 11 0
0 0 46.4376 0 43.3703 a b -3.13271 11 0
0 0 46.4385 0 43.3355 a b -3.13069 11 0
0 0 46.4382 0 43.3046 a b -3.13036 11 0
0 0 46.4373 0 43.2712 a b -3.13104 11 0
0 0 46.4395 0 43.2364 a b -3.12978 11 0
0 0 46.4398 0 43.2107 a b -3.12577 11 0
0 0 46.4412 0 43.1818 a b -3.12566 11 0
0 0 46.4417 0 43.1532 a b -3.12679 11 0
0 0 46.4422 0 43.1259 a b -3.12529 11 0
0 0 46.4412 0 43.0994 a b -3.12384 11 0
0 0 46.4406 0 43.0773 a b -3.12458 11 0
0 0 46.442 0 43.0483 a b -3.1243 11 0
0 0 46.4411 0 43.0219 a b -3.11872 11 0
0 0 46.4422 0 42.9996 a b -3.11738 11 0
0 0 46.4419 0 42.9741 a b -3.12061 11 0
0 0 46.4393 0 42.9398 a b -3.12198 11 0
0 0 46.4385 0 42.9084 a b -3.11603 11 0
0 0 46.437 0 42.8793 a b -3.11437 11 0
0 0 46.4364 0 42.8445 a b -3.11491 11 0
0 0 46.4358 0 42.8075 a b -3.11243 11 0
0 0 46.4371 0 42.7784 a b -3.10989 11 0
0 0 46.4371 0 42.7466 a b -3.11057 11 0
0 0 46.4367 0 42.7136 a b -3.11117 11 0
0 0 46.4374 0 42.6803 a b -3.11025 11 0
0 0 46.4372 0 42.6443 a b -3.10873 11 0
0 0 46.4364 0 42.617 a b -3.10765 11 0
0 0 46.4335 0 42.5884 a b -3.10927 11 0
0 0 46.4327 0 42.5599 a b -3.10838 11 0
0 0 46.4355 0 42.5351 a b -3.10793 11 0
0 0 46.4371 0 42.5095 a b -3.10848 11 0
0 0 46.4362 0 42.4909 a b -3.10935 11 0
0 0 46.4336 0 42.4691 a b -3.10884 11 0
0 0 46.4293 0 42.445 a b -3.10508 11 0
0 0 46.4324 0 42.418 a b -3.10202 11 0
0 0 46.4345 0 42.3882 a b -3.10125 11 0
0 0 46.4356 0 42.3591 a b -3.10224 11 0
0 0 46.4374 0 42.3234 a b -3.10447 11 0
0 0 46.438 0 42.2898 a b -3.10386 11 0
0 0 46.4393 0 42.256 a b -3.10565 11 0
0 0 46.436 0 42.221 a b -3.10754 11 0
0 0 46.4309 0 42.1857 a b -3.10616 11 0
0 0 46.425 0 42.1504 a b -3.10225 11 0
0 0 46.4261 0 42.1196 a b -3.09932 11 0
0 0 46.4306 0 42.0936 a b -3.10196 11 0
0 0 46.4285 0 42.0625 a b -3.10105 11 0
0 0 46.4351 0 42.0381 a b -3.09826 11 0
0 0 46.4401 0 42.0172 a b -3.10207 11 0
0 0 46.4301 0 41.9969 a b -3.10706 11 0
0 0 46.4162 0 41.9761 a b -3.10197 11 0
0 0 46.4143 0 41.9532 a b -3.0959 11 0
0 0 46.4185 0 41.9318 a b -3.09602 11 0
0 0 46.4182 0 41.9053 a b -3.09808 11 0
0 0 46.422 0 41.8769 a b -3.09654 11 0
0 0 46.4321 0 41.8439 a b -3.09633 11 0
0 0 46.4334 0 41.8132 a b -3.09955 11 0
0 0 46.4237 0 41.7836 a b -3.09943 11 0
0 0 46.4145 0 41.7535 a b -3.09562 11 0
0 0 46.413 0 41.721 a b -3.09455 11 0
0 0 46.4072 0 41.687 a b -3.09634 11 0
0 0 46.4145 0 41.6522 a b -3.09091 11 0
0 0 46.4279 0 41.6194 a b -3.09019 11 0
0 0 46.4366 0 41.5885 a b -3.09325 11 0
0 0 46.4393 0 41.5604 a b -3.10017 11 0
0 0 46.4328 0 41.5375 a b -3.10785 11 0
0 0 46.4234 0 41.5133 a b -3.10558 11 0
0 0 46.4148 0 41.4835 a b -3.10074 11 0
0 0 46.4151 0 41.4519 a b -3.0986 11 0
0 0 46.4179 0 41.4202 a b -3.09871 11 0
0 0 46.4258 0 41.3892 a b -3.10059 11 0
0 0 46.4282 0 41.3641 a b -3.10113 11 0
0 0 46.4313 0 41.3379 a b -3.10054 11 0
0 0 46.4296 0 41.3106 a b -3.10208 11 0
0 0 46.4253 0 41.2842 a b -3.10316 11 0
0 0 46.4179 0 41.257 a b -3.10524 11 0
0 0 46.4157 0 41.2326 a b -3.10607 11 0
0 0 46.42 0 41.2118 a b -3.10309 11 0
0 0 46.4226 0 41.1785 a b -3.0979 11 0
0 0 46.4269 0 41.1383 a b -3.09736 11 0
0 0 46.427 0 41.1061 a b -3.1026 11 0
0 0 46.4297 0 41.0783 a b -3.10918 11 0
0 0 46.4284 0 41.0549 a b -3.11089 11 0
0 0 46.4241 0 41.0245 a b -3.10851 11 0
0 0 46.4234 0 40.9905 a b -3.10837 11 0
0 0 46.4238 0 40.9569 a b -3.11336 11 0
0 0 46.4225 0 40.931 a b -3.11587 11 0
0 0 46.4263 0 40.9031 a b -3.11294 11 0
0 0 46.4243 0 40.8718 a b -3.1059 11 0
0 0 46.4237 0 40.8405 a b -3.10394 11 0
0 0 46.4235 0 40.8145 a b -3.10946 11 0
0 0 46.4276 0 40.7947 a b -3.1134 11 0
0 0 46.4297 0 40.7793 a b -3.10852 11 0
0 0 46.4286 0 40.7537 a b -3.10391 11 0
0 0 46.4306 0 40.7299 a b -3.10294 11 0
0 0 46.4314 0 40.7065 a b -3.10371 11 0
0 0 46.4296 0 40.6804 a b -3.10468 11 0
0 0 46.4275 0 40.65 a b -3.10799 11 0
0 0 46.4278 0 40.6193 a b -3.11241 11 0
0 0 46.4305 0 40.5852 a b -3.11468 11 0
0 0 46.4301 0 40.5473 a b -3.11203 11 0
0 0 46.4278 0 40.509 a b -3.11242 11 0
0 0 46.4273 0 40.4693 a b -3.11332 11 0
0 0 46.4283 0 40.4318 a b -3.11334 11 0
0 0 46.4293 0 40.3978 a b -3.11327 11 0
0 0 46.43 0 40.3638 a b -3.11365 11 0
0 0 46.4285 0 40.3326 a b -3.11152 11 0
0 0 46.4257 0 40.302 a b -3.11269 11 0
0 0 46.4298 0 40.2763 a b -3.11253 11 0
0 0 46.4296 0 40.2562 a b -3.1093 11 0
0 0 46.4283 0 40.238 a b -3.10776 11 0
0 0 46.4296 0 40.2174 a b -3.1045 11 0
0 0 46.4291 0 40.2 a b -3.10032 11 0
0 0 46.4299 0 40.181 a b -3.09575 11 0
0 0 46.4247 0 40.1642 a b -3.09493 11 0
0 0 46.4184 0 40.1459 a b -3.09999 11 0
0 0 46.4183 0 40.1204 a b -3.10535 11 0
0 0 46.4228 0 40.0936 a b -3.10876 11 0
0 0 46.4293 0 40.0649 a b -3.10421 11 0
0 0 46.4295 0 40.0367 a b -3.0972 11 0
0 0 46.4283 0 40.0055 a b -3.09422 11 0
0 0 46.4266 0 39.9708 a b -3.09807 11 0
0 0 46.4244 0 39.93 a b -3.10738 11 0
0 0 46.4227 0 39.8817 a b -3.11295 11 0
0 0 46.4228 0 39.8334 a b -3.1128 11 0
0 0 46.4241 0 39.7852 a b -3.10932 11 0
0 0 46.426 0 39.7405 a b -3.10876 11 0
0 0 46.4272 0 39.6899 a b -3.1127 11 0
0 0 46.4273 0 39.6409 a b -3.11425 11 0
0 0 46.4275 0 39.6063 a b -3.11229 11 0
0 0 46.4272 0 39.5802 a b -3.11283 11 0
0 0 46.4262 0 39.5599 a b -3.11455 11 0
0 0 46.4256 0 39.5447 a b -3.10648 11 0
0 0 46.4225 0 39.5245 a b -3.11402 11 0
0 0 46.4226 0 39.4981 a b -3.11329 11 0
0 0 46.423 0 39.4794 a b -3.10967 11 0
0 0 46.4213 0 39.456 a b -3.10992 11 0
0 0 46.4227 0 39.428 a b -3.11075 11 0
0 0 46.4229 0 39.3973 a b -3.11505 11 0
0 0 46.4242 0 39.365 a b -3.11803 11 0
0 0 46.4237 0 39.3342 a b -3.11674 11 0
0 0 46.4206 0 39.305 a b -3.1156 11 0
0 0 46.4229 0 39.2724 a b -3.11269 11 0
0 0 46.4246 0 39.2442 a b -3.11267 11 0
0 0 46.4273 0 39.2191 a b -3.11402 11 0
0 0 46.4274 0 39.1924 a b -3.11344 11 0
0 0 46.4286 0 39.1646 a b -3.11389 11 0
0 0 46.4295 0 39.1366 a b -3.11412 11 0
0 0 46.4295 0 39.1085 a b -3.11414 11 0
0 0 46.4277 0 39.0778 a b -3.1139 11 0
0 0 46.4293 0 39.0482 a b -3.11339 11 0
0 0 46.4334 0 39.0187 a b -3.11256 11 0
0 0 46.4328 0 38.988 a b -3.114 11 0
0 0 46.4311 0 38.9587 a b -3.1157 11 0
0 0 46.428 0 38.9264 a b -3.11416 11 0
0 0 46.4217 0 38.8976 a b -3.11181 11 0
0 0 46.4236 0 38.8695 a b -3.11268 11 0
0 0 46.4234 0 38.8434 a b -3.11539 11 0
0 0 46.4228 0 38.8164 a b -3.11545 11 0
0 0 46.4215 0 38.789 a b -3.11094 11 0
0 0 46.4229 0 38.761 a b -3.1073 11 0
0 0 46.4226 0 38.7336 a b -3.107 11 0
0 0 46.4244 0 38.7033 a b -3.108 11 0
0 0 46.4228 0 38.6762 a b -3.10415 11 0
0 0 46.427 0 38.6457 a b -3.10217 11 0
0 0 46.4284 0 38.617 a b -3.1061 11 0
0 0 46.4252 0 38.5921 a b -3.11092 11 0
0 0 46.4206 0 38.5682 a b -3.10923 11 0
0 0 46.4211 0 38.5424 a b -3.10581 11 0
0 0 46.425 0 38.516 a b -3.10342 11 0
0 0 46.425 0 38.4914 a b -3.10735 11 0
0 0 46.4259 0 38.4693 a b -3.1109 11 0
0 0 46.4291 0 38.4401 a b -3.10917 11 0
0 0 46.4317 0 38.4057 a b -3.10885 11 0
0 0 46.4289 0 38.3763 a b -3.11304 11 0
0 0 46.4287 0 38.3459 a b -3.11507 11 0
0 0 46.4268 0 38.3167 a b -3.11695 11 0
0 0 46.4269 0 38.2809 a b -3.1183 11 0
0 0 46.43 0 38.2432 a b -3.12259 11 0
0 0 46.4318 0 38.2126 a b -3.12258 11 0
0 0 46.4304 0 38.1809 a b -3.1168 11 0
0 0 46.4328 0 38.1414 a b -3.11806 11 0
0 0 46.4344 0 38.116 a b -3.12489 11 0
0 0 46.4338 0 38.0921 a b -3.12922 11 0
0 0 46.4315 0 38.0738 a b -3.12861 11 0
0 0 46.4319 0 38.0483 a b -3.12306 11 0
0 0 46.4321 0 38.0225 a b -3.11902 11 0
0 0 46.435 0 37.997 a b -3.12105 11 0
0 0 46.4393 0 37.9691 a b -3.129 11 0
0 0 46.4377 0 37.9464 a b -3.13186 11 0
0 0 46.4377 0 37.9162 a b -3.13002 11 0
0 0 46.4388 0 37.8805 a b -3.12984 11 0
0 0 46.4387 0 37.8445 a b -3.13031 11 0
0 0 46.4386 0 37.8179 a b -3.13134 11 0
0 0 46.4395 0 37.7845 a b -3.12985 11 0
0 0 46.4464 0 37.7469 a b -3.13012 11 0
0 0 46.4487 0 37.7161 a b -3.13086 11 0
0 0 46.4487 0 37.6859 a b -3.12915 11 0
0 0 46.4454 0 37.654 a b -3.12738 11 0
0 0 46.4456 0 37.6189 a b -3.13034 11 0
0 0 46.4496 0 37.5884 a b -3.1313 11 0
0 0 46.4521 0 37.5593 a b -3.12683 11 0
0 0 46.4505 0 37.5278 a b -3.12622 11 0
0 0 46.448 0 37.4922 a b -3.13051 11 0
0 0 46.4507 0 37.4594 a b -3.1334 11 0
0 0 46.4523 0 37.4303 a b -3.12888 11 0
0 0 46.4523 0 37.4031 a b -3.12592 11 0
0 0 46.4513 0 37.3754 a b -3.12596 11 0
0 0 46.4502 0 37.3476 a b -3.12829 11 0
0 0 46.4504 0 37.3159 a b -3.13205 11 0
0 0 46.4544 0 37.2939 a b -3.13064 11 0
0 0 46.457 0 37.2703 a b -3.1244 11 0
0 0 46.4558 0 37.2484 a b -3.12114 11 0
0 0 46.4527 0 37.2253 a b -3.1255 11 0
0 0 46.4526 0 37.2033 a b -3.13122 11 0
0 0 46.4541 0 37.1821 a b -3.13176 11 0
0 0 46.4532 0 37.1591 a b -3.12279 11 0
0 0 46.4457 0 37.1302 a b -3.11817 11 0
0 0 46.4439 0 37.0995 a b -3.11822 11 0
0 0 46.4424 0 37.0652 a b -3.11904 11 0
0 0 46.4425 0 37.0279 a b -3.12062 11 0
0 0 46.4462 0 36.9947 a b -3.12041 11 0
0 0 46.4484 0 36.9567 a b -3.1212 11 0
0 0 46.447 0 36.9181 a b -3.12511 11 0
0 0 46.4487 0 36.8822 a b -3.12544 11 0
0 0 46.4479 0 36.8464 a b -3.12535 11 0
0 0 46.4486 0 36.8141 a b -3.1305 11 0
0 0 46.4549 0 36.7853 a b -3.13503 11 0
0 0 46.4597 0 36.7591 a b -3.13094 11 0
0 0 46.4578 0 36.7372 a b -3.12763 11 0
0 0 46.4559 0 36.7183 a b -3.1324 11 0
0 0 46.456 0 36.6957 a b -3.14078 11 0
0 0 46.4585 0 36.6716 a b -3.13901 11 0
0 0 46.4579 0 36.6532 a b -3.13201 11 0
0 0 46.4562 0 36.6378 a b -3.129 11 0
0 0 46.4525 0 36.6218 a b -3.13478 11 0
0 0 46.4533 0 36.5902 a b 3.14123 11 0
0 0 46.4533 0 36.5594 a b 3.14149 11 0
0 0 46.4535 0 36.5347 a b -3.13959 11 0
0 0 46.4559 0 36.5076 a b -3.13734 11 0
0 0 46.4582 0 36.4807 a b -3.13914 11 0
0 0 46.4584 0 36.4474 a b 3.13828 11 0
0 0 46.4594 0 36.4093 a b 3.13472 11 0
0 0 46.4607 0 36.3776 a b 3.13339 11 0
0 0 46.4614 0 36.346 a b 3.13306 11 0
0 0 46.4627 0 36.3125 a b 3.13083 11 0
0 0 46.4661 0 36.2806 a b 3.12805 11 0
0 0 46.4667 0 36.2452 a b 3.12299 11 0
0 0 46.4692 0 36.211 a b 3.11802 11 0
0 0 46.4719 0 36.1759 a b 3.11361 11 0
0 0 46.4751 0 36.1464 a b 3.10813 11 0
0 0 46.4751 0 36.1114 a b 3.10356 11 0
0 0 46.4763 0 36.0807 a b 3.10075 11 0
0 0 46.4773 0 36.0505 a b 3.09916 11 0
0 0 46.4777 0 36.0254 a b 3.09707 11 0
0 0 46.4778 0 36.0008 a b 3.09412 11 0
0 0 46.48 0 35.9757 a b 3.09091 11 0
0 0 46.4828 0 35.9531 a b 3.08991 11 0
0 0 46.4838 0 35.9325 a b 3.09306 11 0
0 0 46.4848 0 35.9095 a b 3.0964 11 0
0 0 46.4834 0 35.877 a b 3.09238 11 0
0 0 46.4839 0 35.8463 a b 3.09028 11 0
0 0 46.4865 0 35.8147 a b 3.09252 11 0
0 0 46.4897 0 35.7832 a b 3.09222 11 0
0 0 46.4916 0 35.7516 a b 3.09084 11 0
0 0 46.4947 0 35.7193 a b 3.09276 11 0
0 0 46.4968 0 35.6862 a b 3.09238 11 0
0 0 46.4994 0 35.6538 a b 3.09104 11 0
0 0 46.4991 0 35.6194 a b 3.08952 11 0
0 0 46.4997 0 35.5895 a b 3.09049 11 0
0 0 46.5025 0 35.5579 a b 3.09329 11 0
0 0 46.5062 0 35.5303 a b 3.09591 11 0
0 0 46.5065 0 35.5061 a b 3.09499 11 0
0 0 46.5059 0 35.48 a b 3.09402 11 0
0 0 46.5049 0 35.4561 a b 3.09506 11 0
0 0 46.5094 0 35.4297 a b 3.10016 11 0
0 0 46.5175 0 35.4074 a b 3.09952 11 0
0 0 46.5188 0 35.3719 a b 3.09814 11 0
0 0 46.5184 0 35.3355 a b 3.10067 11 0
0 0 46.5223 0 35.3011 a b 3.10207 11 0
0 0 46.5238 0 35.2746 a b 3.09958 11 0
0 0 46.5252 0 35.2445 a b 3.10242 11 0
0 0 46.5287 0 35.2186 a b 3.10104 11 0
0 0 46.5307 0 35.1926 a b 3.10274 11 0
0 0 46.5333 0 35.1621 a b 3.10403 11 0
0 0 46.5338 0 35.1345 a b 3.10465 11 0
0 0 46.5354 0 35.1086 a b 3.10213 11 0
0 0 46.5367 0 35.0814 a b 3.10351 11 0
0 0 46.5369 0 35.0522 a b 3.11179 11 0
0 0 46.5373 0 35.0234 a b 3.1195 11 0
0 0 46.5395 0 34.9938 a b 3.11645 11 0
0 0 46.5414 0 34.9692 a b 3.1079 11 0
0 0 46.5418 0 34.9469 a b 3.1072 11 0
0 0 46.542 0 34.9171 a b 3.11709 11 0
0 0 46.5459 0 34.8815 a b 3.12798 11 0
0 0 46.5471 0 34.8423 a b 3.13076 11 0
0 0 46.5519 0 34.8149 a b 3.12688 11 0
0 0 46.5534 0 34.7847 a b 3.1271 11 0
0 0 46.5556 0 34.76 a b 3.13015 11 0
0 0 46.5595 0 34.7362 a b 3.13553 11 0
0 0 46.5623 0 34.7094 a b 3.13848 11 0
0 0 46.5598 0 34.6809 a b 3.14063 11 0
0 0 46.5583 0 34.6582 a b 3.14108 11 0
0 0 46.5552 0 34.6377 a b -3.1412 11 0
0 0 46.5568 0 34.6156 a b -3.13564 11 0
0 0 46.5586 0 34.5882 a b -3.1269 11 0
0 0 46.5615 0 34.5606 a b -3.12084 11 0
0 0 46.5618 0 34.5328 a b -3.11343 11 0
0 0 46.5613 0 34.4996 a b -3.10719 11 0
0 0 46.5601 0 34.4661 a b -3.10253 11 0
0 0 46.5589 0 34.4386 a b -3.10054 11 0
0 0 46.5606 0 34.4202 a b -3.09107 11 0
0 0 46.5612 0 34.3916 a b -3.07119 11 0
0 0 46.5574 0 34.3453 a b -3.05881 11 0
0 0 46.5564 0 34.3086 a b -3.05614 11 0
0 0 46.5644 0 34.2779 a b -3.05783 11 0
0 0 46.5637 0 34.2596 a b -3.05005 11 0
0 0 46.5584 0 34.2391 a b -3.03098 11 0
0 0 46.5535 0 34.2082 a b -3.02274 11 0
0 0 46.5534 0 34.182 a b -3.03152 11 0
0 0 46.5551 0 34.1647 a b -3.0374 11 0
0 0 46.5528 0 34.1419 a b -3.03387 11 0
0 0 46.5511 0 34.1193 a b -3.02547 11 0
0 0 46.5477 0 34.0859 a b -3.02703 11 0
0 0 46.5481 0 34.0552 a b -3.03277 11 0
0 0 46.5488 0 34.0254 a b -3.03038 11 0
0 0 46.54 0 33.9917 a b -3.02451 11 0
0 0 46.5276 0 33.9485 a b -3.03502 11 0
0 0 46.5258 0 33.9116 a b -3.04512 11 0
0 0 46.5263 0 33.8791 a b -3.0397 11 0
0 0 46.5187 0 33.8441 a b -3.03845 11 0
0 0 46.5148 0 33.8084 a b -3.04077 11 0
0 0 46.5127 0 33.7784 a b -3.04582 11 0
0 0 46.5144 0 33.7482 a b -3.04863 11 0
0 0 46.514 0 33.7231 a b -3.04525 11 0
0 0 46.5103 0 33.7023 a b -3.04322 11 0
0 0 46.5035 0 33.6792 a b -3.0499 11 0
0 0 46.5061 0 33.6516 a b -3.05907 11 0
0 0 46.5071 0 33.6294 a b -3.05694 11 0
0 0 46.5063 0 33.6038 a b -3.05321 11 0
0 0 46.5041 0 33.5779 a b -3.05164 11 0
0 0 46.5028 0 33.5509 a b -3.05167 11 0
0 0 46.4989 0 33.5219 a b -3.05488 11 0
0 0 46.4984 0 33.4878 a b -3.06156 11 0
0 0 46.4973 0 33.4508 a b -3.06458 11 0
0 0 46.4953 0 33.418 a b -3.06412 11 0
0 0 46.4915 0 33.3875 a b -3.0713 11 0
0 0 46.4903 0 33.3469 a b -3.0777 11 0
0 0 46.4866 0 33.3099 a b -3.07276 11 0
0 0 46.4828 0 33.2822 a b -3.07147 11 0
0 0 46.4814 0 33.2553 a b -3.07446 11 0
0 0 46.4814 0 33.2317 a b -3.07721 11 0
0 0 46.4816 0 33.2047 a b -3.08122 11 0
0 0 46.4792 0 33.1761 a b -3.08054 11 0
0 0 46.4775 0 33.1544 a b -3.07686 11 0
0 0 46.4713 0 33.1337 a b -3.08002 11 0
0 0 46.4714 0 33.1074 a b -3.08745 11 0
0 0 46.4705 0 33.0781 a b -3.08419 11 0
0 0 46.4742 0 33.057 a b -3.07681 11 0
0 0 46.4748 0 33.0337 a b -3.08159 11 0
0 0 46.4745 0 33.001 a b -3.09172 11 0
0 0 46.4686 0 32.963 a b -3.09298 11 0
0 0 46.463 0 32.936 a b -3.08875 11 0
0 0 46.4604 0 32.9026 a b -3.09702 11 0
0 0 46.4618 0 32.8538 a b -3.09741 11 0
0 0 46.4639 0 32.8225 a b -3.08726 11 0
0 0 46.4643 0 32.7995 a b -3.09064 11 0
0 0 46.4644 0 32.7703 a b -3.09758 11 0
0 0 46.461 0 32.7403 a b -3.10044 11 0
0 0 46.4605 0 32.7143 a b -3.10419 11 0
0 0 46.4595 0 32.6893 a b -3.10323 11 0
0 0 46.4608 0 32.6694 a b -3.09948 11 0
0 0 46.4616 0 32.653 a b -3.09629 11 0
0 0 46.4622 0 32.6392 a b -3.0974 11 0
0 0 46.462 0 32.6227 a b -3.10061 11 0
0 0 46.4618 0 32.6041 a b -3.10024 11 0
0 0 46.4627 0 32.5841 a b -3.09897 11 0
0 0 46.4636 0 32.569 a b -3.09899 11 0
0 0 46.4633 0 32.5469 a b -3.10268 11 0
0 0 46.4618 0 32.5169 a b -3.10629 11 0
0 0 46.4613 0 32.4832 a b -3.10326 11 0
0 0 46.4628 0 32.4579 a b -3.10501 11 0
0 0 46.4616 0 32.4245 a b -3.11016 11 0
0 0 46.4584 0 32.3804 a b -3.10464 11 0
0 0 46.4601 0 32.3468 a b -3.09578 11 0
0 0 46.4628 0 32.3089 a b -3.09883 11 0
0 0 46.4575 0 32.2707 a b -3.10535 11 0
0 0 46.4532 0 32.2293 a b -3.10323 11 0
0 0 46.4545 0 32.197 a b -3.09557 11 0
0 0 46.457 0 32.1672 a b -3.09339 11 0
0 0 46.4585 0 32.1389 a b -3.09983 11 0
0 0 46.459 0 32.1064 a b -3.09792 11 0
0 0 46.4577 0 32.0794 a b -3.09195 11 0
0 0 46.4611 0 32.0605 a b -3.08825 11 0
0 0 46.4627 0 32.0448 a b -3.0973 11 0
0 0 46.4651 0 32.0133 a b -3.10627 11 0
0 0 46.4636 0 31.9883 a b -3.09951 11 0
0 0 46.4647 0 31.9647 a b -3.09748 11 0
0 0 46.4632 0 31.9416 a b -3.09877 11 0
0 0 46.4642 0 31.9149 a b -3.10014 11 0
0 0 46.4634 0 31.8869 a b -3.09566 11 0
0 0 46.4641 0 31.8566 a b -3.09178 11 0
0 0 46.466 0 31.8255 a b -3.09377 11 0
0 0 46.463 0 31.7971 a b -3.10166 11 0
0 0 46.4554 0 31.7599 a b -3.1011 11 0
0 0 46.46 0 31.7243 a b -3.09675 11 0
0 0 46.4651 0 31.6881 a b -3.09682 11 0
0 0 46.4671 0 31.653 a b -3.10172 11 0
0 0 46.4669 0 31.622 a b -3.10565 11 0
0 0 46.4688 0 31.5926 a b -3.10789 11 0
0 0 46.4676 0 31.5592 a b -3.10756 11 0
0 0 46.4656 0 31.5263 a b -3.1099 11 0
0 0 46.4653 0 31.4996 a b -3.11492 11 0
0 0 46.4623 0 31.4751 a b -3.114 11 0
0 0 46.4621 0 31.4458 a b -3.11014 11 0
0 0 46.4642 0 31.4131 a b -3.11145 11 0
0 0 46.4677 0 31.3872 a b -3.11426 11 0
0 0 46.471 0 31.3577 a b -3.11667 11 0
0 0 46.4724 0 31.3273 a b -3.11942 11 0
0 0 46.472 0 31.2993 a b -3.12392 11 0
0 0 46.4709 0 31.2752 a b -3.12648 11 0
0 0 46.4704 0 31.248 a b -3.12701 11 0
0 0 46.4733 0 31.2193 a b -3.1274 11 0
0 0 46.4728 0 31.1898 a b -3.12527 11 0
0 0 46.4704 0 31.1564 a b -3.12457 11 0
0 0 46.4703 0 31.1249 a b -3.12565 11 0
0 0 46.4719 0 31.0944 a b -3.12853 11 0
0 0 46.4717 0 31.0682 a b -3.12953 11 0
0 0 46.4715 0 31.0381 a b -3.12797 11 0
0 0 46.4729 0 31.007 a b -3.12997 11 0
0 0 46.4723 0 30.9834 a b -3.13265 11 0
0 0 46.4669 0 30.9621 a b -3.13039 11 0
0 0 46.4694 0 30.9346 a b -3.1255 11 0
0 0 46.4693 0 30.9054 a b -3.12458 11 0
0 0 46.4737 0 30.8792 a b -3.12739 11 0
0 0 46.4787 0 30.8541 a b -3.12881 11 0
0 0 46.4813 0 30.8327 a b -3.12626 11 0
0 0 46.4784 0 30.7987 a b -3.12432 11 0
0 0 46.4775 0 30.7655 a b -3.12827 11 0
0 0 46.4773 0 30.7376 a b -3.13147 11 0
0 0 46.4765 0 30.7047 a b -3.12991 11 0
0 0 46.4706 0 30.6704 a b -3.12813 11 0
0 0 46.4679 0 30.6348 a b -3.12929 11 0
0 0 46.4678 0 30.603 a b -3.13113 11 0
0 0 46.4645 0 30.5717 a b -3.12777 11 0
0 0 46.463 0 30.5412 a b -3.1279 11 0
0 0 46.466 0 30.514 a b -3.12609 11 0
0 0 46.4693 0 30.488 a b -3.1242 11 0
0 0 46.4711 0 30.4568 a b -3.1235 11 0
0 0 46.4762 0 30.4279 a b -3.1192 11 0
0 0 46.4757 0 30.4055 a b -3.11828 11 0
0 0 46.4719 0 30.3834 a b -3.1225 11 0
0 0 46.464 0 30.3597 a b -3.12953 11 0
0 0 46.4723 0 30.3343 a b -3.12842 11 0
0 0 46.4685 0 30.3092 a b -3.11896 11 0
0 0 46.4642 0 30.2858 a b -3.11813 11 0
0 0 46.4704 0 30.2563 a b -3.11996 11 0
0 0 46.4703 0 30.221 a b -3.11842 11 0
0 0 46.4741 0 30.1871 a b -3.11778 11 0
0 0 46.4733 0 30.1545 a b -3.11883 11 0
0 0 46.4724 0 30.1219 a b -3.11982 11 0
0 0 46.4676 0 30.0895 a b -3.11723 11 0
0 0 46.4596 0 30.0587 a b -3.11756 11 0
0 0 46.4481 0 30.0286 a b -3.11807 11 0
0 0 46.4501 0 29.9958 a b -3.11222 11 0
0 0 46.4525 0 29.9748 a b -3.10561 11 0
0 0 46.4566 0 29.9505 a b -3.10435 11 0
0 0 46.4594 0 29.931 a b -3.1058 11 0
0 0 46.4618 0 29.9116 a b -3.10911 11 0
0 0 46.4664 0 29.8848 a b -3.11016 11 0
0 0 46.4672 0 29.8608 a b -3.10758 11 0
0 0 46.466 0 29.839 a b -3.10622 11 0
0 0 46.4617 0 29.8132 a b -3.10836 11 0
0 0 46.4635 0 29.774 a b -3.11035 11 0
0 0 46.4636 0 29.7425 a b -3.1099 11 0
0 0 46.4658 0 29.7116 a b -3.10756 11 0
0 0 46.4665 0 29.6799 a b -3.10483 11 0
0 0 46.47 0 29.6446 a b -3.10672 11 0
0 0 46.4743 0 29.6107 a b -3.10995 11 0
0 0 46.4715 0 29.5839 a b -3.11145 11 0
0 0 46.4652 0 29.551 a b -3.11385 11 0
0 0 46.4642 0 29.5233 a b -3.10961 11 0
0 0 46.4698 0 29.5026 a b -3.10649 11 0
0 0 46.4733 0 29.4819 a b -3.10885 11 0
0 0 46.468 0 29.4599 a b -3.10998 11 0
0 0 46.4659 0 29.4329 a b -3.10717 11 0
0 0 46.4686 0 29.411 a b -3.10344 11 0
0 0 46.4689 0 29.3917 a b -3.10384 11 0
0 0 46.4688 0 29.3702 a b -3.11132 11 0
0 0 46.4639 0 29.3401 a b -3.1117 11 0
0 0 46.4674 0 29.3114 a b -3.10755 11 0
0 0 46.47 0 29.2868 a b -3.1048 11 0
0 0 46.4808 0 29.2589 a b -3.11398 11 0
0 0 46.4731 0 29.2245 a b -3.11726 11 0
0 0 46.4641 0 29.1956 a b -3.11583 11 0
0 0 46.4581 0 29.1705 a b -3.11431 11 0
0 0 46.4592 0 29.1385 a b -3.11719 11 0
0 0 46.4629 0 29.1063 a b -3.11624 11 0
0 0 46.4662 0 29.0802 a b -3.11454 11 0
0 0 46.4744 0 29.0543 a b -3.11763 11 0
0 0 46.4719 0 29.0287 a b -3.10931 11 0
0 0 46.4642 0 29.0096 a b -3.10451 11 0
0 0 46.4555 0 28.9888 a b -3.11692 11 0
0 0 46.4536 0 28.9451 a b -3.11784 11 0
0 0 46.4538 0 28.9158 a b -3.11025 11 0
0 0 46.4539 0 28.8845 a b -3.1066 11 0
0 0 46.4641 0 28.8532 a b -3.1124 11 0
0 0 46.4703 0 28.8247 a b -3.11306 11 0
0 0 46.4656 0 28.7962 a b -3.1101 11 0
0 0 46.4669 0 28.776 a b -3.11135 11 0
0 0 46.4668 0 28.7487 a b -3.11702 11 0
0 0 46.4606 0 28.7266 a b -3.11831 11 0
0 0 46.4657 0 28.7077 a b -3.11478 11 0
0 0 46.4628 0 28.6943 a b -3.11304 11 0
0 0 46.4654 0 28.6799 a b -3.11746 11 0
0 0 46.4552 0 28.6597 a b -3.1178 11 0
0 0 46.4522 0 28.6437 a b -3.12391 11 0
0 0 46.4608 0 28.6171 a b -3.12033 11 0
0 0 46.4651 0 28.5908 a b -3.11942 11 0
0 0 46.4583 0 28.5677 a b -3.12623 11 0
0 0 46.4519 0 28.5323 a b -3.12329 11 0
0 0 46.4486 0 28.5 a b -3.13325 11 0
0 0 46.4486 0 28.4452 a b -3.12924 11 0
0 0 46.4553 0 28.3996 a b -3.12382 11 0
0 0 46.4691 0 28.3618 a b -3.13174 11 0
0 0 46.4646 0 28.3179 a b -3.1342 11 0
0 0 46.4653 0 28.2699 a b -3.13191 11 0
0 0 46.4759 0 28.2318 a b -3.1343 11 0
0 0 46.4738 0 28.1898 a b -3.13568 11 0
0 0 46.4775 0 28.1489 a b -3.13783 11 0
0 0 46.4816 0 28.114 a b -3.13936 11 0
0 0 46.4809 0 28.0889 a b -3.13865 11 0
0 0 46.4776 0 28.0667 a b -3.13969 11 0
0 0 46.4741 0 28.0498 a b -3.13931 11 0
0 0 46.4741 0 28.0292 a b 3.14137 11 0
0 0 46.4763 0 28.0075 a b -3.13955 11 0
0 0 46.4812 0 27.9868 a b -3.13771 11 0
0 0 46.4773 0 27.9677 a b -3.13782 11 0
0 0 46.4772 0 27.9454 a b -3.13909 11 0
0 0 46.4752 0 27.9269 a b -3.14007 11 0
0 0 46.4764 0 27.9075 a b -3.14014 11 0
0 0 46.4767 0 27.8835 a b -3.14123 11 0
0 0 46.4761 0 27.8639 a b 3.1404 11 0
0 0 46.4777 0 27.8379 a b 3.14058 11 0
0 0 46.4816 0 27.8082 a b 3.13779 11 0
0 0 46.4835 0 27.779 a b 3.1339 11 0
0 0 46.4795 0 27.7373 a b 3.12989 11 0
0 0 46.4885 0 27.6977 a b 3.12595 11 0
0 0 46.4961 0 27.6506 a b 3.12375 11 0
0 0 46.497 0 27.5999 a b 3.11904 11 0
0 0 46.5018 0 27.5471 a b 3.10909 11 0
0 0 46.5097 0 27.5042 a b 3.10116 11 0
0 0 46.5128 0 27.459 a b 3.09589 11 0
0 0 46.5118 0 27.4148 a b 3.09519 11 0
0 0 46.5137 0 27.3764 a b 3.0992 11 0
0 0 46.518 0 27.3379 a b 3.10167 11 0
0 0 46.5167 0 27.3104 a b 3.10172 11 0
0 0 46.5128 0 27.2895 a b 3.10405 11 0
0 0 46.5153 0 27.2787 a b 3.10192 11 0
0 0 46.5188 0 27.2672 a b 3.09347 11 0
0 0 46.5099 0 27.259 a b 3.10503 11 0
0 0 46.5126 0 27.2506 a b 3.13327 11 0
0 0 46.5107 0 27.2488 a b -3.12682 11 0
0 0 46.5054 0 27.2475 a b -3.0985 11 0
