0 0 53.9708 0 61.9687 a b -1.66255 12 0
0 0 53.9287 0 61.9609 a b -1.66047 12 0
0 0 53.8814 0 61.9539 a b -1.65749 12 0
0 0 53.8326 0 61.956 a b -1.65409 12 0
0 0 53.7867 0 61.9483 a b -1.65001 12 0
0 0 53.7467 0 61.9333 a b -1.65468 12 0
0 0 53.7126 0 61.9344 a b -1.65514 12 0
0 0 53.6796 0 61.9329 a b -1.65105 12 0
0 0 53.648 0 61.93 a b -1.64636 12 0
0 0 53.6206 0 61.9266 a b -1.64331 12 0
0 0 53.5931 0 61.922 a b -1.64171 12 0
0 0 53.5712 0 61.9195 a b -1.63967 12 0
0 0 53.549 0 61.9163 a b -1.63937 12 0
0 0 53.5324 0 61.9167 a b -1.63565 12 0
0 0 53.511 0 61.9176 a b -1.63448 12 0
0 0 53.4932 0 61.9137 a b -1.63273 12 0
0 0 53.4761 0 61.9135 a b -1.63027 12 0
0 0 53.4543 0 61.9153 a b -1.62722 12 0
0 0 53.4301 0 61.9133 a b -1.62307 12 0
0 0 53.4011 0 61.9117 a b -1.61904 12 0
0 0 53.3641 0 61.9092 a b -1.61487 12 0
0 0 53.3279 0 61.9069 a b -1.60668 12 0
0 0 53.2881 0 61.9037 a b -1.60009 12 0
0 0 53.2596 0 61.9029 a b -1.59909 12 0
0 0 53.232 0 61.8933 a b -1.59793 12 0
0 0 53.2017 0 61.8946 a b -1.5903 12 0
0 0 53.1693 0 61.9007 a b -1.58355 12 0
0 0 53.1414 0 61.9017 a b -1.57959 12 0
0 0 53.1141 0 61.9036 a b -1.57765 12 0
0 0 53.088 0 61.9004 a b -1.57061 12 0
0 0 53.0628 0 61.9022 a b -1.56431 12 0
0 0 53.0364 0 61.8979 a b -1.55984 12 0
0 0 53.0081 0 61.8894 a b -1.55547 12 0
0 0 52.9795 0 61.8865 a b -1.55163 12 0
0 0 52.946 0 61.8845 a b -1.54815 12 0
0 0 52.9128 0 61.888 a b -1.54574 12 0
0 0 52.8791 0 61.8854 a b -1.54331 12 0
0 0 52.8417 0 61.8842 a b -1.53975 12 0
0 0 52.8076 0 61.891 a b -1.53694 12 0
0 0 52.7661 0 61.8982 a b -1.53394 12 0
0 0 52.7269 0 61.9008 a b -1.5299 12 0
0 0 52.6976 0 61.9019 a b -1.5283 12 0
0 0 52.6719 0 61.9041 a b -1.52606 12 0
0 0 52.6487 0 61.9058 a b -1.52455 12 0
0 0 52.6231 0 61.9051 a b -1.51994 12 0
0 0 52.6014 0 61.9054 a b -1.51608 12 0
0 0 52.5811 0 61.9059 a b -1.51386 12 0
0 0 52.5621 0 61.9047 a b -1.51353 12 0
0 0 52.5373 0 61.9025 a b -1.51359 12 0
0 0 52.5155 0 61.897 a b -1.51086 12 0
0 0 52.4917 0 61.8986 a b -1.50599 12 0
0 0 52.4637 0 61.899 a b -1.50314 12 0
0 0 52.4366 0 61.8981 a b -1.50121 12 0
0 0 52.4036 0 61.8984 a b -1.4984 12 0
0 0 52.3724 0 61.901 a b -1.49516 12 0
0 0 52.3366 0 61.9035 a b -1.4978 12 0
0 0 52.3092 0 61.9052 a b -1.48928 12 0
0 0 52.2909 0 61.9078 a b -1.4815 12 0
0 0 52.2674 0 61.9102 a b -1.48372 12 0
0 0 52.2435 0 61.9146 a b -1.49226 12 0
0 0 52.2104 0 61.9015 a b -1.49484 12 0
0 0 52.1753 0 61.9009 a b -1.48657 12 0
0 0 52.1446 0 61.9089 a b -1.48286 12 0
0 0 52.1136 0 61.9159 a b -1.48416 12 0
0 0 52.0841 0 61.9151 a b -1.48613 12 0
0 0 52.0509 0 61.913 a b -1.48237 12 0
0 0 52.0173 0 61.9126 a b -1.47794 12 0
0 0 51.9837 0 61.9174 a b -1.47692 12 0
0 0 51.9537 0 61.9254 a b -1.48022 12 0
0 0 51.922 0 61.9219 a b -1.48189 12 0
0 0 51.8864 0 61.9174 a b -1.48802 12 0
0 0 51.857 0 61.9165 a b -1.49791 12 0
0 0 51.8269 0 61.9163 a b -1.50091 12 0
0 0 51.7965 0 61.9179 a b -1.49884 12 0
0 0 51.7694 0 61.9242 a b -1.50366 12 0
0 0 51.7478 0 61.9207 a b -1.51126 12 0
0 0 51.7281 0 61.9172 a b -1.51377 12 0
0 0 51.7109 0 61.9144 a b -1.51258 12 0
0 0 51.6965 0 61.9182 a b -1.51268 12 0
0 0 51.6795 0 61.9158 a b -1.50844 12 0
0 0 51.653 0 61.9096 a b -1.51918 12 0
0 0 51.6288 0 61.9105 a b -1.51875 12 0
0 0 51.5966 0 61.9111 a b -1.52276 12 0
0 0 51.5633 0 61.913 a b -1.52725 12 0
0 0 51.5229 0 61.9123 a b -1.5302 12 0
0 0 51.473 0 61.9101 a b -1.53187 12 0
0 0 51.4279 0 61.9116 a b -1.53215 12 0
0 0 51.3822 0 61.9099 a b -1.53139 12 0
0 0 51.3381 0 61.9081 a b -1.53117 12 0
0 0 51.2881 0 61.9139 a b -1.53646 12 0
0 0 51.2453 0 61.9139 a b -1.5415 12 0
0 0 51.2139 0 61.9189 a b -1.54511 12 0
0 0 51.1897 0 61.9155 a b -1.53984 12 0
0 0 51.1608 0 61.9146 a b -1.53429 12 0
0 0 51.1361 0 61.9085 a b -1.53601 12 0
0 0 51.1171 0 61.9115 a b -1.54177 12 0
0 0 51.1008 0 61.9196 a b -1.54092 12 0
0 0 51.0862 0 61.9168 a b -1.53563 12 0
0 0 51.0686 0 61.9141 a b -1.53173 12 0
0 0 51.0509 0 61.9111 a b -1.52935 12 0
0 0 51.0348 0 61.9115 a b -1.52907 12 0
0 0 51.0156 0 61.909 a b -1.53063 12 0
0 0 50.9966 0 61.9118 a b -1.53352 12 0
0 0 50.9721 0 61.9151 a b -1.53048 12 0
0 0 50.9426 0 61.9175 a b -1.52426 12 0
0 0 50.9097 0 61.9164 a b -1.51997 12 0
0 0 50.8793 0 61.9195 a b -1.51759 12 0
0 0 50.8435 0 61.9187 a b -1.51428 12 0
0 0 50.8078 0 61.9214 a b -1.5103 12 0
0 0 50.7749 0 61.9294 a b -1.50571 12 0
0 0 50.7405 0 61.9324 a b -1.50033 12 0
0 0 50.7123 0 61.9283 a b -1.49834 12 0
0 0 50.6843 0 61.9254 a b -1.49538 12 0
0 0 50.6617 0 61.9213 a b -1.49191 12 0
0 0 50.6334 0 61.9228 a b -1.48972 12 0
0 0 50.6068 0 61.9278 a b -1.48887 12 0
0 0 50.5769 0 61.9274 a b -1.48603 12 0
0 0 50.5454 0 61.931 a b -1.4837 12 0
0 0 50.5175 0 61.9285 a b -1.48126 12 0
0 0 50.4862 0 61.9313 a b -1.47888 12 0
0 0 50.4554 0 61.9363 a b -1.47521 12 0
0 0 50.4226 0 61.937 a b -1.47466 12 0
0 0 50.3925 0 61.9347 a b -1.47317 12 0
0 0 50.3654 0 61.9406 a b -1.47249 12 0
0 0 50.3382 0 61.9506 a b -1.47046 12 0
0 0 50.3171 0 61.9555 a b -1.46111 12 0
0 0 50.2953 0 61.9544 a b -1.45042 12 0
0 0 50.2693 0 61.9473 a b -1.44826 12 0
0 0 50.2472 0 61.9409 a b -1.45196 12 0
0 0 50.2224 0 61.9453 a b -1.45584 12 0
0 0 50.1936 0 61.9481 a b -1.45503 12 0
0 0 50.1629 0 61.9537 a b -1.44945 12 0
0 0 50.1308 0 61.9548 a b -1.44477 12 0
0 0 50.1022 0 61.9571 a b -1.4405 12 0
0 0 50.0697 0 61.9561 a b -1.43987 12 0
0 0 50.0387 0 61.9565 a b -1.44157 12 0
0 0 50.0004 0 61.9583 a b -1.43923 12 0
0 0 49.9633 0 61.9594 a b -1.43465 12 0
0 0 49.9267 0 61.9624 a b -1.43122 12 0
0 0 49.8959 0 61.9711 a b -1.4317 12 0
0 0 49.8516 0 61.984 a b -1.44045 12 0
0 0 49.8165 0 61.9942 a b -1.44796 12 0
0 0 49.7821 0 62.0004 a b -1.45575 12 0
0 0 49.7458 0 62.0056 a b -1.45551 12 0
0 0 49.7191 0 62.0079 a b -1.45388 12 0
0 0 49.7003 0 62.011 a b -1.45911 12 0
0 0 49.6812 0 62.0107 a b -1.47193 12 0
0 0 49.6565 0 62.0114 a b -1.4879 12 0
0 0 49.6216 0 62.0079 a b -1.49465 12 0
0 0 49.5959 0 62.011 a b -1.49232 12 0
0 0 49.5742 0 62.0149 a b -1.49376 12 0
0 0 49.5497 0 62.0176 a b -1.5007 12 0
0 0 49.5231 0 62.0142 a b -1.50503 12 0
0 0 49.4886 0 62.016 a b -1.50666 12 0
0 0 49.4598 0 62.0145 a b -1.50826 12 0
0 0 49.4314 0 62.0145 a b -1.5122 12 0
0 0 49.4065 0 62.0137 a b -1.517 12 0
0 0 49.3764 0 62.0149 a b -1.51918 12 0
0 0 49.3401 0 62.0179 a b -1.51808 12 0
0 0 49.3103 0 62.0232 a b -1.52091 12 0
0 0 49.272 0 62.0259 a b -1.5306 12 0
0 0 49.2394 0 62.0219 a b -1.53215 12 0
0 0 49.212 0 62.0215 a b -1.53046 12 0
0 0 49.1828 0 62.0228 a b -1.52828 12 0
0 0 49.1587 0 62.0229 a b -1.52856 12 0
0 0 49.1361 0 62.0211 a b -1.53007 12 0
0 0 49.1137 0 62.0223 a b -1.53497 12 0
0 0 49.0896 0 62.0225 a b -1.54051 12 0
0 0 49.0657 0 62.0215 a b -1.54619 12 0
0 0 49.0383 0 62.0158 a b -1.54879 12 0
0 0 49.0087 0 62.0167 a b -1.54717 12 0
0 0 48.9809 0 62.0164 a b -1.54451 12 0
0 0 48.9507 0 62.0194 a b -1.54679 12 0
0 0 48.9169 0 62.019 a b -1.55252 12 0
0 0 48.8826 0 62.0182 a b -1.55634 12 0
0 0 48.8491 0 62.0164 a b -1.55316 12 0
0 0 48.8156 0 62.0191 a b -1.55253 12 0
0 0 48.7843 0 62.0195 a b -1.56048 12 0
0 0 48.7504 0 62.0156 a b -1.56293 12 0
0 0 48.725 0 62.0175 a b -1.56113 12 0
0 0 48.6967 0 62.0202 a b -1.5621 12 0
0 0 48.6721 0 62.0167 a b -1.56266 12 0
0 0 48.6456 0 62.017 a b -1.56305 12 0
0 0 48.6199 0 62.0153 a b -1.56423 12 0
0 0 48.5951 0 62.0128 a b -1.56596 12 0
0 0 48.5721 0 62.0108 a b -1.56738 12 0
0 0 48.5471 0 62.0065 a b -1.5691 12 0
0 0 48.5192 0 62.007 a b -1.57086 12 0
0 0 48.4928 0 62.0088 a b -1.57276 12 0
0 0 48.4622 0 62.0101 a b -1.57446 12 0
0 0 48.4326 0 62.0104 a b -1.5758 12 0
0 0 48.3992 0 62.0068 a b -1.57747 12 0
0 0 48.3635 0 62.0047 a b -1.57792 12 0
0 0 48.3266 0 62.008 a b -1.57676 12 0
0 0 48.2929 0 62.0067 a b -1.57636 12 0
0 0 48.263 0 62.0077 a b -1.57793 12 0
0 0 48.2383 0 62.0069 a b -1.58116 12 0
0 0 48.2145 0 62.0057 a b -1.58088 12 0
0 0 48.1898 0 62.006 a b -1.57962 12 0
0 0 48.1675 0 62.0052 a b -1.58219 12 0
0 0 48.1429 0 62.0049 a b -1.58455 12 0
0 0 48.1196 0 62.0033 a b -1.58509 12 0
0 0 48.0931 0 62.0018 a b -1.58533 12 0
0 0 48.0648 0 61.9983 a b -1.58453 12 0
0 0 48.0334 0 62.001 a b -1.58515 12 0
0 0 47.9985 0 61.9984 a b -1.58639 12 0
0 0 47.9652 0 61.9985 a b -1.58769 12 0
0 0 47.9319 0 61.9993 a b -1.58734 12 0
0 0 47.8982 0 61.9961 a b -1.58752 12 0
0 0 47.8601 0 61.9904 a b -1.58723 12 0
0 0 47.8152 0 61.9885 a b -1.59048 12 0
0 0 47.7741 0 61.994 a b -1.59244 12 0
0 0 47.7403 0 61.9971 a b -1.58676 12 0
0 0 47.7132 0 61.9894 a b -1.58644 12 0
0 0 47.6858 0 61.982 a b -1.59089 12 0
0 0 47.6658 0 61.984 a b -1.59303 12 0
0 0 47.6491 0 61.9813 a b -1.59276 12 0
0 0 47.6301 0 61.9815 a b -1.59128 12 0
0 0 47.6123 0 61.983 a b -1.59009 12 0
0 0 47.5883 0 61.9793 a b -1.59103 12 0
0 0 47.5603 0 61.9718 a b -1.59351 12 0
0 0 47.5347 0 61.9698 a b -1.59554 12 0
0 0 47.509 0 61.9677 a b -1.59706 12 0
0 0 47.475 0 61.9668 a b -1.59775 12 0
0 0 47.4402 0 61.9656 a b -1.59617 12 0
0 0 47.408 0 61.9622 a b -1.59247 12 0
0 0 47.367 0 61.9556 a b -1.59267 12 0
0 0 47.3293 0 61.953 a b -1.59423 12 0
0 0 47.2992 0 61.9557 a b -1.5922 12 0
0 0 47.2608 0 61.9558 a b -1.5905 12 0
0 0 47.228 0 61.9523 a b -1.59221 12 0
0 0 47.2005 0 61.9474 a b -1.59393 12 0
0 0 47.1765 0 61.9456 a b -1.59221 12 0
0 0 47.1542 0 61.9445 a b -1.59043 12 0
0 0 47.1333 0 61.9466 a b -1.59239 12 0
0 0 47.1112 0 61.9434 a b -1.59524 12 0
0 0 47.0883 0 61.9392 a b -1.59768 12 0
0 0 47.0623 0 61.9405 a b -1.5983 12 0
0 0 47.0366 0 61.9398 a b -1.5977 12 0
0 0 47.0089 0 61.9377 a b -1.59857 12 0
0 0 46.9783 0 61.937 a b -1.59976 12 0
0 0 46.9453 0 61.9346 a b -1.60046 12 0
0 0 46.9092 0 61.933 a b -1.59936 12 0
0 0 46.8754 0 61.9281 a b -1.59856 12 0
0 0 46.8407 0 61.926 a b -1.60079 12 0
0 0 46.792 0 61.925 a b -1.60685 12 0
0 0 46.7609 0 61.9208 a b -1.60953 12 0
0 0 46.7384 0 61.9211 a b -1.60751 12 0
0 0 46.7072 0 61.9206 a b -1.60608 12 0
0 0 46.6814 0 61.9185 a b -1.60739 12 0
0 0 46.661 0 61.9188 a b -1.60912 12 0
0 0 46.6415 0 61.9142 a b -1.60818 12 0
0 0 46.6162 0 61.9123 a b -1.60526 12 0
0 0 46.6078 0 61.9235 a b -1.61971 12 0
0 0 46.6069 0 61.9112 a b -1.62247 12 0
