0 0 -23.7178 0 2.30426 a b -1.59 2 0
0 0 -23.7242 0 2.2954 a b -1.59149 2 0
0 0 -23.7383 0 2.28905 a b -1.60503 2 0
0 0 -23.7497 0 2.29143 a b -1.60536 2 0
0 0 -23.7598 0 2.29722 a b -1.60617 2 0
0 0 -23.7851 0 2.29973 a b -1.60062 2 0
0 0 -23.8083 0 2.29235 a b -1.60154 2 0
0 0 -23.8481 0 2.28334 a b -1.61034 2 0
0 0 -23.891 0 2.27603 a b -1.62185 2 0
0 0 -23.922 0 2.27314 a b -1.62226 2 0
0 0 -23.9624 0 2.25621 a b -1.62191 2 0
0 0 -23.9981 0 2.24503 a b -1.62566 2 0
0 0 -24.0469 0 2.23464 a b -1.63319 2 0
0 0 -24.1017 0 2.22701 a b -1.6425 2 0
0 0 -24.1555 0 2.22228 a b -1.64868 2 0
0 0 -24.2128 0 2.21777 a b -1.64962 2 0
0 0 -24.281 0 2.21367 a b -1.65208 2 0
0 0 -24.3432 0 2.21479 a b -1.65541 2 0
0 0 -24.3998 0 2.22198 a b -1.65697 2 0
0 0 -24.4567 0 2.20544 a b -1.65723 2 0
0 0 -24.5001 0 2.19038 a b -1.66094 2 0
0 0 -24.5401 0 2.17536 a b -1.66263 2 0
0 0 -24.581 0 2.17463 a b -1.66383 2 0
0 0 -24.6253 0 2.17558 a b -1.66342 2 0
0 0 -24.6621 0 2.17337 a b -1.65697 2 0
0 0 -24.6955 0 2.16695 a b -1.6482 2 0
0 0 -24.7421 0 2.16079 a b -1.64239 2 0
0 0 -24.7827 0 2.16335 a b -1.63748 2 0
0 0 -24.8271 0 2.16591 a b -1.62749 2 0
0 0 -24.8809 0 2.16872 a b -1.61627 2 0
0 0 -24.9291 0 2.16759 a b -1.6086 2 0
0 0 -24.975 0 2.15145 a b -1.60311 2 0
0 0 -25.014 0 2.1423 a b -1.60171 2 0
0 0 -25.0586 0 2.14235 a b -1.5991 2 0
0 0 -25.119 0 2.12982 a b -1.59773 2 0
0 0 -25.1832 0 2.12733 a b -1.59188 2 0
0 0 -25.2454 0 2.12848 a b -1.58801 2 0
0 0 -25.3037 0 2.12316 a b -1.58627 2 0
0 0 -25.3621 0 2.12415 a b -1.58444 2 0
0 0 -25.417 0 2.12291 a b -1.58126 2 0
0 0 -25.4705 0 2.1236 a b -1.58072 2 0
0 0 -25.519 0 2.12078 a b -1.57971 2 0
0 0 -25.5688 0 2.11042 a b -1.58039 2 0
0 0 -25.6272 0 2.10425 a b -1.57824 2 0
0 0 -25.6892 0 2.09782 a b -1.56778 2 0
0 0 -25.7325 0 2.1031 a b -1.55387 2 0
0 0 -25.7732 0 2.10484 a b -1.54554 2 0
0 0 -25.8147 0 2.10692 a b -1.5392 2 0
0 0 -25.8597 0 2.1064 a b -1.53066 2 0
0 0 -25.8984 0 2.11106 a b -1.52242 2 0
0 0 -25.9387 0 2.11279 a b -1.51843 2 0
0 0 -25.9867 0 2.11273 a b -1.51829 2 0
0 0 -26.0405 0 2.11393 a b -1.51605 2 0
0 0 -26.0887 0 2.11011 a b -1.51109 2 0
0 0 -26.1333 0 2.11265 a b -1.50825 2 0
0 0 -26.1784 0 2.11822 a b -1.50752 2 0
0 0 -26.2276 0 2.12314 a b -1.50719 2 0
0 0 -26.2812 0 2.12656 a b -1.50666 2 0
0 0 -26.3327 0 2.12866 a b -1.50469 2 0
0 0 -26.3822 0 2.12884 a b -1.50463 2 0
0 0 -26.4191 0 2.12944 a b -1.50555 2 0
0 0 -26.4739 0 2.12846 a b -1.50584 2 0
0 0 -26.53 0 2.13204 a b -1.5042 2 0
0 0 -26.5709 0 2.13417 a b -1.50349 2 0
0 0 -26.6154 0 2.13223 a b -1.50504 2 0
0 0 -26.6666 0 2.13622 a b -1.50562 2 0
0 0 -26.7149 0 2.1402 a b -1.50604 2 0
0 0 -26.759 0 2.14108 a b -1.5056 2 0
0 0 -26.8096 0 2.14792 a b -1.50681 2 0
0 0 -26.8558 0 2.15138 a b -1.50811 2 0
0 0 -26.9022 0 2.15306 a b -1.50943 2 0
0 0 -26.9546 0 2.1536 a b -1.50969 2 0
0 0 -27.0017 0 2.15943 a b -1.50892 2 0
0 0 -27.0513 0 2.15537 a b -1.50977 2 0
0 0 -27.1001 0 2.15431 a b -1.50942 2 0
0 0 -27.1375 0 2.15697 a b -1.50912 2 0
0 0 -27.1902 0 2.1568 a b -1.50952 2 0
0 0 -27.237 0 2.1564 a b -1.50919 2 0
0 0 -27.2874 0 2.15877 a b -1.5094 2 0
0 0 -27.3386 0 2.16163 a b -1.50892 2 0
0 0 -27.3903 0 2.15901 a b -1.50985 2 0
0 0 -27.4385 0 2.1595 a b -1.51033 2 0
0 0 -27.4856 0 2.16116 a b -1.50929 2 0
0 0 -27.538 0 2.16509 a b -1.50898 2 0
0 0 -27.5886 0 2.16793 a b -1.50929 2 0
0 0 -27.6386 0 2.17381 a b -1.50988 2 0
0 0 -27.6886 0 2.17461 a b -1.51281 2 0
0 0 -27.7419 0 2.17507 a b -1.51406 2 0
0 0 -27.7897 0 2.17831 a b -1.5138 2 0
0 0 -27.8417 0 2.17981 a b -1.51358 2 0
0 0 -27.8975 0 2.18077 a b -1.51416 2 0
0 0 -27.9468 0 2.17926 a b -1.51569 2 0
0 0 -27.9893 0 2.17951 a b -1.5163 2 0
0 0 -28.0389 0 2.18081 a b -1.51656 2 0
0 0 -28.0847 0 2.18489 a b -1.51576 2 0
0 0 -28.1346 0 2.18488 a b -1.51617 2 0
0 0 -28.1896 0 2.18238 a b -1.51654 2 0
0 0 -28.239 0 2.18418 a b -1.51711 2 0
0 0 -28.2842 0 2.18765 a b -1.51868 2 0
0 0 -28.3306 0 2.18926 a b -1.51831 2 0
0 0 -28.3862 0 2.18652 a b -1.51871 2 0
0 0 -28.4423 0 2.19096 a b -1.51955 2 0
0 0 -28.4878 0 2.19244 a b -1.52041 2 0
0 0 -28.5345 0 2.19342 a b -1.52237 2 0
0 0 -28.5797 0 2.19564 a b -1.52386 2 0
0 0 -28.6315 0 2.19939 a b -1.52294 2 0
0 0 -28.683 0 2.1941 a b -1.52444 2 0
0 0 -28.7333 0 2.19804 a b -1.52481 2 0
0 0 -28.7816 0 2.19748 a b -1.52538 2 0
0 0 -28.8306 0 2.19998 a b -1.52476 2 0
0 0 -28.8782 0 2.19929 a b -1.52374 2 0
0 0 -28.9276 0 2.20111 a b -1.52443 2 0
0 0 -28.9768 0 2.20066 a b -1.52514 2 0
0 0 -29.0244 0 2.19988 a b -1.52663 2 0
0 0 -29.0736 0 2.20282 a b -1.52609 2 0
0 0 -29.1188 0 2.20214 a b -1.52673 2 0
0 0 -29.1667 0 2.20747 a b -1.52793 2 0
0 0 -29.2172 0 2.20666 a b -1.52854 2 0
0 0 -29.2717 0 2.20386 a b -1.52962 2 0
0 0 -29.3154 0 2.20374 a b -1.53078 2 0
0 0 -29.3642 0 2.20562 a b -1.53221 2 0
0 0 -29.4071 0 2.20274 a b -1.53402 2 0
0 0 -29.449 0 2.20642 a b -1.53356 2 0
0 0 -29.4912 0 2.20451 a b -1.5358 2 0
0 0 -29.5449 0 2.20368 a b -1.53488 2 0
0 0 -29.5927 0 2.20773 a b -1.5356 2 0
0 0 -29.64 0 2.20638 a b -1.53616 2 0
0 0 -29.6888 0 2.20554 a b -1.53696 2 0
0 0 -29.7438 0 2.20715 a b -1.53726 2 0
0 0 -29.7931 0 2.20701 a b -1.53743 2 0
0 0 -29.8417 0 2.20562 a b -1.5379 2 0
0 0 -29.8912 0 2.20536 a b -1.53782 2 0
0 0 -29.9396 0 2.20494 a b -1.53793 2 0
0 0 -29.9855 0 2.20806 a b -1.53736 2 0
0 0 -30.0341 0 2.20811 a b -1.53785 2 0
0 0 -30.0838 0 2.20672 a b -1.54038 2 0
0 0 -30.1331 0 2.21053 a b -1.54299 2 0
0 0 -30.1799 0 2.21029 a b -1.5443 2 0
0 0 -30.2231 0 2.21132 a b -1.5439 2 0
0 0 -30.2684 0 2.20887 a b -1.54465 2 0
0 0 -30.3185 0 2.20824 a b -1.54525 2 0
0 0 -30.3685 0 2.21189 a b -1.54625 2 0
0 0 -30.4211 0 2.20988 a b -1.54776 2 0
0 0 -30.4658 0 2.21155 a b -1.54952 2 0
0 0 -30.5171 0 2.20998 a b -1.54996 2 0
0 0 -30.5637 0 2.21037 a b -1.55002 2 0
0 0 -30.6118 0 2.21029 a b -1.5518 2 0
0 0 -30.6668 0 2.21227 a b -1.54839 2 0
0 0 -30.7115 0 2.20903 a b -1.5457 2 0
0 0 -30.7559 0 2.21074 a b -1.54225 2 0
0 0 -30.8063 0 2.20974 a b -1.53927 2 0
0 0 -30.8569 0 2.20761 a b -1.53471 2 0
0 0 -30.9075 0 2.21414 a b -1.52924 2 0
0 0 -30.9456 0 2.21512 a b -1.52626 2 0
0 0 -30.9908 0 2.21246 a b -1.5246 2 0
0 0 -31.0428 0 2.21492 a b -1.52385 2 0
0 0 -31.0886 0 2.2131 a b -1.52115 2 0
0 0 -31.1376 0 2.21691 a b -1.51862 2 0
0 0 -31.1845 0 2.21775 a b -1.51692 2 0
0 0 -31.2339 0 2.21847 a b -1.51541 2 0
0 0 -31.2784 0 2.22018 a b -1.51246 2 0
0 0 -31.3294 0 2.22014 a b -1.51105 2 0
0 0 -31.3867 0 2.22527 a b -1.51049 2 0
0 0 -31.4481 0 2.23034 a b -1.50824 2 0
0 0 -31.511 0 2.22735 a b -1.50501 2 0
0 0 -31.5734 0 2.22836 a b -1.50527 2 0
0 0 -31.6346 0 2.22892 a b -1.50617 2 0
0 0 -31.699 0 2.23055 a b -1.50685 2 0
0 0 -31.7669 0 2.23406 a b -1.50726 2 0
0 0 -31.8286 0 2.24145 a b -1.50743 2 0
0 0 -31.8917 0 2.24428 a b -1.50979 2 0
0 0 -31.9451 0 2.24238 a b -1.50998 2 0
0 0 -32.0066 0 2.24595 a b -1.51019 2 0
0 0 -32.0648 0 2.2446 a b -1.51017 2 0
0 0 -32.1215 0 2.24334 a b -1.51161 2 0
0 0 -32.1783 0 2.24564 a b -1.51115 2 0
0 0 -32.231 0 2.25033 a b -1.51153 2 0
0 0 -32.2891 0 2.2525 a b -1.51263 2 0
0 0 -32.3388 0 2.2543 a b -1.51213 2 0
0 0 -32.3978 0 2.25811 a b -1.51354 2 0
0 0 -32.4535 0 2.26157 a b -1.51414 2 0
0 0 -32.5101 0 2.26027 a b -1.51392 2 0
0 0 -32.5667 0 2.2618 a b -1.51423 2 0
0 0 -32.6244 0 2.2616 a b -1.5149 2 0
0 0 -32.6847 0 2.26568 a b -1.51429 2 0
0 0 -32.7437 0 2.27296 a b -1.51589 2 0
0 0 -32.7982 0 2.26997 a b -1.51635 2 0
0 0 -32.8638 0 2.27475 a b -1.51711 2 0
0 0 -32.9241 0 2.27658 a b -1.51771 2 0
0 0 -32.9838 0 2.27758 a b -1.51904 2 0
0 0 -33.0422 0 2.27998 a b -1.51895 2 0
0 0 -33.1069 0 2.28606 a b -1.52093 2 0
0 0 -33.1721 0 2.2929 a b -1.52321 2 0
0 0 -33.2263 0 2.28971 a b -1.52618 2 0
0 0 -33.2789 0 2.2832 a b -1.52866 2 0
0 0 -33.3368 0 2.28175 a b -1.52798 2 0
0 0 -33.3957 0 2.28838 a b -1.52653 2 0
0 0 -33.4509 0 2.28996 a b -1.52706 2 0
0 0 -33.5064 0 2.29107 a b -1.52898 2 0
0 0 -33.5663 0 2.28899 a b -1.52961 2 0
0 0 -33.6183 0 2.28729 a b -1.52647 2 0
0 0 -33.6799 0 2.29224 a b -1.52687 2 0
0 0 -33.7352 0 2.29079 a b -1.53015 2 0
0 0 -33.7882 0 2.28744 a b -1.53197 2 0
0 0 -33.8492 0 2.28838 a b -1.53424 2 0
0 0 -33.9054 0 2.29011 a b -1.53462 2 0
0 0 -33.9643 0 2.29315 a b -1.53553 2 0
0 0 -34.034 0 2.29893 a b -1.53903 2 0
0 0 -34.0961 0 2.29868 a b -1.5434 2 0
0 0 -34.1528 0 2.2951 a b -1.54515 2 0
0 0 -34.2101 0 2.29139 a b -1.54498 2 0
0 0 -34.2681 0 2.29005 a b -1.54514 2 0
0 0 -34.3285 0 2.2942 a b -1.54712 2 0
0 0 -34.3925 0 2.29162 a b -1.54896 2 0
0 0 -34.4485 0 2.29139 a b -1.55023 2 0
0 0 -34.5042 0 2.28933 a b -1.55156 2 0
0 0 -34.5634 0 2.29071 a b -1.55342 2 0
0 0 -34.6157 0 2.28672 a b -1.55481 2 0
0 0 -34.6732 0 2.28681 a b -1.55791 2 0
0 0 -34.7265 0 2.28626 a b -1.56041 2 0
0 0 -34.7813 0 2.28862 a b -1.56335 2 0
0 0 -34.8367 0 2.28635 a b -1.56692 2 0
0 0 -34.8927 0 2.28331 a b -1.56757 2 0
0 0 -34.9515 0 2.27863 a b -1.56804 2 0
0 0 -35.0071 0 2.27862 a b -1.56859 2 0
0 0 -35.0656 0 2.27504 a b -1.56766 2 0
0 0 -35.119 0 2.27733 a b -1.56584 2 0
0 0 -35.1745 0 2.27382 a b -1.56269 2 0
0 0 -35.2333 0 2.27348 a b -1.55902 2 0
0 0 -35.2865 0 2.27411 a b -1.55533 2 0
0 0 -35.3432 0 2.2742 a b -1.54978 2 0
0 0 -35.4027 0 2.27523 a b -1.54486 2 0
0 0 -35.4577 0 2.27734 a b -1.53193 2 0
0 0 -35.5176 0 2.27912 a b -1.51819 2 0
0 0 -35.5746 0 2.28404 a b -1.50964 2 0
0 0 -35.6315 0 2.28972 a b -1.50061 2 0
0 0 -35.6888 0 2.2938 a b -1.48984 2 0
0 0 -35.7491 0 2.29623 a b -1.4851 2 0
0 0 -35.8145 0 2.30106 a b -1.48401 2 0
0 0 -35.8731 0 2.30746 a b -1.47871 2 0
0 0 -35.929 0 2.31063 a b -1.47078 2 0
0 0 -35.9915 0 2.31163 a b -1.46295 2 0
0 0 -36.0582 0 2.31071 a b -1.46192 2 0
0 0 -36.1197 0 2.31552 a b -1.46382 2 0
0 0 -36.178 0 2.32153 a b -1.46367 2 0
0 0 -36.2375 0 2.32801 a b -1.46094 2 0
0 0 -36.2972 0 2.32928 a b -1.46008 2 0
0 0 -36.3543 0 2.3308 a b -1.46212 2 0
0 0 -36.4154 0 2.33868 a b -1.46383 2 0
0 0 -36.473 0 2.34507 a b -1.46232 2 0
0 0 -36.5318 0 2.3493 a b -1.46057 2 0
0 0 -36.5852 0 2.34981 a b -1.46252 2 0
0 0 -36.6482 0 2.35333 a b -1.46607 2 0
0 0 -36.7064 0 2.35986 a b -1.46745 2 0
0 0 -36.7609 0 2.36274 a b -1.46409 2 0
0 0 -36.8138 0 2.36682 a b -1.46305 2 0
0 0 -36.8689 0 2.36965 a b -1.46632 2 0
0 0 -36.9249 0 2.37258 a b -1.46869 2 0
0 0 -36.9829 0 2.37902 a b -1.46905 2 0
0 0 -37.043 0 2.38298 a b -1.46993 2 0
0 0 -37.1002 0 2.38758 a b -1.47284 2 0
0 0 -37.1595 0 2.39024 a b -1.47499 2 0
0 0 -37.2224 0 2.39492 a b -1.47548 2 0
0 0 -37.2807 0 2.40061 a b -1.47526 2 0
0 0 -37.3349 0 2.39995 a b -1.47667 2 0
0 0 -37.3948 0 2.40677 a b -1.4774 2 0
0 0 -37.4582 0 2.41004 a b -1.47639 2 0
0 0 -37.5142 0 2.41421 a b -1.47575 2 0
0 0 -37.5751 0 2.41474 a b -1.47537 2 0
0 0 -37.6321 0 2.41821 a b -1.47733 2 0
0 0 -37.6906 0 2.4196 a b -1.47966 2 0
0 0 -37.7526 0 2.42478 a b -1.48302 2 0
0 0 -37.82 0 2.43202 a b -1.48599 2 0
0 0 -37.8826 0 2.4371 a b -1.48647 2 0
0 0 -37.9435 0 2.43961 a b -1.4875 2 0
0 0 -38.0002 0 2.44216 a b -1.48916 2 0
0 0 -38.0558 0 2.44342 a b -1.49096 2 0
0 0 -38.1118 0 2.44735 a b -1.49186 2 0
0 0 -38.1679 0 2.45079 a b -1.49472 2 0
0 0 -38.2207 0 2.45067 a b -1.49662 2 0
0 0 -38.276 0 2.44827 a b -1.49719 2 0
0 0 -38.3364 0 2.45417 a b -1.49894 2 0
0 0 -38.3942 0 2.45404 a b -1.49993 2 0
0 0 -38.4489 0 2.45439 a b -1.50135 2 0
0 0 -38.5022 0 2.45452 a b -1.50446 2 0
0 0 -38.5636 0 2.45611 a b -1.51013 2 0
0 0 -38.6213 0 2.46096 a b -1.51149 2 0
0 0 -38.6855 0 2.46274 a b -1.51384 2 0
0 0 -38.7445 0 2.46658 a b -1.51827 2 0
0 0 -38.8082 0 2.46999 a b -1.52134 2 0
0 0 -38.8708 0 2.47052 a b -1.51991 2 0
0 0 -38.9541 0 2.47725 a b -1.50658 2 0
0 0 -39.0168 0 2.48473 a b -1.48334 2 0
0 0 -39.0611 0 2.48722 a b -1.46588 2 0
0 0 -39.1149 0 2.48822 a b -1.45517 2 0
0 0 -39.1754 0 2.49488 a b -1.4357 2 0
0 0 -39.2303 0 2.50703 a b -1.41718 2 0
0 0 -39.2756 0 2.51545 a b -1.4062 2 0
0 0 -39.3218 0 2.52476 a b -1.39989 2 0
0 0 -39.3759 0 2.53411 a b -1.39913 2 0
0 0 -39.4392 0 2.53985 a b -1.3993 2 0
0 0 -39.4996 0 2.54524 a b -1.39393 2 0
0 0 -39.5548 0 2.55659 a b -1.38674 2 0
0 0 -39.6092 0 2.57366 a b -1.38558 2 0
0 0 -39.6677 0 2.58365 a b -1.38748 2 0
0 0 -39.7258 0 2.59162 a b -1.38747 2 0
0 0 -39.7914 0 2.60359 a b -1.38616 2 0
0 0 -39.8465 0 2.61532 a b -1.386 2 0
0 0 -39.9065 0 2.62344 a b -1.38557 2 0
0 0 -39.961 0 2.63232 a b -1.38616 2 0
0 0 -40.0188 0 2.64495 a b -1.38755 2 0
0 0 -40.0867 0 2.66725 a b -1.39964 2 0
0 0 -40.1451 0 2.67366 a b -1.41698 2 0
0 0 -40.1855 0 2.67138 a b -1.42655 2 0
0 0 -40.2411 0 2.67354 a b -1.43302 2 0
0 0 -40.3094 0 2.68372 a b -1.44018 2 0
0 0 -40.373 0 2.69316 a b -1.44777 2 0
0 0 -40.4263 0 2.69777 a b -1.45263 2 0
0 0 -40.474 0 2.69908 a b -1.45848 2 0
0 0 -40.5244 0 2.70163 a b -1.46316 2 0
0 0 -40.58 0 2.70557 a b -1.4684 2 0
0 0 -40.6361 0 2.71166 a b -1.47773 2 0
0 0 -40.6966 0 2.71209 a b -1.48643 2 0
0 0 -40.7636 0 2.71738 a b -1.49195 2 0
0 0 -40.8303 0 2.72339 a b -1.49967 2 0
0 0 -40.8945 0 2.72207 a b -1.50833 2 0
0 0 -40.9542 0 2.72171 a b -1.51417 2 0
0 0 -41.0186 0 2.72667 a b -1.51719 2 0
0 0 -41.0798 0 2.72733 a b -1.52106 2 0
0 0 -41.1422 0 2.73024 a b -1.52419 2 0
0 0 -41.193 0 2.72782 a b -1.52701 2 0
0 0 -41.2403 0 2.72725 a b -1.52786 2 0
0 0 -41.2982 0 2.72787 a b -1.52957 2 0
0 0 -41.3599 0 2.73147 a b -1.53211 2 0
0 0 -41.4185 0 2.73198 a b -1.53594 2 0
0 0 -41.4693 0 2.73353 a b -1.53663 2 0
0 0 -41.5265 0 2.73559 a b -1.53855 2 0
0 0 -41.5834 0 2.73296 a b -1.54127 2 0
0 0 -41.644 0 2.72983 a b -1.54233 2 0
0 0 -41.701 0 2.73073 a b -1.54572 2 0
0 0 -41.7571 0 2.73077 a b -1.54854 2 0
0 0 -41.8126 0 2.73502 a b -1.55136 2 0
0 0 -41.8696 0 2.73578 a b -1.55458 2 0
0 0 -41.9271 0 2.7346 a b -1.55719 2 0
0 0 -41.9845 0 2.73195 a b -1.55869 2 0
0 0 -42.0436 0 2.73193 a b -1.56142 2 0
0 0 -42.0985 0 2.72913 a b -1.56363 2 0
0 0 -42.16 0 2.72978 a b -1.56572 2 0
0 0 -42.2232 0 2.72991 a b -1.56969 2 0
0 0 -42.2754 0 2.72588 a b -1.56877 2 0
0 0 -42.3294 0 2.72492 a b -1.56674 2 0
0 0 -42.3849 0 2.72212 a b -1.56273 2 0
0 0 -42.4431 0 2.72261 a b -1.55363 2 0
0 0 -42.5041 0 2.72312 a b -1.54128 2 0
0 0 -42.5665 0 2.7262 a b -1.53044 2 0
0 0 -42.6292 0 2.72983 a b -1.52326 2 0
0 0 -42.6816 0 2.7349 a b -1.51381 2 0
0 0 -42.738 0 2.73644 a b -1.50451 2 0
0 0 -42.7945 0 2.73853 a b -1.49828 2 0
0 0 -42.8519 0 2.74237 a b -1.4941 2 0
0 0 -42.9046 0 2.74896 a b -1.48926 2 0
0 0 -42.9582 0 2.75282 a b -1.48149 2 0
0 0 -43.0199 0 2.75702 a b -1.47561 2 0
0 0 -43.0866 0 2.75831 a b -1.4716 2 0
0 0 -43.1486 0 2.76347 a b -1.47 2 0
0 0 -43.2118 0 2.76616 a b -1.46954 2 0
0 0 -43.2682 0 2.77291 a b -1.46688 2 0
0 0 -43.3295 0 2.77903 a b -1.46274 2 0
0 0 -43.389 0 2.78477 a b -1.46013 2 0
0 0 -43.4525 0 2.7877 a b -1.45903 2 0
0 0 -43.5131 0 2.79722 a b -1.45896 2 0
0 0 -43.5663 0 2.80378 a b -1.45669 2 0
0 0 -43.6288 0 2.80688 a b -1.45372 2 0
0 0 -43.6832 0 2.81009 a b -1.4526 2 0
0 0 -43.7414 0 2.81336 a b -1.45265 2 0
0 0 -43.7964 0 2.81791 a b -1.45219 2 0
0 0 -43.8508 0 2.82621 a b -1.45121 2 0
0 0 -43.9065 0 2.83214 a b -1.44841 2 0
0 0 -43.9687 0 2.83537 a b -1.44784 2 0
0 0 -44.0247 0 2.84089 a b -1.44838 2 0
0 0 -44.079 0 2.8482 a b -1.44797 2 0
0 0 -44.1428 0 2.85376 a b -1.44664 2 0
0 0 -44.1967 0 2.85967 a b -1.44575 2 0
0 0 -44.2535 0 2.86665 a b -1.44821 2 0
0 0 -44.3128 0 2.87434 a b -1.44795 2 0
0 0 -44.3782 0 2.87699 a b -1.44672 2 0
0 0 -44.4411 0 2.87897 a b -1.44496 2 0
0 0 -44.5099 0 2.88434 a b -1.44588 2 0
0 0 -44.579 0 2.88722 a b -1.44798 2 0
0 0 -44.6621 0 2.8981 a b -1.45135 2 0
0 0 -44.7562 0 2.90852 a b -1.45746 2 0
0 0 -44.8628 0 2.92224 a b -1.45605 2 0
0 0 -44.9602 0 2.93272 a b -1.44861 2 0
0 0 -45.0467 0 2.9408 a b -1.44895 2 0
0 0 -45.1173 0 2.94479 a b -1.4591 2 0
0 0 -45.1774 0 2.93879 a b -1.46367 2 0
0 0 -45.2159 0 2.93734 a b -1.45689 2 0
0 0 -45.1673 0 2.93911 a b -1.44797 2 0
0 0 -45.1214 0 2.92653 a b -1.45891 2 0
0 0 -45.1008 0 2.93356 a b -1.46965 2 0
0 0 -45.1404 0 2.95222 a b -1.45988 2 0
0 0 -45.2007 0 2.96016 a b -1.46306 2 0
0 0 -45.2505 0 2.96955 a b -1.47724 2 0
0 0 -45.2946 0 2.97979 a b -1.47547 2 0
0 0 -45.3337 0 2.97351 a b -1.47334 2 0
0 0 -45.3692 0 2.97109 a b -1.48031 2 0
0 0 -45.4119 0 2.98021 a b -1.48714 2 0
0 0 -45.4788 0 2.99036 a b -1.48597 2 0
0 0 -45.5605 0 2.97836 a b -1.48534 2 0
0 0 -45.6447 0 2.97903 a b -1.50284 2 0
0 0 -45.7375 0 2.98818 a b -1.51517 2 0
0 0 -45.8079 0 3.00455 a b -1.5183 2 0
0 0 -45.8687 0 3.01534 a b -1.52037 2 0
0 0 -45.9381 0 3.01895 a b -1.52467 2 0
0 0 -46.0065 0 3.02087 a b -1.53222 2 0
0 0 -46.0711 0 3.02063 a b -1.53982 2 0
0 0 -46.137 0 3.01937 a b -1.54166 2 0
0 0 -46.2033 0 3.01784 a b -1.54088 2 0
0 0 -46.2616 0 3.01959 a b -1.54276 2 0
0 0 -46.3201 0 3.02267 a b -1.54543 2 0
0 0 -46.3825 0 3.02329 a b -1.54716 2 0
0 0 -46.4408 0 3.02447 a b -1.54905 2 0
0 0 -46.4946 0 3.02561 a b -1.55256 2 0
0 0 -46.5411 0 3.02489 a b -1.55517 2 0
0 0 -46.5888 0 3.02606 a b -1.55699 2 0
0 0 -46.6397 0 3.02409 a b -1.55885 2 0
0 0 -46.6979 0 3.01912 a b -1.55581 2 0
0 0 -46.7588 0 3.02016 a b -1.55103 2 0
0 0 -46.8107 0 3.0227 a b -1.54735 2 0
0 0 -46.8592 0 3.02569 a b -1.54745 2 0
0 0 -46.9135 0 3.02074 a b -1.54634 2 0
0 0 -46.9721 0 3.02072 a b -1.53724 2 0
0 0 -47.0244 0 3.02769 a b -1.53593 2 0
0 0 -47.087 0 3.03136 a b -1.54101 2 0
0 0 -47.1513 0 3.02882 a b -1.54246 2 0
0 0 -47.214 0 3.02355 a b -1.53587 2 0
0 0 -47.2748 0 3.02895 a b -1.52881 2 0
0 0 -47.3357 0 3.04071 a b -1.52672 2 0
0 0 -47.396 0 3.04408 a b -1.53195 2 0
0 0 -47.4533 0 3.04351 a b -1.53299 2 0
0 0 -47.5078 0 3.04291 a b -1.53039 2 0
0 0 -47.5637 0 3.04069 a b -1.52899 2 0
0 0 -47.6224 0 3.04277 a b -1.53163 2 0
0 0 -47.6799 0 3.04227 a b -1.53287 2 0
0 0 -47.739 0 3.04402 a b -1.5343 2 0
0 0 -47.7916 0 3.04578 a b -1.53557 2 0
0 0 -47.8454 0 3.04588 a b -1.53845 2 0
0 0 -47.9058 0 3.0459 a b -1.54204 2 0
0 0 -47.9589 0 3.04642 a b -1.54271 2 0
0 0 -48.0151 0 3.04595 a b -1.54437 2 0
0 0 -48.0744 0 3.04692 a b -1.54487 2 0
0 0 -48.133 0 3.0507 a b -1.54802 2 0
0 0 -48.1896 0 3.05322 a b -1.54925 2 0
0 0 -48.2498 0 3.05062 a b -1.54978 2 0
0 0 -48.3104 0 3.04972 a b -1.55019 2 0
0 0 -48.3672 0 3.04836 a b -1.55105 2 0
0 0 -48.421 0 3.04874 a b -1.55398 2 0
0 0 -48.4737 0 3.04745 a b -1.55565 2 0
0 0 -48.5333 0 3.04794 a b -1.5552 2 0
0 0 -48.5951 0 3.04606 a b -1.55572 2 0
0 0 -48.6568 0 3.04666 a b -1.55876 2 0
0 0 -48.7168 0 3.04552 a b -1.5606 2 0
0 0 -48.7765 0 3.04593 a b -1.5621 2 0
0 0 -48.8378 0 3.04709 a b -1.56233 2 0
0 0 -48.9039 0 3.04812 a b -1.56379 2 0
0 0 -48.9584 0 3.04952 a b -1.56592 2 0
0 0 -49.0084 0 3.04895 a b -1.56609 2 0
0 0 -49.0654 0 3.04613 a b -1.5675 2 0
0 0 -49.1218 0 3.04599 a b -1.56835 2 0
0 0 -49.1835 0 3.04633 a b -1.56922 2 0
0 0 -49.2445 0 3.04499 a b -1.5706 2 0
0 0 -49.3077 0 3.04251 a b -1.57255 2 0
0 0 -49.3675 0 3.04028 a b -1.57369 2 0
0 0 -49.4252 0 3.03903 a b -1.57478 2 0
0 0 -49.481 0 3.0383 a b -1.57677 2 0
0 0 -49.5376 0 3.03553 a b -1.57855 2 0
0 0 -49.6007 0 3.03535 a b -1.57965 2 0
0 0 -49.6599 0 3.03652 a b -1.58149 2 0
0 0 -49.7167 0 3.03319 a b -1.58369 2 0
0 0 -49.7752 0 3.03234 a b -1.58489 2 0
0 0 -49.8298 0 3.02853 a b -1.58561 2 0
0 0 -49.8821 0 3.02509 a b -1.58701 2 0
0 0 -49.9401 0 3.02347 a b -1.58859 2 0
0 0 -49.9963 0 3.02269 a b -1.59051 2 0
0 0 -50.0539 0 3.02216 a b -1.59068 2 0
0 0 -50.1073 0 3.02207 a b -1.59068 2 0
0 0 -50.1656 0 3.01976 a b -1.58839 2 0
0 0 -50.2261 0 3.02042 a b -1.58584 2 0
0 0 -50.2825 0 3.02459 a b -1.57837 2 0
0 0 -50.345 0 3.0268 a b -1.56472 2 0
0 0 -50.4038 0 3.02296 a b -1.55509 2 0
0 0 -50.46 0 3.02354 a b -1.54929 2 0
0 0 -50.5166 0 3.02965 a b -1.54215 2 0
0 0 -50.5682 0 3.03133 a b -1.53171 2 0
0 0 -50.6229 0 3.02774 a b -1.52402 2 0
0 0 -50.678 0 3.02547 a b -1.51944 2 0
0 0 -50.734 0 3.02526 a b -1.5168 2 0
0 0 -50.7889 0 3.02968 a b -1.51377 2 0
0 0 -50.8472 0 3.03284 a b -1.50692 2 0
0 0 -50.9039 0 3.03536 a b -1.50152 2 0
0 0 -50.9573 0 3.03385 a b -1.49982 2 0
0 0 -51.0173 0 3.0376 a b -1.4988 2 0
0 0 -51.0768 0 3.04186 a b -1.49671 2 0
0 0 -51.1381 0 3.04465 a b -1.49334 2 0
0 0 -51.1931 0 3.04652 a b -1.49219 2 0
0 0 -51.2494 0 3.04977 a b -1.49172 2 0
0 0 -51.3106 0 3.05443 a b -1.49049 2 0
0 0 -51.3676 0 3.05997 a b -1.49011 2 0
0 0 -51.4244 0 3.06296 a b -1.49018 2 0
0 0 -51.482 0 3.06513 a b -1.49183 2 0
0 0 -51.5392 0 3.06658 a b -1.4936 2 0
0 0 -51.596 0 3.06953 a b -1.49371 2 0
0 0 -51.6501 0 3.07234 a b -1.492 2 0
0 0 -51.7069 0 3.0773 a b -1.48937 2 0
0 0 -51.7622 0 3.08121 a b -1.48888 2 0
0 0 -51.8174 0 3.08718 a b -1.49143 2 0
0 0 -51.8731 0 3.09146 a b -1.49199 2 0
0 0 -51.9311 0 3.0965 a b -1.49122 2 0
0 0 -51.9878 0 3.10177 a b -1.49149 2 0
0 0 -52.0439 0 3.1042 a b -1.49197 2 0
0 0 -52.1031 0 3.11145 a b -1.49281 2 0
0 0 -52.1609 0 3.11516 a b -1.49356 2 0
0 0 -52.2208 0 3.11815 a b -1.49363 2 0
0 0 -52.2794 0 3.12111 a b -1.49372 2 0
0 0 -52.3358 0 3.12409 a b -1.49228 2 0
0 0 -52.3878 0 3.12861 a b -1.49156 2 0
0 0 -52.4411 0 3.13373 a b -1.49201 2 0
0 0 -52.4974 0 3.13863 a b -1.49284 2 0
0 0 -52.5584 0 3.14265 a b -1.49412 2 0
0 0 -52.6172 0 3.14638 a b -1.49421 2 0
0 0 -52.6784 0 3.15114 a b -1.49456 2 0
0 0 -52.7342 0 3.15409 a b -1.49554 2 0
0 0 -52.796 0 3.15747 a b -1.49731 2 0
0 0 -52.8577 0 3.16198 a b -1.49818 2 0
0 0 -52.9161 0 3.16516 a b -1.49925 2 0
0 0 -52.977 0 3.16672 a b -1.49919 2 0
0 0 -53.03 0 3.17104 a b -1.50007 2 0
0 0 -53.0874 0 3.17438 a b -1.50179 2 0
0 0 -53.1472 0 3.17706 a b -1.50105 2 0
0 0 -53.2072 0 3.18236 a b -1.50091 2 0
0 0 -53.263 0 3.18488 a b -1.4997 2 0
0 0 -53.31 0 3.18952 a b -1.50106 2 0
0 0 -53.3666 0 3.19473 a b -1.50353 2 0
0 0 -53.4277 0 3.19635 a b -1.50426 2 0
0 0 -53.4901 0 3.20088 a b -1.5033 2 0
0 0 -53.5577 0 3.20689 a b -1.50548 2 0
0 0 -53.6237 0 3.21005 a b -1.50531 2 0
0 0 -53.6779 0 3.21315 a b -1.50549 2 0
0 0 -53.7239 0 3.21477 a b -1.50496 2 0
0 0 -53.7735 0 3.21899 a b -1.50445 2 0
0 0 -53.8358 0 3.22357 a b -1.50615 2 0
0 0 -53.8985 0 3.22313 a b -1.50612 2 0
0 0 -53.9593 0 3.23106 a b -1.50475 2 0
0 0 -54.0096 0 3.23103 a b -1.50519 2 0
0 0 -54.066 0 3.23529 a b -1.50622 2 0
0 0 -54.1314 0 3.23919 a b -1.50783 2 0
0 0 -54.199 0 3.24284 a b -1.50923 2 0
0 0 -54.2561 0 3.24567 a b -1.50853 2 0
0 0 -54.3008 0 3.25217 a b -1.50973 2 0
0 0 -54.3482 0 3.25362 a b -1.51172 2 0
0 0 -54.4062 0 3.2572 a b -1.51139 2 0
0 0 -54.4703 0 3.26106 a b -1.51273 2 0
0 0 -54.529 0 3.26126 a b -1.51324 2 0
0 0 -54.59 0 3.26593 a b -1.51341 2 0
0 0 -54.6474 0 3.2701 a b -1.51443 2 0
0 0 -54.7114 0 3.27196 a b -1.51479 2 0
0 0 -54.7738 0 3.27672 a b -1.51567 2 0
0 0 -54.8335 0 3.27735 a b -1.51594 2 0
0 0 -54.8894 0 3.28155 a b -1.5176 2 0
0 0 -54.9481 0 3.28408 a b -1.51773 2 0
0 0 -55.0075 0 3.2869 a b -1.51773 2 0
0 0 -55.069 0 3.28886 a b -1.51919 2 0
0 0 -55.1251 0 3.29228 a b -1.52134 2 0
0 0 -55.1724 0 3.29406 a b -1.52169 2 0
0 0 -55.233 0 3.29686 a b -1.52084 2 0
0 0 -55.2935 0 3.29908 a b -1.52175 2 0
0 0 -55.354 0 3.30103 a b -1.52244 2 0
0 0 -55.4125 0 3.30439 a b -1.52424 2 0
0 0 -55.4555 0 3.30512 a b -1.52354 2 0
0 0 -55.5079 0 3.30769 a b -1.52272 2 0
0 0 -55.5593 0 3.31001 a b -1.52396 2 0
0 0 -55.6163 0 3.31287 a b -1.52418 2 0
0 0 -55.6767 0 3.31493 a b -1.52501 2 0
0 0 -55.7297 0 3.31653 a b -1.52532 2 0
0 0 -55.7867 0 3.31997 a b -1.52697 2 0
0 0 -55.8438 0 3.32091 a b -1.52875 2 0
0 0 -55.8994 0 3.32407 a b -1.53153 2 0
0 0 -55.9546 0 3.32616 a b -1.53209 2 0
0 0 -56.015 0 3.32556 a b -1.53125 2 0
0 0 -56.0744 0 3.32783 a b -1.53223 2 0
0 0 -56.1289 0 3.32962 a b -1.53322 2 0
0 0 -56.1814 0 3.33083 a b -1.53552 2 0
0 0 -56.2371 0 3.33038 a b -1.53688 2 0
0 0 -56.2983 0 3.33388 a b -1.53536 2 0
0 0 -56.3587 0 3.33468 a b -1.53407 2 0
0 0 -56.4166 0 3.33618 a b -1.53435 2 0
0 0 -56.4783 0 3.33662 a b -1.53678 2 0
0 0 -56.5368 0 3.33809 a b -1.53899 2 0
0 0 -56.588 0 3.33934 a b -1.5398 2 0
0 0 -56.6452 0 3.33951 a b -1.54039 2 0
0 0 -56.7118 0 3.34006 a b -1.54144 2 0
0 0 -56.7793 0 3.34138 a b -1.54173 2 0
0 0 -56.842 0 3.3433 a b -1.54172 2 0
0 0 -56.9015 0 3.34058 a b -1.54197 2 0
0 0 -56.9581 0 3.3412 a b -1.54337 2 0
0 0 -57.0166 0 3.34352 a b -1.5448 2 0
0 0 -57.0757 0 3.34504 a b -1.54503 2 0
0 0 -57.1392 0 3.34921 a b -1.54534 2 0
0 0 -57.2018 0 3.34896 a b -1.54577 2 0
0 0 -57.2665 0 3.34833 a b -1.54703 2 0
0 0 -57.3236 0 3.35108 a b -1.54794 2 0
0 0 -57.3866 0 3.35463 a b -1.54725 2 0
0 0 -57.4427 0 3.35651 a b -1.54486 2 0
0 0 -57.5031 0 3.35885 a b -1.54466 2 0
0 0 -57.5664 0 3.36158 a b -1.54334 2 0
0 0 -57.627 0 3.36233 a b -1.54311 2 0
0 0 -57.6807 0 3.36358 a b -1.54182 2 0
0 0 -57.7383 0 3.36427 a b -1.53865 2 0
0 0 -57.7926 0 3.36442 a b -1.5352 2 0
0 0 -57.8467 0 3.36547 a b -1.53529 2 0
0 0 -57.9051 0 3.36775 a b -1.53677 2 0
0 0 -57.9651 0 3.3701 a b -1.53799 2 0
0 0 -58.0214 0 3.37002 a b -1.53768 2 0
0 0 -58.08 0 3.37265 a b -1.53776 2 0
0 0 -58.1379 0 3.37282 a b -1.53857 2 0
0 0 -58.1969 0 3.37598 a b -1.53975 2 0
0 0 -58.2589 0 3.3768 a b -1.54116 2 0
0 0 -58.3157 0 3.37697 a b -1.54326 2 0
0 0 -58.3683 0 3.37978 a b -1.54456 2 0
0 0 -58.4248 0 3.38099 a b -1.54547 2 0
0 0 -58.4763 0 3.3859 a b -1.54639 2 0
0 0 -58.5314 0 3.38613 a b -1.54866 2 0
0 0 -58.586 0 3.3857 a b -1.54753 2 0
0 0 -58.642 0 3.39015 a b -1.5482 2 0
0 0 -58.694 0 3.38968 a b -1.54914 2 0
0 0 -58.7539 0 3.39158 a b -1.54814 2 0
0 0 -58.8102 0 3.3882 a b -1.5493 2 0
0 0 -58.8702 0 3.39224 a b -1.54982 2 0
0 0 -58.9351 0 3.39274 a b -1.5503 2 0
0 0 -59.001 0 3.39397 a b -1.55181 2 0
0 0 -59.0589 0 3.39328 a b -1.5528 2 0
0 0 -59.115 0 3.39305 a b -1.55341 2 0
0 0 -59.1695 0 3.39379 a b -1.55452 2 0
0 0 -59.2265 0 3.39388 a b -1.55486 2 0
0 0 -59.2854 0 3.39395 a b -1.55506 2 0
0 0 -59.3425 0 3.39415 a b -1.55613 2 0
0 0 -59.4071 0 3.39494 a b -1.55581 2 0
0 0 -59.4625 0 3.39429 a b -1.55677 2 0
0 0 -59.5226 0 3.39496 a b -1.55699 2 0
0 0 -59.5837 0 3.39388 a b -1.55831 2 0
0 0 -59.6448 0 3.39201 a b -1.55854 2 0
0 0 -59.7154 0 3.3947 a b -1.55816 2 0
0 0 -59.7797 0 3.39766 a b -1.55887 2 0
0 0 -59.8328 0 3.39967 a b -1.55961 2 0
0 0 -59.889 0 3.40019 a b -1.55935 2 0
0 0 -59.9396 0 3.39856 a b -1.55762 2 0
0 0 -59.9979 0 3.39828 a b -1.5537 2 0
0 0 -60.0586 0 3.39657 a b -1.54836 2 0
0 0 -60.1179 0 3.39671 a b -1.54298 2 0
0 0 -60.1764 0 3.39551 a b -1.53539 2 0
0 0 -60.2325 0 3.3969 a b -1.52551 2 0
0 0 -60.2835 0 3.40012 a b -1.51768 2 0
0 0 -60.334 0 3.40431 a b -1.50972 2 0
0 0 -60.3867 0 3.41095 a b -1.50445 2 0
0 0 -60.4366 0 3.41659 a b -1.50154 2 0
0 0 -60.4909 0 3.42501 a b -1.50212 2 0
0 0 -60.5475 0 3.42843 a b -1.50144 2 0
0 0 -60.5988 0 3.43233 a b -1.49881 2 0
0 0 -60.6531 0 3.43335 a b -1.4932 2 0
0 0 -60.7135 0 3.44324 a b -1.49207 2 0
0 0 -60.7737 0 3.44623 a b -1.49503 2 0
0 0 -60.8247 0 3.44753 a b -1.49468 2 0
0 0 -60.8846 0 3.45002 a b -1.49425 2 0
0 0 -60.9423 0 3.45275 a b -1.49574 2 0
0 0 -61.0003 0 3.45962 a b -1.49636 2 0
0 0 -61.0606 0 3.46448 a b -1.49891 2 0
0 0 -61.123 0 3.46696 a b -1.49941 2 0
0 0 -61.1825 0 3.47119 a b -1.50131 2 0
0 0 -61.2369 0 3.47672 a b -1.50319 2 0
0 0 -61.2966 0 3.47967 a b -1.50533 2 0
0 0 -61.3595 0 3.48681 a b -1.50836 2 0
0 0 -61.4168 0 3.48914 a b -1.50972 2 0
0 0 -61.4751 0 3.48834 a b -1.51036 2 0
0 0 -61.5335 0 3.49146 a b -1.50908 2 0
0 0 -61.5936 0 3.49544 a b -1.50905 2 0
0 0 -61.6524 0 3.49793 a b -1.51148 2 0
0 0 -61.7051 0 3.49897 a b -1.51252 2 0
0 0 -61.7658 0 3.50047 a b -1.51158 2 0
0 0 -61.8205 0 3.50406 a b -1.51323 2 0
0 0 -61.8721 0 3.50502 a b -1.51523 2 0
0 0 -61.9326 0 3.50789 a b -1.51684 2 0
0 0 -61.9881 0 3.51045 a b -1.51798 2 0
0 0 -62.0428 0 3.51178 a b -1.5184 2 0
0 0 -62.1053 0 3.51555 a b -1.52104 2 0
0 0 -62.1618 0 3.51585 a b -1.52347 2 0
0 0 -62.2165 0 3.51992 a b -1.52407 2 0
0 0 -62.2774 0 3.52016 a b -1.52422 2 0
0 0 -62.3347 0 3.52423 a b -1.52696 2 0
0 0 -62.3961 0 3.52526 a b -1.52814 2 0
0 0 -62.4555 0 3.52464 a b -1.52824 2 0
0 0 -62.5172 0 3.52865 a b -1.52733 2 0
0 0 -62.5783 0 3.53055 a b -1.52847 2 0
0 0 -62.6388 0 3.53139 a b -1.5291 2 0
0 0 -62.7 0 3.532 a b -1.52834 2 0
0 0 -62.76 0 3.53075 a b -1.52996 2 0
0 0 -62.8193 0 3.53516 a b -1.5337 2 0
0 0 -62.8785 0 3.53914 a b -1.53315 2 0
0 0 -62.9393 0 3.54101 a b -1.53041 2 0
0 0 -62.9981 0 3.5425 a b -1.52564 2 0
0 0 -63.0559 0 3.54535 a b -1.51933 2 0
0 0 -63.1139 0 3.54927 a b -1.51255 2 0
0 0 -63.1729 0 3.55142 a b -1.5051 2 0
0 0 -63.2304 0 3.55374 a b -1.49716 2 0
0 0 -63.2852 0 3.55799 a b -1.49118 2 0
0 0 -63.3474 0 3.5636 a b -1.48537 2 0
0 0 -63.402 0 3.57199 a b -1.47869 2 0
0 0 -63.4573 0 3.57668 a b -1.47281 2 0
0 0 -63.5104 0 3.57987 a b -1.46854 2 0
0 0 -63.5584 0 3.58187 a b -1.46672 2 0
0 0 -63.6147 0 3.58572 a b -1.46703 2 0
0 0 -63.6787 0 3.59646 a b -1.46796 2 0
0 0 -63.7404 0 3.60544 a b -1.4664 2 0
0 0 -63.7982 0 3.61368 a b -1.46192 2 0
0 0 -63.8587 0 3.61691 a b -1.45905 2 0
0 0 -63.9156 0 3.61859 a b -1.4599 2 0
0 0 -63.976 0 3.62473 a b -1.46072 2 0
0 0 -64.0377 0 3.63536 a b -1.45954 2 0
0 0 -64.0908 0 3.64004 a b -1.45618 2 0
0 0 -64.1483 0 3.64308 a b -1.4531 2 0
0 0 -64.2034 0 3.6455 a b -1.45348 2 0
0 0 -64.2595 0 3.64977 a b -1.45546 2 0
0 0 -64.318 0 3.65914 a b -1.45569 2 0
0 0 -64.3715 0 3.66408 a b -1.45487 2 0
0 0 -64.425 0 3.66721 a b -1.45601 2 0
0 0 -64.4769 0 3.67104 a b -1.45958 2 0
0 0 -64.5343 0 3.67881 a b -1.46234 2 0
0 0 -64.5913 0 3.68656 a b -1.46259 2 0
0 0 -64.6454 0 3.69033 a b -1.46375 2 0
0 0 -64.7 0 3.69547 a b -1.46579 2 0
0 0 -64.7592 0 3.70191 a b -1.46868 2 0
0 0 -64.8146 0 3.70498 a b -1.47068 2 0
0 0 -64.8711 0 3.70748 a b -1.47211 2 0
0 0 -64.9264 0 3.71495 a b -1.47358 2 0
0 0 -64.9851 0 3.71988 a b -1.4757 2 0
0 0 -65.0398 0 3.72461 a b -1.47823 2 0
0 0 -65.0974 0 3.72789 a b -1.48079 2 0
0 0 -65.1559 0 3.73302 a b -1.48351 2 0
0 0 -65.2141 0 3.73849 a b -1.48743 2 0
0 0 -65.2729 0 3.7444 a b -1.48835 2 0
0 0 -65.3298 0 3.75047 a b -1.48954 2 0
0 0 -65.3872 0 3.7534 a b -1.49321 2 0
0 0 -65.4452 0 3.75355 a b -1.4958 2 0
0 0 -65.5016 0 3.75455 a b -1.49798 2 0
0 0 -65.5589 0 3.76024 a b -1.50033 2 0
0 0 -65.6148 0 3.76814 a b -1.51165 2 0
0 0 -65.6593 0 3.76815 a b -1.52762 2 0
0 0 -65.6836 0 3.75798 a b -1.52195 2 0
