0 0 -65.6531 0 26.4109 a b -3.12869 2 0
0 0 -65.6391 0 26.4143 a b 3.11437 2 0
0 0 -65.6277 0 26.4177 a b 3.08208 2 0
0 0 -65.613 0 26.4251 a b 3.04198 2 0
0 0 -65.6033 0 26.4291 a b 3.02951 2 0
0 0 -65.6123 0 26.434 a b 3.02636 2 0
0 0 -65.6043 0 26.4248 a b 3.02664 2 0
0 0 -65.6086 0 26.4105 a b 3.03264 2 0
0 0 -65.603 0 26.4274 a b 3.03527 2 0
0 0 -65.6075 0 26.4467 a b 3.04461 2 0
0 0 -65.6106 0 26.4294 a b 3.06779 2 0
0 0 -65.6174 0 26.3983 a b 3.0863 2 0
0 0 -65.618 0 26.3474 a b 3.09461 2 0
0 0 -65.6196 0 26.2937 a b 3.11563 2 0
0 0 -65.6131 0 26.239 a b 3.12574 2 0
0 0 -65.6134 0 26.1738 a b 3.13043 2 0
0 0 -65.6099 0 26.1139 a b 3.13748 2 0
0 0 -65.6006 0 26.0549 a b -3.14024 2 0
0 0 -65.5905 0 25.9963 a b -3.13593 2 0
0 0 -65.5857 0 25.9389 a b -3.13332 2 0
0 0 -65.587 0 25.8789 a b -3.13185 2 0
0 0 -65.5863 0 25.8177 a b -3.12382 2 0
0 0 -65.5819 0 25.7615 a b -3.11428 2 0
0 0 -65.5718 0 25.7085 a b -3.11129 2 0
0 0 -65.5721 0 25.6554 a b -3.10883 2 0
0 0 -65.5765 0 25.5966 a b -3.09859 2 0
0 0 -65.572 0 25.5411 a b -3.08697 2 0
0 0 -65.5631 0 25.4858 a b -3.07957 2 0
0 0 -65.5623 0 25.4286 a b -3.07468 2 0
0 0 -65.5607 0 25.3713 a b -3.07187 2 0
0 0 -65.5638 0 25.3138 a b -3.07145 2 0
0 0 -65.5706 0 25.2532 a b -3.07123 2 0
0 0 -65.5711 0 25.1886 a b -3.07247 2 0
0 0 -65.5722 0 25.127 a b -3.07354 2 0
0 0 -65.5756 0 25.0662 a b -3.07408 2 0
0 0 -65.5716 0 25.0082 a b -3.0752 2 0
0 0 -65.5783 0 24.9454 a b -3.07843 2 0
0 0 -65.582 0 24.8828 a b -3.0786 2 0
0 0 -65.5828 0 24.8222 a b -3.07936 2 0
0 0 -65.5903 0 24.7604 a b -3.08628 2 0
0 0 -65.5969 0 24.6987 a b -3.09063 2 0
0 0 -65.5935 0 24.645 a b -3.09114 2 0
0 0 -65.5931 0 24.5859 a b -3.09389 2 0
0 0 -65.5929 0 24.5324 a b -3.0999 2 0
0 0 -65.5973 0 24.4797 a b -3.10681 2 0
0 0 -65.5943 0 24.4341 a b -3.11604 2 0
0 0 -65.5963 0 24.3821 a b -3.13126 2 0
0 0 -65.6052 0 24.3238 a b 3.13921 2 0
0 0 -65.6093 0 24.2678 a b 3.13689 2 0
0 0 -65.6055 0 24.2182 a b 3.14128 2 0
0 0 -65.5994 0 24.1679 a b -3.13954 2 0
0 0 -65.5992 0 24.1141 a b -3.13788 2 0
0 0 -65.6039 0 24.0616 a b -3.13749 2 0
0 0 -65.6 0 24.0091 a b -3.13338 2 0
0 0 -65.5993 0 23.9568 a b -3.12858 2 0
0 0 -65.6014 0 23.9086 a b -3.12289 2 0
0 0 -65.6079 0 23.852 a b -3.12037 2 0
0 0 -65.6073 0 23.7917 a b -3.11616 2 0
0 0 -65.6012 0 23.7295 a b -3.11228 2 0
0 0 -65.602 0 23.6684 a b -3.10647 2 0
0 0 -65.6072 0 23.6105 a b -3.10301 2 0
0 0 -65.6101 0 23.5558 a b -3.09787 2 0
0 0 -65.6096 0 23.4938 a b -3.09336 2 0
0 0 -65.6056 0 23.4342 a b -3.08986 2 0
0 0 -65.6139 0 23.3788 a b -3.08492 2 0
0 0 -65.6154 0 23.3164 a b -3.08061 2 0
0 0 -65.6122 0 23.2586 a b -3.07961 2 0
0 0 -65.617 0 23.1984 a b -3.07381 2 0
0 0 -65.6188 0 23.142 a b -3.07056 2 0
0 0 -65.6192 0 23.0833 a b -3.07043 2 0
0 0 -65.6255 0 23.0243 a b -3.06482 2 0
0 0 -65.6296 0 22.9639 a b -3.06154 2 0
0 0 -65.6308 0 22.9002 a b -3.05906 2 0
0 0 -65.6396 0 22.8448 a b -3.05924 2 0
0 0 -65.6441 0 22.7893 a b -3.05602 2 0
0 0 -65.6444 0 22.7351 a b -3.05036 2 0
0 0 -65.6427 0 22.6778 a b -3.0479 2 0
0 0 -65.6516 0 22.6224 a b -3.04368 2 0
0 0 -65.6625 0 22.5659 a b -3.04004 2 0
0 0 -65.6623 0 22.5127 a b -3.03647 2 0
0 0 -65.664 0 22.4548 a b -3.03186 2 0
0 0 -65.6712 0 22.3955 a b -3.02382 2 0
0 0 -65.6794 0 22.3355 a b -3.01699 2 0
0 0 -65.6829 0 22.2736 a b -3.01644 2 0
0 0 -65.6927 0 22.2176 a b -3.01607 2 0
0 0 -65.7038 0 22.1511 a b -3.01751 2 0
0 0 -65.7094 0 22.0893 a b -3.02188 2 0
0 0 -65.7152 0 22.0331 a b -3.02197 2 0
0 0 -65.7254 0 21.978 a b -3.0217 2 0
0 0 -65.7294 0 21.9133 a b -3.02468 2 0
0 0 -65.738 0 21.8595 a b -3.02517 2 0
0 0 -65.7459 0 21.804 a b -3.02744 2 0
0 0 -65.7507 0 21.75 a b -3.03108 2 0
0 0 -65.7547 0 21.7007 a b -3.03212 2 0
0 0 -65.7613 0 21.6451 a b -3.03297 2 0
0 0 -65.7672 0 21.5856 a b -3.03541 2 0
0 0 -65.7706 0 21.5285 a b -3.03732 2 0
0 0 -65.7733 0 21.4717 a b -3.03448 2 0
0 0 -65.7813 0 21.4106 a b -3.03715 2 0
0 0 -65.7885 0 21.3492 a b -3.03853 2 0
0 0 -65.7927 0 21.2869 a b -3.04104 2 0
0 0 -65.8034 0 21.2286 a b -3.03932 2 0
0 0 -65.8074 0 21.1728 a b -3.03803 2 0
0 0 -65.8073 0 21.1195 a b -3.03934 2 0
0 0 -65.8143 0 21.0598 a b -3.04092 2 0
0 0 -65.8172 0 21.0067 a b -3.03967 2 0
0 0 -65.8268 0 20.9498 a b -3.03832 2 0
0 0 -65.8271 0 20.8891 a b -3.04165 2 0
0 0 -65.8315 0 20.8332 a b -3.04159 2 0
0 0 -65.8395 0 20.7718 a b -3.04281 2 0
0 0 -65.8456 0 20.7163 a b -3.04576 2 0
0 0 -65.8486 0 20.6487 a b -3.05143 2 0
0 0 -65.846 0 20.5859 a b -3.05376 2 0
0 0 -65.8502 0 20.5269 a b -3.05419 2 0
0 0 -65.8589 0 20.4636 a b -3.0593 2 0
0 0 -65.8648 0 20.4006 a b -3.06998 2 0
0 0 -65.8712 0 20.347 a b -3.07688 2 0
0 0 -65.8799 0 20.2911 a b -3.08407 2 0
0 0 -65.8843 0 20.2311 a b -3.10095 2 0
0 0 -65.8835 0 20.1712 a b -3.11111 2 0
0 0 -65.8884 0 20.1108 a b -3.1149 2 0
0 0 -65.8896 0 20.0486 a b -3.12093 2 0
0 0 -65.886 0 19.9977 a b -3.1252 2 0
0 0 -65.8856 0 19.9416 a b -3.12509 2 0
0 0 -65.8856 0 19.8777 a b -3.12824 2 0
0 0 -65.8849 0 19.8204 a b -3.12791 2 0
0 0 -65.8822 0 19.7643 a b -3.13039 2 0
0 0 -65.8819 0 19.7064 a b -3.13081 2 0
0 0 -65.8834 0 19.6439 a b -3.1313 2 0
0 0 -65.8867 0 19.5826 a b -3.13143 2 0
0 0 -65.8868 0 19.5266 a b -3.12889 2 0
0 0 -65.8847 0 19.4684 a b -3.12935 2 0
0 0 -65.8829 0 19.4127 a b -3.13277 2 0
0 0 -65.8798 0 19.3572 a b -3.12991 2 0
0 0 -65.8761 0 19.3027 a b -3.12721 2 0
0 0 -65.8786 0 19.2401 a b -3.12605 2 0
0 0 -65.8823 0 19.1875 a b -3.12472 2 0
0 0 -65.8844 0 19.1241 a b -3.1224 2 0
0 0 -65.8866 0 19.0638 a b -3.12058 2 0
0 0 -65.8843 0 19.0047 a b -3.11745 2 0
0 0 -65.8866 0 18.9471 a b -3.11556 2 0
0 0 -65.89 0 18.8814 a b -3.11795 2 0
0 0 -65.8901 0 18.8236 a b -3.11624 2 0
0 0 -65.8882 0 18.7675 a b -3.1156 2 0
0 0 -65.8852 0 18.711 a b -3.11395 2 0
0 0 -65.8865 0 18.6496 a b -3.11732 2 0
0 0 -65.8891 0 18.5948 a b -3.11543 2 0
0 0 -65.8902 0 18.5407 a b -3.11311 2 0
0 0 -65.8901 0 18.4791 a b -3.1132 2 0
0 0 -65.8926 0 18.4155 a b -3.11556 2 0
0 0 -65.8987 0 18.3553 a b -3.11309 2 0
0 0 -65.896 0 18.2954 a b -3.11252 2 0
0 0 -65.8943 0 18.2324 a b -3.11404 2 0
0 0 -65.8995 0 18.1696 a b -3.11322 2 0
0 0 -65.9028 0 18.1125 a b -3.11206 2 0
0 0 -65.907 0 18.0527 a b -3.10925 2 0
0 0 -65.91 0 17.9823 a b -3.10862 2 0
0 0 -65.9072 0 17.9141 a b -3.10777 2 0
0 0 -65.9073 0 17.8496 a b -3.10513 2 0
0 0 -65.9139 0 17.7843 a b -3.10404 2 0
0 0 -65.9157 0 17.7287 a b -3.10233 2 0
0 0 -65.9205 0 17.6716 a b -3.09991 2 0
0 0 -65.9243 0 17.6105 a b -3.09818 2 0
0 0 -65.9231 0 17.5527 a b -3.09766 2 0
0 0 -65.9205 0 17.5012 a b -3.09844 2 0
0 0 -65.9194 0 17.449 a b -3.09939 2 0
0 0 -65.9192 0 17.3954 a b -3.09923 2 0
0 0 -65.9214 0 17.3308 a b -3.10195 2 0
0 0 -65.925 0 17.2682 a b -3.10746 2 0
0 0 -65.9243 0 17.2102 a b -3.10918 2 0
0 0 -65.9265 0 17.1512 a b -3.11141 2 0
0 0 -65.9293 0 17.0919 a b -3.11248 2 0
0 0 -65.9326 0 17.0285 a b -3.11474 2 0
0 0 -65.9291 0 16.9691 a b -3.12175 2 0
0 0 -65.9272 0 16.9143 a b -3.13244 2 0
0 0 -65.9298 0 16.8521 a b 3.1414 2 0
0 0 -65.9327 0 16.7865 a b 3.12809 2 0
0 0 -65.9305 0 16.729 a b 3.11101 2 0
0 0 -65.927 0 16.6762 a b 3.10181 2 0
0 0 -65.9217 0 16.6168 a b 3.10567 2 0
0 0 -65.9159 0 16.5517 a b 3.10747 2 0
0 0 -65.9154 0 16.4886 a b 3.10976 2 0
0 0 -65.9114 0 16.4266 a b 3.11308 2 0
0 0 -65.908 0 16.3704 a b 3.11942 2 0
0 0 -65.9055 0 16.2996 a b 3.12788 2 0
0 0 -65.9032 0 16.236 a b 3.13186 2 0
0 0 -65.905 0 16.1868 a b 3.13405 2 0
0 0 -65.9037 0 16.1345 a b -3.14051 2 0
0 0 -65.9004 0 16.0771 a b -3.13213 2 0
0 0 -65.8961 0 16.0268 a b -3.1253 2 0
0 0 -65.8991 0 15.9613 a b -3.1182 2 0
0 0 -65.8955 0 15.8999 a b -3.11335 2 0
0 0 -65.8936 0 15.8426 a b -3.10641 2 0
0 0 -65.8934 0 15.7778 a b -3.096 2 0
0 0 -65.8928 0 15.7141 a b -3.09055 2 0
0 0 -65.8943 0 15.6568 a b -3.0887 2 0
0 0 -65.8965 0 15.5988 a b -3.08899 2 0
0 0 -65.8979 0 15.5454 a b -3.08976 2 0
0 0 -65.9046 0 15.4957 a b -3.08572 2 0
0 0 -65.9033 0 15.432 a b -3.08195 2 0
0 0 -65.9018 0 15.3748 a b -3.08791 2 0
0 0 -65.9072 0 15.3175 a b -3.08739 2 0
0 0 -65.9126 0 15.2511 a b -3.08664 2 0
0 0 -65.9111 0 15.1861 a b -3.09092 2 0
0 0 -65.912 0 15.1279 a b -3.0956 2 0
0 0 -65.9128 0 15.0709 a b -3.09639 2 0
0 0 -65.9134 0 15.0116 a b -3.09805 2 0
0 0 -65.9188 0 14.9519 a b -3.0984 2 0
0 0 -65.922 0 14.8976 a b -3.1033 2 0
0 0 -65.9211 0 14.841 a b -3.1105 2 0
0 0 -65.9205 0 14.7813 a b -3.11787 2 0
0 0 -65.9243 0 14.7219 a b -3.12653 2 0
0 0 -65.9203 0 14.6655 a b -3.13261 2 0
0 0 -65.9182 0 14.6089 a b -3.13432 2 0
0 0 -65.9161 0 14.5494 a b -3.13447 2 0
0 0 -65.9101 0 14.4898 a b -3.13443 2 0
0 0 -65.9092 0 14.4277 a b -3.1337 2 0
0 0 -65.9099 0 14.3736 a b -3.13196 2 0
0 0 -65.9096 0 14.3097 a b -3.13266 2 0
0 0 -65.9038 0 14.2453 a b -3.13309 2 0
0 0 -65.9027 0 14.1967 a b -3.12955 2 0
0 0 -65.9064 0 14.1449 a b -3.12792 2 0
0 0 -65.9052 0 14.0887 a b -3.13029 2 0
0 0 -65.9026 0 14.0313 a b -3.12974 2 0
0 0 -65.9035 0 13.9791 a b -3.12507 2 0
0 0 -65.9016 0 13.919 a b -3.12429 2 0
0 0 -65.8997 0 13.8615 a b -3.12347 2 0
0 0 -65.8972 0 13.8056 a b -3.12342 2 0
0 0 -65.8991 0 13.7501 a b -3.12289 2 0
0 0 -65.8982 0 13.6893 a b -3.12241 2 0
0 0 -65.896 0 13.6334 a b -3.12294 2 0
0 0 -65.8957 0 13.5795 a b -3.12139 2 0
0 0 -65.8972 0 13.5169 a b -3.12129 2 0
0 0 -65.8965 0 13.4603 a b -3.12048 2 0
0 0 -65.8971 0 13.4031 a b -3.11924 2 0
0 0 -65.8979 0 13.3462 a b -3.11874 2 0
0 0 -65.8972 0 13.2854 a b -3.11824 2 0
0 0 -65.9007 0 13.2298 a b -3.11728 2 0
0 0 -65.8993 0 13.1723 a b -3.11623 2 0
0 0 -65.8984 0 13.1121 a b -3.11328 2 0
0 0 -65.9014 0 13.0563 a b -3.11259 2 0
0 0 -65.9009 0 12.9998 a b -3.11452 2 0
0 0 -65.8997 0 12.9422 a b -3.11452 2 0
0 0 -65.901 0 12.8835 a b -3.11136 2 0
0 0 -65.9021 0 12.8294 a b -3.10936 2 0
0 0 -65.9026 0 12.7714 a b -3.11065 2 0
0 0 -65.8992 0 12.7094 a b -3.10937 2 0
0 0 -65.8995 0 12.6503 a b -3.10771 2 0
0 0 -65.905 0 12.5931 a b -3.1056 2 0
0 0 -65.9081 0 12.5312 a b -3.10664 2 0
0 0 -65.903 0 12.4725 a b -3.10567 2 0
0 0 -65.903 0 12.4183 a b -3.10356 2 0
0 0 -65.9045 0 12.3601 a b -3.10312 2 0
0 0 -65.9046 0 12.3025 a b -3.10256 2 0
0 0 -65.9072 0 12.2429 a b -3.10466 2 0
0 0 -65.9067 0 12.1863 a b -3.10584 2 0
0 0 -65.9063 0 12.1259 a b -3.10537 2 0
0 0 -65.9053 0 12.0702 a b -3.10436 2 0
0 0 -65.9123 0 12.0099 a b -3.10447 2 0
0 0 -65.9139 0 11.9555 a b -3.10399 2 0
0 0 -65.9159 0 11.8996 a b -3.10337 2 0
0 0 -65.9169 0 11.8449 a b -3.10094 2 0
0 0 -65.9154 0 11.7897 a b -3.10069 2 0
0 0 -65.922 0 11.733 a b -3.10067 2 0
0 0 -65.9249 0 11.6677 a b -3.09823 2 0
0 0 -65.9206 0 11.6083 a b -3.09666 2 0
0 0 -65.9182 0 11.5423 a b -3.09673 2 0
0 0 -65.9203 0 11.4786 a b -3.09589 2 0
0 0 -65.9197 0 11.4201 a b -3.09689 2 0
0 0 -65.929 0 11.3653 a b -3.09791 2 0
0 0 -65.9313 0 11.3069 a b -3.09606 2 0
0 0 -65.9278 0 11.2566 a b -3.09591 2 0
0 0 -65.9284 0 11.2008 a b -3.09617 2 0
0 0 -65.9316 0 11.1448 a b -3.09749 2 0
0 0 -65.9258 0 11.0852 a b -3.09776 2 0
0 0 -65.9308 0 11.0265 a b -3.09725 2 0
0 0 -65.9317 0 10.9654 a b -3.09758 2 0
0 0 -65.937 0 10.9005 a b -3.09832 2 0
0 0 -65.9353 0 10.8348 a b -3.09884 2 0
0 0 -65.9367 0 10.7724 a b -3.09853 2 0
0 0 -65.9278 0 10.7081 a b -3.0979 2 0
0 0 -65.9325 0 10.65 a b -3.09998 2 0
0 0 -65.9358 0 10.5927 a b -3.10059 2 0
0 0 -65.9356 0 10.5378 a b -3.09963 2 0
0 0 -65.9364 0 10.4853 a b -3.09751 2 0
0 0 -65.9395 0 10.4299 a b -3.09986 2 0
0 0 -65.9399 0 10.3774 a b -3.10139 2 0
0 0 -65.9437 0 10.3246 a b -3.10203 2 0
0 0 -65.943 0 10.261 a b -3.09999 2 0
0 0 -65.9362 0 10.1884 a b -3.09882 2 0
0 0 -65.9346 0 10.1144 a b -3.1012 2 0
0 0 -65.9361 0 10.0518 a b -3.10116 2 0
0 0 -65.9354 0 9.98682 a b -3.09943 2 0
0 0 -65.9289 0 9.91719 a b -3.10188 2 0
0 0 -65.9305 0 9.85281 a b -3.10465 2 0
0 0 -65.9354 0 9.79642 a b -3.1046 2 0
0 0 -65.9359 0 9.73619 a b -3.10355 2 0
0 0 -65.9325 0 9.67841 a b -3.10642 2 0
0 0 -65.9414 0 9.63473 a b -3.10783 2 0
0 0 -65.9446 0 9.58442 a b -3.10575 2 0
0 0 -65.946 0 9.52957 a b -3.10458 2 0
0 0 -65.9426 0 9.47802 a b -3.10607 2 0
0 0 -65.9454 0 9.42537 a b -3.10577 2 0
0 0 -65.948 0 9.36121 a b -3.10666 2 0
0 0 -65.9478 0 9.2992 a b -3.10854 2 0
0 0 -65.9454 0 9.244 a b -3.1107 2 0
0 0 -65.941 0 9.17992 a b -3.10648 2 0
0 0 -65.9434 0 9.11609 a b -3.10581 2 0
0 0 -65.9377 0 9.04613 a b -3.10669 2 0
0 0 -65.939 0 8.98131 a b -3.10883 2 0
0 0 -65.9412 0 8.91538 a b -3.10934 2 0
0 0 -65.9441 0 8.85008 a b -3.11287 2 0
0 0 -65.9406 0 8.78534 a b -3.11263 2 0
0 0 -65.9388 0 8.72885 a b -3.11123 2 0
0 0 -65.9435 0 8.66941 a b -3.10934 2 0
0 0 -65.9472 0 8.60513 a b -3.10876 2 0
0 0 -65.9489 0 8.54222 a b -3.11378 2 0
0 0 -65.9441 0 8.47921 a b -3.12016 2 0
0 0 -65.9375 0 8.42744 a b -3.12072 2 0
0 0 -65.9374 0 8.37228 a b -3.11603 2 0
0 0 -65.9381 0 8.31597 a b -3.11629 2 0
0 0 -65.9388 0 8.26525 a b -3.11933 2 0
0 0 -65.9424 0 8.21208 a b -3.12138 2 0
0 0 -65.9455 0 8.15592 a b -3.12446 2 0
0 0 -65.9434 0 8.09561 a b -3.12792 2 0
0 0 -65.9362 0 8.0341 a b -3.12984 2 0
0 0 -65.9347 0 7.9735 a b -3.12812 2 0
0 0 -65.9359 0 7.91264 a b -3.12758 2 0
0 0 -65.9384 0 7.84778 a b -3.13133 2 0
0 0 -65.9366 0 7.77378 a b -3.136 2 0
0 0 -65.9321 0 7.70639 a b -3.13477 2 0
0 0 -65.9302 0 7.64677 a b -3.13366 2 0
0 0 -65.9299 0 7.58651 a b -3.13464 2 0
0 0 -65.9259 0 7.52042 a b -3.13474 2 0
0 0 -65.9237 0 7.45635 a b -3.13292 2 0
0 0 -65.9241 0 7.39006 a b -3.13052 2 0
0 0 -65.9284 0 7.32814 a b -3.13144 2 0
0 0 -65.9272 0 7.26721 a b -3.13509 2 0
0 0 -65.9191 0 7.20011 a b -3.13452 2 0
0 0 -65.9191 0 7.14007 a b -3.12988 2 0
0 0 -65.9205 0 7.08587 a b -3.12722 2 0
0 0 -65.9228 0 7.03212 a b -3.12872 2 0
0 0 -65.9202 0 6.97102 a b -3.13122 2 0
0 0 -65.9129 0 6.90762 a b -3.13084 2 0
0 0 -65.918 0 6.85091 a b -3.1294 2 0
0 0 -65.9164 0 6.80441 a b -3.12729 2 0
0 0 -65.9198 0 6.75811 a b -3.131 2 0
0 0 -65.9154 0 6.70249 a b -3.13534 2 0
0 0 -65.9135 0 6.65404 a b -3.13626 2 0
0 0 -65.913 0 6.60637 a b -3.13511 2 0
0 0 -65.9121 0 6.55703 a b -3.13403 2 0
0 0 -65.9127 0 6.51078 a b -3.13282 2 0
0 0 -65.9127 0 6.46418 a b -3.1317 2 0
0 0 -65.914 0 6.4104 a b -3.13592 2 0
0 0 -65.9097 0 6.35199 a b -3.13691 2 0
0 0 -65.9075 0 6.29212 a b -3.13511 2 0
0 0 -65.9098 0 6.22685 a b -3.13583 2 0
0 0 -65.9081 0 6.1624 a b -3.13855 2 0
0 0 -65.91 0 6.0948 a b 3.1403 2 0
0 0 -65.9031 0 6.02453 a b 3.13927 2 0
0 0 -65.9018 0 5.95416 a b 3.13941 2 0
0 0 -65.9 0 5.8827 a b 3.13746 2 0
0 0 -65.899 0 5.81159 a b 3.13463 2 0
0 0 -65.897 0 5.73321 a b 3.13335 2 0
0 0 -65.8925 0 5.652 a b 3.13441 2 0
0 0 -65.8882 0 5.58387 a b 3.13666 2 0
0 0 -65.8825 0 5.50563 a b 3.13757 2 0
0 0 -65.8801 0 5.43747 a b 3.13735 2 0
0 0 -65.8792 0 5.3714 a b 3.13655 2 0
0 0 -65.8759 0 5.30655 a b 3.13528 2 0
0 0 -65.8761 0 5.24994 a b 3.13069 2 0
0 0 -65.8733 0 5.19818 a b 3.12892 2 0
0 0 -65.8703 0 5.15106 a b 3.12756 2 0
0 0 -65.87 0 5.10439 a b 3.12753 2 0
0 0 -65.8639 0 5.05872 a b 3.12894 2 0
0 0 -65.8627 0 5.01509 a b 3.12447 2 0
0 0 -65.8637 0 4.97869 a b 3.119 2 0
0 0 -65.8677 0 4.9397 a b 3.11998 2 0
0 0 -65.8612 0 4.89848 a b 3.11802 2 0
0 0 -65.8564 0 4.85579 a b 3.1095 2 0
0 0 -65.8585 0 4.8077 a b 3.10314 2 0
0 0 -65.8544 0 4.7531 a b 3.09446 2 0
0 0 -65.8546 0 4.6923 a b 3.0811 2 0
0 0 -65.8536 0 4.63442 a b 3.07175 2 0
0 0 -65.8503 0 4.57024 a b 3.07176 2 0
0 0 -65.8445 0 4.49919 a b 3.07715 2 0
0 0 -65.8344 0 4.41903 a b 3.08152 2 0
0 0 -65.8266 0 4.33358 a b 3.08555 2 0
0 0 -65.8232 0 4.25054 a b 3.08933 2 0
0 0 -65.8157 0 4.16338 a b 3.09774 2 0
0 0 -65.8122 0 4.07274 a b 3.10768 2 0
0 0 -65.8069 0 3.98995 a b 3.1232 2 0
0 0 -65.7996 0 3.9147 a b -3.12957 2 0
0 0 -65.7974 0 3.84616 a b -3.09843 2 0
