0 0 -65.6692 0 26.5209 a b 1.36897 2 0
0 0 -65.6683 0 26.5291 a b 1.41618 2 0
0 0 -65.6613 0 26.5359 a b 1.47488 2 0
0 0 -65.6605 0 26.5318 a b 1.54297 2 0
0 0 -65.662 0 26.5367 a b 1.60922 2 0
0 0 -65.6754 0 26.5551 a b 1.63929 2 0
0 0 -65.6912 0 26.571 a b 1.63498 2 0
0 0 -65.7037 0 26.5556 a b 1.59423 2 0
0 0 -65.6997 0 26.5504 a b 1.56782 2 0
0 0 -65.6895 0 26.5496 a b 1.54478 2 0
0 0 -65.6787 0 26.5472 a b 1.52609 2 0
0 0 -65.6738 0 26.5473 a b 1.55105 2 0
0 0 -65.6777 0 26.5479 a b 1.57017 2 0
0 0 -65.6717 0 26.5537 a b 1.6006 2 0
0 0 -65.6729 0 26.5535 a b 1.62926 2 0
0 0 -65.677 0 26.5549 a b 1.6631 2 0
0 0 -65.6912 0 26.5522 a b 1.68406 2 0
0 0 -65.7003 0 26.5617 a b 1.68188 2 0
0 0 -65.6901 0 26.5583 a b 1.68396 2 0
0 0 -65.6797 0 26.5588 a b 1.68504 2 0
0 0 -65.6681 0 26.5595 a b 1.6753 2 0
0 0 -65.6439 0 26.5583 a b 1.67156 2 0
0 0 -65.6124 0 26.5616 a b 1.66625 2 0
0 0 -65.5645 0 26.5619 a b 1.65702 2 0
0 0 -65.5038 0 26.5648 a b 1.65664 2 0
0 0 -65.4212 0 26.5565 a b 1.65276 2 0
0 0 -65.3325 0 26.5569 a b 1.64408 2 0
0 0 -65.2432 0 26.5565 a b 1.63734 2 0
0 0 -65.1425 0 26.5473 a b 1.63738 2 0
0 0 -65.0442 0 26.5392 a b 1.63488 2 0
0 0 -64.9597 0 26.5396 a b 1.63054 2 0
0 0 -64.8748 0 26.5437 a b 1.62566 2 0
0 0 -64.7896 0 26.545 a b 1.61711 2 0
0 0 -64.7196 0 26.5484 a b 1.60999 2 0
0 0 -64.6549 0 26.5484 a b 1.61021 2 0
0 0 -64.5918 0 26.5511 a b 1.6064 2 0
0 0 -64.5346 0 26.5576 a b 1.60313 2 0
0 0 -64.491 0 26.5658 a b 1.61188 2 0
0 0 -64.4431 0 26.5657 a b 1.62497 2 0
0 0 -64.3997 0 26.5581 a b 1.63237 2 0
0 0 -64.3617 0 26.555 a b 1.64018 2 0
0 0 -64.3212 0 26.5552 a b 1.64729 2 0
0 0 -64.2823 0 26.552 a b 1.65192 2 0
0 0 -64.2447 0 26.548 a b 1.65252 2 0
0 0 -64.2089 0 26.547 a b 1.65353 2 0
0 0 -64.1645 0 26.5416 a b 1.65491 2 0
0 0 -64.116 0 26.5371 a b 1.65679 2 0
0 0 -64.0668 0 26.534 a b 1.66038 2 0
0 0 -64.0138 0 26.5292 a b 1.66471 2 0
0 0 -63.9546 0 26.5237 a b 1.66879 2 0
0 0 -63.8918 0 26.5194 a b 1.67584 2 0
0 0 -63.8191 0 26.5153 a b 1.68053 2 0
0 0 -63.7516 0 26.5105 a b 1.68455 2 0
0 0 -63.6776 0 26.5109 a b 1.69211 2 0
0 0 -63.6104 0 26.507 a b 1.69612 2 0
0 0 -63.5363 0 26.5067 a b 1.69943 2 0
0 0 -63.47 0 26.4991 a b 1.70219 2 0
0 0 -63.408 0 26.4951 a b 1.70614 2 0
0 0 -63.3385 0 26.4895 a b 1.70658 2 0
0 0 -63.2719 0 26.4823 a b 1.70882 2 0
0 0 -63.2118 0 26.4821 a b 1.71256 2 0
0 0 -63.1543 0 26.4742 a b 1.71346 2 0
0 0 -63.1022 0 26.4662 a b 1.71649 2 0
0 0 -63.0466 0 26.4638 a b 1.72013 2 0
0 0 -62.9826 0 26.4586 a b 1.7177 2 0
0 0 -62.9269 0 26.4502 a b 1.72249 2 0
0 0 -62.8665 0 26.4459 a b 1.72975 2 0
0 0 -62.8101 0 26.4473 a b 1.72889 2 0
0 0 -62.7483 0 26.4401 a b 1.73094 2 0
0 0 -62.6852 0 26.4339 a b 1.73477 2 0
0 0 -62.6246 0 26.4305 a b 1.73397 2 0
0 0 -62.5673 0 26.4213 a b 1.72971 2 0
0 0 -62.5067 0 26.4175 a b 1.72241 2 0
0 0 -62.4474 0 26.4118 a b 1.70897 2 0
0 0 -62.3838 0 26.411 a b 1.69131 2 0
0 0 -62.3113 0 26.4062 a b 1.6749 2 0
0 0 -62.2353 0 26.4017 a b 1.66441 2 0
0 0 -62.1581 0 26.4053 a b 1.65379 2 0
0 0 -62.0827 0 26.4063 a b 1.64079 2 0
0 0 -62.0053 0 26.404 a b 1.63712 2 0
0 0 -61.9346 0 26.3994 a b 1.63897 2 0
0 0 -61.8732 0 26.3981 a b 1.63047 2 0
0 0 -61.7991 0 26.3943 a b 1.61946 2 0
0 0 -61.723 0 26.389 a b 1.62019 2 0
0 0 -61.669 0 26.3898 a b 1.61813 2 0
0 0 -61.6141 0 26.3876 a b 1.61192 2 0
0 0 -61.562 0 26.388 a b 1.60844 2 0
0 0 -61.5116 0 26.3893 a b 1.60592 2 0
0 0 -61.4608 0 26.3846 a b 1.60496 2 0
0 0 -61.4105 0 26.3837 a b 1.60546 2 0
0 0 -61.3609 0 26.3878 a b 1.59988 2 0
0 0 -61.3058 0 26.3867 a b 1.59403 2 0
0 0 -61.247 0 26.3871 a b 1.59571 2 0
0 0 -61.1898 0 26.3857 a b 1.59588 2 0
0 0 -61.1284 0 26.3856 a b 1.59492 2 0
0 0 -61.0645 0 26.3875 a b 1.59972 2 0
0 0 -61.0014 0 26.3861 a b 1.61139 2 0
0 0 -60.9405 0 26.3803 a b 1.62455 2 0
0 0 -60.8796 0 26.3776 a b 1.63277 2 0
0 0 -60.8151 0 26.3742 a b 1.64351 2 0
0 0 -60.747 0 26.37 a b 1.65138 2 0
0 0 -60.6875 0 26.3669 a b 1.65204 2 0
0 0 -60.6243 0 26.364 a b 1.65696 2 0
0 0 -60.5648 0 26.3624 a b 1.66448 2 0
0 0 -60.5091 0 26.3609 a b 1.66594 2 0
0 0 -60.4555 0 26.352 a b 1.67158 2 0
0 0 -60.4013 0 26.3492 a b 1.67649 2 0
0 0 -60.3517 0 26.3464 a b 1.67664 2 0
0 0 -60.299 0 26.3442 a b 1.67805 2 0
0 0 -60.2421 0 26.3402 a b 1.67897 2 0
0 0 -60.1913 0 26.3356 a b 1.68008 2 0
0 0 -60.1305 0 26.3286 a b 1.68083 2 0
0 0 -60.0703 0 26.331 a b 1.68309 2 0
0 0 -60.0135 0 26.325 a b 1.68276 2 0
0 0 -59.9466 0 26.3166 a b 1.6836 2 0
0 0 -59.8843 0 26.3073 a b 1.6863 2 0
0 0 -59.8201 0 26.3023 a b 1.68818 2 0
0 0 -59.7623 0 26.2974 a b 1.6898 2 0
0 0 -59.6999 0 26.2921 a b 1.69147 2 0
0 0 -59.6399 0 26.2812 a b 1.69601 2 0
0 0 -59.5796 0 26.2741 a b 1.69813 2 0
0 0 -59.5141 0 26.2678 a b 1.69957 2 0
0 0 -59.4535 0 26.2635 a b 1.70186 2 0
0 0 -59.3918 0 26.2573 a b 1.70449 2 0
0 0 -59.3348 0 26.2532 a b 1.70522 2 0
0 0 -59.2784 0 26.2478 a b 1.70564 2 0
0 0 -59.2165 0 26.2394 a b 1.70651 2 0
0 0 -59.1521 0 26.2349 a b 1.70913 2 0
0 0 -59.0929 0 26.2259 a b 1.71008 2 0
0 0 -59.0303 0 26.2217 a b 1.71026 2 0
0 0 -58.9634 0 26.2188 a b 1.71125 2 0
0 0 -58.9014 0 26.215 a b 1.71225 2 0
0 0 -58.8454 0 26.2092 a b 1.71483 2 0
0 0 -58.7879 0 26.2014 a b 1.7143 2 0
0 0 -58.7288 0 26.1948 a b 1.71273 2 0
0 0 -58.667 0 26.1907 a b 1.7105 2 0
0 0 -58.609 0 26.1796 a b 1.7014 2 0
0 0 -58.5555 0 26.1748 a b 1.68735 2 0
0 0 -58.4987 0 26.1764 a b 1.67577 2 0
0 0 -58.4365 0 26.1761 a b 1.66534 2 0
0 0 -58.3725 0 26.1731 a b 1.66155 2 0
0 0 -58.3109 0 26.1664 a b 1.6581 2 0
0 0 -58.257 0 26.1624 a b 1.65402 2 0
0 0 -58.2004 0 26.163 a b 1.65094 2 0
0 0 -58.1401 0 26.165 a b 1.64608 2 0
0 0 -58.0771 0 26.1614 a b 1.64124 2 0
0 0 -58.0181 0 26.1615 a b 1.64005 2 0
0 0 -57.9568 0 26.1609 a b 1.63711 2 0
0 0 -57.8957 0 26.1582 a b 1.63277 2 0
0 0 -57.8383 0 26.1552 a b 1.63324 2 0
0 0 -57.7781 0 26.1534 a b 1.62953 2 0
0 0 -57.7245 0 26.1507 a b 1.6266 2 0
0 0 -57.6699 0 26.1495 a b 1.62608 2 0
0 0 -57.6154 0 26.151 a b 1.62447 2 0
0 0 -57.5627 0 26.1515 a b 1.62334 2 0
0 0 -57.5066 0 26.1499 a b 1.62139 2 0
0 0 -57.4493 0 26.1464 a b 1.62168 2 0
0 0 -57.3888 0 26.1411 a b 1.62114 2 0
0 0 -57.3343 0 26.1445 a b 1.61784 2 0
0 0 -57.2784 0 26.1447 a b 1.61745 2 0
0 0 -57.2229 0 26.1467 a b 1.61749 2 0
0 0 -57.1635 0 26.1463 a b 1.61441 2 0
0 0 -57.1027 0 26.1478 a b 1.61273 2 0
0 0 -57.0436 0 26.1495 a b 1.612 2 0
0 0 -56.9883 0 26.1495 a b 1.60846 2 0
0 0 -56.9313 0 26.148 a b 1.60783 2 0
0 0 -56.8767 0 26.1497 a b 1.60878 2 0
0 0 -56.8207 0 26.1501 a b 1.605 2 0
0 0 -56.7626 0 26.1502 a b 1.6052 2 0
0 0 -56.701 0 26.1491 a b 1.6029 2 0
0 0 -56.6429 0 26.1483 a b 1.60322 2 0
0 0 -56.584 0 26.1502 a b 1.60461 2 0
0 0 -56.5274 0 26.152 a b 1.60402 2 0
0 0 -56.4724 0 26.1509 a b 1.60282 2 0
0 0 -56.4174 0 26.1501 a b 1.60421 2 0
0 0 -56.3562 0 26.152 a b 1.60559 2 0
0 0 -56.2995 0 26.1547 a b 1.60457 2 0
0 0 -56.2443 0 26.1563 a b 1.60233 2 0
0 0 -56.1901 0 26.1538 a b 1.60205 2 0
0 0 -56.1358 0 26.1538 a b 1.60488 2 0
0 0 -56.0769 0 26.1518 a b 1.60328 2 0
0 0 -56.0125 0 26.1531 a b 1.60059 2 0
0 0 -55.9531 0 26.1517 a b 1.60082 2 0
0 0 -55.8917 0 26.1509 a b 1.60709 2 0
0 0 -55.8315 0 26.1475 a b 1.61876 2 0
0 0 -55.7696 0 26.1446 a b 1.62723 2 0
0 0 -55.7101 0 26.1456 a b 1.63355 2 0
0 0 -55.6525 0 26.1425 a b 1.64108 2 0
0 0 -55.5973 0 26.1382 a b 1.64906 2 0
0 0 -55.5457 0 26.1337 a b 1.65402 2 0
0 0 -55.4885 0 26.1318 a b 1.65665 2 0
0 0 -55.4348 0 26.1295 a b 1.66123 2 0
0 0 -55.3813 0 26.1257 a b 1.66686 2 0
0 0 -55.3265 0 26.1208 a b 1.66862 2 0
0 0 -55.2687 0 26.117 a b 1.67181 2 0
0 0 -55.2016 0 26.1144 a b 1.67538 2 0
0 0 -55.1393 0 26.1122 a b 1.68015 2 0
0 0 -55.0783 0 26.1058 a b 1.68419 2 0
0 0 -55.0193 0 26.1004 a b 1.6882 2 0
0 0 -54.9599 0 26.097 a b 1.69033 2 0
0 0 -54.8966 0 26.0949 a b 1.69144 2 0
0 0 -54.8401 0 26.0927 a b 1.69357 2 0
0 0 -54.7864 0 26.0906 a b 1.6969 2 0
0 0 -54.7397 0 26.0872 a b 1.69615 2 0
0 0 -54.6916 0 26.0825 a b 1.69812 2 0
0 0 -54.6464 0 26.0791 a b 1.70044 2 0
0 0 -54.6064 0 26.0762 a b 1.70119 2 0
0 0 -54.5654 0 26.0693 a b 1.70199 2 0
0 0 -54.526 0 26.0663 a b 1.70569 2 0
0 0 -54.489 0 26.06 a b 1.70232 2 0
0 0 -54.4517 0 26.0555 a b 1.70006 2 0
0 0 -54.4134 0 26.0486 a b 1.70644 2 0
0 0 -54.371 0 26.0425 a b 1.70557 2 0
0 0 -54.3253 0 26.039 a b 1.7002 2 0
0 0 -54.2747 0 26.0362 a b 1.69958 2 0
0 0 -54.2255 0 26.0333 a b 1.69901 2 0
0 0 -54.1743 0 26.0306 a b 1.69625 2 0
0 0 -54.1156 0 26.0305 a b 1.69251 2 0
0 0 -54.0552 0 26.024 a b 1.68976 2 0
0 0 -54.0021 0 26.0171 a b 1.6901 2 0
0 0 -53.9474 0 26.0112 a b 1.69062 2 0
0 0 -53.8972 0 26.0067 a b 1.6855 2 0
0 0 -53.8486 0 26.0027 a b 1.67718 2 0
0 0 -53.8039 0 25.9992 a b 1.66927 2 0
0 0 -53.7647 0 25.9956 a b 1.66551 2 0
0 0 -53.7225 0 25.991 a b 1.65779 2 0
0 0 -53.6779 0 25.991 a b 1.65094 2 0
0 0 -53.6302 0 25.9872 a b 1.64638 2 0
0 0 -53.5849 0 25.9853 a b 1.63903 2 0
0 0 -53.5407 0 25.9838 a b 1.63412 2 0
0 0 -53.4963 0 25.9833 a b 1.6307 2 0
0 0 -53.4486 0 25.9825 a b 1.62446 2 0
0 0 -53.4037 0 25.9849 a b 1.6171 2 0
0 0 -53.3534 0 25.9859 a b 1.6144 2 0
0 0 -53.3002 0 25.9841 a b 1.60857 2 0
0 0 -53.2537 0 25.984 a b 1.60406 2 0
0 0 -53.2067 0 25.9848 a b 1.60114 2 0
0 0 -53.1567 0 25.9853 a b 1.5965 2 0
0 0 -53.1075 0 25.9872 a b 1.59188 2 0
0 0 -53.0535 0 25.9892 a b 1.58613 2 0
0 0 -53.0016 0 25.9925 a b 1.58291 2 0
0 0 -52.9479 0 25.9924 a b 1.58139 2 0
0 0 -52.8942 0 25.9933 a b 1.57656 2 0
0 0 -52.843 0 26.0017 a b 1.57354 2 0
0 0 -52.7941 0 26.007 a b 1.58104 2 0
0 0 -52.7477 0 26.0044 a b 1.59497 2 0
0 0 -52.7034 0 25.9987 a b 1.60711 2 0
0 0 -52.6608 0 25.9919 a b 1.61629 2 0
0 0 -52.6139 0 25.9947 a b 1.62554 2 0
0 0 -52.566 0 25.9931 a b 1.63447 2 0
0 0 -52.5148 0 25.9904 a b 1.63963 2 0
0 0 -52.4633 0 25.9863 a b 1.64442 2 0
0 0 -52.4167 0 25.9846 a b 1.65055 2 0
0 0 -52.3657 0 25.9825 a b 1.65402 2 0
0 0 -52.3177 0 25.9797 a b 1.65832 2 0
0 0 -52.2666 0 25.9737 a b 1.66145 2 0
0 0 -52.2124 0 25.9694 a b 1.66286 2 0
0 0 -52.1597 0 25.9656 a b 1.66509 2 0
0 0 -52.1096 0 25.962 a b 1.66652 2 0
0 0 -52.0597 0 25.9586 a b 1.66543 2 0
0 0 -52.0148 0 25.9529 a b 1.66679 2 0
0 0 -51.9576 0 25.9469 a b 1.66741 2 0
0 0 -51.9053 0 25.9428 a b 1.66789 2 0
0 0 -51.8466 0 25.9386 a b 1.66793 2 0
0 0 -51.7938 0 25.9399 a b 1.66801 2 0
0 0 -51.7449 0 25.9387 a b 1.66934 2 0
0 0 -51.6958 0 25.9333 a b 1.66832 2 0
0 0 -51.651 0 25.9315 a b 1.66913 2 0
0 0 -51.608 0 25.929 a b 1.67095 2 0
0 0 -51.5592 0 25.9244 a b 1.66964 2 0
0 0 -51.5109 0 25.9226 a b 1.67062 2 0
0 0 -51.4596 0 25.9196 a b 1.67229 2 0
0 0 -51.4079 0 25.9158 a b 1.67144 2 0
0 0 -51.3591 0 25.9126 a b 1.67357 2 0
0 0 -51.3102 0 25.91 a b 1.67415 2 0
0 0 -51.2629 0 25.9053 a b 1.67382 2 0
0 0 -51.2183 0 25.9023 a b 1.67603 2 0
0 0 -51.1694 0 25.8967 a b 1.67628 2 0
0 0 -51.1188 0 25.892 a b 1.67662 2 0
0 0 -51.0667 0 25.8914 a b 1.67923 2 0
0 0 -51.0161 0 25.8882 a b 1.67359 2 0
0 0 -50.962 0 25.8869 a b 1.65846 2 0
0 0 -50.9067 0 25.8882 a b 1.64084 2 0
0 0 -50.8603 0 25.8923 a b 1.63215 2 0
0 0 -50.807 0 25.8965 a b 1.61868 2 0
0 0 -50.7541 0 25.8928 a b 1.6028 2 0
0 0 -50.7057 0 25.8931 a b 1.5917 2 0
0 0 -50.657 0 25.8948 a b 1.5831 2 0
0 0 -50.6079 0 25.894 a b 1.57422 2 0
0 0 -50.5692 0 25.8926 a b 1.57137 2 0
0 0 -50.5215 0 25.8947 a b 1.56542 2 0
0 0 -50.4688 0 25.896 a b 1.55878 2 0
0 0 -50.4201 0 25.9031 a b 1.55541 2 0
0 0 -50.3714 0 25.9056 a b 1.55067 2 0
0 0 -50.3181 0 25.9042 a b 1.54819 2 0
0 0 -50.2705 0 25.9101 a b 1.54607 2 0
0 0 -50.2159 0 25.9157 a b 1.54294 2 0
0 0 -50.1633 0 25.9172 a b 1.53901 2 0
0 0 -50.1103 0 25.9246 a b 1.53828 2 0
0 0 -50.0667 0 25.9291 a b 1.53479 2 0
0 0 -50.0169 0 25.9367 a b 1.52909 2 0
0 0 -49.9642 0 25.939 a b 1.52516 2 0
0 0 -49.9165 0 25.9408 a b 1.52301 2 0
0 0 -49.8725 0 25.9465 a b 1.51919 2 0
0 0 -49.8256 0 25.9515 a b 1.51534 2 0
0 0 -49.7822 0 25.953 a b 1.51102 2 0
0 0 -49.7368 0 25.9561 a b 1.50808 2 0
0 0 -49.6896 0 25.9598 a b 1.50402 2 0
0 0 -49.6407 0 25.9678 a b 1.50066 2 0
0 0 -49.5897 0 25.9709 a b 1.497 2 0
0 0 -49.5421 0 25.9708 a b 1.49707 2 0
0 0 -49.4903 0 25.9761 a b 1.49897 2 0
0 0 -49.4425 0 25.9841 a b 1.50023 2 0
0 0 -49.3938 0 25.9925 a b 1.49866 2 0
0 0 -49.3443 0 25.9936 a b 1.50091 2 0
0 0 -49.2924 0 25.9971 a b 1.50605 2 0
0 0 -49.2411 0 26.0037 a b 1.50957 2 0
0 0 -49.1914 0 26.0072 a b 1.51372 2 0
0 0 -49.1461 0 26.0108 a b 1.52295 2 0
0 0 -49.1016 0 26.0128 a b 1.53339 2 0
0 0 -49.0531 0 26.0169 a b 1.54225 2 0
0 0 -49.0082 0 26.0196 a b 1.55305 2 0
0 0 -48.9674 0 26.02 a b 1.56449 2 0
0 0 -48.9231 0 26.0197 a b 1.57557 2 0
0 0 -48.8754 0 26.0186 a b 1.58596 2 0
0 0 -48.828 0 26.0173 a b 1.59708 2 0
0 0 -48.7833 0 26.0177 a b 1.60687 2 0
0 0 -48.739 0 26.018 a b 1.61927 2 0
0 0 -48.6957 0 26.0189 a b 1.62936 2 0
0 0 -48.6438 0 26.0181 a b 1.63989 2 0
0 0 -48.5955 0 26.0152 a b 1.65209 2 0
0 0 -48.5437 0 26.0093 a b 1.66102 2 0
0 0 -48.4892 0 26.0023 a b 1.67119 2 0
0 0 -48.4417 0 25.9972 a b 1.68046 2 0
0 0 -48.3934 0 25.994 a b 1.68792 2 0
0 0 -48.3513 0 25.9913 a b 1.69531 2 0
0 0 -48.3095 0 25.987 a b 1.70067 2 0
0 0 -48.2663 0 25.9809 a b 1.70282 2 0
0 0 -48.2177 0 25.9752 a b 1.70631 2 0
0 0 -48.1735 0 25.968 a b 1.71145 2 0
0 0 -48.1263 0 25.969 a b 1.71325 2 0
0 0 -48.0704 0 25.9604 a b 1.71567 2 0
0 0 -48.0172 0 25.9547 a b 1.71893 2 0
0 0 -47.9619 0 25.9517 a b 1.72195 2 0
0 0 -47.9065 0 25.9443 a b 1.72397 2 0
0 0 -47.8559 0 25.9391 a b 1.72562 2 0
0 0 -47.8089 0 25.9319 a b 1.72657 2 0
0 0 -47.7584 0 25.9267 a b 1.72584 2 0
0 0 -47.7078 0 25.9188 a b 1.72305 2 0
0 0 -47.6673 0 25.9058 a b 1.71343 2 0
0 0 -47.6244 0 25.8986 a b 1.69741 2 0
0 0 -47.5773 0 25.9031 a b 1.68441 2 0
0 0 -47.5288 0 25.9015 a b 1.67728 2 0
0 0 -47.4855 0 25.8984 a b 1.66869 2 0
0 0 -47.4375 0 25.8948 a b 1.66283 2 0
0 0 -47.3889 0 25.8931 a b 1.65665 2 0
0 0 -47.3436 0 25.8903 a b 1.64925 2 0
0 0 -47.2968 0 25.8911 a b 1.64285 2 0
0 0 -47.2485 0 25.8894 a b 1.63827 2 0
0 0 -47.1982 0 25.8884 a b 1.63484 2 0
0 0 -47.1513 0 25.888 a b 1.63319 2 0
0 0 -47.1057 0 25.887 a b 1.62852 2 0
0 0 -47.0567 0 25.889 a b 1.62376 2 0
0 0 -47.0151 0 25.8903 a b 1.62354 2 0
0 0 -46.969 0 25.8915 a b 1.62212 2 0
0 0 -46.9193 0 25.8931 a b 1.62546 2 0
0 0 -46.8711 0 25.893 a b 1.63092 2 0
0 0 -46.8247 0 25.8881 a b 1.63486 2 0
0 0 -46.7783 0 25.8855 a b 1.64007 2 0
0 0 -46.7282 0 25.8812 a b 1.64775 2 0
0 0 -46.68 0 25.8741 a b 1.65185 2 0
0 0 -46.6309 0 25.8698 a b 1.65349 2 0
0 0 -46.5866 0 25.8662 a b 1.65379 2 0
0 0 -46.538 0 25.8682 a b 1.65482 2 0
0 0 -46.4879 0 25.864 a b 1.65998 2 0
0 0 -46.4363 0 25.8574 a b 1.66237 2 0
0 0 -46.3899 0 25.856 a b 1.66432 2 0
0 0 -46.3434 0 25.8544 a b 1.6654 2 0
0 0 -46.2957 0 25.8511 a b 1.66534 2 0
0 0 -46.2464 0 25.8506 a b 1.66797 2 0
0 0 -46.2013 0 25.8469 a b 1.66884 2 0
0 0 -46.1511 0 25.8441 a b 1.67099 2 0
0 0 -46.102 0 25.8392 a b 1.67128 2 0
0 0 -46.0538 0 25.8354 a b 1.67031 2 0
0 0 -46.0051 0 25.833 a b 1.67121 2 0
0 0 -45.9549 0 25.8289 a b 1.67089 2 0
0 0 -45.9102 0 25.8256 a b 1.67041 2 0
0 0 -45.8663 0 25.8262 a b 1.66905 2 0
0 0 -45.8139 0 25.8241 a b 1.66654 2 0
0 0 -45.7647 0 25.8227 a b 1.66467 2 0
0 0 -45.7155 0 25.8179 a b 1.66541 2 0
0 0 -45.6628 0 25.8151 a b 1.66637 2 0
0 0 -45.6147 0 25.8102 a b 1.66781 2 0
0 0 -45.5642 0 25.8094 a b 1.66887 2 0
0 0 -45.5163 0 25.8052 a b 1.66803 2 0
0 0 -45.4713 0 25.8024 a b 1.66803 2 0
0 0 -45.4262 0 25.8016 a b 1.6693 2 0
0 0 -45.3772 0 25.7979 a b 1.66963 2 0
0 0 -45.3294 0 25.7962 a b 1.67049 2 0
0 0 -45.283 0 25.7937 a b 1.6707 2 0
0 0 -45.235 0 25.791 a b 1.67226 2 0
0 0 -45.188 0 25.7919 a b 1.67242 2 0
0 0 -45.1383 0 25.7894 a b 1.67219 2 0
0 0 -45.0899 0 25.787 a b 1.67282 2 0
0 0 -45.0393 0 25.7832 a b 1.67244 2 0
0 0 -44.9905 0 25.78 a b 1.67089 2 0
0 0 -44.9385 0 25.7753 a b 1.67146 2 0
0 0 -44.8897 0 25.7747 a b 1.67356 2 0
0 0 -44.834 0 25.7697 a b 1.67434 2 0
0 0 -44.784 0 25.7658 a b 1.67489 2 0
0 0 -44.7292 0 25.7615 a b 1.67572 2 0
0 0 -44.6751 0 25.7582 a b 1.67418 2 0
0 0 -44.6255 0 25.7586 a b 1.675 2 0
0 0 -44.5766 0 25.7553 a b 1.67363 2 0
0 0 -44.53 0 25.7539 a b 1.67459 2 0
0 0 -44.4838 0 25.7515 a b 1.6724 2 0
0 0 -44.4402 0 25.7493 a b 1.67125 2 0
0 0 -44.3931 0 25.7472 a b 1.67057 2 0
0 0 -44.3459 0 25.7434 a b 1.66902 2 0
0 0 -44.2988 0 25.738 a b 1.66843 2 0
0 0 -44.2472 0 25.7324 a b 1.6692 2 0
0 0 -44.1959 0 25.7325 a b 1.66816 2 0
0 0 -44.1463 0 25.7268 a b 1.66664 2 0
0 0 -44.102 0 25.7224 a b 1.66969 2 0
0 0 -44.0571 0 25.7228 a b 1.66951 2 0
0 0 -44.0083 0 25.7209 a b 1.66952 2 0
0 0 -43.9606 0 25.7175 a b 1.66899 2 0
0 0 -43.9117 0 25.7161 a b 1.66906 2 0
0 0 -43.8653 0 25.712 a b 1.66921 2 0
0 0 -43.8155 0 25.7082 a b 1.66877 2 0
0 0 -43.765 0 25.7024 a b 1.67046 2 0
0 0 -43.7119 0 25.7009 a b 1.67176 2 0
0 0 -43.6584 0 25.6976 a b 1.6707 2 0
0 0 -43.6036 0 25.6936 a b 1.67119 2 0
0 0 -43.5533 0 25.69 a b 1.67222 2 0
0 0 -43.4997 0 25.6886 a b 1.67122 2 0
0 0 -43.4509 0 25.6883 a b 1.67028 2 0
0 0 -43.4057 0 25.6897 a b 1.66857 2 0
0 0 -43.3583 0 25.6872 a b 1.6654 2 0
0 0 -43.3123 0 25.6813 a b 1.66687 2 0
0 0 -43.2645 0 25.6802 a b 1.66667 2 0
0 0 -43.2194 0 25.6771 a b 1.66482 2 0
0 0 -43.1735 0 25.6729 a b 1.66416 2 0
0 0 -43.1295 0 25.6696 a b 1.66281 2 0
0 0 -43.08 0 25.6673 a b 1.6643 2 0
0 0 -43.0352 0 25.6646 a b 1.66322 2 0
0 0 -42.9837 0 25.6617 a b 1.66299 2 0
0 0 -42.9362 0 25.6608 a b 1.66306 2 0
0 0 -42.887 0 25.6608 a b 1.66287 2 0
0 0 -42.8358 0 25.6585 a b 1.66368 2 0
0 0 -42.7842 0 25.6541 a b 1.66298 2 0
0 0 -42.7381 0 25.6502 a b 1.66231 2 0
0 0 -42.6852 0 25.6457 a b 1.66298 2 0
0 0 -42.6346 0 25.6445 a b 1.66264 2 0
0 0 -42.5882 0 25.6392 a b 1.66294 2 0
0 0 -42.544 0 25.6327 a b 1.66418 2 0
0 0 -42.496 0 25.6285 a b 1.66668 2 0
0 0 -42.4486 0 25.6257 a b 1.66595 2 0
0 0 -42.3977 0 25.6212 a b 1.66655 2 0
0 0 -42.3444 0 25.6202 a b 1.66901 2 0
0 0 -42.2928 0 25.6168 a b 1.67107 2 0
0 0 -42.24 0 25.616 a b 1.66983 2 0
0 0 -42.1908 0 25.6108 a b 1.66955 2 0
0 0 -42.1473 0 25.6076 a b 1.66818 2 0
0 0 -42.1028 0 25.6049 a b 1.66721 2 0
0 0 -42.0574 0 25.5991 a b 1.666 2 0
0 0 -42.0131 0 25.5977 a b 1.66224 2 0
0 0 -41.9673 0 25.5964 a b 1.6589 2 0
0 0 -41.9194 0 25.595 a b 1.65606 2 0
0 0 -41.8704 0 25.5904 a b 1.65065 2 0
0 0 -41.8207 0 25.5882 a b 1.64462 2 0
0 0 -41.7694 0 25.5888 a b 1.64044 2 0
0 0 -41.7173 0 25.5859 a b 1.63967 2 0
0 0 -41.6648 0 25.5837 a b 1.63472 2 0
0 0 -41.6151 0 25.5845 a b 1.63067 2 0
0 0 -41.5681 0 25.5871 a b 1.62635 2 0
0 0 -41.5196 0 25.5885 a b 1.62391 2 0
0 0 -41.4743 0 25.5853 a b 1.61951 2 0
0 0 -41.4305 0 25.5883 a b 1.6163 2 0
0 0 -41.3879 0 25.587 a b 1.61515 2 0
0 0 -41.345 0 25.5853 a b 1.60984 2 0
0 0 -41.3049 0 25.5851 a b 1.60309 2 0
0 0 -41.2685 0 25.5874 a b 1.59955 2 0
0 0 -41.2242 0 25.5866 a b 1.59552 2 0
0 0 -41.1799 0 25.5857 a b 1.59006 2 0
0 0 -41.1389 0 25.5854 a b 1.58467 2 0
0 0 -41.0892 0 25.5856 a b 1.58492 2 0
0 0 -41.029 0 25.5857 a b 1.58325 2 0
0 0 -40.9672 0 25.589 a b 1.57998 2 0
0 0 -40.9108 0 25.5886 a b 1.57437 2 0
0 0 -40.8594 0 25.5953 a b 1.57059 2 0
0 0 -40.8114 0 25.6008 a b 1.56607 2 0
0 0 -40.7658 0 25.6046 a b 1.56439 2 0
0 0 -40.7185 0 25.6034 a b 1.56202 2 0
0 0 -40.6746 0 25.6015 a b 1.55581 2 0
0 0 -40.6265 0 25.6034 a b 1.54939 2 0
0 0 -40.5808 0 25.6084 a b 1.54446 2 0
0 0 -40.5338 0 25.6115 a b 1.54312 2 0
0 0 -40.4849 0 25.6128 a b 1.54354 2 0
0 0 -40.439 0 25.6155 a b 1.54176 2 0
0 0 -40.3917 0 25.6171 a b 1.53708 2 0
0 0 -40.342 0 25.6181 a b 1.54248 2 0
0 0 -40.29 0 25.6239 a b 1.55218 2 0
0 0 -40.2372 0 25.6222 a b 1.55874 2 0
0 0 -40.1866 0 25.6208 a b 1.56454 2 0
0 0 -40.1384 0 25.6218 a b 1.57309 2 0
0 0 -40.0913 0 25.623 a b 1.58449 2 0
0 0 -40.0397 0 25.6219 a b 1.59239 2 0
0 0 -39.9902 0 25.6212 a b 1.60052 2 0
0 0 -39.9449 0 25.6171 a b 1.60927 2 0
0 0 -39.8988 0 25.6103 a b 1.61399 2 0
0 0 -39.854 0 25.6109 a b 1.61907 2 0
0 0 -39.8056 0 25.6131 a b 1.6238 2 0
0 0 -39.7535 0 25.6145 a b 1.63039 2 0
0 0 -39.7059 0 25.6097 a b 1.63317 2 0
0 0 -39.6657 0 25.6102 a b 1.63718 2 0
0 0 -39.6363 0 25.614 a b 1.64012 2 0
0 0 -39.6068 0 25.616 a b 1.64176 2 0
0 0 -39.5711 0 25.618 a b 1.64425 2 0
0 0 -39.5351 0 25.6153 a b 1.64288 2 0
0 0 -39.4788 0 25.6088 a b 1.64331 2 0
0 0 -39.4202 0 25.6044 a b 1.64442 2 0
0 0 -39.3569 0 25.5982 a b 1.64406 2 0
0 0 -39.2903 0 25.5929 a b 1.64726 2 0
0 0 -39.2177 0 25.5912 a b 1.64992 2 0
0 0 -39.1531 0 25.5911 a b 1.64739 2 0
0 0 -39.0907 0 25.5879 a b 1.64763 2 0
0 0 -39.0299 0 25.5819 a b 1.65175 2 0
0 0 -38.9742 0 25.583 a b 1.65835 2 0
0 0 -38.9258 0 25.5845 a b 1.66041 2 0
0 0 -38.8871 0 25.5823 a b 1.66138 2 0
0 0 -38.8503 0 25.5832 a b 1.66268 2 0
0 0 -38.8079 0 25.5804 a b 1.66329 2 0
0 0 -38.758 0 25.5726 a b 1.66385 2 0
0 0 -38.7111 0 25.5636 a b 1.66644 2 0
0 0 -38.6692 0 25.5614 a b 1.66849 2 0
0 0 -38.6297 0 25.558 a b 1.66944 2 0
0 0 -38.5882 0 25.5563 a b 1.6724 2 0
0 0 -38.5488 0 25.5489 a b 1.67423 2 0
0 0 -38.5049 0 25.5448 a b 1.67921 2 0
0 0 -38.4612 0 25.5399 a b 1.68384 2 0
0 0 -38.4127 0 25.5399 a b 1.68329 2 0
0 0 -38.3576 0 25.5376 a b 1.68588 2 0
0 0 -38.3044 0 25.5366 a b 1.68778 2 0
0 0 -38.2524 0 25.5333 a b 1.68852 2 0
0 0 -38.2062 0 25.5247 a b 1.69043 2 0
0 0 -38.1595 0 25.5235 a b 1.69059 2 0
0 0 -38.1132 0 25.5222 a b 1.68589 2 0
0 0 -38.0668 0 25.5167 a b 1.6842 2 0
0 0 -38.0262 0 25.5122 a b 1.68071 2 0
0 0 -37.983 0 25.5074 a b 1.6785 2 0
0 0 -37.9327 0 25.5048 a b 1.67562 2 0
0 0 -37.88 0 25.5009 a b 1.67164 2 0
0 0 -37.822 0 25.4947 a b 1.668 2 0
0 0 -37.7659 0 25.4905 a b 1.66706 2 0
0 0 -37.7099 0 25.491 a b 1.66593 2 0
0 0 -37.6548 0 25.4924 a b 1.66217 2 0
0 0 -37.598 0 25.492 a b 1.65545 2 0
0 0 -37.5395 0 25.4853 a b 1.65038 2 0
0 0 -37.4841 0 25.4801 a b 1.64618 2 0
0 0 -37.4377 0 25.4769 a b 1.64279 2 0
0 0 -37.3993 0 25.4752 a b 1.6398 2 0
0 0 -37.3598 0 25.4739 a b 1.63182 2 0
0 0 -37.3157 0 25.4728 a b 1.62679 2 0
0 0 -37.2725 0 25.4737 a b 1.62571 2 0
0 0 -37.2246 0 25.4759 a b 1.6205 2 0
0 0 -37.1816 0 25.476 a b 1.61791 2 0
0 0 -37.135 0 25.4734 a b 1.61731 2 0
0 0 -37.0905 0 25.4718 a b 1.61355 2 0
0 0 -37.0337 0 25.4698 a b 1.6124 2 0
0 0 -36.9777 0 25.4662 a b 1.61242 2 0
0 0 -36.9308 0 25.4679 a b 1.61087 2 0
0 0 -36.8866 0 25.4673 a b 1.60566 2 0
0 0 -36.8413 0 25.4651 a b 1.60211 2 0
0 0 -36.7921 0 25.4643 a b 1.60038 2 0
0 0 -36.7478 0 25.4632 a b 1.59789 2 0
0 0 -36.7014 0 25.4668 a b 1.59443 2 0
0 0 -36.6541 0 25.4701 a b 1.59225 2 0
0 0 -36.6066 0 25.4712 a b 1.58745 2 0
0 0 -36.5607 0 25.4754 a b 1.58469 2 0
0 0 -36.514 0 25.477 a b 1.58508 2 0
0 0 -36.4734 0 25.4776 a b 1.58313 2 0
0 0 -36.4334 0 25.4861 a b 1.57622 2 0
0 0 -36.3957 0 25.4871 a b 1.56822 2 0
0 0 -36.3582 0 25.4827 a b 1.56353 2 0
0 0 -36.3165 0 25.4788 a b 1.55894 2 0
0 0 -36.2757 0 25.4711 a b 1.55469 2 0
0 0 -36.2289 0 25.4699 a b 1.55411 2 0
0 0 -36.1772 0 25.4756 a b 1.55834 2 0
0 0 -36.1182 0 25.4815 a b 1.55634 2 0
0 0 -36.0605 0 25.49 a b 1.55179 2 0
0 0 -36.0021 0 25.4971 a b 1.54849 2 0
0 0 -35.9458 0 25.5034 a b 1.54877 2 0
0 0 -35.8877 0 25.507 a b 1.54789 2 0
0 0 -35.842 0 25.5086 a b 1.54394 2 0
0 0 -35.8039 0 25.5111 a b 1.53875 2 0
0 0 -35.7628 0 25.5143 a b 1.534 2 0
0 0 -35.7209 0 25.5125 a b 1.5332 2 0
0 0 -35.6807 0 25.516 a b 1.5271 2 0
0 0 -35.6406 0 25.5202 a b 1.52444 2 0
0 0 -35.6003 0 25.5243 a b 1.51966 2 0
0 0 -35.558 0 25.527 a b 1.51821 2 0
0 0 -35.5109 0 25.5281 a b 1.51399 2 0
0 0 -35.4657 0 25.5296 a b 1.51204 2 0
0 0 -35.4177 0 25.5311 a b 1.51033 2 0
0 0 -35.374 0 25.5362 a b 1.51075 2 0
0 0 -35.3268 0 25.5474 a b 1.51576 2 0
0 0 -35.2824 0 25.5495 a b 1.52807 2 0
0 0 -35.2354 0 25.5478 a b 1.53767 2 0
0 0 -35.1958 0 25.5507 a b 1.54493 2 0
0 0 -35.1527 0 25.5557 a b 1.55819 2 0
0 0 -35.1123 0 25.5577 a b 1.57044 2 0
0 0 -35.0629 0 25.5533 a b 1.58011 2 0
0 0 -35.0128 0 25.5529 a b 1.59163 2 0
0 0 -34.9647 0 25.5482 a b 1.60205 2 0
0 0 -34.9176 0 25.5436 a b 1.61106 2 0
0 0 -34.8765 0 25.5483 a b 1.62119 2 0
0 0 -34.8309 0 25.5447 a b 1.63132 2 0
0 0 -34.7834 0 25.5344 a b 1.63248 2 0
0 0 -34.7334 0 25.5295 a b 1.63604 2 0
0 0 -34.6795 0 25.5298 a b 1.64349 2 0
0 0 -34.6285 0 25.5266 a b 1.64671 2 0
0 0 -34.5755 0 25.5254 a b 1.64886 2 0
0 0 -34.5249 0 25.5268 a b 1.65112 2 0
0 0 -34.4796 0 25.5254 a b 1.65178 2 0
0 0 -34.4331 0 25.5217 a b 1.65522 2 0
0 0 -34.3864 0 25.5275 a b 1.65689 2 0
0 0 -34.3313 0 25.5208 a b 1.65721 2 0
0 0 -34.2806 0 25.5132 a b 1.65611 2 0
0 0 -34.2369 0 25.5044 a b 1.65805 2 0
0 0 -34.1843 0 25.5022 a b 1.65862 2 0
0 0 -34.1371 0 25.5035 a b 1.65476 2 0
0 0 -34.0904 0 25.498 a b 1.651 2 0
0 0 -34.0409 0 25.4928 a b 1.65155 2 0
0 0 -33.9974 0 25.4938 a b 1.64805 2 0
0 0 -33.948 0 25.489 a b 1.64642 2 0
0 0 -33.9009 0 25.4858 a b 1.64658 2 0
0 0 -33.8533 0 25.4843 a b 1.64547 2 0
0 0 -33.8086 0 25.4812 a b 1.64355 2 0
0 0 -33.7597 0 25.4784 a b 1.64118 2 0
0 0 -33.709 0 25.478 a b 1.64016 2 0
0 0 -33.6601 0 25.4765 a b 1.63875 2 0
0 0 -33.6103 0 25.4786 a b 1.63606 2 0
0 0 -33.5596 0 25.4733 a b 1.63597 2 0
0 0 -33.5098 0 25.4704 a b 1.636 2 0
0 0 -33.4652 0 25.4689 a b 1.63485 2 0
0 0 -33.4191 0 25.468 a b 1.63367 2 0
0 0 -33.3755 0 25.4671 a b 1.63183 2 0
0 0 -33.3293 0 25.4619 a b 1.63056 2 0
0 0 -33.2854 0 25.4633 a b 1.62858 2 0
0 0 -33.2378 0 25.4597 a b 1.62701 2 0
0 0 -33.1932 0 25.4534 a b 1.62711 2 0
0 0 -33.1444 0 25.4564 a b 1.62864 2 0
0 0 -33.0984 0 25.4529 a b 1.62666 2 0
0 0 -33.0575 0 25.4523 a b 1.62634 2 0
0 0 -33.0149 0 25.4493 a b 1.62133 2 0
0 0 -32.9673 0 25.447 a b 1.62089 2 0
0 0 -32.9171 0 25.4518 a b 1.61907 2 0
0 0 -32.8679 0 25.4531 a b 1.61708 2 0
0 0 -32.8229 0 25.4531 a b 1.61625 2 0
0 0 -32.78 0 25.4489 a b 1.61544 2 0
0 0 -32.7283 0 25.4469 a b 1.61517 2 0
0 0 -32.6787 0 25.4477 a b 1.61366 2 0
0 0 -32.6252 0 25.4479 a b 1.61152 2 0
0 0 -32.5756 0 25.443 a b 1.60603 2 0
0 0 -32.5251 0 25.4429 a b 1.60646 2 0
0 0 -32.4751 0 25.4412 a b 1.60486 2 0
0 0 -32.4255 0 25.4397 a b 1.60338 2 0
0 0 -32.3773 0 25.4359 a b 1.60048 2 0
0 0 -32.327 0 25.4361 a b 1.5996 2 0
0 0 -32.2759 0 25.4395 a b 1.59933 2 0
0 0 -32.2199 0 25.4392 a b 1.59617 2 0
0 0 -32.1664 0 25.4407 a b 1.59451 2 0
0 0 -32.1135 0 25.4428 a b 1.5929 2 0
0 0 -32.0647 0 25.4409 a b 1.58961 2 0
0 0 -32.0123 0 25.4429 a b 1.58921 2 0
0 0 -31.9671 0 25.4406 a b 1.58865 2 0
0 0 -31.9159 0 25.4387 a b 1.5865 2 0
0 0 -31.8719 0 25.4407 a b 1.58482 2 0
0 0 -31.8211 0 25.4408 a b 1.58468 2 0
0 0 -31.7741 0 25.4421 a b 1.5824 2 0
0 0 -31.7265 0 25.4377 a b 1.58875 2 0
0 0 -31.6756 0 25.4392 a b 1.59497 2 0
0 0 -31.6287 0 25.4367 a b 1.60034 2 0
0 0 -31.5849 0 25.4349 a b 1.60469 2 0
0 0 -31.5428 0 25.4315 a b 1.61129 2 0
0 0 -31.5022 0 25.4307 a b 1.61475 2 0
0 0 -31.4563 0 25.4299 a b 1.61816 2 0
0 0 -31.4078 0 25.4294 a b 1.61935 2 0
0 0 -31.3607 0 25.4314 a b 1.62167 2 0
0 0 -31.3098 0 25.4353 a b 1.62686 2 0
0 0 -31.2584 0 25.436 a b 1.63053 2 0
0 0 -31.2101 0 25.4347 a b 1.6345 2 0
0 0 -31.162 0 25.4302 a b 1.63699 2 0
0 0 -31.1169 0 25.4293 a b 1.63752 2 0
0 0 -31.0685 0 25.4239 a b 1.63912 2 0
0 0 -31.0205 0 25.4226 a b 1.63773 2 0
0 0 -30.9677 0 25.4209 a b 1.63976 2 0
0 0 -30.9129 0 25.4238 a b 1.64094 2 0
0 0 -30.8632 0 25.4192 a b 1.64167 2 0
0 0 -30.8113 0 25.4069 a b 1.6372 2 0
0 0 -30.7634 0 25.4012 a b 1.63585 2 0
0 0 -30.7103 0 25.3957 a b 1.63766 2 0
0 0 -30.6676 0 25.3953 a b 1.63612 2 0
0 0 -30.6183 0 25.3921 a b 1.63806 2 0
0 0 -30.5658 0 25.3922 a b 1.63816 2 0
0 0 -30.5227 0 25.3948 a b 1.63764 2 0
0 0 -30.4775 0 25.3951 a b 1.63774 2 0
0 0 -30.427 0 25.3915 a b 1.63996 2 0
0 0 -30.3834 0 25.3911 a b 1.6409 2 0
0 0 -30.3342 0 25.3897 a b 1.63959 2 0
0 0 -30.2863 0 25.3865 a b 1.6378 2 0
0 0 -30.2359 0 25.3864 a b 1.63597 2 0
0 0 -30.1855 0 25.386 a b 1.63696 2 0
0 0 -30.1302 0 25.386 a b 1.63906 2 0
0 0 -30.0789 0 25.3838 a b 1.63562 2 0
0 0 -30.0294 0 25.3802 a b 1.63594 2 0
0 0 -29.9658 0 25.3806 a b 1.63712 2 0
0 0 -29.9107 0 25.375 a b 1.6376 2 0
0 0 -29.8659 0 25.374 a b 1.63928 2 0
0 0 -29.8161 0 25.3756 a b 1.63687 2 0
0 0 -29.7656 0 25.3771 a b 1.63702 2 0
0 0 -29.7289 0 25.3771 a b 1.62688 2 0
0 0 -29.7149 0 25.3858 a b 1.62582 2 0
0 0 -29.7152 0 25.388 a b 1.64328 2 0
0 0 -29.729 0 25.3879 a b 1.65644 2 0
0 0 -29.7597 0 25.3832 a b 1.66755 2 0
0 0 -29.7373 0 25.383 a b 1.68232 2 0
0 0 -29.7279 0 25.3899 a b 1.67906 2 0
0 0 -29.7373 0 25.3929 a b 1.6764 2 0
0 0 -29.7269 0 25.3898 a b 1.67915 2 0
0 0 -29.7281 0 25.3805 a b 1.65181 2 0
0 0 -29.7303 0 25.3816 a b 1.62559 2 0
0 0 -29.7349 0 25.379 a b 1.60075 2 0
0 0 -29.7352 0 25.3794 a b 1.5744 2 0
0 0 -29.7371 0 25.376 a b 1.54018 2 0
0 0 -29.728 0 25.3757 a b 1.50187 2 0
