0 0 19.2531 0 27.1445 a b 1.57025 3 0
0 0 19.2739 0 27.1434 a b 1.57192 3 0
0 0 19.2989 0 27.1466 a b 1.56847 3 0
0 0 19.3334 0 27.1433 a b 1.56923 3 0
0 0 19.3638 0 27.1399 a b 1.56952 3 0
0 0 19.4004 0 27.1395 a b 1.56783 3 0
0 0 19.4335 0 27.1411 a b 1.56804 3 0
0 0 19.4629 0 27.1444 a b 1.56802 3 0
0 0 19.4984 0 27.1429 a b 1.56735 3 0
0 0 19.5314 0 27.1441 a b 1.56793 3 0
0 0 19.561 0 27.1412 a b 1.56639 3 0
0 0 19.5887 0 27.141 a b 1.56614 3 0
0 0 19.6179 0 27.1416 a b 1.56559 3 0
0 0 19.6428 0 27.1435 a b 1.56367 3 0
0 0 19.6656 0 27.1397 a b 1.56214 3 0
0 0 19.6907 0 27.1401 a b 1.56157 3 0
0 0 19.7177 0 27.1424 a b 1.55978 3 0
0 0 19.7405 0 27.1403 a b 1.55859 3 0
0 0 19.7678 0 27.139 a b 1.55753 3 0
0 0 19.7941 0 27.1389 a b 1.55686 3 0
0 0 19.8248 0 27.1396 a b 1.55472 3 0
0 0 19.8583 0 27.1378 a b 1.55418 3 0
0 0 19.8921 0 27.1383 a b 1.5514 3 0
0 0 19.9276 0 27.1462 a b 1.54997 3 0
0 0 19.9604 0 27.1454 a b 1.54968 3 0
0 0 19.9929 0 27.1428 a b 1.54729 3 0
0 0 20.0272 0 27.1417 a b 1.5457 3 0
0 0 20.0603 0 27.1446 a b 1.54572 3 0
0 0 20.091 0 27.1444 a b 1.54331 3 0
0 0 20.1228 0 27.1433 a b 1.54101 3 0
0 0 20.1523 0 27.1439 a b 1.54111 3 0
0 0 20.177 0 27.1478 a b 1.53919 3 0
0 0 20.2016 0 27.1495 a b 1.53655 3 0
0 0 20.2301 0 27.1506 a b 1.53528 3 0
0 0 20.2573 0 27.1501 a b 1.5333 3 0
0 0 20.2858 0 27.1553 a b 1.53261 3 0
0 0 20.3116 0 27.1604 a b 1.53291 3 0
0 0 20.3403 0 27.1594 a b 1.53195 3 0
0 0 20.3689 0 27.1599 a b 1.53552 3 0
0 0 20.395 0 27.1605 a b 1.54659 3 0
0 0 20.4247 0 27.1549 a b 1.55566 3 0
0 0 20.4508 0 27.1574 a b 1.56238 3 0
0 0 20.4803 0 27.1591 a b 1.57321 3 0
0 0 20.5085 0 27.1551 a b 1.58585 3 0
0 0 20.5336 0 27.1517 a b 1.59472 3 0
0 0 20.5623 0 27.1483 a b 1.60413 3 0
0 0 20.5917 0 27.1452 a b 1.61163 3 0
0 0 20.6216 0 27.1388 a b 1.61497 3 0
0 0 20.6574 0 27.1377 a b 1.61302 3 0
0 0 20.6856 0 27.1397 a b 1.61156 3 0
0 0 20.717 0 27.1385 a b 1.60893 3 0
0 0 20.7478 0 27.1384 a b 1.60516 3 0
0 0 20.7784 0 27.136 a b 1.60306 3 0
0 0 20.8121 0 27.1368 a b 1.59979 3 0
0 0 20.8446 0 27.136 a b 1.59697 3 0
0 0 20.871 0 27.1345 a b 1.59349 3 0
0 0 20.9007 0 27.135 a b 1.59026 3 0
0 0 20.9283 0 27.1314 a b 1.58882 3 0
0 0 20.9527 0 27.1328 a b 1.58676 3 0
0 0 20.9799 0 27.1316 a b 1.58505 3 0
0 0 21.0052 0 27.1324 a b 1.58407 3 0
0 0 21.029 0 27.1343 a b 1.58016 3 0
0 0 21.0562 0 27.1309 a b 1.57954 3 0
0 0 21.0814 0 27.1329 a b 1.57736 3 0
0 0 21.1121 0 27.1344 a b 1.57536 3 0
0 0 21.1418 0 27.1354 a b 1.57422 3 0
0 0 21.1706 0 27.132 a b 1.57104 3 0
0 0 21.2009 0 27.1338 a b 1.5695 3 0
0 0 21.238 0 27.1347 a b 1.56627 3 0
0 0 21.2693 0 27.136 a b 1.56379 3 0
0 0 21.301 0 27.1339 a b 1.56235 3 0
0 0 21.3313 0 27.1361 a b 1.55904 3 0
0 0 21.3579 0 27.1339 a b 1.55716 3 0
0 0 21.3862 0 27.135 a b 1.55728 3 0
0 0 21.4144 0 27.1339 a b 1.55428 3 0
0 0 21.4439 0 27.1336 a b 1.55248 3 0
0 0 21.4689 0 27.1364 a b 1.55057 3 0
0 0 21.4958 0 27.1358 a b 1.54729 3 0
0 0 21.5221 0 27.1363 a b 1.5455 3 0
0 0 21.5507 0 27.1353 a b 1.54541 3 0
0 0 21.5788 0 27.1352 a b 1.54202 3 0
0 0 21.6103 0 27.1385 a b 1.54129 3 0
0 0 21.6431 0 27.1388 a b 1.54007 3 0
0 0 21.6738 0 27.1427 a b 1.537 3 0
0 0 21.7065 0 27.1423 a b 1.5355 3 0
0 0 21.7353 0 27.1401 a b 1.53516 3 0
0 0 21.7651 0 27.1433 a b 1.53244 3 0
0 0 21.7954 0 27.1437 a b 1.52867 3 0
0 0 21.8266 0 27.1408 a b 1.52797 3 0
0 0 21.8526 0 27.141 a b 1.52943 3 0
0 0 21.8799 0 27.1441 a b 1.52593 3 0
0 0 21.9057 0 27.1432 a b 1.5223 3 0
0 0 21.9354 0 27.1448 a b 1.52283 3 0
0 0 21.9595 0 27.1467 a b 1.52181 3 0
0 0 21.9857 0 27.1456 a b 1.51869 3 0
0 0 22.0178 0 27.1474 a b 1.5185 3 0
0 0 22.0444 0 27.1515 a b 1.51498 3 0
0 0 22.073 0 27.1549 a b 1.51488 3 0
0 0 22.0986 0 27.1526 a b 1.51112 3 0
0 0 22.1296 0 27.1556 a b 1.50976 3 0
0 0 22.1619 0 27.1615 a b 1.50922 3 0
0 0 22.1902 0 27.1605 a b 1.50677 3 0
0 0 22.2226 0 27.1646 a b 1.5055 3 0
0 0 22.2546 0 27.1658 a b 1.50343 3 0
0 0 22.2841 0 27.1664 a b 1.50102 3 0
0 0 22.3129 0 27.1657 a b 1.49989 3 0
0 0 22.3466 0 27.1676 a b 1.49929 3 0
0 0 22.3758 0 27.1689 a b 1.49804 3 0
0 0 22.4007 0 27.1725 a b 1.49765 3 0
0 0 22.4299 0 27.1744 a b 1.49838 3 0
0 0 22.4581 0 27.1726 a b 1.49841 3 0
0 0 22.4884 0 27.1715 a b 1.49943 3 0
0 0 22.5175 0 27.1716 a b 1.50286 3 0
0 0 22.5426 0 27.1767 a b 1.50622 3 0
0 0 22.5687 0 27.1785 a b 1.50734 3 0
0 0 22.5965 0 27.1763 a b 1.50812 3 0
0 0 22.6242 0 27.1794 a b 1.51196 3 0
0 0 22.6543 0 27.1816 a b 1.5157 3 0
0 0 22.6837 0 27.1832 a b 1.51839 3 0
0 0 22.7091 0 27.1875 a b 1.52074 3 0
0 0 22.7347 0 27.1873 a b 1.5236 3 0
0 0 22.7676 0 27.1891 a b 1.52696 3 0
0 0 22.7959 0 27.1891 a b 1.5297 3 0
0 0 22.8249 0 27.1904 a b 1.53174 3 0
0 0 22.8548 0 27.1917 a b 1.53403 3 0
0 0 22.881 0 27.1902 a b 1.53604 3 0
0 0 22.9074 0 27.1913 a b 1.53729 3 0
0 0 22.9366 0 27.1927 a b 1.5367 3 0
0 0 22.9663 0 27.1948 a b 1.53829 3 0
0 0 22.9921 0 27.1969 a b 1.5385 3 0
0 0 23.0219 0 27.1989 a b 1.53674 3 0
0 0 23.056 0 27.2007 a b 1.53507 3 0
0 0 23.0872 0 27.1994 a b 1.53474 3 0
0 0 23.1152 0 27.2005 a b 1.53399 3 0
0 0 23.1449 0 27.1992 a b 1.53389 3 0
0 0 23.1768 0 27.2015 a b 1.53315 3 0
0 0 23.21 0 27.2042 a b 1.53341 3 0
0 0 23.2384 0 27.2015 a b 1.53182 3 0
0 0 23.2681 0 27.2025 a b 1.53043 3 0
0 0 23.2966 0 27.2047 a b 1.52957 3 0
0 0 23.3289 0 27.2074 a b 1.52837 3 0
0 0 23.3571 0 27.2104 a b 1.5271 3 0
0 0 23.387 0 27.2152 a b 1.5294 3 0
0 0 23.4095 0 27.2187 a b 1.53675 3 0
0 0 23.4359 0 27.2151 a b 1.54544 3 0
0 0 23.4632 0 27.2137 a b 1.55077 3 0
0 0 23.4886 0 27.2117 a b 1.55955 3 0
0 0 23.5157 0 27.2105 a b 1.5677 3 0
0 0 23.5385 0 27.2126 a b 1.57546 3 0
0 0 23.5627 0 27.2106 a b 1.58184 3 0
0 0 23.5907 0 27.2044 a b 1.589 3 0
0 0 23.6195 0 27.202 a b 1.59097 3 0
0 0 23.6522 0 27.2017 a b 1.59035 3 0
0 0 23.6829 0 27.2031 a b 1.59011 3 0
0 0 23.7179 0 27.2013 a b 1.59273 3 0
0 0 23.7494 0 27.2018 a b 1.59199 3 0
0 0 23.7778 0 27.2006 a b 1.59281 3 0
0 0 23.8145 0 27.2017 a b 1.59308 3 0
0 0 23.8452 0 27.2014 a b 1.59186 3 0
0 0 23.8739 0 27.2018 a b 1.59279 3 0
0 0 23.9008 0 27.1975 a b 1.59225 3 0
0 0 23.9269 0 27.1958 a b 1.58999 3 0
0 0 23.9554 0 27.1952 a b 1.59067 3 0
0 0 23.9868 0 27.1937 a b 1.58896 3 0
0 0 24.0172 0 27.1922 a b 1.58771 3 0
0 0 24.0463 0 27.1929 a b 1.5891 3 0
0 0 24.0742 0 27.1908 a b 1.58829 3 0
0 0 24.1035 0 27.1891 a b 1.58376 3 0
0 0 24.1318 0 27.1885 a b 1.58369 3 0
0 0 24.1612 0 27.1914 a b 1.58476 3 0
0 0 24.1887 0 27.1883 a b 1.58284 3 0
0 0 24.2163 0 27.1852 a b 1.5813 3 0
0 0 24.2461 0 27.1837 a b 1.5802 3 0
0 0 24.2753 0 27.1854 a b 1.57835 3 0
0 0 24.3079 0 27.185 a b 1.57865 3 0
0 0 24.3394 0 27.1871 a b 1.57758 3 0
0 0 24.3699 0 27.1888 a b 1.57511 3 0
0 0 24.3988 0 27.1821 a b 1.57333 3 0
0 0 24.4272 0 27.1817 a b 1.57127 3 0
0 0 24.4567 0 27.1827 a b 1.56992 3 0
0 0 24.4834 0 27.1802 a b 1.56881 3 0
0 0 24.5133 0 27.1809 a b 1.56743 3 0
0 0 24.5438 0 27.1813 a b 1.56612 3 0
0 0 24.5747 0 27.1833 a b 1.56556 3 0
0 0 24.6028 0 27.1835 a b 1.56222 3 0
0 0 24.6303 0 27.185 a b 1.56176 3 0
0 0 24.6625 0 27.1841 a b 1.56133 3 0
0 0 24.6927 0 27.1839 a b 1.55907 3 0
0 0 24.7195 0 27.1804 a b 1.55646 3 0
0 0 24.7503 0 27.181 a b 1.55774 3 0
0 0 24.7832 0 27.1869 a b 1.55606 3 0
0 0 24.8159 0 27.1858 a b 1.55498 3 0
0 0 24.8479 0 27.1885 a b 1.55392 3 0
0 0 24.8788 0 27.1908 a b 1.55275 3 0
0 0 24.91 0 27.1885 a b 1.55038 3 0
0 0 24.9411 0 27.1897 a b 1.54932 3 0
0 0 24.9687 0 27.1891 a b 1.54793 3 0
0 0 24.9959 0 27.187 a b 1.54783 3 0
0 0 25.0233 0 27.1889 a b 1.54579 3 0
0 0 25.0483 0 27.1874 a b 1.54425 3 0
0 0 25.0726 0 27.1833 a b 1.54297 3 0
0 0 25.099 0 27.1871 a b 1.54322 3 0
0 0 25.1235 0 27.1852 a b 1.54015 3 0
0 0 25.146 0 27.1835 a b 1.53933 3 0
0 0 25.1729 0 27.1855 a b 1.53773 3 0
0 0 25.2026 0 27.1881 a b 1.535 3 0
0 0 25.2312 0 27.1917 a b 1.53367 3 0
0 0 25.2535 0 27.1926 a b 1.53594 3 0
0 0 25.2793 0 27.1955 a b 1.53547 3 0
0 0 25.3076 0 27.1997 a b 1.53463 3 0
0 0 25.3358 0 27.2021 a b 1.53695 3 0
0 0 25.3659 0 27.2052 a b 1.53944 3 0
0 0 25.3917 0 27.204 a b 1.54038 3 0
0 0 25.4206 0 27.2031 a b 1.54487 3 0
0 0 25.4538 0 27.2039 a b 1.54815 3 0
0 0 25.4804 0 27.2057 a b 1.55266 3 0
0 0 25.5101 0 27.2077 a b 1.55638 3 0
0 0 25.5428 0 27.2094 a b 1.56192 3 0
0 0 25.5778 0 27.204 a b 1.56393 3 0
0 0 25.6119 0 27.1989 a b 1.56549 3 0
0 0 25.6409 0 27.1929 a b 1.57147 3 0
0 0 25.6694 0 27.1917 a b 1.57059 3 0
0 0 25.7005 0 27.1935 a b 1.56987 3 0
0 0 25.7324 0 27.1932 a b 1.57047 3 0
0 0 25.7629 0 27.1939 a b 1.57207 3 0
0 0 25.7895 0 27.198 a b 1.57168 3 0
0 0 25.816 0 27.1966 a b 1.57075 3 0
0 0 25.8437 0 27.1915 a b 1.56905 3 0
0 0 25.871 0 27.1945 a b 1.57047 3 0
0 0 25.8969 0 27.198 a b 1.56967 3 0
0 0 25.9252 0 27.1988 a b 1.56767 3 0
0 0 25.9491 0 27.2011 a b 1.56709 3 0
0 0 25.9809 0 27.2002 a b 1.567 3 0
0 0 26.0078 0 27.1994 a b 1.56608 3 0
0 0 26.0397 0 27.1971 a b 1.56551 3 0
0 0 26.0716 0 27.1937 a b 1.5648 3 0
0 0 26.1034 0 27.1942 a b 1.56236 3 0
0 0 26.1378 0 27.1984 a b 1.56079 3 0
0 0 26.1638 0 27.1992 a b 1.561 3 0
0 0 26.188 0 27.2006 a b 1.56077 3 0
0 0 26.2165 0 27.1981 a b 1.55944 3 0
0 0 26.2461 0 27.1976 a b 1.5606 3 0
0 0 26.2738 0 27.1999 a b 1.55792 3 0
0 0 26.2992 0 27.1961 a b 1.55849 3 0
0 0 26.329 0 27.1945 a b 1.55763 3 0
0 0 26.3596 0 27.1939 a b 1.5575 3 0
0 0 26.3902 0 27.1943 a b 1.55705 3 0
0 0 26.4194 0 27.1927 a b 1.55594 3 0
0 0 26.449 0 27.1925 a b 1.55568 3 0
0 0 26.4794 0 27.1889 a b 1.55363 3 0
0 0 26.5058 0 27.1913 a b 1.55275 3 0
0 0 26.5299 0 27.1942 a b 1.55473 3 0
