0 0 40.5293 0 27.3952 a b -1.60386 3 0
0 0 40.5014 0 27.3935 a b -1.60439 3 0
0 0 40.4661 0 27.3921 a b -1.60365 3 0
0 0 40.4333 0 27.3892 a b -1.60138 3 0
0 0 40.403 0 27.3912 a b -1.60064 3 0
0 0 40.365 0 27.3896 a b -1.60033 3 0
0 0 40.3363 0 27.3878 a b -1.6001 3 0
0 0 40.309 0 27.3869 a b -1.59748 3 0
0 0 40.2789 0 27.3852 a b -1.5983 3 0
0 0 40.2498 0 27.3821 a b -1.59864 3 0
0 0 40.2211 0 27.3813 a b -1.59714 3 0
0 0 40.199 0 27.381 a b -1.59548 3 0
0 0 40.1702 0 27.3821 a b -1.59565 3 0
0 0 40.1428 0 27.3787 a b -1.59542 3 0
0 0 40.1165 0 27.3791 a b -1.59291 3 0
0 0 40.0879 0 27.3789 a b -1.59211 3 0
0 0 40.0587 0 27.3789 a b -1.59227 3 0
0 0 40.0302 0 27.3778 a b -1.59024 3 0
0 0 39.9987 0 27.3771 a b -1.59039 3 0
0 0 39.9642 0 27.3785 a b -1.58773 3 0
0 0 39.9341 0 27.3776 a b -1.58687 3 0
0 0 39.9048 0 27.3751 a b -1.58648 3 0
0 0 39.8711 0 27.3744 a b -1.58522 3 0
0 0 39.8367 0 27.3716 a b -1.58256 3 0
0 0 39.8057 0 27.3731 a b -1.58149 3 0
0 0 39.7772 0 27.3726 a b -1.58279 3 0
0 0 39.753 0 27.371 a b -1.58128 3 0
0 0 39.7304 0 27.374 a b -1.57991 3 0
0 0 39.7015 0 27.3752 a b -1.57902 3 0
0 0 39.67 0 27.3725 a b -1.57971 3 0
0 0 39.6414 0 27.3717 a b -1.57748 3 0
0 0 39.6172 0 27.3713 a b -1.5766 3 0
0 0 39.5898 0 27.3721 a b -1.57727 3 0
0 0 39.5582 0 27.371 a b -1.57673 3 0
0 0 39.5277 0 27.3713 a b -1.57368 3 0
0 0 39.497 0 27.3691 a b -1.57399 3 0
0 0 39.4708 0 27.3696 a b -1.57554 3 0
0 0 39.4384 0 27.3686 a b -1.5748 3 0
0 0 39.413 0 27.3705 a b -1.57262 3 0
0 0 39.3867 0 27.3702 a b -1.57249 3 0
0 0 39.3564 0 27.3688 a b -1.57336 3 0
0 0 39.3302 0 27.3682 a b -1.57211 3 0
0 0 39.3043 0 27.3684 a b -1.57103 3 0
0 0 39.2755 0 27.3692 a b -1.57133 3 0
0 0 39.2483 0 27.3685 a b -1.57218 3 0
0 0 39.2182 0 27.37 a b -1.57237 3 0
0 0 39.187 0 27.3703 a b -1.57027 3 0
0 0 39.1591 0 27.3715 a b -1.5696 3 0
0 0 39.1338 0 27.3697 a b -1.56999 3 0
0 0 39.1011 0 27.3702 a b -1.56947 3 0
0 0 39.0676 0 27.3707 a b -1.56884 3 0
0 0 39.0401 0 27.3712 a b -1.56845 3 0
0 0 39.0109 0 27.3694 a b -1.57016 3 0
0 0 38.9813 0 27.3719 a b -1.57215 3 0
0 0 38.9526 0 27.3726 a b -1.57428 3 0
0 0 38.9248 0 27.3702 a b -1.57682 3 0
0 0 38.8978 0 27.3665 a b -1.58043 3 0
0 0 38.869 0 27.3664 a b -1.58477 3 0
0 0 38.8413 0 27.3678 a b -1.58811 3 0
0 0 38.8092 0 27.368 a b -1.59198 3 0
0 0 38.7766 0 27.3658 a b -1.59586 3 0
0 0 38.7492 0 27.365 a b -1.59947 3 0
0 0 38.719 0 27.3669 a b -1.60371 3 0
0 0 38.6908 0 27.3651 a b -1.60848 3 0
0 0 38.6686 0 27.3664 a b -1.61187 3 0
0 0 38.6413 0 27.3673 a b -1.61505 3 0
0 0 38.6134 0 27.3681 a b -1.61799 3 0
0 0 38.5838 0 27.3707 a b -1.62072 3 0
0 0 38.5568 0 27.3683 a b -1.62401 3 0
0 0 38.527 0 27.3659 a b -1.62554 3 0
0 0 38.4983 0 27.3626 a b -1.63099 3 0
0 0 38.4703 0 27.3644 a b -1.63478 3 0
0 0 38.4431 0 27.3659 a b -1.63548 3 0
0 0 38.4136 0 27.3624 a b -1.63687 3 0
0 0 38.3873 0 27.3603 a b -1.63719 3 0
0 0 38.3571 0 27.3611 a b -1.64057 3 0
0 0 38.328 0 27.3575 a b -1.64137 3 0
0 0 38.3002 0 27.353 a b -1.64117 3 0
0 0 38.2711 0 27.35 a b -1.64126 3 0
0 0 38.2436 0 27.3513 a b -1.63979 3 0
0 0 38.2188 0 27.3477 a b -1.63917 3 0
0 0 38.1936 0 27.3448 a b -1.63843 3 0
0 0 38.1666 0 27.3437 a b -1.63634 3 0
0 0 38.1376 0 27.3411 a b -1.6347 3 0
0 0 38.1114 0 27.3406 a b -1.63469 3 0
0 0 38.0844 0 27.3392 a b -1.63241 3 0
0 0 38.061 0 27.3322 a b -1.63123 3 0
0 0 38.0327 0 27.3293 a b -1.63045 3 0
0 0 38.0061 0 27.3277 a b -1.6303 3 0
0 0 37.9731 0 27.3276 a b -1.62859 3 0
0 0 37.9447 0 27.3246 a b -1.62765 3 0
0 0 37.9143 0 27.3236 a b -1.62598 3 0
0 0 37.8811 0 27.3238 a b -1.6235 3 0
0 0 37.85 0 27.323 a b -1.62192 3 0
0 0 37.8181 0 27.3208 a b -1.62081 3 0
0 0 37.7882 0 27.3184 a b -1.61787 3 0
0 0 37.7562 0 27.3149 a b -1.6166 3 0
0 0 37.7278 0 27.3149 a b -1.6154 3 0
0 0 37.7021 0 27.3153 a b -1.6142 3 0
0 0 37.6736 0 27.3144 a b -1.61252 3 0
0 0 37.6478 0 27.3143 a b -1.61054 3 0
0 0 37.6218 0 27.3149 a b -1.60858 3 0
0 0 37.5937 0 27.312 a b -1.60742 3 0
0 0 37.5646 0 27.31 a b -1.60431 3 0
0 0 37.5366 0 27.3093 a b -1.60343 3 0
0 0 37.5114 0 27.3101 a b -1.60172 3 0
0 0 37.483 0 27.3079 a b -1.59972 3 0
0 0 37.4577 0 27.309 a b -1.59901 3 0
0 0 37.4282 0 27.3062 a b -1.59918 3 0
0 0 37.3968 0 27.3061 a b -1.59572 3 0
0 0 37.3653 0 27.304 a b -1.59614 3 0
0 0 37.3347 0 27.3054 a b -1.5939 3 0
0 0 37.3007 0 27.3063 a b -1.5925 3 0
0 0 37.2659 0 27.3019 a b -1.59052 3 0
0 0 37.2354 0 27.3022 a b -1.5894 3 0
0 0 37.2026 0 27.3016 a b -1.58765 3 0
0 0 37.1774 0 27.3029 a b -1.58641 3 0
0 0 37.1448 0 27.3028 a b -1.58541 3 0
0 0 37.117 0 27.3003 a b -1.58389 3 0
0 0 37.0914 0 27.3031 a b -1.58179 3 0
0 0 37.0673 0 27.3039 a b -1.57986 3 0
0 0 37.042 0 27.3036 a b -1.57921 3 0
0 0 37.0142 0 27.3009 a b -1.5768 3 0
0 0 36.9869 0 27.3019 a b -1.57453 3 0
0 0 36.9611 0 27.3 a b -1.57523 3 0
0 0 36.9336 0 27.302 a b -1.57311 3 0
0 0 36.9051 0 27.3024 a b -1.57132 3 0
0 0 36.8778 0 27.3051 a b -1.56942 3 0
0 0 36.8448 0 27.306 a b -1.56704 3 0
0 0 36.8139 0 27.3066 a b -1.56592 3 0
0 0 36.7845 0 27.3059 a b -1.56469 3 0
0 0 36.7546 0 27.3086 a b -1.56294 3 0
0 0 36.7186 0 27.3068 a b -1.56204 3 0
0 0 36.6834 0 27.3019 a b -1.56106 3 0
0 0 36.6508 0 27.3033 a b -1.5593 3 0
0 0 36.6206 0 27.3025 a b -1.55787 3 0
0 0 36.589 0 27.3098 a b -1.55864 3 0
0 0 36.5606 0 27.3075 a b -1.55888 3 0
0 0 36.5339 0 27.3042 a b -1.55692 3 0
0 0 36.5089 0 27.3016 a b -1.55691 3 0
0 0 36.4824 0 27.3047 a b -1.562 3 0
0 0 36.4606 0 27.3048 a b -1.57035 3 0
0 0 36.4387 0 27.3041 a b -1.57716 3 0
0 0 36.4139 0 27.3032 a b -1.58153 3 0
0 0 36.391 0 27.3006 a b -1.58745 3 0
0 0 36.3679 0 27.3058 a b -1.59348 3 0
0 0 36.3368 0 27.3073 a b -1.60133 3 0
0 0 36.3034 0 27.3066 a b -1.60635 3 0
0 0 36.2726 0 27.2999 a b -1.60403 3 0
0 0 36.2407 0 27.2994 a b -1.60246 3 0
0 0 36.209 0 27.2966 a b -1.60241 3 0
0 0 36.1788 0 27.2962 a b -1.6023 3 0
0 0 36.1492 0 27.295 a b -1.59969 3 0
0 0 36.1214 0 27.2947 a b -1.59757 3 0
0 0 36.0945 0 27.297 a b -1.5953 3 0
0 0 36.0666 0 27.2959 a b -1.59296 3 0
0 0 36.0394 0 27.2932 a b -1.59064 3 0
0 0 36.0131 0 27.2925 a b -1.59048 3 0
0 0 35.9861 0 27.2976 a b -1.58857 3 0
0 0 35.9592 0 27.296 a b -1.58613 3 0
0 0 35.9305 0 27.2934 a b -1.58499 3 0
0 0 35.8993 0 27.2938 a b -1.58478 3 0
0 0 35.8709 0 27.2922 a b -1.58324 3 0
0 0 35.8391 0 27.2898 a b -1.5826 3 0
0 0 35.8073 0 27.2913 a b -1.58067 3 0
0 0 35.7781 0 27.2892 a b -1.5791 3 0
0 0 35.7472 0 27.289 a b -1.57764 3 0
0 0 35.7151 0 27.2904 a b -1.57692 3 0
0 0 35.6868 0 27.2922 a b -1.57483 3 0
0 0 35.6572 0 27.2909 a b -1.57425 3 0
0 0 35.6277 0 27.2916 a b -1.57473 3 0
0 0 35.6006 0 27.2921 a b -1.57379 3 0
0 0 35.5745 0 27.2928 a b -1.57245 3 0
0 0 35.5435 0 27.2903 a b -1.57063 3 0
0 0 35.5133 0 27.2919 a b -1.57137 3 0
0 0 35.4833 0 27.2952 a b -1.56957 3 0
0 0 35.4568 0 27.2947 a b -1.56877 3 0
0 0 35.4307 0 27.2925 a b -1.56701 3 0
0 0 35.4027 0 27.2937 a b -1.56676 3 0
0 0 35.3731 0 27.2947 a b -1.56527 3 0
0 0 35.3429 0 27.2959 a b -1.56449 3 0
0 0 35.3104 0 27.2969 a b -1.56391 3 0
0 0 35.2827 0 27.2953 a b -1.56114 3 0
0 0 35.2512 0 27.2904 a b -1.56108 3 0
0 0 35.2223 0 27.2894 a b -1.56818 3 0
0 0 35.1919 0 27.2942 a b -1.57589 3 0
0 0 35.165 0 27.2943 a b -1.58246 3 0
0 0 35.1332 0 27.2956 a b -1.58841 3 0
0 0 35.1076 0 27.2954 a b -1.59754 3 0
0 0 35.0834 0 27.2997 a b -1.60663 3 0
0 0 35.0533 0 27.3032 a b -1.6112 3 0
0 0 35.0283 0 27.3016 a b -1.61397 3 0
0 0 35.0003 0 27.3005 a b -1.61549 3 0
0 0 34.9734 0 27.3004 a b -1.61603 3 0
0 0 34.9469 0 27.2981 a b -1.61745 3 0
0 0 34.9203 0 27.299 a b -1.61715 3 0
0 0 34.8929 0 27.2974 a b -1.61421 3 0
0 0 34.8596 0 27.293 a b -1.61559 3 0
0 0 34.8289 0 27.2945 a b -1.61477 3 0
0 0 34.7999 0 27.2934 a b -1.61455 3 0
0 0 34.7703 0 27.2915 a b -1.61403 3 0
0 0 34.7405 0 27.2942 a b -1.61198 3 0
0 0 34.7098 0 27.2918 a b -1.61184 3 0
0 0 34.6782 0 27.2921 a b -1.60945 3 0
0 0 34.6532 0 27.2914 a b -1.60954 3 0
0 0 34.6269 0 27.2911 a b -1.60833 3 0
0 0 34.6019 0 27.2884 a b -1.60652 3 0
0 0 34.5745 0 27.2842 a b -1.60535 3 0
