0 0 46.5604 0 27.3912 a b -1.59574 3 0
0 0 46.5359 0 27.3878 a b -1.59625 3 0
0 0 46.5032 0 27.3874 a b -1.59686 3 0
0 0 46.4763 0 27.3876 a b -1.59577 3 0
0 0 46.454 0 27.3889 a b -1.59425 3 0
0 0 46.4247 0 27.3881 a b -1.59469 3 0
0 0 46.3936 0 27.3866 a b -1.59331 3 0
0 0 46.3619 0 27.3873 a b -1.59328 3 0
0 0 46.3307 0 27.3902 a b -1.59135 3 0
0 0 46.3032 0 27.3897 a b -1.59117 3 0
0 0 46.2675 0 27.3917 a b -1.59147 3 0
0 0 46.2363 0 27.3891 a b -1.59009 3 0
0 0 46.2041 0 27.3884 a b -1.58851 3 0
0 0 46.1722 0 27.39 a b -1.59024 3 0
0 0 46.1413 0 27.3862 a b -1.59074 3 0
0 0 46.112 0 27.3853 a b -1.58745 3 0
0 0 46.0905 0 27.387 a b -1.58729 3 0
0 0 46.063 0 27.3855 a b -1.59051 3 0
0 0 46.0362 0 27.3855 a b -1.59502 3 0
0 0 46.007 0 27.3873 a b -1.59744 3 0
0 0 45.9842 0 27.3874 a b -1.59919 3 0
0 0 45.9643 0 27.3863 a b -1.60417 3 0
0 0 45.9364 0 27.3862 a b -1.61021 3 0
0 0 45.9071 0 27.3848 a b -1.61129 3 0
0 0 45.8782 0 27.3858 a b -1.61385 3 0
0 0 45.8457 0 27.3811 a b -1.62029 3 0
0 0 45.8123 0 27.38 a b -1.62269 3 0
0 0 45.7823 0 27.377 a b -1.62114 3 0
0 0 45.7549 0 27.3785 a b -1.62008 3 0
0 0 45.7244 0 27.3783 a b -1.61832 3 0
0 0 45.6943 0 27.3804 a b -1.61623 3 0
0 0 45.6648 0 27.3833 a b -1.61521 3 0
0 0 45.6341 0 27.3811 a b -1.61289 3 0
0 0 45.6062 0 27.3793 a b -1.61192 3 0
0 0 45.5785 0 27.3785 a b -1.61032 3 0
0 0 45.5475 0 27.3798 a b -1.60912 3 0
0 0 45.5167 0 27.3771 a b -1.60697 3 0
0 0 45.4921 0 27.3768 a b -1.6069 3 0
0 0 45.4624 0 27.3748 a b -1.60427 3 0
0 0 45.4319 0 27.3726 a b -1.60203 3 0
0 0 45.4019 0 27.372 a b -1.60089 3 0
0 0 45.3702 0 27.3772 a b -1.5997 3 0
0 0 45.3391 0 27.3769 a b -1.59645 3 0
0 0 45.3049 0 27.3768 a b -1.59389 3 0
0 0 45.2764 0 27.3736 a b -1.59216 3 0
0 0 45.2454 0 27.3775 a b -1.59126 3 0
0 0 45.2155 0 27.3778 a b -1.58948 3 0
0 0 45.1878 0 27.377 a b -1.58666 3 0
0 0 45.1592 0 27.3754 a b -1.58576 3 0
0 0 45.1329 0 27.3784 a b -1.58572 3 0
0 0 45.102 0 27.3798 a b -1.58449 3 0
0 0 45.0751 0 27.3762 a b -1.58166 3 0
0 0 45.0518 0 27.3737 a b -1.58091 3 0
0 0 45.0265 0 27.3749 a b -1.58123 3 0
0 0 45.0005 0 27.3762 a b -1.57941 3 0
0 0 44.9739 0 27.3723 a b -1.57674 3 0
0 0 44.9472 0 27.3697 a b -1.57569 3 0
0 0 44.9193 0 27.37 a b -1.57411 3 0
0 0 44.8901 0 27.3715 a b -1.5733 3 0
0 0 44.8579 0 27.3745 a b -1.57206 3 0
0 0 44.825 0 27.3781 a b -1.57174 3 0
0 0 44.7945 0 27.3752 a b -1.57007 3 0
0 0 44.762 0 27.3741 a b -1.56888 3 0
0 0 44.7319 0 27.3748 a b -1.5681 3 0
0 0 44.7044 0 27.3741 a b -1.56792 3 0
0 0 44.6761 0 27.3733 a b -1.56603 3 0
0 0 44.649 0 27.3741 a b -1.56431 3 0
0 0 44.6167 0 27.373 a b -1.56221 3 0
0 0 44.5931 0 27.3735 a b -1.56112 3 0
0 0 44.5676 0 27.3746 a b -1.56008 3 0
0 0 44.5416 0 27.3746 a b -1.558 3 0
0 0 44.5126 0 27.3732 a b -1.55729 3 0
0 0 44.4864 0 27.3752 a b -1.55656 3 0
0 0 44.4542 0 27.3747 a b -1.55534 3 0
0 0 44.4179 0 27.376 a b -1.55474 3 0
0 0 44.3832 0 27.3788 a b -1.55452 3 0
0 0 44.3464 0 27.3833 a b -1.55426 3 0
0 0 44.3167 0 27.3801 a b -1.55422 3 0
0 0 44.2854 0 27.381 a b -1.55556 3 0
0 0 44.2543 0 27.3841 a b -1.55157 3 0
0 0 44.2241 0 27.385 a b -1.55365 3 0
0 0 44.1989 0 27.3814 a b -1.55542 3 0
0 0 44.1722 0 27.3823 a b -1.55241 3 0
0 0 44.1427 0 27.3894 a b -1.55256 3 0
0 0 44.111 0 27.389 a b -1.55856 3 0
0 0 44.0842 0 27.3906 a b -1.56428 3 0
0 0 44.0598 0 27.3928 a b -1.57036 3 0
0 0 44.034 0 27.3893 a b -1.57719 3 0
0 0 44.0082 0 27.3902 a b -1.58145 3 0
0 0 43.9765 0 27.3902 a b -1.58781 3 0
0 0 43.9502 0 27.3876 a b -1.5956 3 0
0 0 43.9221 0 27.3803 a b -1.59522 3 0
0 0 43.8915 0 27.3784 a b -1.59 3 0
0 0 43.861 0 27.3799 a b -1.58467 3 0
0 0 43.832 0 27.378 a b -1.58159 3 0
0 0 43.799 0 27.3742 a b -1.57577 3 0
0 0 43.7693 0 27.3777 a b -1.56711 3 0
0 0 43.7397 0 27.3786 a b -1.55915 3 0
0 0 43.712 0 27.3726 a b -1.55243 3 0
0 0 43.6862 0 27.3704 a b -1.54058 3 0
0 0 43.6575 0 27.3744 a b -1.53577 3 0
0 0 43.6287 0 27.3753 a b -1.53445 3 0
0 0 43.6026 0 27.3733 a b -1.52877 3 0
0 0 43.5764 0 27.3785 a b -1.52914 3 0
0 0 43.5476 0 27.3745 a b -1.53134 3 0
0 0 43.5167 0 27.3778 a b -1.52818 3 0
0 0 43.4888 0 27.3802 a b -1.52778 3 0
0 0 43.4569 0 27.3814 a b -1.53114 3 0
0 0 43.4289 0 27.3829 a b -1.53189 3 0
0 0 43.3999 0 27.3822 a b -1.53018 3 0
0 0 43.3715 0 27.3855 a b -1.53204 3 0
0 0 43.3457 0 27.3836 a b -1.53426 3 0
0 0 43.3129 0 27.3882 a b -1.53301 3 0
0 0 43.2817 0 27.3896 a b -1.53294 3 0
0 0 43.253 0 27.389 a b -1.5354 3 0
0 0 43.2236 0 27.3902 a b -1.53485 3 0
0 0 43.2006 0 27.3951 a b -1.5341 3 0
0 0 43.172 0 27.3962 a b -1.53616 3 0
0 0 43.1432 0 27.3953 a b -1.53707 3 0
0 0 43.1154 0 27.398 a b -1.53716 3 0
0 0 43.0861 0 27.3973 a b -1.53581 3 0
0 0 43.0586 0 27.3994 a b -1.53679 3 0
0 0 43.0266 0 27.4028 a b -1.53668 3 0
0 0 42.9948 0 27.4042 a b -1.53728 3 0
0 0 42.9688 0 27.4051 a b -1.53746 3 0
0 0 42.9391 0 27.4056 a b -1.53845 3 0
0 0 42.9102 0 27.4065 a b -1.53978 3 0
0 0 42.8802 0 27.4073 a b -1.5398 3 0
0 0 42.8527 0 27.4081 a b -1.54181 3 0
0 0 42.8297 0 27.409 a b -1.54255 3 0
0 0 42.8009 0 27.4074 a b -1.54331 3 0
0 0 42.7736 0 27.4103 a b -1.54553 3 0
0 0 42.7468 0 27.4112 a b -1.54682 3 0
0 0 42.7181 0 27.409 a b -1.54778 3 0
0 0 42.6925 0 27.412 a b -1.5495 3 0
0 0 42.6629 0 27.4112 a b -1.55254 3 0
0 0 42.6334 0 27.414 a b -1.55369 3 0
0 0 42.6067 0 27.4148 a b -1.55558 3 0
0 0 42.5749 0 27.4147 a b -1.55736 3 0
0 0 42.5475 0 27.4113 a b -1.55922 3 0
0 0 42.5158 0 27.4162 a b -1.56032 3 0
0 0 42.4869 0 27.4187 a b -1.56084 3 0
0 0 42.457 0 27.4182 a b -1.56207 3 0
0 0 42.4317 0 27.4175 a b -1.56279 3 0
0 0 42.405 0 27.4164 a b -1.56447 3 0
0 0 42.3783 0 27.4206 a b -1.56596 3 0
0 0 42.3539 0 27.4218 a b -1.56595 3 0
0 0 42.3288 0 27.4203 a b -1.56591 3 0
0 0 42.3046 0 27.4204 a b -1.56619 3 0
0 0 42.2759 0 27.4241 a b -1.56704 3 0
0 0 42.2466 0 27.4253 a b -1.56717 3 0
0 0 42.2172 0 27.4246 a b -1.56725 3 0
0 0 42.1875 0 27.4252 a b -1.56779 3 0
0 0 42.1582 0 27.425 a b -1.56897 3 0
0 0 42.1258 0 27.4246 a b -1.56852 3 0
0 0 42.0977 0 27.4214 a b -1.56822 3 0
0 0 42.0719 0 27.4209 a b -1.56929 3 0
0 0 42.0414 0 27.4189 a b -1.56839 3 0
0 0 42.0113 0 27.4182 a b -1.56856 3 0
0 0 41.9837 0 27.4173 a b -1.56904 3 0
0 0 41.9505 0 27.4189 a b -1.56869 3 0
0 0 41.9185 0 27.4162 a b -1.5678 3 0
0 0 41.8902 0 27.4184 a b -1.56768 3 0
0 0 41.8608 0 27.4193 a b -1.56842 3 0
0 0 41.835 0 27.4198 a b -1.56953 3 0
0 0 41.8044 0 27.4203 a b -1.56854 3 0
0 0 41.7738 0 27.4168 a b -1.56832 3 0
0 0 41.7474 0 27.4181 a b -1.57009 3 0
0 0 41.7191 0 27.4178 a b -1.56961 3 0
0 0 41.6958 0 27.4196 a b -1.56943 3 0
0 0 41.668 0 27.4174 a b -1.56821 3 0
0 0 41.6391 0 27.4166 a b -1.56873 3 0
0 0 41.6082 0 27.4153 a b -1.56918 3 0
0 0 41.5787 0 27.4152 a b -1.57006 3 0
0 0 41.5486 0 27.414 a b -1.56922 3 0
0 0 41.5183 0 27.4149 a b -1.56914 3 0
0 0 41.4856 0 27.4151 a b -1.56941 3 0
0 0 41.4531 0 27.4167 a b -1.57009 3 0
0 0 41.4174 0 27.4149 a b -1.56858 3 0
0 0 41.3866 0 27.4113 a b -1.57041 3 0
0 0 41.3556 0 27.4141 a b -1.57014 3 0
0 0 41.3248 0 27.4144 a b -1.56929 3 0
0 0 41.2942 0 27.4151 a b -1.57114 3 0
0 0 41.2688 0 27.4158 a b -1.57225 3 0
0 0 41.2411 0 27.4165 a b -1.57313 3 0
0 0 41.212 0 27.4152 a b -1.57365 3 0
0 0 41.1794 0 27.4166 a b -1.57659 3 0
0 0 41.1525 0 27.4172 a b -1.58133 3 0
0 0 41.1289 0 27.4186 a b -1.58702 3 0
0 0 41.0999 0 27.4173 a b -1.59019 3 0
0 0 41.0738 0 27.4154 a b -1.59565 3 0
0 0 41.0469 0 27.4143 a b -1.60056 3 0
0 0 41.0177 0 27.4147 a b -1.60512 3 0
0 0 40.9851 0 27.412 a b -1.6093 3 0
0 0 40.9586 0 27.4085 a b -1.6141 3 0
0 0 40.9297 0 27.4067 a b -1.61452 3 0
0 0 40.8993 0 27.4104 a b -1.61397 3 0
0 0 40.8691 0 27.409 a b -1.61629 3 0
0 0 40.8418 0 27.4085 a b -1.61622 3 0
0 0 40.8126 0 27.4061 a b -1.61531 3 0
0 0 40.7843 0 27.4049 a b -1.61291 3 0
0 0 40.7583 0 27.4021 a b -1.61218 3 0
0 0 40.7292 0 27.4016 a b -1.61114 3 0
0 0 40.7051 0 27.4013 a b -1.61082 3 0
0 0 40.678 0 27.3994 a b -1.60914 3 0
0 0 40.648 0 27.3981 a b -1.60666 3 0
0 0 40.6208 0 27.3986 a b -1.60757 3 0
0 0 40.5896 0 27.3952 a b -1.60766 3 0
0 0 40.5601 0 27.3957 a b -1.60539 3 0
