0 0 53.8733 0 27.6 a b -1.57387 3 0
0 0 53.8449 0 27.596 a b -1.58015 3 0
0 0 53.8145 0 27.6012 a b -1.58493 3 0
0 0 53.7879 0 27.5987 a b -1.58956 3 0
0 0 53.7619 0 27.5966 a b -1.5957 3 0
0 0 53.735 0 27.5974 a b -1.60053 3 0
0 0 53.7073 0 27.5976 a b -1.60604 3 0
0 0 53.6823 0 27.5941 a b -1.6097 3 0
0 0 53.6536 0 27.5931 a b -1.60943 3 0
0 0 53.623 0 27.59 a b -1.60843 3 0
0 0 53.5967 0 27.5875 a b -1.60852 3 0
0 0 53.5699 0 27.5856 a b -1.60872 3 0
0 0 53.5409 0 27.5868 a b -1.60647 3 0
0 0 53.5131 0 27.5848 a b -1.6064 3 0
0 0 53.4803 0 27.5844 a b -1.6066 3 0
0 0 53.4511 0 27.5808 a b -1.6046 3 0
0 0 53.4212 0 27.5786 a b -1.60418 3 0
0 0 53.3894 0 27.5765 a b -1.60293 3 0
0 0 53.3584 0 27.5768 a b -1.60325 3 0
0 0 53.3272 0 27.5769 a b -1.60215 3 0
0 0 53.2912 0 27.5758 a b -1.60111 3 0
0 0 53.2622 0 27.5727 a b -1.59901 3 0
0 0 53.2339 0 27.5725 a b -1.59838 3 0
0 0 53.2068 0 27.5735 a b -1.59804 3 0
0 0 53.1758 0 27.573 a b -1.59699 3 0
0 0 53.1451 0 27.571 a b -1.59604 3 0
0 0 53.1228 0 27.5698 a b -1.59261 3 0
0 0 53.094 0 27.5672 a b -1.59366 3 0
0 0 53.064 0 27.5675 a b -1.59538 3 0
0 0 53.0345 0 27.5624 a b -1.59195 3 0
0 0 53.0077 0 27.5607 a b -1.59054 3 0
0 0 52.9762 0 27.5611 a b -1.59111 3 0
0 0 52.9455 0 27.5613 a b -1.59161 3 0
0 0 52.9161 0 27.5574 a b -1.58982 3 0
0 0 52.8927 0 27.5567 a b -1.58859 3 0
0 0 52.8593 0 27.5567 a b -1.58892 3 0
0 0 52.832 0 27.5577 a b -1.58801 3 0
0 0 52.804 0 27.5562 a b -1.58683 3 0
0 0 52.7759 0 27.5561 a b -1.58633 3 0
0 0 52.7488 0 27.5571 a b -1.58546 3 0
0 0 52.7238 0 27.558 a b -1.58476 3 0
0 0 52.6945 0 27.5555 a b -1.58445 3 0
0 0 52.6639 0 27.5564 a b -1.58298 3 0
0 0 52.6311 0 27.5572 a b -1.58221 3 0
0 0 52.6012 0 27.5568 a b -1.58099 3 0
0 0 52.5729 0 27.5564 a b -1.58049 3 0
0 0 52.5431 0 27.5546 a b -1.58022 3 0
0 0 52.5136 0 27.5564 a b -1.58038 3 0
0 0 52.4831 0 27.5559 a b -1.57923 3 0
0 0 52.4552 0 27.556 a b -1.5778 3 0
0 0 52.4216 0 27.558 a b -1.57701 3 0
0 0 52.3921 0 27.5581 a b -1.57593 3 0
0 0 52.3613 0 27.5567 a b -1.57529 3 0
0 0 52.3324 0 27.5548 a b -1.57284 3 0
0 0 52.3035 0 27.5534 a b -1.57241 3 0
0 0 52.2744 0 27.5539 a b -1.57421 3 0
0 0 52.2453 0 27.5567 a b -1.57292 3 0
0 0 52.2141 0 27.5557 a b -1.56975 3 0
0 0 52.1838 0 27.5539 a b -1.56991 3 0
0 0 52.1581 0 27.5547 a b -1.57105 3 0
0 0 52.1288 0 27.5552 a b -1.57027 3 0
0 0 52.1001 0 27.5528 a b -1.56819 3 0
0 0 52.0695 0 27.5507 a b -1.56811 3 0
0 0 52.041 0 27.5519 a b -1.56781 3 0
0 0 52.0136 0 27.5512 a b -1.56768 3 0
0 0 51.9861 0 27.5517 a b -1.56686 3 0
0 0 51.9572 0 27.5512 a b -1.56474 3 0
0 0 51.9267 0 27.5509 a b -1.56543 3 0
0 0 51.898 0 27.5536 a b -1.565 3 0
0 0 51.8699 0 27.551 a b -1.5631 3 0
0 0 51.8411 0 27.5515 a b -1.56262 3 0
0 0 51.8113 0 27.55 a b -1.56185 3 0
0 0 51.7838 0 27.5499 a b -1.56152 3 0
0 0 51.7549 0 27.551 a b -1.56099 3 0
0 0 51.7282 0 27.5522 a b -1.56092 3 0
0 0 51.6956 0 27.5537 a b -1.55771 3 0
0 0 51.6685 0 27.5518 a b -1.55672 3 0
0 0 51.642 0 27.5509 a b -1.55735 3 0
0 0 51.6113 0 27.5535 a b -1.55773 3 0
0 0 51.5832 0 27.5534 a b -1.55614 3 0
0 0 51.551 0 27.5521 a b -1.55415 3 0
0 0 51.5217 0 27.549 a b -1.55465 3 0
0 0 51.4939 0 27.5499 a b -1.55528 3 0
0 0 51.4642 0 27.5506 a b -1.55315 3 0
0 0 51.4287 0 27.5495 a b -1.55084 3 0
0 0 51.3988 0 27.5496 a b -1.55206 3 0
0 0 51.3717 0 27.5506 a b -1.5537 3 0
0 0 51.3438 0 27.548 a b -1.55288 3 0
0 0 51.3139 0 27.5496 a b -1.55122 3 0
0 0 51.2826 0 27.5502 a b -1.55237 3 0
0 0 51.2567 0 27.5496 a b -1.55273 3 0
0 0 51.2282 0 27.5468 a b -1.55357 3 0
0 0 51.2022 0 27.5494 a b -1.55305 3 0
0 0 51.1698 0 27.5513 a b -1.55279 3 0
0 0 51.1357 0 27.5547 a b -1.5539 3 0
0 0 51.1074 0 27.5567 a b -1.55827 3 0
0 0 51.0835 0 27.5569 a b -1.56188 3 0
0 0 51.0498 0 27.557 a b -1.56621 3 0
0 0 51.0203 0 27.5563 a b -1.57293 3 0
0 0 50.99 0 27.5572 a b -1.57746 3 0
0 0 50.9571 0 27.5592 a b -1.58104 3 0
0 0 50.9292 0 27.562 a b -1.58834 3 0
0 0 50.9041 0 27.5573 a b -1.5928 3 0
0 0 50.8748 0 27.5584 a b -1.59495 3 0
0 0 50.8492 0 27.5603 a b -1.59809 3 0
0 0 50.8212 0 27.5593 a b -1.60259 3 0
0 0 50.7959 0 27.5568 a b -1.60495 3 0
0 0 50.7707 0 27.5557 a b -1.60625 3 0
0 0 50.7446 0 27.5584 a b -1.61 3 0
0 0 50.718 0 27.5552 a b -1.61127 3 0
0 0 50.6888 0 27.5485 a b -1.61163 3 0
0 0 50.6585 0 27.5474 a b -1.6081 3 0
0 0 50.6269 0 27.5542 a b -1.60805 3 0
0 0 50.5986 0 27.5532 a b -1.61109 3 0
0 0 50.571 0 27.5521 a b -1.61302 3 0
0 0 50.5435 0 27.5502 a b -1.61068 3 0
0 0 50.5161 0 27.548 a b -1.61067 3 0
0 0 50.4864 0 27.5448 a b -1.61192 3 0
0 0 50.4581 0 27.5431 a b -1.61121 3 0
0 0 50.4319 0 27.5402 a b -1.61071 3 0
0 0 50.4061 0 27.5369 a b -1.61039 3 0
0 0 50.3743 0 27.5386 a b -1.60796 3 0
0 0 50.3417 0 27.5396 a b -1.60829 3 0
0 0 50.312 0 27.5381 a b -1.60817 3 0
0 0 50.2878 0 27.5374 a b -1.60623 3 0
0 0 50.2583 0 27.5371 a b -1.6047 3 0
0 0 50.229 0 27.536 a b -1.60556 3 0
0 0 50.2007 0 27.5318 a b -1.60398 3 0
0 0 50.1711 0 27.5325 a b -1.60124 3 0
0 0 50.1367 0 27.531 a b -1.60235 3 0
0 0 50.1082 0 27.5287 a b -1.60154 3 0
0 0 50.0777 0 27.5266 a b -1.59998 3 0
0 0 50.0481 0 27.5254 a b -1.59835 3 0
0 0 50.0179 0 27.5264 a b -1.59712 3 0
0 0 49.9893 0 27.5252 a b -1.59724 3 0
0 0 49.96 0 27.5234 a b -1.59611 3 0
0 0 49.9285 0 27.5215 a b -1.59467 3 0
0 0 49.8975 0 27.5227 a b -1.59456 3 0
0 0 49.8695 0 27.5202 a b -1.59431 3 0
0 0 49.8412 0 27.5171 a b -1.59233 3 0
0 0 49.814 0 27.5184 a b -1.59271 3 0
0 0 49.7859 0 27.518 a b -1.59343 3 0
0 0 49.7554 0 27.5172 a b -1.5913 3 0
0 0 49.7292 0 27.5151 a b -1.58961 3 0
0 0 49.7009 0 27.516 a b -1.58898 3 0
0 0 49.6733 0 27.5191 a b -1.58894 3 0
0 0 49.6465 0 27.5175 a b -1.58872 3 0
0 0 49.6152 0 27.5134 a b -1.58829 3 0
0 0 49.5888 0 27.5136 a b -1.58663 3 0
0 0 49.5599 0 27.5116 a b -1.58647 3 0
0 0 49.5336 0 27.5115 a b -1.58671 3 0
0 0 49.5004 0 27.5108 a b -1.58544 3 0
0 0 49.471 0 27.5134 a b -1.58367 3 0
0 0 49.4422 0 27.5114 a b -1.58306 3 0
0 0 49.4114 0 27.5113 a b -1.58316 3 0
0 0 49.3842 0 27.5097 a b -1.58226 3 0
0 0 49.3581 0 27.5096 a b -1.58132 3 0
0 0 49.3266 0 27.5102 a b -1.58192 3 0
0 0 49.3017 0 27.5108 a b -1.58153 3 0
0 0 49.2702 0 27.5118 a b -1.57988 3 0
0 0 49.2401 0 27.5121 a b -1.58024 3 0
0 0 49.2122 0 27.5131 a b -1.57974 3 0
0 0 49.1836 0 27.5149 a b -1.57885 3 0
0 0 49.1541 0 27.5156 a b -1.57961 3 0
0 0 49.1259 0 27.5138 a b -1.57958 3 0
0 0 49.0994 0 27.5089 a b -1.57948 3 0
0 0 49.0667 0 27.5045 a b -1.57868 3 0
0 0 49.0343 0 27.5031 a b -1.58004 3 0
0 0 49.002 0 27.5077 a b -1.5814 3 0
0 0 48.9735 0 27.5084 a b -1.58076 3 0
0 0 48.9459 0 27.5048 a b -1.58115 3 0
0 0 48.9181 0 27.505 a b -1.58648 3 0
0 0 48.888 0 27.5046 a b -1.58954 3 0
0 0 48.859 0 27.5057 a b -1.59213 3 0
0 0 48.8326 0 27.5066 a b -1.59535 3 0
0 0 48.8045 0 27.5019 a b -1.59751 3 0
0 0 48.7775 0 27.5017 a b -1.59984 3 0
0 0 48.7508 0 27.4994 a b -1.60349 3 0
0 0 48.7224 0 27.5009 a b -1.60625 3 0
0 0 48.697 0 27.5038 a b -1.60753 3 0
0 0 48.6688 0 27.4986 a b -1.60961 3 0
0 0 48.6402 0 27.4975 a b -1.6127 3 0
0 0 48.6104 0 27.5007 a b -1.61577 3 0
0 0 48.5786 0 27.498 a b -1.61747 3 0
0 0 48.5484 0 27.4941 a b -1.62093 3 0
0 0 48.5219 0 27.4941 a b -1.62419 3 0
0 0 48.4901 0 27.4939 a b -1.62535 3 0
0 0 48.4595 0 27.4924 a b -1.62802 3 0
0 0 48.4325 0 27.4924 a b -1.63027 3 0
0 0 48.4006 0 27.4883 a b -1.63262 3 0
0 0 48.3762 0 27.4867 a b -1.637 3 0
0 0 48.3525 0 27.4884 a b -1.64083 3 0
0 0 48.3263 0 27.4865 a b -1.64027 3 0
0 0 48.2993 0 27.4819 a b -1.6407 3 0
0 0 48.2753 0 27.4777 a b -1.6419 3 0
0 0 48.2467 0 27.4779 a b -1.64061 3 0
0 0 48.2185 0 27.4727 a b -1.64032 3 0
0 0 48.1919 0 27.4703 a b -1.64045 3 0
0 0 48.1631 0 27.4672 a b -1.64026 3 0
0 0 48.1364 0 27.4641 a b -1.63971 3 0
0 0 48.1092 0 27.4651 a b -1.63947 3 0
0 0 48.0784 0 27.4618 a b -1.63922 3 0
0 0 48.0488 0 27.4599 a b -1.63788 3 0
0 0 48.0207 0 27.4617 a b -1.63699 3 0
0 0 47.9924 0 27.461 a b -1.63629 3 0
0 0 47.9628 0 27.4595 a b -1.63546 3 0
0 0 47.9286 0 27.4565 a b -1.63318 3 0
0 0 47.9002 0 27.4546 a b -1.63184 3 0
0 0 47.8729 0 27.4508 a b -1.63208 3 0
0 0 47.8418 0 27.4495 a b -1.63083 3 0
0 0 47.8163 0 27.4479 a b -1.62827 3 0
0 0 47.7855 0 27.444 a b -1.62679 3 0
0 0 47.7528 0 27.443 a b -1.62747 3 0
0 0 47.7239 0 27.4438 a b -1.62601 3 0
0 0 47.6949 0 27.4413 a b -1.62368 3 0
0 0 47.6659 0 27.4367 a b -1.62262 3 0
0 0 47.6342 0 27.4351 a b -1.623 3 0
0 0 47.605 0 27.4344 a b -1.62232 3 0
0 0 47.5763 0 27.436 a b -1.62126 3 0
0 0 47.5453 0 27.4338 a b -1.61958 3 0
0 0 47.5178 0 27.4277 a b -1.62006 3 0
0 0 47.4885 0 27.426 a b -1.61961 3 0
0 0 47.4585 0 27.425 a b -1.61874 3 0
0 0 47.4291 0 27.4235 a b -1.61771 3 0
0 0 47.398 0 27.4218 a b -1.61732 3 0
0 0 47.3693 0 27.4231 a b -1.61628 3 0
0 0 47.3407 0 27.4197 a b -1.61567 3 0
0 0 47.3105 0 27.4182 a b -1.61525 3 0
0 0 47.2806 0 27.4174 a b -1.61465 3 0
0 0 47.2532 0 27.4174 a b -1.61421 3 0
0 0 47.2258 0 27.416 a b -1.61291 3 0
0 0 47.1965 0 27.4151 a b -1.61193 3 0
0 0 47.1696 0 27.4145 a b -1.61177 3 0
0 0 47.1403 0 27.4132 a b -1.61173 3 0
0 0 47.1136 0 27.4103 a b -1.60985 3 0
0 0 47.0852 0 27.4111 a b -1.60858 3 0
0 0 47.0577 0 27.4116 a b -1.60883 3 0
0 0 47.029 0 27.4073 a b -1.60785 3 0
0 0 46.9999 0 27.4049 a b -1.60609 3 0
0 0 46.9726 0 27.407 a b -1.60581 3 0
0 0 46.9445 0 27.4075 a b -1.60638 3 0
0 0 46.9134 0 27.4047 a b -1.60416 3 0
0 0 46.8871 0 27.4044 a b -1.60202 3 0
0 0 46.8576 0 27.4017 a b -1.60218 3 0
0 0 46.8285 0 27.3997 a b -1.60236 3 0
0 0 46.7985 0 27.397 a b -1.60187 3 0
0 0 46.7689 0 27.397 a b -1.59981 3 0
0 0 46.7368 0 27.3983 a b -1.60023 3 0
0 0 46.7026 0 27.3945 a b -1.60058 3 0
0 0 46.6715 0 27.3918 a b -1.5988 3 0
0 0 46.6411 0 27.3916 a b -1.59713 3 0
0 0 46.613 0 27.3905 a b -1.59818 3 0
0 0 46.5854 0 27.3917 a b -1.59836 3 0
