0 0 100.741 0 27.0401 a b 1.55563 3 0
0 0 100.769 0 27.0409 a b 1.55551 3 0
0 0 100.799 0 27.0419 a b 1.55388 3 0
0 0 100.832 0 27.0438 a b 1.55224 3 0
0 0 100.862 0 27.0452 a b 1.55411 3 0
0 0 100.892 0 27.0443 a b 1.55309 3 0
0 0 100.921 0 27.0442 a b 1.55109 3 0
0 0 100.946 0 27.0456 a b 1.55154 3 0
0 0 100.981 0 27.0439 a b 1.55212 3 0
0 0 101.014 0 27.042 a b 1.55146 3 0
0 0 101.042 0 27.043 a b 1.54982 3 0
0 0 101.067 0 27.0437 a b 1.54986 3 0
0 0 101.095 0 27.0421 a b 1.54906 3 0
0 0 101.125 0 27.0428 a b 1.54956 3 0
0 0 101.156 0 27.0402 a b 1.54893 3 0
0 0 101.184 0 27.0445 a b 1.54777 3 0
0 0 101.213 0 27.0469 a b 1.54697 3 0
0 0 101.238 0 27.0494 a b 1.5481 3 0
0 0 101.264 0 27.0472 a b 1.54876 3 0
0 0 101.295 0 27.0469 a b 1.54725 3 0
0 0 101.326 0 27.0509 a b 1.54649 3 0
0 0 101.351 0 27.0492 a b 1.5459 3 0
0 0 101.377 0 27.0487 a b 1.54569 3 0
0 0 101.405 0 27.0496 a b 1.5461 3 0
0 0 101.434 0 27.0492 a b 1.54605 3 0
0 0 101.466 0 27.0514 a b 1.54438 3 0
0 0 101.491 0 27.0546 a b 1.54442 3 0
0 0 101.519 0 27.0544 a b 1.54526 3 0
0 0 101.55 0 27.0545 a b 1.54413 3 0
0 0 101.581 0 27.0546 a b 1.54285 3 0
0 0 101.608 0 27.0555 a b 1.54226 3 0
0 0 101.633 0 27.0563 a b 1.54403 3 0
0 0 101.662 0 27.0587 a b 1.54307 3 0
0 0 101.692 0 27.0568 a b 1.54079 3 0
0 0 101.72 0 27.06 a b 1.54129 3 0
0 0 101.748 0 27.0605 a b 1.54122 3 0
0 0 101.774 0 27.0584 a b 1.54014 3 0
0 0 101.797 0 27.0594 a b 1.53925 3 0
0 0 101.826 0 27.0612 a b 1.53922 3 0
0 0 101.86 0 27.0583 a b 1.53694 3 0
0 0 101.889 0 27.0565 a b 1.5367 3 0
0 0 101.919 0 27.06 a b 1.53695 3 0
0 0 101.951 0 27.0594 a b 1.53596 3 0
0 0 101.984 0 27.0573 a b 1.53547 3 0
0 0 102.012 0 27.0597 a b 1.53668 3 0
0 0 102.044 0 27.06 a b 1.53646 3 0
0 0 102.078 0 27.0637 a b 1.53605 3 0
0 0 102.107 0 27.0655 a b 1.53498 3 0
0 0 102.132 0 27.0666 a b 1.5342 3 0
0 0 102.159 0 27.0635 a b 1.53321 3 0
0 0 102.181 0 27.0629 a b 1.53284 3 0
0 0 102.21 0 27.0682 a b 1.53337 3 0
0 0 102.24 0 27.0689 a b 1.53099 3 0
0 0 102.261 0 27.0729 a b 1.53027 3 0
0 0 102.288 0 27.0752 a b 1.53167 3 0
0 0 102.32 0 27.0793 a b 1.53055 3 0
0 0 102.352 0 27.0783 a b 1.5291 3 0
0 0 102.381 0 27.0773 a b 1.52905 3 0
0 0 102.414 0 27.0798 a b 1.52983 3 0
0 0 102.449 0 27.0839 a b 1.52988 3 0
0 0 102.482 0 27.0826 a b 1.52919 3 0
0 0 102.517 0 27.0821 a b 1.52976 3 0
0 0 102.55 0 27.084 a b 1.5306 3 0
0 0 102.586 0 27.0867 a b 1.53103 3 0
0 0 102.617 0 27.0886 a b 1.5286 3 0
0 0 102.642 0 27.0851 a b 1.52847 3 0
0 0 102.666 0 27.0832 a b 1.53012 3 0
0 0 102.688 0 27.087 a b 1.52995 3 0
0 0 102.712 0 27.0903 a b 1.52888 3 0
0 0 102.731 0 27.0884 a b 1.52952 3 0
0 0 102.752 0 27.0861 a b 1.53077 3 0
0 0 102.776 0 27.0879 a b 1.53376 3 0
0 0 102.8 0 27.0893 a b 1.53577 3 0
0 0 102.827 0 27.0882 a b 1.53742 3 0
0 0 102.858 0 27.0901 a b 1.53966 3 0
0 0 102.891 0 27.0928 a b 1.54234 3 0
0 0 102.923 0 27.0922 a b 1.54572 3 0
0 0 102.958 0 27.0939 a b 1.54934 3 0
0 0 102.992 0 27.0907 a b 1.5522 3 0
0 0 103.026 0 27.0907 a b 1.55571 3 0
0 0 103.057 0 27.0939 a b 1.55872 3 0
0 0 103.091 0 27.0936 a b 1.56168 3 0
0 0 103.123 0 27.0957 a b 1.56481 3 0
0 0 103.15 0 27.0944 a b 1.56698 3 0
0 0 103.176 0 27.0974 a b 1.56909 3 0
0 0 103.202 0 27.0974 a b 1.57218 3 0
0 0 103.227 0 27.0964 a b 1.57285 3 0
0 0 103.253 0 27.0966 a b 1.5758 3 0
0 0 103.278 0 27.0948 a b 1.57807 3 0
0 0 103.301 0 27.0925 a b 1.579 3 0
0 0 103.329 0 27.0905 a b 1.58177 3 0
0 0 103.355 0 27.0885 a b 1.58444 3 0
0 0 103.38 0 27.0887 a b 1.58764 3 0
0 0 103.406 0 27.0855 a b 1.58917 3 0
0 0 103.436 0 27.0814 a b 1.59233 3 0
0 0 103.466 0 27.0822 a b 1.59352 3 0
0 0 103.496 0 27.0815 a b 1.59622 3 0
0 0 103.525 0 27.079 a b 1.59996 3 0
0 0 103.553 0 27.0749 a b 1.60258 3 0
0 0 103.58 0 27.0759 a b 1.60376 3 0
0 0 103.609 0 27.0724 a b 1.60631 3 0
0 0 103.637 0 27.0737 a b 1.6093 3 0
0 0 103.662 0 27.0738 a b 1.61183 3 0
0 0 103.683 0 27.0766 a b 1.61435 3 0
0 0 103.709 0 27.0752 a b 1.61643 3 0
0 0 103.735 0 27.0745 a b 1.61669 3 0
0 0 103.764 0 27.0684 a b 1.61895 3 0
0 0 103.79 0 27.0686 a b 1.62158 3 0
0 0 103.815 0 27.0652 a b 1.62585 3 0
0 0 103.841 0 27.0637 a b 1.62712 3 0
0 0 103.87 0 27.0624 a b 1.62583 3 0
0 0 103.903 0 27.0586 a b 1.62698 3 0
0 0 103.936 0 27.0587 a b 1.62816 3 0
0 0 103.967 0 27.0514 a b 1.62797 3 0
0 0 103.999 0 27.0466 a b 1.62831 3 0
0 0 104.032 0 27.0485 a b 1.63021 3 0
0 0 104.064 0 27.0458 a b 1.62951 3 0
0 0 104.093 0 27.0456 a b 1.62722 3 0
0 0 104.125 0 27.043 a b 1.62772 3 0
0 0 104.155 0 27.0375 a b 1.62742 3 0
0 0 104.185 0 27.0338 a b 1.62604 3 0
0 0 104.215 0 27.0337 a b 1.62563 3 0
0 0 104.244 0 27.0305 a b 1.62387 3 0
0 0 104.269 0 27.0256 a b 1.62262 3 0
0 0 104.294 0 27.0241 a b 1.62378 3 0
0 0 104.325 0 27.0204 a b 1.62358 3 0
0 0 104.351 0 27.0184 a b 1.62206 3 0
0 0 104.379 0 27.0196 a b 1.62184 3 0
0 0 104.41 0 27.0166 a b 1.62053 3 0
0 0 104.44 0 27.0123 a b 1.61916 3 0
0 0 104.467 0 27.0163 a b 1.61882 3 0
0 0 104.498 0 27.0169 a b 1.6185 3 0
0 0 104.529 0 27.0154 a b 1.61548 3 0
0 0 104.555 0 27.0146 a b 1.61463 3 0
0 0 104.583 0 27.015 a b 1.61493 3 0
0 0 104.611 0 27.0128 a b 1.61359 3 0
0 0 104.637 0 27.0117 a b 1.61231 3 0
0 0 104.663 0 27.012 a b 1.61125 3 0
0 0 104.687 0 27.0096 a b 1.61025 3 0
0 0 104.712 0 27.0101 a b 1.60945 3 0
0 0 104.741 0 27.0102 a b 1.60853 3 0
0 0 104.771 0 27.0085 a b 1.60667 3 0
0 0 104.801 0 27.0046 a b 1.60552 3 0
0 0 104.832 0 27.0028 a b 1.60546 3 0
0 0 104.863 0 26.9988 a b 1.60213 3 0
0 0 104.896 0 26.999 a b 1.60036 3 0
0 0 104.929 0 26.9974 a b 1.59973 3 0
0 0 104.958 0 26.9961 a b 1.59992 3 0
0 0 104.99 0 26.9959 a b 1.59745 3 0
0 0 105.017 0 26.9945 a b 1.59505 3 0
0 0 105.046 0 26.9953 a b 1.59378 3 0
0 0 105.073 0 26.9939 a b 1.59472 3 0
0 0 105.101 0 26.9931 a b 1.59465 3 0
0 0 105.125 0 26.9945 a b 1.59166 3 0
0 0 105.15 0 26.9924 a b 1.59037 3 0
0 0 105.178 0 26.9914 a b 1.58982 3 0
0 0 105.206 0 26.989 a b 1.58848 3 0
0 0 105.235 0 26.9909 a b 1.58698 3 0
0 0 105.264 0 26.9932 a b 1.58673 3 0
0 0 105.293 0 26.9909 a b 1.5852 3 0
0 0 105.325 0 26.9908 a b 1.58321 3 0
0 0 105.359 0 26.9909 a b 1.58195 3 0
0 0 105.391 0 26.9921 a b 1.58253 3 0
0 0 105.428 0 26.9932 a b 1.5809 3 0
0 0 105.458 0 26.9911 a b 1.57807 3 0
0 0 105.484 0 26.989 a b 1.57784 3 0
0 0 105.513 0 26.9915 a b 1.57725 3 0
0 0 105.54 0 26.9906 a b 1.575 3 0
0 0 105.565 0 26.99 a b 1.57507 3 0
0 0 105.59 0 26.9906 a b 1.57413 3 0
0 0 105.617 0 26.9915 a b 1.57194 3 0
0 0 105.643 0 26.9899 a b 1.56981 3 0
0 0 105.672 0 26.9879 a b 1.56962 3 0
0 0 105.705 0 26.9886 a b 1.56902 3 0
0 0 105.733 0 26.9864 a b 1.56827 3 0
0 0 105.762 0 26.9885 a b 1.56623 3 0
0 0 105.794 0 26.9849 a b 1.56592 3 0
0 0 105.825 0 26.9813 a b 1.56608 3 0
0 0 105.856 0 26.9837 a b 1.56853 3 0
0 0 105.885 0 26.9843 a b 1.56881 3 0
0 0 105.915 0 26.9834 a b 1.56953 3 0
0 0 105.942 0 26.983 a b 1.56878 3 0
0 0 105.973 0 26.9841 a b 1.57115 3 0
0 0 106.002 0 26.9814 a b 1.57292 3 0
0 0 106.028 0 26.9807 a b 1.574 3 0
0 0 106.05 0 26.9801 a b 1.57603 3 0
0 0 106.075 0 26.9796 a b 1.57845 3 0
0 0 106.101 0 26.9781 a b 1.5786 3 0
0 0 106.129 0 26.9774 a b 1.5795 3 0
0 0 106.156 0 26.9756 a b 1.58284 3 0
0 0 106.184 0 26.9758 a b 1.58572 3 0
0 0 106.211 0 26.9758 a b 1.58777 3 0
0 0 106.24 0 26.9751 a b 1.58915 3 0
0 0 106.275 0 26.9738 a b 1.59283 3 0
0 0 106.303 0 26.9699 a b 1.59598 3 0
0 0 106.339 0 26.9703 a b 1.59855 3 0
0 0 106.367 0 26.9662 a b 1.60169 3 0
0 0 106.394 0 26.9654 a b 1.60603 3 0
0 0 106.424 0 26.9638 a b 1.60925 3 0
0 0 106.457 0 26.9609 a b 1.60994 3 0
0 0 106.485 0 26.9586 a b 1.61263 3 0
0 0 106.509 0 26.9576 a b 1.61557 3 0
0 0 106.535 0 26.9542 a b 1.6183 3 0
0 0 106.562 0 26.9551 a b 1.61936 3 0
0 0 106.585 0 26.9518 a b 1.62098 3 0
0 0 106.606 0 26.9518 a b 1.62264 3 0
0 0 106.635 0 26.9501 a b 1.62265 3 0
0 0 106.659 0 26.9491 a b 1.62403 3 0
0 0 106.687 0 26.9448 a b 1.62365 3 0
0 0 106.72 0 26.9442 a b 1.62144 3 0
0 0 106.755 0 26.9422 a b 1.62188 3 0
0 0 106.786 0 26.9426 a b 1.62182 3 0
0 0 106.82 0 26.9421 a b 1.62206 3 0
0 0 106.849 0 26.9397 a b 1.61982 3 0
0 0 106.878 0 26.9371 a b 1.61787 3 0
0 0 106.906 0 26.9384 a b 1.61826 3 0
0 0 106.931 0 26.9355 a b 1.61877 3 0
0 0 106.957 0 26.9314 a b 1.61816 3 0
0 0 106.981 0 26.9313 a b 1.61566 3 0
0 0 107.005 0 26.9317 a b 1.61621 3 0
0 0 107.029 0 26.9292 a b 1.61582 3 0
0 0 107.052 0 26.9287 a b 1.61573 3 0
0 0 107.077 0 26.9227 a b 1.61506 3 0
0 0 107.106 0 26.9206 a b 1.61329 3 0
0 0 107.134 0 26.9228 a b 1.61259 3 0
0 0 107.164 0 26.9219 a b 1.61295 3 0
0 0 107.194 0 26.9223 a b 1.6112 3 0
0 0 107.232 0 26.919 a b 1.61001 3 0
0 0 107.268 0 26.9187 a b 1.60793 3 0
0 0 107.307 0 26.9131 a b 1.60753 3 0
0 0 107.339 0 26.9126 a b 1.6066 3 0
0 0 107.372 0 26.9114 a b 1.60485 3 0
0 0 107.4 0 26.9141 a b 1.60435 3 0
0 0 107.429 0 26.9099 a b 1.60328 3 0
0 0 107.453 0 26.9099 a b 1.60276 3 0
0 0 107.477 0 26.9113 a b 1.60087 3 0
0 0 107.502 0 26.911 a b 1.59842 3 0
0 0 107.526 0 26.9091 a b 1.59732 3 0
0 0 107.55 0 26.9092 a b 1.59558 3 0
0 0 107.575 0 26.9084 a b 1.59534 3 0
0 0 107.607 0 26.9093 a b 1.59317 3 0
0 0 107.638 0 26.9104 a b 1.59219 3 0
0 0 107.673 0 26.9078 a b 1.58938 3 0
0 0 107.705 0 26.9055 a b 1.58856 3 0
0 0 107.741 0 26.9053 a b 1.58881 3 0
0 0 107.774 0 26.901 a b 1.58845 3 0
0 0 107.809 0 26.8982 a b 1.58362 3 0
0 0 107.843 0 26.9018 a b 1.58381 3 0
0 0 107.874 0 26.9032 a b 1.58407 3 0
0 0 107.908 0 26.9017 a b 1.58165 3 0
0 0 107.936 0 26.901 a b 1.5799 3 0
0 0 107.964 0 26.8996 a b 1.5784 3 0
0 0 107.987 0 26.9019 a b 1.57801 3 0
0 0 108.013 0 26.8972 a b 1.57697 3 0
0 0 108.039 0 26.8965 a b 1.575 3 0
0 0 108.068 0 26.8943 a b 1.5733 3 0
0 0 108.094 0 26.8934 a b 1.57231 3 0
0 0 108.125 0 26.8923 a b 1.57164 3 0
0 0 108.155 0 26.8951 a b 1.57054 3 0
0 0 108.188 0 26.8941 a b 1.56694 3 0
