0 0 -29.7298 0 25.3779 a b 1.49002 3 0
0 0 -29.7206 0 25.37 a b 1.48872 3 0
0 0 -29.702 0 25.3714 a b 1.48818 3 0
0 0 -29.6733 0 25.3747 a b 1.49182 3 0
0 0 -29.6525 0 25.3753 a b 1.49563 3 0
0 0 -29.633 0 25.3789 a b 1.50029 3 0
0 0 -29.6072 0 25.3789 a b 1.5032 3 0
0 0 -29.5738 0 25.3847 a b 1.50682 3 0
0 0 -29.5392 0 25.3879 a b 1.50917 3 0
0 0 -29.5019 0 25.3896 a b 1.51134 3 0
0 0 -29.4594 0 25.3971 a b 1.51527 3 0
0 0 -29.4206 0 25.4018 a b 1.51907 3 0
0 0 -29.3827 0 25.4047 a b 1.52185 3 0
0 0 -29.3486 0 25.408 a b 1.52432 3 0
0 0 -29.3178 0 25.411 a b 1.52725 3 0
0 0 -29.2871 0 25.415 a b 1.53194 3 0
0 0 -29.2605 0 25.4153 a b 1.53528 3 0
0 0 -29.229 0 25.4201 a b 1.537 3 0
0 0 -29.2049 0 25.4225 a b 1.5386 3 0
0 0 -29.1775 0 25.4256 a b 1.54163 3 0
0 0 -29.1537 0 25.4293 a b 1.54392 3 0
0 0 -29.1296 0 25.4307 a b 1.54437 3 0
0 0 -29.1039 0 25.4321 a b 1.54446 3 0
0 0 -29.0753 0 25.438 a b 1.54638 3 0
0 0 -29.0457 0 25.4412 a b 1.54819 3 0
0 0 -29.0163 0 25.4452 a b 1.54863 3 0
0 0 -28.9863 0 25.4469 a b 1.54984 3 0
0 0 -28.9516 0 25.4469 a b 1.55012 3 0
0 0 -28.9232 0 25.4468 a b 1.55035 3 0
0 0 -28.894 0 25.4494 a b 1.5511 3 0
0 0 -28.872 0 25.4474 a b 1.55286 3 0
0 0 -28.8513 0 25.4458 a b 1.55259 3 0
0 0 -28.8199 0 25.4474 a b 1.55397 3 0
0 0 -28.7889 0 25.4526 a b 1.55436 3 0
0 0 -28.7654 0 25.4527 a b 1.55427 3 0
0 0 -28.7394 0 25.4522 a b 1.55513 3 0
0 0 -28.714 0 25.4533 a b 1.55636 3 0
0 0 -28.6862 0 25.4517 a b 1.55735 3 0
0 0 -28.6579 0 25.4539 a b 1.55889 3 0
0 0 -28.626 0 25.456 a b 1.55981 3 0
0 0 -28.5933 0 25.4581 a b 1.56096 3 0
0 0 -28.5626 0 25.4619 a b 1.56255 3 0
0 0 -28.5266 0 25.4642 a b 1.56601 3 0
0 0 -28.4933 0 25.4669 a b 1.56704 3 0
0 0 -28.4524 0 25.4695 a b 1.56542 3 0
0 0 -28.4187 0 25.4709 a b 1.5647 3 0
0 0 -28.3861 0 25.4722 a b 1.56349 3 0
0 0 -28.3589 0 25.4726 a b 1.5611 3 0
0 0 -28.3319 0 25.4706 a b 1.56164 3 0
0 0 -28.3055 0 25.4722 a b 1.562 3 0
0 0 -28.2836 0 25.4739 a b 1.56297 3 0
0 0 -28.2607 0 25.4728 a b 1.56349 3 0
0 0 -28.2364 0 25.4766 a b 1.56393 3 0
0 0 -28.2118 0 25.48 a b 1.56533 3 0
0 0 -28.1846 0 25.4806 a b 1.56477 3 0
0 0 -28.1567 0 25.4806 a b 1.56586 3 0
0 0 -28.1257 0 25.4834 a b 1.56687 3 0
0 0 -28.0968 0 25.4869 a b 1.56819 3 0
0 0 -28.0653 0 25.487 a b 1.56696 3 0
0 0 -28.0331 0 25.4869 a b 1.56765 3 0
0 0 -27.9999 0 25.4863 a b 1.5664 3 0
0 0 -27.9721 0 25.4867 a b 1.56691 3 0
0 0 -27.9424 0 25.4864 a b 1.56727 3 0
0 0 -27.9117 0 25.4894 a b 1.56817 3 0
0 0 -27.8827 0 25.4919 a b 1.5683 3 0
0 0 -27.8554 0 25.4943 a b 1.56802 3 0
0 0 -27.8263 0 25.4955 a b 1.57114 3 0
0 0 -27.7971 0 25.496 a b 1.56865 3 0
0 0 -27.7753 0 25.4944 a b 1.57067 3 0
0 0 -27.7456 0 25.4937 a b 1.57075 3 0
0 0 -27.7144 0 25.4952 a b 1.57074 3 0
0 0 -27.6785 0 25.4967 a b 1.57003 3 0
0 0 -27.6441 0 25.5004 a b 1.56975 3 0
0 0 -27.6154 0 25.5013 a b 1.57064 3 0
0 0 -27.5858 0 25.499 a b 1.57048 3 0
0 0 -27.553 0 25.5029 a b 1.56918 3 0
0 0 -27.52 0 25.5036 a b 1.56819 3 0
0 0 -27.4863 0 25.5055 a b 1.56855 3 0
0 0 -27.4595 0 25.5064 a b 1.56915 3 0
0 0 -27.4307 0 25.5078 a b 1.56851 3 0
0 0 -27.4006 0 25.5059 a b 1.5666 3 0
0 0 -27.3729 0 25.504 a b 1.56629 3 0
0 0 -27.3474 0 25.5034 a b 1.56494 3 0
0 0 -27.3203 0 25.5052 a b 1.5627 3 0
0 0 -27.2907 0 25.5054 a b 1.56236 3 0
0 0 -27.2647 0 25.507 a b 1.56211 3 0
0 0 -27.2387 0 25.51 a b 1.56094 3 0
0 0 -27.2105 0 25.5114 a b 1.56022 3 0
0 0 -27.1804 0 25.5133 a b 1.55814 3 0
0 0 -27.1509 0 25.5143 a b 1.55799 3 0
0 0 -27.1235 0 25.5159 a b 1.55771 3 0
0 0 -27.095 0 25.5185 a b 1.55714 3 0
0 0 -27.0671 0 25.5199 a b 1.55539 3 0
0 0 -27.0333 0 25.5214 a b 1.55489 3 0
0 0 -27.0058 0 25.522 a b 1.55439 3 0
0 0 -26.9765 0 25.5273 a b 1.55242 3 0
0 0 -26.9454 0 25.5286 a b 1.55092 3 0
0 0 -26.9147 0 25.529 a b 1.54919 3 0
0 0 -26.8845 0 25.529 a b 1.54718 3 0
0 0 -26.8573 0 25.5296 a b 1.54563 3 0
0 0 -26.8295 0 25.5312 a b 1.54498 3 0
0 0 -26.7998 0 25.5312 a b 1.5433 3 0
0 0 -26.773 0 25.5312 a b 1.54136 3 0
0 0 -26.7404 0 25.5328 a b 1.54008 3 0
0 0 -26.7104 0 25.5351 a b 1.53968 3 0
0 0 -26.6815 0 25.5354 a b 1.53888 3 0
0 0 -26.6504 0 25.5367 a b 1.53562 3 0
0 0 -26.622 0 25.5405 a b 1.5338 3 0
0 0 -26.594 0 25.5395 a b 1.53308 3 0
0 0 -26.5657 0 25.5407 a b 1.53228 3 0
0 0 -26.5373 0 25.5405 a b 1.52956 3 0
0 0 -26.5086 0 25.5416 a b 1.52719 3 0
0 0 -26.4788 0 25.5409 a b 1.52594 3 0
0 0 -26.4498 0 25.5416 a b 1.52508 3 0
0 0 -26.4244 0 25.5465 a b 1.524 3 0
0 0 -26.3972 0 25.5505 a b 1.52269 3 0
0 0 -26.369 0 25.5526 a b 1.5203 3 0
0 0 -26.3418 0 25.5529 a b 1.51966 3 0
0 0 -26.3128 0 25.5502 a b 1.51868 3 0
0 0 -26.2839 0 25.5551 a b 1.5167 3 0
0 0 -26.2541 0 25.5594 a b 1.51806 3 0
0 0 -26.2207 0 25.5605 a b 1.51663 3 0
0 0 -26.1928 0 25.5612 a b 1.51379 3 0
0 0 -26.1648 0 25.5669 a b 1.51166 3 0
0 0 -26.1366 0 25.5696 a b 1.5118 3 0
0 0 -26.11 0 25.5711 a b 1.50956 3 0
0 0 -26.0809 0 25.5717 a b 1.50921 3 0
0 0 -26.0491 0 25.572 a b 1.50743 3 0
0 0 -26.0193 0 25.5752 a b 1.50615 3 0
0 0 -25.9937 0 25.5773 a b 1.50515 3 0
0 0 -25.9628 0 25.5787 a b 1.5033 3 0
0 0 -25.9355 0 25.5833 a b 1.50132 3 0
0 0 -25.9044 0 25.589 a b 1.49993 3 0
0 0 -25.8733 0 25.5939 a b 1.49677 3 0
0 0 -25.8447 0 25.5966 a b 1.49536 3 0
0 0 -25.82 0 25.5942 a b 1.49617 3 0
0 0 -25.7871 0 25.5934 a b 1.49474 3 0
0 0 -25.7605 0 25.5953 a b 1.49459 3 0
0 0 -25.7382 0 25.6004 a b 1.49617 3 0
0 0 -25.7132 0 25.6003 a b 1.50199 3 0
0 0 -25.689 0 25.6025 a b 1.50942 3 0
0 0 -25.6639 0 25.5998 a b 1.51662 3 0
0 0 -25.6392 0 25.5975 a b 1.5287 3 0
0 0 -25.6118 0 25.5982 a b 1.54056 3 0
0 0 -25.5811 0 25.5977 a b 1.54987 3 0
0 0 -25.5497 0 25.5957 a b 1.55985 3 0
0 0 -25.5186 0 25.5976 a b 1.56996 3 0
0 0 -25.4853 0 25.602 a b 1.57577 3 0
0 0 -25.4498 0 25.6043 a b 1.57484 3 0
0 0 -25.416 0 25.6061 a b 1.57601 3 0
0 0 -25.3848 0 25.6082 a b 1.5801 3 0
0 0 -25.3512 0 25.614 a b 1.57538 3 0
0 0 -25.3185 0 25.6234 a b 1.55806 3 0
0 0 -25.2902 0 25.6232 a b 1.54139 3 0
0 0 -25.2632 0 25.6217 a b 1.53737 3 0
0 0 -25.2377 0 25.6226 a b 1.52889 3 0
0 0 -25.2144 0 25.6219 a b 1.52403 3 0
0 0 -25.1901 0 25.6216 a b 1.52348 3 0
0 0 -25.1629 0 25.6245 a b 1.52115 3 0
0 0 -25.135 0 25.6256 a b 1.51588 3 0
0 0 -25.1042 0 25.6267 a b 1.51436 3 0
0 0 -25.076 0 25.6288 a b 1.51331 3 0
0 0 -25.0494 0 25.6305 a b 1.50732 3 0
0 0 -25.0196 0 25.6324 a b 1.5034 3 0
0 0 -24.9898 0 25.6363 a b 1.50091 3 0
0 0 -24.9604 0 25.643 a b 1.49782 3 0
0 0 -24.9277 0 25.6474 a b 1.49264 3 0
0 0 -24.8943 0 25.6505 a b 1.4898 3 0
0 0 -24.8636 0 25.6534 a b 1.48716 3 0
0 0 -24.8342 0 25.6528 a b 1.48619 3 0
0 0 -24.805 0 25.6573 a b 1.4835 3 0
0 0 -24.7789 0 25.661 a b 1.47959 3 0
0 0 -24.7545 0 25.6634 a b 1.47895 3 0
0 0 -24.7268 0 25.6642 a b 1.47799 3 0
0 0 -24.701 0 25.6645 a b 1.47832 3 0
0 0 -24.675 0 25.6675 a b 1.47707 3 0
0 0 -24.6468 0 25.6709 a b 1.47361 3 0
0 0 -24.6156 0 25.6719 a b 1.47046 3 0
0 0 -24.5828 0 25.6755 a b 1.47059 3 0
0 0 -24.554 0 25.6775 a b 1.47055 3 0
0 0 -24.5238 0 25.6832 a b 1.46954 3 0
0 0 -24.4942 0 25.6872 a b 1.46475 3 0
0 0 -24.4569 0 25.6911 a b 1.46111 3 0
0 0 -24.4176 0 25.6941 a b 1.46025 3 0
0 0 -24.3884 0 25.6985 a b 1.46048 3 0
0 0 -24.3638 0 25.7007 a b 1.45803 3 0
0 0 -24.3379 0 25.7041 a b 1.45632 3 0
0 0 -24.3116 0 25.7091 a b 1.45342 3 0
0 0 -24.2908 0 25.7124 a b 1.45204 3 0
0 0 -24.2655 0 25.7176 a b 1.45292 3 0
0 0 -24.2421 0 25.7155 a b 1.45235 3 0
0 0 -24.2144 0 25.7178 a b 1.4517 3 0
0 0 -24.1923 0 25.7228 a b 1.45122 3 0
0 0 -24.1653 0 25.728 a b 1.45058 3 0
0 0 -24.1392 0 25.7347 a b 1.45021 3 0
0 0 -24.1109 0 25.7389 a b 1.45063 3 0
0 0 -24.0802 0 25.7461 a b 1.45225 3 0
0 0 -24.05 0 25.7494 a b 1.45236 3 0
0 0 -24.0168 0 25.7569 a b 1.451 3 0
0 0 -23.9869 0 25.7596 a b 1.45101 3 0
0 0 -23.9585 0 25.7628 a b 1.45194 3 0
0 0 -23.9318 0 25.7684 a b 1.45158 3 0
0 0 -23.9032 0 25.774 a b 1.45231 3 0
0 0 -23.875 0 25.7803 a b 1.45312 3 0
0 0 -23.8479 0 25.7838 a b 1.45359 3 0
0 0 -23.8243 0 25.7824 a b 1.45379 3 0
0 0 -23.7978 0 25.7869 a b 1.45502 3 0
0 0 -23.7697 0 25.7896 a b 1.45574 3 0
0 0 -23.7416 0 25.7959 a b 1.4562 3 0
0 0 -23.7167 0 25.7992 a b 1.458 3 0
0 0 -23.6907 0 25.8028 a b 1.45822 3 0
0 0 -23.6618 0 25.8064 a b 1.45989 3 0
0 0 -23.631 0 25.8109 a b 1.46127 3 0
0 0 -23.6013 0 25.8125 a b 1.46101 3 0
0 0 -23.5718 0 25.8168 a b 1.46332 3 0
0 0 -23.5422 0 25.8252 a b 1.46557 3 0
0 0 -23.5136 0 25.8294 a b 1.46648 3 0
0 0 -23.4873 0 25.8325 a b 1.46574 3 0
0 0 -23.4597 0 25.8385 a b 1.46857 3 0
0 0 -23.429 0 25.8425 a b 1.47191 3 0
0 0 -23.4022 0 25.8459 a b 1.47393 3 0
0 0 -23.374 0 25.8477 a b 1.47426 3 0
0 0 -23.3474 0 25.8479 a b 1.47598 3 0
0 0 -23.3201 0 25.8556 a b 1.47893 3 0
0 0 -23.2936 0 25.8621 a b 1.48125 3 0
0 0 -23.2638 0 25.8618 a b 1.48288 3 0
0 0 -23.2347 0 25.8659 a b 1.48291 3 0
0 0 -23.2085 0 25.8742 a b 1.48677 3 0
0 0 -23.1808 0 25.8736 a b 1.48958 3 0
0 0 -23.1484 0 25.8739 a b 1.49086 3 0
0 0 -23.119 0 25.88 a b 1.49186 3 0
0 0 -23.0911 0 25.8869 a b 1.49439 3 0
0 0 -23.0632 0 25.8913 a b 1.49542 3 0
0 0 -23.0382 0 25.8951 a b 1.4961 3 0
0 0 -23.0093 0 25.8987 a b 1.49811 3 0
0 0 -22.9845 0 25.9057 a b 1.49893 3 0
0 0 -22.9603 0 25.9086 a b 1.5008 3 0
0 0 -22.9375 0 25.9134 a b 1.50207 3 0
0 0 -22.9073 0 25.9186 a b 1.50491 3 0
0 0 -22.8795 0 25.921 a b 1.50567 3 0
0 0 -22.8406 0 25.9208 a b 1.50524 3 0
0 0 -22.8102 0 25.9213 a b 1.50705 3 0
0 0 -22.7797 0 25.9236 a b 1.50816 3 0
0 0 -22.7515 0 25.9252 a b 1.51157 3 0
0 0 -22.7236 0 25.9288 a b 1.51405 3 0
0 0 -22.6937 0 25.9337 a b 1.51575 3 0
0 0 -22.6668 0 25.9333 a b 1.51827 3 0
0 0 -22.6384 0 25.9337 a b 1.52005 3 0
0 0 -22.6117 0 25.9359 a b 1.52316 3 0
0 0 -22.5828 0 25.9366 a b 1.52509 3 0
0 0 -22.5594 0 25.9413 a b 1.52663 3 0
0 0 -22.5354 0 25.9386 a b 1.52859 3 0
0 0 -22.5121 0 25.937 a b 1.53233 3 0
0 0 -22.4876 0 25.9398 a b 1.5322 3 0
0 0 -22.4649 0 25.9447 a b 1.53517 3 0
0 0 -22.439 0 25.9454 a b 1.53666 3 0
0 0 -22.4124 0 25.9477 a b 1.54052 3 0
0 0 -22.381 0 25.9474 a b 1.54371 3 0
0 0 -22.3526 0 25.9535 a b 1.54589 3 0
0 0 -22.3264 0 25.9549 a b 1.54893 3 0
0 0 -22.2975 0 25.959 a b 1.55103 3 0
0 0 -22.2653 0 25.9625 a b 1.55333 3 0
0 0 -22.2318 0 25.9675 a b 1.55672 3 0
0 0 -22.1985 0 25.9695 a b 1.55793 3 0
0 0 -22.166 0 25.9694 a b 1.5606 3 0
0 0 -22.1382 0 25.9677 a b 1.56238 3 0
0 0 -22.1108 0 25.9707 a b 1.56291 3 0
0 0 -22.0828 0 25.9689 a b 1.56528 3 0
0 0 -22.0534 0 25.9721 a b 1.56829 3 0
0 0 -22.028 0 25.9732 a b 1.5696 3 0
0 0 -22.0048 0 25.9739 a b 1.5726 3 0
0 0 -21.9776 0 25.9706 a b 1.5748 3 0
0 0 -21.9529 0 25.9744 a b 1.57618 3 0
0 0 -21.9259 0 25.9741 a b 1.57813 3 0
0 0 -21.903 0 25.9751 a b 1.58019 3 0
0 0 -21.8776 0 25.9717 a b 1.58218 3 0
0 0 -21.8498 0 25.9701 a b 1.58512 3 0
0 0 -21.817 0 25.9745 a b 1.58814 3 0
0 0 -21.786 0 25.9754 a b 1.59043 3 0
0 0 -21.7553 0 25.9768 a b 1.59263 3 0
0 0 -21.7241 0 25.9713 a b 1.5947 3 0
0 0 -21.6903 0 25.9701 a b 1.59812 3 0
0 0 -21.6572 0 25.9738 a b 1.60276 3 0
0 0 -21.626 0 25.9756 a b 1.60327 3 0
0 0 -21.5969 0 25.9755 a b 1.606 3 0
0 0 -21.5682 0 25.9753 a b 1.60921 3 0
0 0 -21.5398 0 25.9721 a b 1.61026 3 0
0 0 -21.5133 0 25.973 a b 1.61298 3 0
0 0 -21.4878 0 25.9746 a b 1.61717 3 0
0 0 -21.462 0 25.9742 a b 1.61839 3 0
0 0 -21.4364 0 25.9733 a b 1.6194 3 0
0 0 -21.4139 0 25.9703 a b 1.62069 3 0
0 0 -21.3842 0 25.9691 a b 1.62425 3 0
0 0 -21.3631 0 25.9689 a b 1.62662 3 0
0 0 -21.3383 0 25.9654 a b 1.62691 3 0
0 0 -21.3086 0 25.9652 a b 1.6297 3 0
0 0 -21.2811 0 25.9628 a b 1.63174 3 0
0 0 -21.2562 0 25.9643 a b 1.63366 3 0
0 0 -21.2245 0 25.9626 a b 1.63566 3 0
0 0 -21.1944 0 25.9609 a b 1.63727 3 0
0 0 -21.1621 0 25.9577 a b 1.63988 3 0
0 0 -21.1288 0 25.9542 a b 1.6428 3 0
0 0 -21.0971 0 25.9563 a b 1.64332 3 0
0 0 -21.0662 0 25.9523 a b 1.64494 3 0
0 0 -21.0312 0 25.9507 a b 1.64887 3 0
0 0 -21.0041 0 25.9501 a b 1.64722 3 0
0 0 -20.9847 0 25.9498 a b 1.64045 3 0
0 0 -20.9594 0 25.9521 a b 1.63095 3 0
0 0 -20.9291 0 25.9556 a b 1.62001 3 0
0 0 -20.9022 0 25.955 a b 1.60961 3 0
0 0 -20.8781 0 25.955 a b 1.60211 3 0
0 0 -20.8542 0 25.9555 a b 1.59425 3 0
0 0 -20.8276 0 25.957 a b 1.58895 3 0
0 0 -20.7988 0 25.9558 a b 1.58655 3 0
0 0 -20.7742 0 25.9562 a b 1.58365 3 0
0 0 -20.7433 0 25.959 a b 1.58049 3 0
0 0 -20.7136 0 25.9636 a b 1.57856 3 0
0 0 -20.6817 0 25.9675 a b 1.57534 3 0
0 0 -20.6496 0 25.9722 a b 1.57231 3 0
0 0 -20.615 0 25.9726 a b 1.5677 3 0
0 0 -20.5821 0 25.9746 a b 1.56656 3 0
0 0 -20.5493 0 25.9732 a b 1.56293 3 0
0 0 -20.5198 0 25.9786 a b 1.56097 3 0
0 0 -20.4839 0 25.9871 a b 1.55976 3 0
0 0 -20.4518 0 25.9837 a b 1.5593 3 0
0 0 -20.4271 0 25.9839 a b 1.55864 3 0
0 0 -20.4011 0 25.9844 a b 1.5585 3 0
0 0 -20.3733 0 25.9858 a b 1.5605 3 0
0 0 -20.3454 0 25.9863 a b 1.56009 3 0
0 0 -20.324 0 25.9874 a b 1.55788 3 0
0 0 -20.2986 0 25.9931 a b 1.55691 3 0
0 0 -20.274 0 25.9933 a b 1.5584 3 0
0 0 -20.245 0 25.9944 a b 1.55891 3 0
0 0 -20.2174 0 25.9967 a b 1.55705 3 0
0 0 -20.1865 0 25.9983 a b 1.55576 3 0
0 0 -20.1576 0 25.9999 a b 1.55454 3 0
0 0 -20.1249 0 26.0005 a b 1.5563 3 0
0 0 -20.0892 0 26.0015 a b 1.55719 3 0
0 0 -20.0565 0 26.0013 a b 1.55532 3 0
0 0 -20.0223 0 26.0054 a b 1.55589 3 0
0 0 -19.9924 0 26.0074 a b 1.55652 3 0
0 0 -19.9611 0 26.0071 a b 1.55442 3 0
0 0 -19.9276 0 26.0093 a b 1.55327 3 0
0 0 -19.9007 0 26.0143 a b 1.55532 3 0
0 0 -19.8701 0 26.0082 a b 1.55312 3 0
0 0 -19.8434 0 26.0113 a b 1.55309 3 0
0 0 -19.8164 0 26.0143 a b 1.55231 3 0
0 0 -19.7905 0 26.0119 a b 1.55018 3 0
0 0 -19.7627 0 26.0139 a b 1.54933 3 0
0 0 -19.7358 0 26.0142 a b 1.54906 3 0
0 0 -19.7035 0 26.0126 a b 1.5484 3 0
0 0 -19.6773 0 26.0139 a b 1.547 3 0
0 0 -19.6466 0 26.0153 a b 1.54579 3 0
0 0 -19.6175 0 26.0144 a b 1.54447 3 0
0 0 -19.5839 0 26.014 a b 1.54348 3 0
0 0 -19.5504 0 26.0198 a b 1.54356 3 0
0 0 -19.5161 0 26.0228 a b 1.54223 3 0
0 0 -19.4835 0 26.0249 a b 1.54333 3 0
0 0 -19.4517 0 26.0249 a b 1.54333 3 0
0 0 -19.4205 0 26.0267 a b 1.54223 3 0
0 0 -19.3896 0 26.0331 a b 1.54154 3 0
0 0 -19.361 0 26.036 a b 1.54211 3 0
0 0 -19.3334 0 26.0338 a b 1.54056 3 0
0 0 -19.306 0 26.0347 a b 1.53967 3 0
0 0 -19.2788 0 26.0364 a b 1.54038 3 0
0 0 -19.2547 0 26.0389 a b 1.53973 3 0
0 0 -19.2276 0 26.0398 a b 1.53974 3 0
0 0 -19.2027 0 26.045 a b 1.53878 3 0
0 0 -19.1751 0 26.0488 a b 1.53759 3 0
0 0 -19.146 0 26.0524 a b 1.53636 3 0
0 0 -19.1181 0 26.0558 a b 1.53647 3 0
0 0 -19.088 0 26.0593 a b 1.53769 3 0
0 0 -19.0587 0 26.0671 a b 1.53634 3 0
0 0 -19.0275 0 26.071 a b 1.53292 3 0
0 0 -19.0002 0 26.0682 a b 1.5308 3 0
0 0 -18.9701 0 26.0701 a b 1.53456 3 0
0 0 -18.9438 0 26.0733 a b 1.53585 3 0
0 0 -18.9099 0 26.0749 a b 1.5328 3 0
0 0 -18.8783 0 26.0783 a b 1.52886 3 0
0 0 -18.8514 0 26.0813 a b 1.5302 3 0
0 0 -18.8228 0 26.0835 a b 1.53173 3 0
0 0 -18.7957 0 26.0837 a b 1.53144 3 0
0 0 -18.7687 0 26.0895 a b 1.52889 3 0
0 0 -18.7458 0 26.0937 a b 1.52705 3 0
0 0 -18.7205 0 26.0919 a b 1.52642 3 0
0 0 -18.6957 0 26.0926 a b 1.52591 3 0
0 0 -18.6676 0 26.0965 a b 1.52441 3 0
0 0 -18.642 0 26.0963 a b 1.52349 3 0
0 0 -18.6145 0 26.1009 a b 1.52412 3 0
0 0 -18.5814 0 26.1044 a b 1.52215 3 0
0 0 -18.5472 0 26.1035 a b 1.52199 3 0
0 0 -18.5162 0 26.1006 a b 1.52207 3 0
0 0 -18.4867 0 26.1019 a b 1.523 3 0
0 0 -18.4554 0 26.1057 a b 1.52455 3 0
0 0 -18.4295 0 26.112 a b 1.52629 3 0
0 0 -18.4001 0 26.1199 a b 1.52479 3 0
0 0 -18.3701 0 26.1183 a b 1.5242 3 0
0 0 -18.3431 0 26.1183 a b 1.52799 3 0
0 0 -18.3175 0 26.1172 a b 1.53521 3 0
0 0 -18.2939 0 26.1248 a b 1.54097 3 0
0 0 -18.2633 0 26.1308 a b 1.54236 3 0
0 0 -18.2362 0 26.1302 a b 1.54379 3 0
0 0 -18.2102 0 26.1249 a b 1.54994 3 0
0 0 -18.1846 0 26.1289 a b 1.55389 3 0
0 0 -18.1587 0 26.133 a b 1.5562 3 0
0 0 -18.1293 0 26.133 a b 1.55597 3 0
0 0 -18.098 0 26.1313 a b 1.5592 3 0
0 0 -18.0676 0 26.1333 a b 1.56197 3 0
0 0 -18.033 0 26.1345 a b 1.56501 3 0
0 0 -17.9963 0 26.1341 a b 1.56503 3 0
0 0 -17.9622 0 26.1307 a b 1.56799 3 0
0 0 -17.9331 0 26.1358 a b 1.57012 3 0
0 0 -17.9041 0 26.1368 a b 1.5716 3 0
0 0 -17.8719 0 26.1358 a b 1.57071 3 0
0 0 -17.8414 0 26.1347 a b 1.57414 3 0
0 0 -17.8199 0 26.138 a b 1.57771 3 0
0 0 -17.797 0 26.1421 a b 1.57584 3 0
0 0 -17.7701 0 26.1414 a b 1.57496 3 0
0 0 -17.7452 0 26.1378 a b 1.57738 3 0
0 0 -17.7179 0 26.1348 a b 1.58038 3 0
0 0 -17.6898 0 26.1357 a b 1.58128 3 0
0 0 -17.6628 0 26.137 a b 1.58246 3 0
0 0 -17.6349 0 26.1371 a b 1.58394 3 0
0 0 -17.6035 0 26.1366 a b 1.58671 3 0
0 0 -17.5729 0 26.138 a b 1.58724 3 0
0 0 -17.5376 0 26.1388 a b 1.59029 3 0
0 0 -17.5018 0 26.1418 a b 1.59111 3 0
0 0 -17.4693 0 26.142 a b 1.59225 3 0
0 0 -17.4369 0 26.1397 a b 1.59222 3 0
0 0 -17.4088 0 26.1403 a b 1.5941 3 0
0 0 -17.3785 0 26.1428 a b 1.59504 3 0
0 0 -17.3501 0 26.1436 a b 1.59496 3 0
0 0 -17.3224 0 26.1473 a b 1.59721 3 0
0 0 -17.2958 0 26.1464 a b 1.59962 3 0
0 0 -17.2693 0 26.1452 a b 1.60016 3 0
0 0 -17.2428 0 26.1446 a b 1.59997 3 0
0 0 -17.2167 0 26.1452 a b 1.60023 3 0
0 0 -17.1879 0 26.1427 a b 1.60327 3 0
0 0 -17.158 0 26.1426 a b 1.60448 3 0
0 0 -17.1277 0 26.1406 a b 1.60464 3 0
0 0 -17.0908 0 26.141 a b 1.60533 3 0
0 0 -17.0598 0 26.1402 a b 1.60715 3 0
0 0 -17.0331 0 26.1375 a b 1.61023 3 0
0 0 -17.0033 0 26.1356 a b 1.61005 3 0
0 0 -16.9759 0 26.1362 a b 1.60967 3 0
0 0 -16.9466 0 26.135 a b 1.612 3 0
0 0 -16.9147 0 26.1356 a b 1.61464 3 0
0 0 -16.8847 0 26.135 a b 1.61578 3 0
0 0 -16.8549 0 26.1356 a b 1.61481 3 0
0 0 -16.8254 0 26.1357 a b 1.6141 3 0
0 0 -16.7958 0 26.1398 a b 1.61627 3 0
0 0 -16.7656 0 26.1387 a b 1.61658 3 0
0 0 -16.7357 0 26.1366 a b 1.61596 3 0
0 0 -16.7017 0 26.1378 a b 1.61786 3 0
0 0 -16.6655 0 26.1403 a b 1.61579 3 0
0 0 -16.6339 0 26.1388 a b 1.61679 3 0
0 0 -16.6053 0 26.1386 a b 1.61699 3 0
0 0 -16.5782 0 26.1361 a b 1.61631 3 0
0 0 -16.5516 0 26.1349 a b 1.61454 3 0
0 0 -16.522 0 26.1382 a b 1.61514 3 0
0 0 -16.4901 0 26.1364 a b 1.61584 3 0
0 0 -16.4639 0 26.1336 a b 1.61765 3 0
0 0 -16.439 0 26.1314 a b 1.61534 3 0
0 0 -16.4117 0 26.1325 a b 1.61586 3 0
0 0 -16.3829 0 26.1301 a b 1.61704 3 0
0 0 -16.3546 0 26.1308 a b 1.61669 3 0
0 0 -16.3231 0 26.1317 a b 1.61652 3 0
0 0 -16.2933 0 26.1284 a b 1.61331 3 0
0 0 -16.2675 0 26.1273 a b 1.6132 3 0
0 0 -16.238 0 26.1267 a b 1.61254 3 0
0 0 -16.2068 0 26.1287 a b 1.61044 3 0
0 0 -16.1775 0 26.1304 a b 1.60778 3 0
0 0 -16.1555 0 26.126 a b 1.6064 3 0
0 0 -16.1293 0 26.1216 a b 1.60601 3 0
0 0 -16.0995 0 26.1241 a b 1.60527 3 0
0 0 -16.0706 0 26.1263 a b 1.60556 3 0
0 0 -16.0412 0 26.1254 a b 1.60375 3 0
0 0 -16.0155 0 26.1215 a b 1.60161 3 0
0 0 -15.9882 0 26.1218 a b 1.60143 3 0
0 0 -15.9619 0 26.1247 a b 1.60109 3 0
0 0 -15.9305 0 26.123 a b 1.59953 3 0
0 0 -15.9026 0 26.1277 a b 1.59669 3 0
0 0 -15.8712 0 26.1293 a b 1.59557 3 0
0 0 -15.8389 0 26.1265 a b 1.59458 3 0
0 0 -15.8069 0 26.1303 a b 1.59325 3 0
0 0 -15.7726 0 26.1284 a b 1.59143 3 0
0 0 -15.7419 0 26.1273 a b 1.58963 3 0
0 0 -15.7092 0 26.1258 a b 1.58799 3 0
0 0 -15.6783 0 26.1276 a b 1.58706 3 0
0 0 -15.6484 0 26.1276 a b 1.58406 3 0
0 0 -15.617 0 26.1256 a b 1.5826 3 0
0 0 -15.5877 0 26.1267 a b 1.58118 3 0
0 0 -15.5598 0 26.1273 a b 1.58083 3 0
0 0 -15.537 0 26.1264 a b 1.5791 3 0
0 0 -15.5151 0 26.1258 a b 1.57757 3 0
0 0 -15.4882 0 26.1247 a b 1.57664 3 0
0 0 -15.4585 0 26.1265 a b 1.57607 3 0
0 0 -15.4332 0 26.1272 a b 1.57457 3 0
0 0 -15.404 0 26.1285 a b 1.57242 3 0
0 0 -15.3738 0 26.1274 a b 1.57063 3 0
0 0 -15.3461 0 26.1252 a b 1.56997 3 0
0 0 -15.3155 0 26.128 a b 1.56903 3 0
0 0 -15.2847 0 26.1249 a b 1.56774 3 0
0 0 -15.2556 0 26.1286 a b 1.56448 3 0
0 0 -15.2244 0 26.1318 a b 1.5629 3 0
0 0 -15.1918 0 26.1302 a b 1.56114 3 0
0 0 -15.1579 0 26.1308 a b 1.56087 3 0
0 0 -15.1277 0 26.1386 a b 1.55769 3 0
0 0 -15.0977 0 26.1343 a b 1.55493 3 0
0 0 -15.0676 0 26.1342 a b 1.5535 3 0
0 0 -15.0386 0 26.1311 a b 1.55199 3 0
0 0 -15.0112 0 26.1313 a b 1.55061 3 0
0 0 -14.9817 0 26.1343 a b 1.54914 3 0
0 0 -14.9519 0 26.1336 a b 1.54805 3 0
0 0 -14.9259 0 26.1363 a b 1.54625 3 0
0 0 -14.8993 0 26.1363 a b 1.54548 3 0
0 0 -14.8728 0 26.1334 a b 1.54457 3 0
0 0 -14.8452 0 26.1352 a b 1.54304 3 0
0 0 -14.8176 0 26.136 a b 1.54036 3 0
0 0 -14.7951 0 26.1382 a b 1.53985 3 0
0 0 -14.7696 0 26.1401 a b 1.53817 3 0
0 0 -14.7386 0 26.1431 a b 1.53672 3 0
0 0 -14.7108 0 26.1434 a b 1.53426 3 0
0 0 -14.6807 0 26.1452 a b 1.53436 3 0
0 0 -14.6498 0 26.1478 a b 1.53297 3 0
0 0 -14.6156 0 26.1532 a b 1.52926 3 0
0 0 -14.583 0 26.1537 a b 1.52704 3 0
0 0 -14.5497 0 26.1496 a b 1.52594 3 0
0 0 -14.515 0 26.154 a b 1.52424 3 0
0 0 -14.4831 0 26.158 a b 1.52214 3 0
0 0 -14.4551 0 26.1593 a b 1.52001 3 0
0 0 -14.4276 0 26.1599 a b 1.51797 3 0
0 0 -14.4008 0 26.1618 a b 1.51607 3 0
0 0 -14.3789 0 26.1619 a b 1.51561 3 0
0 0 -14.3563 0 26.1624 a b 1.51365 3 0
0 0 -14.3314 0 26.1648 a b 1.51153 3 0
0 0 -14.3055 0 26.1634 a b 1.50999 3 0
0 0 -14.2765 0 26.1655 a b 1.50866 3 0
0 0 -14.2454 0 26.1681 a b 1.50601 3 0
0 0 -14.22 0 26.1694 a b 1.5055 3 0
0 0 -14.1909 0 26.1725 a b 1.50552 3 0
0 0 -14.1569 0 26.1748 a b 1.50298 3 0
0 0 -14.1208 0 26.1769 a b 1.50097 3 0
0 0 -14.0864 0 26.179 a b 1.49781 3 0
0 0 -14.0468 0 26.1859 a b 1.49628 3 0
0 0 -14.015 0 26.1885 a b 1.49434 3 0
0 0 -13.9857 0 26.1904 a b 1.49201 3 0
0 0 -13.9553 0 26.196 a b 1.48974 3 0
0 0 -13.9286 0 26.1972 a b 1.48858 3 0
0 0 -13.9045 0 26.1987 a b 1.48727 3 0
0 0 -13.8865 0 26.2044 a b 1.48522 3 0
0 0 -13.8643 0 26.2048 a b 1.48469 3 0
0 0 -13.8448 0 26.2045 a b 1.48134 3 0
0 0 -13.8216 0 26.2096 a b 1.47918 3 0
0 0 -13.7954 0 26.2115 a b 1.48208 3 0
0 0 -13.7722 0 26.2139 a b 1.48692 3 0
0 0 -13.7431 0 26.2149 a b 1.4872 3 0
0 0 -13.7113 0 26.218 a b 1.48934 3 0
0 0 -13.6805 0 26.2194 a b 1.49247 3 0
0 0 -13.6416 0 26.2229 a b 1.49432 3 0
0 0 -13.6047 0 26.2289 a b 1.49629 3 0
0 0 -13.5721 0 26.2306 a b 1.49832 3 0
0 0 -13.5393 0 26.2367 a b 1.50014 3 0
0 0 -13.5114 0 26.2401 a b 1.50189 3 0
0 0 -13.4834 0 26.241 a b 1.50395 3 0
0 0 -13.4563 0 26.2436 a b 1.50453 3 0
0 0 -13.4304 0 26.2454 a b 1.50577 3 0
0 0 -13.4036 0 26.2489 a b 1.50753 3 0
0 0 -13.3821 0 26.2507 a b 1.5076 3 0
0 0 -13.3563 0 26.2517 a b 1.50856 3 0
0 0 -13.331 0 26.2537 a b 1.51149 3 0
0 0 -13.3049 0 26.2557 a b 1.51413 3 0
0 0 -13.2787 0 26.2542 a b 1.51668 3 0
0 0 -13.2477 0 26.2557 a b 1.52132 3 0
0 0 -13.2145 0 26.2583 a b 1.52348 3 0
0 0 -13.1863 0 26.261 a b 1.52802 3 0
0 0 -13.156 0 26.2577 a b 1.53096 3 0
0 0 -13.1222 0 26.2585 a b 1.53424 3 0
0 0 -13.0875 0 26.2584 a b 1.53691 3 0
0 0 -13.0556 0 26.2622 a b 1.5415 3 0
0 0 -13.0246 0 26.2587 a b 1.54306 3 0
0 0 -12.998 0 26.2533 a b 1.54126 3 0
0 0 -12.9722 0 26.2554 a b 1.54181 3 0
0 0 -12.9421 0 26.2614 a b 1.54491 3 0
0 0 -12.913 0 26.2635 a b 1.54526 3 0
0 0 -12.8836 0 26.2644 a b 1.54426 3 0
0 0 -12.8539 0 26.2675 a b 1.54365 3 0
0 0 -12.8227 0 26.269 a b 1.54451 3 0
0 0 -12.7924 0 26.2712 a b 1.54375 3 0
0 0 -12.7627 0 26.2728 a b 1.5427 3 0
0 0 -12.7352 0 26.2729 a b 1.5422 3 0
0 0 -12.7035 0 26.2758 a b 1.54379 3 0
0 0 -12.6752 0 26.2719 a b 1.5415 3 0
0 0 -12.6519 0 26.2708 a b 1.54196 3 0
0 0 -12.6221 0 26.2732 a b 1.54288 3 0
0 0 -12.5927 0 26.2744 a b 1.54248 3 0
0 0 -12.5639 0 26.2754 a b 1.54045 3 0
0 0 -12.5365 0 26.2793 a b 1.54179 3 0
0 0 -12.5082 0 26.2785 a b 1.54256 3 0
0 0 -12.4786 0 26.2795 a b 1.54017 3 0
0 0 -12.4526 0 26.2868 a b 1.54139 3 0
0 0 -12.4247 0 26.2877 a b 1.54128 3 0
0 0 -12.391 0 26.2902 a b 1.54091 3 0
0 0 -12.3628 0 26.2942 a b 1.54056 3 0
0 0 -12.3317 0 26.293 a b 1.53895 3 0
0 0 -12.3044 0 26.2909 a b 1.53755 3 0
0 0 -12.2787 0 26.2921 a b 1.53839 3 0
0 0 -12.2512 0 26.2992 a b 1.53747 3 0
0 0 -12.2225 0 26.2976 a b 1.53541 3 0
0 0 -12.1954 0 26.2955 a b 1.53541 3 0
0 0 -12.1658 0 26.2963 a b 1.53629 3 0
0 0 -12.136 0 26.3002 a b 1.53592 3 0
0 0 -12.1067 0 26.3066 a b 1.53439 3 0
0 0 -12.0742 0 26.308 a b 1.53352 3 0
0 0 -12.0434 0 26.3051 a b 1.53505 3 0
0 0 -12.01 0 26.3088 a b 1.53444 3 0
0 0 -11.9771 0 26.3121 a b 1.53137 3 0
0 0 -11.948 0 26.3144 a b 1.53311 3 0
0 0 -11.9174 0 26.3175 a b 1.53215 3 0
0 0 -11.8911 0 26.3171 a b 1.53007 3 0
0 0 -11.8603 0 26.3165 a b 1.52938 3 0
0 0 -11.8361 0 26.3173 a b 1.52909 3 0
0 0 -11.8121 0 26.3214 a b 1.52853 3 0
0 0 -11.7855 0 26.3206 a b 1.52625 3 0
0 0 -11.7585 0 26.3194 a b 1.52701 3 0
0 0 -11.7292 0 26.3231 a b 1.52892 3 0
0 0 -11.7006 0 26.328 a b 1.53014 3 0
0 0 -11.6699 0 26.3278 a b 1.52992 3 0
0 0 -11.6407 0 26.3316 a b 1.53128 3 0
0 0 -11.6112 0 26.33 a b 1.53229 3 0
0 0 -11.5786 0 26.3355 a b 1.53423 3 0
0 0 -11.547 0 26.3392 a b 1.5348 3 0
0 0 -11.5166 0 26.339 a b 1.53512 3 0
0 0 -11.4895 0 26.3411 a b 1.53393 3 0
0 0 -11.462 0 26.3439 a b 1.53501 3 0
0 0 -11.4389 0 26.3406 a b 1.54035 3 0
0 0 -11.4198 0 26.3389 a b 1.54682 3 0
0 0 -11.3993 0 26.3392 a b 1.54846 3 0
0 0 -11.3769 0 26.3358 a b 1.55321 3 0
0 0 -11.3582 0 26.3333 a b 1.56069 3 0
0 0 -11.331 0 26.3357 a b 1.56407 3 0
0 0 -11.3017 0 26.3333 a b 1.56585 3 0
0 0 -11.2705 0 26.3338 a b 1.56977 3 0
0 0 -11.2443 0 26.3397 a b 1.57212 3 0
0 0 -11.2119 0 26.341 a b 1.57359 3 0
0 0 -11.1731 0 26.3423 a b 1.57637 3 0
0 0 -11.1383 0 26.3468 a b 1.57871 3 0
0 0 -11.1035 0 26.3485 a b 1.58063 3 0
0 0 -11.0663 0 26.3504 a b 1.58175 3 0
0 0 -11.0337 0 26.3506 a b 1.5815 3 0
0 0 -11.003 0 26.3509 a b 1.58153 3 0
0 0 -10.9756 0 26.352 a b 1.58289 3 0
0 0 -10.9531 0 26.3523 a b 1.58313 3 0
0 0 -10.9308 0 26.3532 a b 1.58246 3 0
0 0 -10.9074 0 26.3525 a b 1.58147 3 0
0 0 -10.8837 0 26.3508 a b 1.58114 3 0
0 0 -10.8602 0 26.3491 a b 1.58426 3 0
0 0 -10.8353 0 26.3498 a b 1.58456 3 0
0 0 -10.8083 0 26.3461 a b 1.58309 3 0
0 0 -10.7803 0 26.3451 a b 1.5829 3 0
0 0 -10.7505 0 26.3462 a b 1.58259 3 0
0 0 -10.7108 0 26.3466 a b 1.58479 3 0
0 0 -10.6727 0 26.348 a b 1.58455 3 0
0 0 -10.6376 0 26.3463 a b 1.58259 3 0
0 0 -10.5989 0 26.3483 a b 1.58203 3 0
0 0 -10.5625 0 26.3471 a b 1.58415 3 0
0 0 -10.5315 0 26.3459 a b 1.58379 3 0
0 0 -10.501 0 26.3493 a b 1.58243 3 0
0 0 -10.4755 0 26.3516 a b 1.58222 3 0
0 0 -10.4463 0 26.3508 a b 1.58269 3 0
0 0 -10.42 0 26.3516 a b 1.58149 3 0
0 0 -10.3941 0 26.353 a b 1.58109 3 0
0 0 -10.3711 0 26.3505 a b 1.58103 3 0
0 0 -10.3477 0 26.3488 a b 1.5803 3 0
0 0 -10.3246 0 26.3499 a b 1.58071 3 0
0 0 -10.2966 0 26.3506 a b 1.58002 3 0
0 0 -10.2711 0 26.3483 a b 1.57805 3 0
0 0 -10.2389 0 26.3462 a b 1.5776 3 0
0 0 -10.2056 0 26.3478 a b 1.57842 3 0
0 0 -10.1756 0 26.3476 a b 1.57977 3 0
0 0 -10.1457 0 26.3437 a b 1.57644 3 0
0 0 -10.1146 0 26.3421 a b 1.57663 3 0
0 0 -10.0817 0 26.3421 a b 1.57561 3 0
0 0 -10.0473 0 26.3438 a b 1.57741 3 0
0 0 -10.015 0 26.3415 a b 1.57772 3 0
0 0 -9.9876 0 26.3402 a b 1.57371 3 0
0 0 -9.95944 0 26.3397 a b 1.57142 3 0
0 0 -9.93186 0 26.3392 a b 1.57207 3 0
0 0 -9.90349 0 26.3401 a b 1.57245 3 0
0 0 -9.87665 0 26.341 a b 1.57135 3 0
0 0 -9.84986 0 26.3425 a b 1.56896 3 0
0 0 -9.82576 0 26.3417 a b 1.56809 3 0
0 0 -9.799 0 26.3405 a b 1.5689 3 0
0 0 -9.77382 0 26.3415 a b 1.56819 3 0
0 0 -9.74484 0 26.3397 a b 1.56642 3 0
0 0 -9.7134 0 26.342 a b 1.56548 3 0
0 0 -9.68372 0 26.3424 a b 1.56569 3 0
0 0 -9.65216 0 26.3434 a b 1.56613 3 0
0 0 -9.62087 0 26.3431 a b 1.56382 3 0
0 0 -9.58855 0 26.3433 a b 1.56383 3 0
0 0 -9.55556 0 26.3456 a b 1.56514 3 0
0 0 -9.5244 0 26.3462 a b 1.5649 3 0
0 0 -9.49705 0 26.3454 a b 1.56195 3 0
0 0 -9.46679 0 26.3464 a b 1.56021 3 0
0 0 -9.43478 0 26.3437 a b 1.5607 3 0
0 0 -9.40541 0 26.3459 a b 1.56038 3 0
0 0 -9.37728 0 26.3462 a b 1.55966 3 0
0 0 -9.34898 0 26.3458 a b 1.55913 3 0
0 0 -9.32154 0 26.3429 a b 1.55641 3 0
0 0 -9.29635 0 26.3424 a b 1.55673 3 0
0 0 -9.2721 0 26.34 a b 1.55517 3 0
0 0 -9.24419 0 26.3421 a b 1.55575 3 0
0 0 -9.21686 0 26.3465 a b 1.55358 3 0
0 0 -9.18894 0 26.3485 a b 1.5522 3 0
0 0 -9.15609 0 26.3491 a b 1.54969 3 0
0 0 -9.12574 0 26.3508 a b 1.55021 3 0
0 0 -9.09097 0 26.3516 a b 1.54988 3 0
0 0 -9.05523 0 26.3518 a b 1.54797 3 0
0 0 -9.02791 0 26.353 a b 1.54575 3 0
0 0 -8.99849 0 26.3537 a b 1.54631 3 0
0 0 -8.96326 0 26.3571 a b 1.54606 3 0
0 0 -8.92881 0 26.3633 a b 1.54326 3 0
0 0 -8.89955 0 26.3617 a b 1.54418 3 0
0 0 -8.8733 0 26.3647 a b 1.54421 3 0
0 0 -8.84371 0 26.366 a b 1.54252 3 0
0 0 -8.81555 0 26.3693 a b 1.54195 3 0
0 0 -8.7864 0 26.3691 a b 1.53997 3 0
0 0 -8.75844 0 26.3691 a b 1.53981 3 0
0 0 -8.72941 0 26.3705 a b 1.54158 3 0
0 0 -8.70447 0 26.3756 a b 1.54024 3 0
0 0 -8.67928 0 26.373 a b 1.53729 3 0
0 0 -8.64923 0 26.3697 a b 1.537 3 0
0 0 -8.61875 0 26.3702 a b 1.53715 3 0
0 0 -8.59023 0 26.3703 a b 1.53605 3 0
0 0 -8.56248 0 26.3734 a b 1.53502 3 0
0 0 -8.53764 0 26.3746 a b 1.53302 3 0
0 0 -8.5071 0 26.3769 a b 1.53223 3 0
0 0 -8.47906 0 26.3792 a b 1.53148 3 0
0 0 -8.44852 0 26.383 a b 1.53207 3 0
0 0 -8.42045 0 26.3896 a b 1.52964 3 0
0 0 -8.39145 0 26.3906 a b 1.52766 3 0
0 0 -8.36305 0 26.3899 a b 1.52703 3 0
0 0 -8.33364 0 26.3893 a b 1.52608 3 0
0 0 -8.30642 0 26.3932 a b 1.52515 3 0
0 0 -8.27835 0 26.3965 a b 1.52228 3 0
0 0 -8.2472 0 26.392 a b 1.52034 3 0
0 0 -8.22136 0 26.387 a b 1.51982 3 0
0 0 -8.19022 0 26.3887 a b 1.51844 3 0
0 0 -8.16112 0 26.3899 a b 1.51649 3 0
0 0 -8.13508 0 26.3894 a b 1.51311 3 0
0 0 -8.10526 0 26.3882 a b 1.51494 3 0
0 0 -8.07363 0 26.3933 a b 1.51332 3 0
0 0 -8.04358 0 26.3982 a b 1.50966 3 0
0 0 -8.01558 0 26.3993 a b 1.51066 3 0
0 0 -7.98582 0 26.398 a b 1.50886 3 0
0 0 -7.95521 0 26.3953 a b 1.5088 3 0
0 0 -7.92347 0 26.4013 a b 1.50711 3 0
0 0 -7.89134 0 26.4018 a b 1.50478 3 0
0 0 -7.85782 0 26.402 a b 1.5042 3 0
0 0 -7.82714 0 26.4048 a b 1.50368 3 0
0 0 -7.79688 0 26.4124 a b 1.50328 3 0
0 0 -7.76759 0 26.4163 a b 1.50225 3 0
0 0 -7.73951 0 26.4146 a b 1.49873 3 0
0 0 -7.71037 0 26.4173 a b 1.49779 3 0
0 0 -7.67898 0 26.4201 a b 1.49831 3 0
0 0 -7.65097 0 26.4242 a b 1.49785 3 0
0 0 -7.61923 0 26.426 a b 1.49446 3 0
0 0 -7.59334 0 26.427 a b 1.49234 3 0
0 0 -7.56676 0 26.4306 a b 1.4924 3 0
0 0 -7.53662 0 26.4334 a b 1.49119 3 0
0 0 -7.50999 0 26.437 a b 1.48929 3 0
0 0 -7.48408 0 26.437 a b 1.48726 3 0
0 0 -7.45956 0 26.4369 a b 1.48566 3 0
0 0 -7.43694 0 26.4396 a b 1.48726 3 0
0 0 -7.40641 0 26.4439 a b 1.4873 3 0
0 0 -7.37486 0 26.4501 a b 1.48551 3 0
0 0 -7.34324 0 26.4518 a b 1.48294 3 0
0 0 -7.31436 0 26.4519 a b 1.48345 3 0
0 0 -7.28363 0 26.4532 a b 1.48304 3 0
0 0 -7.25971 0 26.4566 a b 1.48189 3 0
0 0 -7.23164 0 26.4622 a b 1.48129 3 0
0 0 -7.20564 0 26.4679 a b 1.48239 3 0
0 0 -7.18135 0 26.4679 a b 1.48546 3 0
0 0 -7.15679 0 26.4709 a b 1.48688 3 0
0 0 -7.128 0 26.4775 a b 1.48558 3 0
0 0 -7.10044 0 26.4794 a b 1.48732 3 0
0 0 -7.07294 0 26.4785 a b 1.49026 3 0
0 0 -7.04617 0 26.478 a b 1.49231 3 0
0 0 -7.01581 0 26.4805 a b 1.49431 3 0
0 0 -6.98182 0 26.4843 a b 1.49836 3 0
0 0 -6.95149 0 26.4835 a b 1.50457 3 0
0 0 -6.92092 0 26.4854 a b 1.50779 3 0
0 0 -6.88989 0 26.4861 a b 1.51359 3 0
0 0 -6.86253 0 26.4843 a b 1.51676 3 0
0 0 -6.8341 0 26.4878 a b 1.51937 3 0
0 0 -6.80737 0 26.4894 a b 1.52404 3 0
0 0 -6.77484 0 26.4894 a b 1.5283 3 0
0 0 -6.74345 0 26.4896 a b 1.53198 3 0
0 0 -6.71917 0 26.4933 a b 1.53677 3 0
0 0 -6.69543 0 26.4946 a b 1.54034 3 0
0 0 -6.6717 0 26.4914 a b 1.54527 3 0
0 0 -6.64639 0 26.4897 a b 1.54956 3 0
0 0 -6.62165 0 26.4942 a b 1.55443 3 0
0 0 -6.59127 0 26.4951 a b 1.55908 3 0
0 0 -6.5641 0 26.4937 a b 1.56403 3 0
0 0 -6.53616 0 26.492 a b 1.57122 3 0
0 0 -6.50249 0 26.4934 a b 1.57459 3 0
0 0 -6.46939 0 26.492 a b 1.57626 3 0
0 0 -6.4423 0 26.4903 a b 1.58065 3 0
0 0 -6.41292 0 26.4897 a b 1.58317 3 0
0 0 -6.38022 0 26.4914 a b 1.58327 3 0
0 0 -6.34947 0 26.4949 a b 1.58362 3 0
0 0 -6.32045 0 26.4934 a b 1.5842 3 0
0 0 -6.29489 0 26.4923 a b 1.58452 3 0
0 0 -6.26245 0 26.4876 a b 1.58511 3 0
0 0 -6.23504 0 26.4882 a b 1.58679 3 0
0 0 -6.21081 0 26.488 a b 1.58527 3 0
0 0 -6.18397 0 26.4853 a b 1.58465 3 0
0 0 -6.15701 0 26.4833 a b 1.5865 3 0
0 0 -6.12959 0 26.4827 a b 1.58694 3 0
0 0 -6.1018 0 26.4848 a b 1.58798 3 0
0 0 -6.07299 0 26.4857 a b 1.58942 3 0
0 0 -6.04361 0 26.4864 a b 1.58984 3 0
0 0 -6.0146 0 26.4833 a b 1.58872 3 0
0 0 -5.98631 0 26.4822 a b 1.58916 3 0
0 0 -5.95823 0 26.4809 a b 1.59101 3 0
0 0 -5.92721 0 26.4819 a b 1.59317 3 0
0 0 -5.8943 0 26.4863 a b 1.59364 3 0
0 0 -5.85805 0 26.4904 a b 1.59442 3 0
0 0 -5.82397 0 26.4904 a b 1.5942 3 0
0 0 -5.79487 0 26.487 a b 1.59604 3 0
0 0 -5.76362 0 26.486 a b 1.59456 3 0
0 0 -5.73091 0 26.4875 a b 1.59631 3 0
0 0 -5.70293 0 26.489 a b 1.59624 3 0
0 0 -5.67598 0 26.4889 a b 1.59545 3 0
0 0 -5.6521 0 26.4895 a b 1.59564 3 0
0 0 -5.62216 0 26.4884 a b 1.59727 3 0
0 0 -5.5944 0 26.4883 a b 1.59714 3 0
0 0 -5.56824 0 26.4915 a b 1.59758 3 0
0 0 -5.54268 0 26.4903 a b 1.59771 3 0
0 0 -5.51364 0 26.4862 a b 1.59729 3 0
0 0 -5.48553 0 26.4814 a b 1.59711 3 0
0 0 -5.4571 0 26.4827 a b 1.5969 3 0
0 0 -5.42759 0 26.4826 a b 1.59657 3 0
0 0 -5.39911 0 26.4807 a b 1.59689 3 0
0 0 -5.36771 0 26.4767 a b 1.59673 3 0
0 0 -5.33832 0 26.4746 a b 1.59775 3 0
0 0 -5.31049 0 26.4745 a b 1.59718 3 0
0 0 -5.28322 0 26.4734 a b 1.5976 3 0
0 0 -5.2516 0 26.4744 a b 1.5963 3 0
0 0 -5.21938 0 26.4741 a b 1.59448 3 0
0 0 -5.1904 0 26.4703 a b 1.5936 3 0
0 0 -5.16026 0 26.469 a b 1.59336 3 0
0 0 -5.12967 0 26.4697 a b 1.59388 3 0
0 0 -5.09899 0 26.469 a b 1.59305 3 0
0 0 -5.06535 0 26.4714 a b 1.5923 3 0
0 0 -5.03597 0 26.4682 a b 1.59206 3 0
0 0 -5.0051 0 26.4652 a b 1.59123 3 0
0 0 -4.97642 0 26.4703 a b 1.59234 3 0
0 0 -4.94508 0 26.4759 a b 1.59158 3 0
0 0 -4.91575 0 26.4739 a b 1.59065 3 0
0 0 -4.88574 0 26.4733 a b 1.59279 3 0
0 0 -4.86063 0 26.4726 a b 1.59107 3 0
0 0 -4.82844 0 26.4755 a b 1.5844 3 0
0 0 -4.79945 0 26.4781 a b 1.57786 3 0
0 0 -4.77026 0 26.4765 a b 1.57334 3 0
0 0 -4.74273 0 26.4792 a b 1.56784 3 0
0 0 -4.71323 0 26.4775 a b 1.5587 3 0
0 0 -4.68498 0 26.4761 a b 1.55172 3 0
0 0 -4.65262 0 26.4791 a b 1.54715 3 0
0 0 -4.62334 0 26.4786 a b 1.54 3 0
0 0 -4.59175 0 26.4781 a b 1.53669 3 0
0 0 -4.56379 0 26.4793 a b 1.53287 3 0
0 0 -4.53577 0 26.4789 a b 1.52807 3 0
0 0 -4.5059 0 26.478 a b 1.527 3 0
0 0 -4.47837 0 26.4794 a b 1.52585 3 0
0 0 -4.45148 0 26.4872 a b 1.52256 3 0
0 0 -4.42904 0 26.4892 a b 1.5187 3 0
0 0 -4.40578 0 26.4913 a b 1.5166 3 0
0 0 -4.38475 0 26.4885 a b 1.51349 3 0
0 0 -4.3527 0 26.4922 a b 1.51266 3 0
0 0 -4.33093 0 26.4957 a b 1.50991 3 0
0 0 -4.30876 0 26.4986 a b 1.50551 3 0
0 0 -4.28131 0 26.5003 a b 1.50597 3 0
0 0 -4.24978 0 26.4994 a b 1.50524 3 0
0 0 -4.22075 0 26.4987 a b 1.50484 3 0
0 0 -4.19166 0 26.5008 a b 1.50491 3 0
0 0 -4.16098 0 26.5027 a b 1.50713 3 0
0 0 -4.1303 0 26.5042 a b 1.50839 3 0
0 0 -4.09544 0 26.5067 a b 1.50824 3 0
0 0 -4.06527 0 26.5081 a b 1.50792 3 0
0 0 -4.03111 0 26.5084 a b 1.50951 3 0
0 0 -3.99674 0 26.5097 a b 1.50966 3 0
0 0 -3.96813 0 26.515 a b 1.50785 3 0
0 0 -3.9397 0 26.5215 a b 1.50643 3 0
0 0 -3.90948 0 26.5223 a b 1.50557 3 0
0 0 -3.88659 0 26.5222 a b 1.50838 3 0
0 0 -3.86431 0 26.5213 a b 1.50776 3 0
0 0 -3.84259 0 26.5234 a b 1.50602 3 0
0 0 -3.81964 0 26.5274 a b 1.50553 3 0
0 0 -3.79613 0 26.5256 a b 1.50956 3 0
0 0 -3.7702 0 26.5208 a b 1.51135 3 0
0 0 -3.74491 0 26.52 a b 1.51053 3 0
0 0 -3.71232 0 26.5254 a b 1.51636 3 0
0 0 -3.68063 0 26.5246 a b 1.52113 3 0
0 0 -3.64506 0 26.5257 a b 1.52204 3 0
0 0 -3.60558 0 26.5298 a b 1.52423 3 0
0 0 -3.56726 0 26.5307 a b 1.52715 3 0
0 0 -3.52879 0 26.5329 a b 1.53145 3 0
0 0 -3.49496 0 26.5354 a b 1.53317 3 0
0 0 -3.46254 0 26.5375 a b 1.53289 3 0
0 0 -3.43044 0 26.5399 a b 1.53304 3 0
0 0 -3.40185 0 26.5403 a b 1.53322 3 0
0 0 -3.37772 0 26.5401 a b 1.53461 3 0
0 0 -3.35305 0 26.54 a b 1.53309 3 0
0 0 -3.33217 0 26.5453 a b 1.53282 3 0
0 0 -3.30772 0 26.5461 a b 1.53326 3 0
0 0 -3.28578 0 26.5424 a b 1.5315 3 0
0 0 -3.26328 0 26.5447 a b 1.53114 3 0
0 0 -3.23783 0 26.5444 a b 1.53301 3 0
0 0 -3.21018 0 26.5467 a b 1.53129 3 0
0 0 -3.18296 0 26.5494 a b 1.53045 3 0
0 0 -3.15076 0 26.5512 a b 1.52944 3 0
0 0 -3.1189 0 26.5544 a b 1.52858 3 0
0 0 -3.08899 0 26.5586 a b 1.52973 3 0
0 0 -3.05278 0 26.5601 a b 1.52927 3 0
0 0 -3.01724 0 26.5603 a b 1.52713 3 0
0 0 -2.9858 0 26.5595 a b 1.52537 3 0
0 0 -2.95748 0 26.56 a b 1.52292 3 0
0 0 -2.92507 0 26.5613 a b 1.52223 3 0
0 0 -2.89615 0 26.5657 a b 1.52106 3 0
0 0 -2.86461 0 26.5712 a b 1.52193 3 0
0 0 -2.83603 0 26.5683 a b 1.51962 3 0
0 0 -2.80981 0 26.5645 a b 1.51677 3 0
0 0 -2.78237 0 26.5628 a b 1.51554 3 0
0 0 -2.75242 0 26.5648 a b 1.51597 3 0
0 0 -2.72668 0 26.5699 a b 1.51715 3 0
0 0 -2.70149 0 26.5733 a b 1.51511 3 0
0 0 -2.67805 0 26.5757 a b 1.51404 3 0
0 0 -2.6573 0 26.5754 a b 1.51343 3 0
0 0 -2.63151 0 26.5741 a b 1.51458 3 0
0 0 -2.60169 0 26.578 a b 1.5132 3 0
0 0 -2.56672 0 26.5788 a b 1.51234 3 0
0 0 -2.53387 0 26.5834 a b 1.51206 3 0
0 0 -2.50278 0 26.584 a b 1.51019 3 0
0 0 -2.46962 0 26.5829 a b 1.50922 3 0
0 0 -2.43687 0 26.5845 a b 1.50947 3 0
0 0 -2.40216 0 26.5897 a b 1.50805 3 0
0 0 -2.36472 0 26.5958 a b 1.50561 3 0
0 0 -2.32832 0 26.5972 a b 1.50317 3 0
0 0 -2.29877 0 26.5984 a b 1.50397 3 0
0 0 -2.26954 0 26.599 a b 1.50735 3 0
0 0 -2.2404 0 26.6016 a b 1.51065 3 0
0 0 -2.21657 0 26.6036 a b 1.51161 3 0
0 0 -2.19441 0 26.6018 a b 1.51505 3 0
0 0 -2.17471 0 26.6014 a b 1.51661 3 0
0 0 -2.15414 0 26.5998 a b 1.51685 3 0
0 0 -2.13274 0 26.6016 a b 1.52038 3 0
0 0 -2.11006 0 26.603 a b 1.52318 3 0
0 0 -2.08563 0 26.6022 a b 1.52473 3 0
0 0 -2.0589 0 26.6061 a b 1.52695 3 0
0 0 -2.03033 0 26.6081 a b 1.52902 3 0
0 0 -1.99705 0 26.6088 a b 1.5324 3 0
0 0 -1.96431 0 26.612 a b 1.5371 3 0
0 0 -1.92803 0 26.6156 a b 1.54281 3 0
0 0 -1.88963 0 26.621 a b 1.54465 3 0
0 0 -1.8533 0 26.6188 a b 1.54723 3 0
0 0 -1.81741 0 26.6204 a b 1.55135 3 0
0 0 -1.7816 0 26.6253 a b 1.55258 3 0
0 0 -1.74634 0 26.6271 a b 1.55647 3 0
0 0 -1.71516 0 26.6283 a b 1.5559 3 0
0 0 -1.68999 0 26.6282 a b 1.55386 3 0
0 0 -1.66503 0 26.6293 a b 1.55488 3 0
0 0 -1.64447 0 26.6273 a b 1.55573 3 0
0 0 -1.62429 0 26.6285 a b 1.5548 3 0
0 0 -1.60158 0 26.6272 a b 1.55488 3 0
0 0 -1.57994 0 26.6293 a b 1.5549 3 0
0 0 -1.55694 0 26.6302 a b 1.55496 3 0
0 0 -1.52928 0 26.6265 a b 1.55385 3 0
0 0 -1.49953 0 26.6247 a b 1.55412 3 0
0 0 -1.47057 0 26.6311 a b 1.55272 3 0
0 0 -1.43561 0 26.6338 a b 1.55168 3 0
0 0 -1.39863 0 26.6332 a b 1.55234 3 0
0 0 -1.36368 0 26.6336 a b 1.55045 3 0
0 0 -1.32907 0 26.6307 a b 1.54721 3 0
0 0 -1.29284 0 26.6272 a b 1.54592 3 0
0 0 -1.26084 0 26.6311 a b 1.54415 3 0
0 0 -1.22914 0 26.6319 a b 1.54218 3 0
0 0 -1.19952 0 26.6286 a b 1.54071 3 0
0 0 -1.17389 0 26.6289 a b 1.54042 3 0
0 0 -1.14797 0 26.6331 a b 1.53717 3 0
0 0 -1.12596 0 26.6358 a b 1.53679 3 0
0 0 -1.10375 0 26.6355 a b 1.53521 3 0
0 0 -1.08258 0 26.6366 a b 1.53274 3 0
0 0 -1.06102 0 26.6361 a b 1.53227 3 0
0 0 -1.03276 0 26.6391 a b 1.53281 3 0
0 0 -1.00481 0 26.643 a b 1.53042 3 0
0 0 -0.973482 0 26.6423 a b 1.52846 3 0
0 0 -0.939115 0 26.6447 a b 1.52866 3 0
0 0 -0.906512 0 26.6481 a b 1.52676 3 0
0 0 -0.871248 0 26.6537 a b 1.52525 3 0
0 0 -0.839479 0 26.6573 a b 1.52522 3 0
0 0 -0.805487 0 26.66 a b 1.52209 3 0
0 0 -0.778592 0 26.6601 a b 1.51968 3 0
0 0 -0.748812 0 26.6607 a b 1.51996 3 0
0 0 -0.718909 0 26.6607 a b 1.52037 3 0
0 0 -0.689272 0 26.6622 a b 1.51963 3 0
0 0 -0.665848 0 26.6644 a b 1.51851 3 0
0 0 -0.638829 0 26.6665 a b 1.5173 3 0
0 0 -0.616012 0 26.6689 a b 1.51531 3 0
0 0 -0.590003 0 26.6721 a b 1.51481 3 0
0 0 -0.563133 0 26.6728 a b 1.51182 3 0
0 0 -0.530491 0 26.6714 a b 1.51125 3 0
0 0 -0.499848 0 26.6742 a b 1.51002 3 0
0 0 -0.470962 0 26.6765 a b 1.50928 3 0
0 0 -0.438677 0 26.68 a b 1.50464 3 0
0 0 -0.406407 0 26.6836 a b 1.50444 3 0
0 0 -0.370522 0 26.6848 a b 1.50579 3 0
0 0 -0.340707 0 26.6868 a b 1.50493 3 0
0 0 -0.3132 0 26.6882 a b 1.50006 3 0
0 0 -0.282365 0 26.6913 a b 1.49596 3 0
0 0 -0.250285 0 26.6971 a b 1.49912 3 0
0 0 -0.22416 0 26.698 a b 1.50209 3 0
0 0 -0.191841 0 26.7045 a b 1.50506 3 0
0 0 -0.163026 0 26.7084 a b 1.5143 3 0
0 0 -0.136197 0 26.7088 a b 1.52619 3 0
0 0 -0.110705 0 26.7085 a b 1.53278 3 0
0 0 -0.0853712 0 26.7116 a b 1.54496 3 0
0 0 -0.0615708 0 26.7072 a b 1.55507 3 0
0 0 -0.0365511 0 26.706 a b 1.56276 3 0
0 0 -0.0107726 0 26.7001 a b 1.57072 3 0
0 0 0.0152666 0 26.6951 a b 1.57632 3 0
0 0 0.0500295 0 26.6961 a b 1.57606 3 0
0 0 0.0801795 0 26.6974 a b 1.57774 3 0
0 0 0.108373 0 26.6973 a b 1.57897 3 0
0 0 0.137341 0 26.6946 a b 1.57887 3 0
0 0 0.16815 0 26.6969 a b 1.57941 3 0
0 0 0.197414 0 26.701 a b 1.58195 3 0
0 0 0.230925 0 26.6976 a b 1.58112 3 0
0 0 0.259904 0 26.6966 a b 1.58096 3 0
0 0 0.289246 0 26.6974 a b 1.58179 3 0
0 0 0.315301 0 26.697 a b 1.58133 3 0
0 0 0.34213 0 26.6982 a b 1.58041 3 0
0 0 0.372373 0 26.6963 a b 1.581 3 0
0 0 0.401022 0 26.6951 a b 1.58046 3 0
0 0 0.432199 0 26.6984 a b 1.57972 3 0
0 0 0.461338 0 26.6991 a b 1.57801 3 0
0 0 0.487056 0 26.698 a b 1.57768 3 0
0 0 0.510088 0 26.695 a b 1.57609 3 0
0 0 0.536362 0 26.6935 a b 1.57576 3 0
0 0 0.561226 0 26.6926 a b 1.57487 3 0
0 0 0.590876 0 26.6934 a b 1.57527 3 0
0 0 0.619683 0 26.6949 a b 1.57456 3 0
0 0 0.651362 0 26.6975 a b 1.57418 3 0
0 0 0.682835 0 26.6977 a b 1.57457 3 0
0 0 0.718782 0 26.6998 a b 1.57487 3 0
0 0 0.748265 0 26.6987 a b 1.57369 3 0
0 0 0.780226 0 26.7011 a b 1.57343 3 0
0 0 0.813142 0 26.7018 a b 1.57395 3 0
0 0 0.843545 0 26.7015 a b 1.57186 3 0
0 0 0.874767 0 26.701 a b 1.5707 3 0
0 0 0.903559 0 26.7005 a b 1.57055 3 0
0 0 0.934556 0 26.7022 a b 1.5706 3 0
0 0 0.960735 0 26.7037 a b 1.56856 3 0
0 0 0.988024 0 26.7021 a b 1.56758 3 0
0 0 1.01576 0 26.7019 a b 1.56678 3 0
0 0 1.0419 0 26.7007 a b 1.56369 3 0
0 0 1.07072 0 26.7022 a b 1.56411 3 0
0 0 1.10192 0 26.7021 a b 1.56536 3 0
0 0 1.133 0 26.7053 a b 1.56204 3 0
0 0 1.15941 0 26.7046 a b 1.56244 3 0
0 0 1.18735 0 26.7055 a b 1.56086 3 0
0 0 1.22376 0 26.7089 a b 1.56288 3 0
0 0 1.25827 0 26.7114 a b 1.56217 3 0
0 0 1.29109 0 26.711 a b 1.56152 3 0
0 0 1.31982 0 26.7124 a b 1.5622 3 0
0 0 1.34835 0 26.7149 a b 1.56223 3 0
0 0 1.37902 0 26.718 a b 1.56089 3 0
0 0 1.40602 0 26.7174 a b 1.55928 3 0
0 0 1.43421 0 26.7153 a b 1.56078 3 0
0 0 1.46476 0 26.7152 a b 1.56124 3 0
0 0 1.49031 0 26.7159 a b 1.56048 3 0
0 0 1.51565 0 26.7187 a b 1.56058 3 0
0 0 1.54576 0 26.7179 a b 1.5602 3 0
0 0 1.5712 0 26.7213 a b 1.55891 3 0
0 0 1.59737 0 26.7205 a b 1.56023 3 0
0 0 1.62769 0 26.7216 a b 1.56043 3 0
0 0 1.65836 0 26.7255 a b 1.55756 3 0
0 0 1.68965 0 26.7217 a b 1.55764 3 0
0 0 1.72091 0 26.7197 a b 1.55681 3 0
0 0 1.75026 0 26.7231 a b 1.5563 3 0
0 0 1.77948 0 26.7255 a b 1.5554 3 0
0 0 1.81145 0 26.7285 a b 1.55372 3 0
0 0 1.84059 0 26.7246 a b 1.55344 3 0
0 0 1.87209 0 26.7238 a b 1.55221 3 0
0 0 1.89895 0 26.7241 a b 1.55138 3 0
0 0 1.92823 0 26.7288 a b 1.55229 3 0
0 0 1.95409 0 26.7295 a b 1.55132 3 0
0 0 1.98521 0 26.7264 a b 1.54953 3 0
0 0 2.01228 0 26.7279 a b 1.54984 3 0
0 0 2.04201 0 26.7281 a b 1.55075 3 0
0 0 2.07248 0 26.7347 a b 1.54849 3 0
0 0 2.1013 0 26.7327 a b 1.54831 3 0
0 0 2.12548 0 26.7348 a b 1.54845 3 0
0 0 2.1559 0 26.7393 a b 1.54828 3 0
0 0 2.18678 0 26.7403 a b 1.54723 3 0
0 0 2.21875 0 26.7454 a b 1.54578 3 0
0 0 2.24519 0 26.746 a b 1.54657 3 0
0 0 2.27619 0 26.7474 a b 1.54559 3 0
0 0 2.30601 0 26.752 a b 1.54445 3 0
0 0 2.33565 0 26.7502 a b 1.54373 3 0
0 0 2.36196 0 26.7517 a b 1.5431 3 0
0 0 2.39613 0 26.7539 a b 1.54409 3 0
0 0 2.42476 0 26.755 a b 1.5429 3 0
0 0 2.4527 0 26.7543 a b 1.54228 3 0
0 0 2.48385 0 26.7553 a b 1.54051 3 0
0 0 2.5166 0 26.759 a b 1.54132 3 0
0 0 2.54464 0 26.7591 a b 1.53977 3 0
0 0 2.57329 0 26.7615 a b 1.53845 3 0
0 0 2.60182 0 26.7598 a b 1.53869 3 0
0 0 2.63054 0 26.7584 a b 1.5418 3 0
0 0 2.65792 0 26.7593 a b 1.54501 3 0
0 0 2.68547 0 26.759 a b 1.54823 3 0
0 0 2.71395 0 26.7607 a b 1.55007 3 0
0 0 2.74119 0 26.761 a b 1.55274 3 0
0 0 2.76356 0 26.7579 a b 1.55376 3 0
0 0 2.78944 0 26.7592 a b 1.55693 3 0
0 0 2.8152 0 26.7625 a b 1.5611 3 0
0 0 2.84566 0 26.7641 a b 1.56271 3 0
0 0 2.8701 0 26.7641 a b 1.56506 3 0
0 0 2.89441 0 26.7627 a b 1.56677 3 0
0 0 2.92309 0 26.7646 a b 1.57203 3 0
0 0 2.95038 0 26.7632 a b 1.57357 3 0
0 0 2.97939 0 26.7637 a b 1.57473 3 0
0 0 3.00825 0 26.7622 a b 1.57817 3 0
0 0 3.03487 0 26.7614 a b 1.582 3 0
0 0 3.06111 0 26.7619 a b 1.58311 3 0
0 0 3.08669 0 26.7626 a b 1.58265 3 0
0 0 3.11445 0 26.7601 a b 1.58409 3 0
0 0 3.14371 0 26.7591 a b 1.58713 3 0
0 0 3.17144 0 26.7572 a b 1.5878 3 0
0 0 3.19965 0 26.7577 a b 1.58932 3 0
0 0 3.22916 0 26.7571 a b 1.58916 3 0
0 0 3.26143 0 26.7591 a b 1.58935 3 0
0 0 3.29545 0 26.757 a b 1.59227 3 0
0 0 3.32636 0 26.7548 a b 1.59313 3 0
0 0 3.35858 0 26.7573 a b 1.59226 3 0
0 0 3.38971 0 26.7564 a b 1.59267 3 0
0 0 3.42255 0 26.7576 a b 1.59217 3 0
0 0 3.45561 0 26.7567 a b 1.59264 3 0
0 0 3.48811 0 26.7545 a b 1.59389 3 0
0 0 3.51798 0 26.7513 a b 1.59425 3 0
0 0 3.54291 0 26.7533 a b 1.59355 3 0
0 0 3.56809 0 26.7519 a b 1.5945 3 0
0 0 3.59419 0 26.752 a b 1.59533 3 0
0 0 3.62537 0 26.7506 a b 1.59623 3 0
0 0 3.65281 0 26.7515 a b 1.59661 3 0
0 0 3.68157 0 26.7511 a b 1.59673 3 0
0 0 3.70928 0 26.7518 a b 1.59772 3 0
0 0 3.73946 0 26.7498 a b 1.59853 3 0
0 0 3.76489 0 26.7473 a b 1.59925 3 0
0 0 3.79081 0 26.7513 a b 1.60006 3 0
0 0 3.82269 0 26.7523 a b 1.60168 3 0
0 0 3.85553 0 26.755 a b 1.60224 3 0
0 0 3.88246 0 26.7544 a b 1.60113 3 0
0 0 3.91172 0 26.753 a b 1.60263 3 0
0 0 3.94183 0 26.7497 a b 1.60366 3 0
0 0 3.97073 0 26.7453 a b 1.60276 3 0
0 0 4.0002 0 26.7433 a b 1.60276 3 0
0 0 4.02508 0 26.743 a b 1.60338 3 0
0 0 4.04844 0 26.7428 a b 1.60308 3 0
0 0 4.0753 0 26.7415 a b 1.60377 3 0
0 0 4.10667 0 26.7421 a b 1.6044 3 0
0 0 4.13978 0 26.7405 a b 1.60384 3 0
0 0 4.1687 0 26.7358 a b 1.60383 3 0
0 0 4.19548 0 26.7342 a b 1.60462 3 0
0 0 4.22253 0 26.7319 a b 1.6039 3 0
0 0 4.25493 0 26.7298 a b 1.60513 3 0
0 0 4.28525 0 26.7307 a b 1.60502 3 0
0 0 4.31554 0 26.7311 a b 1.60444 3 0
0 0 4.34754 0 26.7318 a b 1.60524 3 0
0 0 4.38096 0 26.7317 a b 1.60329 3 0
0 0 4.41611 0 26.7322 a b 1.6028 3 0
0 0 4.44592 0 26.7291 a b 1.60446 3 0
0 0 4.47428 0 26.7303 a b 1.60281 3 0
0 0 4.50481 0 26.7324 a b 1.60233 3 0
0 0 4.53755 0 26.7296 a b 1.60239 3 0
0 0 4.56476 0 26.728 a b 1.60478 3 0
0 0 4.59076 0 26.7307 a b 1.60382 3 0
0 0 4.6199 0 26.7323 a b 1.60001 3 0
0 0 4.64411 0 26.7316 a b 1.5993 3 0
0 0 4.67331 0 26.7298 a b 1.59642 3 0
0 0 4.7033 0 26.7306 a b 1.59466 3 0
0 0 4.72866 0 26.733 a b 1.59389 3 0
0 0 4.75709 0 26.733 a b 1.59221 3 0
0 0 4.78786 0 26.736 a b 1.58916 3 0
0 0 4.81765 0 26.7347 a b 1.58369 3 0
0 0 4.84586 0 26.735 a b 1.58232 3 0
0 0 4.87465 0 26.7342 a b 1.57992 3 0
0 0 4.90166 0 26.7371 a b 1.57597 3 0
0 0 4.9298 0 26.7376 a b 1.57315 3 0
0 0 4.96032 0 26.7382 a b 1.56899 3 0
0 0 4.9895 0 26.7397 a b 1.56643 3 0
0 0 5.02258 0 26.737 a b 1.56335 3 0
0 0 5.05314 0 26.7377 a b 1.56185 3 0
0 0 5.08252 0 26.741 a b 1.5579 3 0
0 0 5.10881 0 26.7383 a b 1.55481 3 0
0 0 5.13995 0 26.7369 a b 1.55414 3 0
0 0 5.16985 0 26.7377 a b 1.55179 3 0
0 0 5.19553 0 26.736 a b 1.54897 3 0
0 0 5.21995 0 26.7362 a b 1.54818 3 0
0 0 5.24131 0 26.7396 a b 1.54731 3 0
0 0 5.26848 0 26.7442 a b 1.54253 3 0
0 0 5.29478 0 26.7485 a b 1.54069 3 0
0 0 5.32991 0 26.7482 a b 1.54086 3 0
0 0 5.3578 0 26.7464 a b 1.54194 3 0
0 0 5.3875 0 26.748 a b 1.5422 3 0
0 0 5.41774 0 26.7497 a b 1.5432 3 0
0 0 5.44786 0 26.7492 a b 1.54343 3 0
0 0 5.4773 0 26.7485 a b 1.54382 3 0
0 0 5.50549 0 26.7475 a b 1.54462 3 0
0 0 5.53513 0 26.7471 a b 1.54584 3 0
0 0 5.56312 0 26.7503 a b 1.54597 3 0
0 0 5.59316 0 26.7503 a b 1.54609 3 0
0 0 5.6206 0 26.7494 a b 1.54512 3 0
0 0 5.64991 0 26.7491 a b 1.54605 3 0
0 0 5.67471 0 26.7525 a b 1.54727 3 0
0 0 5.70007 0 26.7535 a b 1.54566 3 0
0 0 5.72752 0 26.7516 a b 1.54633 3 0
0 0 5.75295 0 26.7511 a b 1.5451 3 0
0 0 5.78114 0 26.7503 a b 1.54384 3 0
0 0 5.81059 0 26.7521 a b 1.54328 3 0
0 0 5.84528 0 26.751 a b 1.54368 3 0
0 0 5.876 0 26.7538 a b 1.54302 3 0
0 0 5.90964 0 26.7547 a b 1.54161 3 0
0 0 5.94222 0 26.7569 a b 1.54166 3 0
0 0 5.97357 0 26.7564 a b 1.54148 3 0
0 0 6.00321 0 26.7609 a b 1.54149 3 0
0 0 6.0323 0 26.7599 a b 1.54243 3 0
0 0 6.05989 0 26.7612 a b 1.53987 3 0
0 0 6.08525 0 26.7601 a b 1.53874 3 0
0 0 6.11081 0 26.7589 a b 1.53799 3 0
0 0 6.13793 0 26.7589 a b 1.53811 3 0
0 0 6.16625 0 26.758 a b 1.53926 3 0
0 0 6.19222 0 26.7569 a b 1.54123 3 0
0 0 6.21651 0 26.7585 a b 1.54142 3 0
0 0 6.24432 0 26.758 a b 1.54181 3 0
0 0 6.26971 0 26.7592 a b 1.54492 3 0
0 0 6.29596 0 26.7588 a b 1.54662 3 0
0 0 6.32131 0 26.7574 a b 1.54976 3 0
0 0 6.35169 0 26.7547 a b 1.55002 3 0
0 0 6.3803 0 26.7576 a b 1.55079 3 0
0 0 6.41109 0 26.757 a b 1.54895 3 0
0 0 6.44549 0 26.7569 a b 1.55033 3 0
0 0 6.47649 0 26.7568 a b 1.55154 3 0
0 0 6.51013 0 26.759 a b 1.54927 3 0
0 0 6.54561 0 26.7593 a b 1.54733 3 0
0 0 6.57343 0 26.7587 a b 1.54493 3 0
0 0 6.60886 0 26.7597 a b 1.54531 3 0
0 0 6.6404 0 26.7628 a b 1.54595 3 0
0 0 6.66829 0 26.7632 a b 1.54439 3 0
0 0 6.69902 0 26.7613 a b 1.5431 3 0
0 0 6.72835 0 26.7578 a b 1.54265 3 0
0 0 6.75782 0 26.7556 a b 1.53968 3 0
0 0 6.78336 0 26.7585 a b 1.5391 3 0
0 0 6.80632 0 26.7586 a b 1.54075 3 0
0 0 6.83109 0 26.7582 a b 1.53983 3 0
0 0 6.85976 0 26.7599 a b 1.53638 3 0
0 0 6.88852 0 26.7614 a b 1.53739 3 0
0 0 6.91737 0 26.7586 a b 1.5365 3 0
0 0 6.94316 0 26.7639 a b 1.53413 3 0
0 0 6.97619 0 26.7686 a b 1.53524 3 0
0 0 7.0044 0 26.77 a b 1.53501 3 0
0 0 7.03443 0 26.7703 a b 1.53175 3 0
0 0 7.06321 0 26.7706 a b 1.53083 3 0
0 0 7.09403 0 26.7708 a b 1.53071 3 0
0 0 7.12699 0 26.7721 a b 1.53165 3 0
0 0 7.16145 0 26.7739 a b 1.52793 3 0
0 0 7.18729 0 26.7769 a b 1.52578 3 0
0 0 7.21485 0 26.7787 a b 1.52636 3 0
0 0 7.24524 0 26.7769 a b 1.52555 3 0
0 0 7.27354 0 26.7776 a b 1.5233 3 0
0 0 7.29792 0 26.7774 a b 1.52164 3 0
0 0 7.3276 0 26.7788 a b 1.52148 3 0
0 0 7.35548 0 26.7785 a b 1.51855 3 0
0 0 7.38294 0 26.7799 a b 1.51836 3 0
0 0 7.41031 0 26.7798 a b 1.51887 3 0
0 0 7.43502 0 26.7791 a b 1.51726 3 0
0 0 7.46291 0 26.7784 a b 1.51646 3 0
0 0 7.4952 0 26.7811 a b 1.51507 3 0
0 0 7.52921 0 26.7819 a b 1.51404 3 0
0 0 7.5618 0 26.787 a b 1.51313 3 0
0 0 7.59167 0 26.7936 a b 1.51349 3 0
0 0 7.62147 0 26.792 a b 1.51426 3 0
0 0 7.65299 0 26.7947 a b 1.51217 3 0
0 0 7.68396 0 26.7927 a b 1.50947 3 0
0 0 7.70979 0 26.7934 a b 1.51014 3 0
0 0 7.7417 0 26.7939 a b 1.50908 3 0
0 0 7.77089 0 26.8007 a b 1.50849 3 0
0 0 7.79546 0 26.8013 a b 1.5069 3 0
0 0 7.82108 0 26.8047 a b 1.50679 3 0
0 0 7.847 0 26.804 a b 1.50518 3 0
0 0 7.87329 0 26.8037 a b 1.50428 3 0
0 0 7.89865 0 26.8077 a b 1.50443 3 0
0 0 7.92656 0 26.8095 a b 1.50381 3 0
0 0 7.95453 0 26.8128 a b 1.50182 3 0
0 0 7.98948 0 26.8186 a b 1.4994 3 0
0 0 8.02309 0 26.8211 a b 1.4988 3 0
0 0 8.05759 0 26.8218 a b 1.49747 3 0
0 0 8.09078 0 26.8211 a b 1.49622 3 0
0 0 8.12638 0 26.8235 a b 1.49578 3 0
0 0 8.15564 0 26.827 a b 1.49442 3 0
0 0 8.18266 0 26.8308 a b 1.49227 3 0
0 0 8.21232 0 26.828 a b 1.4911 3 0
0 0 8.24054 0 26.8291 a b 1.49231 3 0
0 0 8.26551 0 26.833 a b 1.49237 3 0
0 0 8.29125 0 26.8352 a b 1.48956 3 0
0 0 8.31618 0 26.8355 a b 1.48862 3 0
0 0 8.34238 0 26.8367 a b 1.48969 3 0
0 0 8.36673 0 26.8391 a b 1.49103 3 0
0 0 8.3942 0 26.8437 a b 1.49211 3 0
0 0 8.42203 0 26.8458 a b 1.49011 3 0
0 0 8.44783 0 26.8492 a b 1.49161 3 0
0 0 8.4764 0 26.8491 a b 1.49339 3 0
0 0 8.50348 0 26.8473 a b 1.49447 3 0
0 0 8.53421 0 26.8478 a b 1.49636 3 0
0 0 8.56868 0 26.8485 a b 1.5013 3 0
0 0 8.59625 0 26.852 a b 1.50372 3 0
0 0 8.62077 0 26.8541 a b 1.50248 3 0
0 0 8.65213 0 26.8519 a b 1.50654 3 0
0 0 8.68011 0 26.8549 a b 1.50847 3 0
0 0 8.71319 0 26.8607 a b 1.50873 3 0
0 0 8.74621 0 26.8651 a b 1.50986 3 0
0 0 8.77594 0 26.8648 a b 1.51223 3 0
0 0 8.81327 0 26.8625 a b 1.51286 3 0
0 0 8.85155 0 26.857 a b 1.5132 3 0
0 0 8.89219 0 26.8508 a b 1.51209 3 0
0 0 8.93842 0 26.8443 a b 1.52256 3 0
0 0 8.96957 0 26.8428 a b 1.52608 3 0
0 0 8.99536 0 26.8523 a b 1.51796 3 0
0 0 9.02333 0 26.8619 a b 1.51409 3 0
0 0 9.05538 0 26.864 a b 1.51965 3 0
0 0 9.07416 0 26.8635 a b 1.5274 3 0
0 0 9.09018 0 26.8605 a b 1.52632 3 0
0 0 9.11073 0 26.8594 a b 1.52214 3 0
0 0 9.14134 0 26.8632 a b 1.52064 3 0
0 0 9.16982 0 26.8613 a b 1.52429 3 0
0 0 9.19906 0 26.8626 a b 1.52663 3 0
0 0 9.22404 0 26.8697 a b 1.52744 3 0
0 0 9.25521 0 26.8784 a b 1.5243 3 0
0 0 9.29039 0 26.8784 a b 1.5256 3 0
0 0 9.32222 0 26.8806 a b 1.52998 3 0
0 0 9.34847 0 26.8837 a b 1.52674 3 0
0 0 9.37721 0 26.8769 a b 1.52837 3 0
0 0 9.3983 0 26.8775 a b 1.53145 3 0
0 0 9.42548 0 26.8814 a b 1.52606 3 0
0 0 9.46052 0 26.8815 a b 1.52797 3 0
0 0 9.47454 0 26.8798 a b 1.53811 3 0
0 0 9.50198 0 26.8914 a b 1.52963 3 0
0 0 9.51716 0 26.8907 a b 1.53976 3 0
0 0 9.52758 0 26.8952 a b 1.53417 3 0
0 0 9.55034 0 26.8976 a b 1.53308 3 0
0 0 9.56102 0 26.902 a b 1.54111 3 0
0 0 9.59296 0 26.9056 a b 1.5299 3 0
0 0 9.62754 0 26.9034 a b 1.53623 3 0
0 0 9.66543 0 26.9007 a b 1.53447 3 0
0 0 9.71102 0 26.9075 a b 1.53195 3 0
0 0 9.76064 0 26.9123 a b 1.53114 3 0
0 0 9.81611 0 26.9171 a b 1.52791 3 0
0 0 9.86283 0 26.9167 a b 1.5276 3 0
0 0 9.90839 0 26.9097 a b 1.52666 3 0
0 0 9.95356 0 26.9074 a b 1.52479 3 0
0 0 9.98812 0 26.9095 a b 1.52335 3 0
0 0 10.0193 0 26.9193 a b 1.52168 3 0
0 0 10.0408 0 26.9267 a b 1.52495 3 0
0 0 10.0575 0 26.9293 a b 1.52795 3 0
0 0 10.0718 0 26.9269 a b 1.52369 3 0
0 0 10.0881 0 26.9285 a b 1.51759 3 0
0 0 10.1086 0 26.935 a b 1.51887 3 0
0 0 10.133 0 26.9379 a b 1.51829 3 0
0 0 10.1603 0 26.9374 a b 1.5152 3 0
0 0 10.1959 0 26.9403 a b 1.51231 3 0
0 0 10.2352 0 26.9456 a b 1.5122 3 0
0 0 10.281 0 26.9412 a b 1.50932 3 0
0 0 10.3262 0 26.9446 a b 1.5091 3 0
0 0 10.3686 0 26.947 a b 1.51165 3 0
0 0 10.4114 0 26.9463 a b 1.51482 3 0
0 0 10.4513 0 26.9449 a b 1.51572 3 0
0 0 10.4821 0 26.9495 a b 1.51828 3 0
0 0 10.5063 0 26.9516 a b 1.52851 3 0
0 0 10.53 0 26.9469 a b 1.53549 3 0
0 0 10.5495 0 26.9425 a b 1.53624 3 0
0 0 10.5627 0 26.9429 a b 1.53606 3 0
0 0 10.5764 0 26.9481 a b 1.54154 3 0
0 0 10.5951 0 26.9471 a b 1.54845 3 0
0 0 10.6173 0 26.9464 a b 1.55099 3 0
0 0 10.6371 0 26.9449 a b 1.55479 3 0
0 0 10.6644 0 26.9423 a b 1.55893 3 0
0 0 10.6961 0 26.9406 a b 1.5589 3 0
0 0 10.7332 0 26.9412 a b 1.55788 3 0
0 0 10.7736 0 26.9423 a b 1.55958 3 0
0 0 10.8133 0 26.9416 a b 1.55879 3 0
0 0 10.8512 0 26.9396 a b 1.55781 3 0
0 0 10.8896 0 26.9366 a b 1.55763 3 0
0 0 10.9212 0 26.9355 a b 1.55772 3 0
0 0 10.9533 0 26.9383 a b 1.55772 3 0
0 0 10.9831 0 26.9395 a b 1.55784 3 0
0 0 11.0122 0 26.9433 a b 1.55863 3 0
0 0 11.0356 0 26.9426 a b 1.55723 3 0
0 0 11.0595 0 26.9416 a b 1.55723 3 0
0 0 11.081 0 26.9419 a b 1.55612 3 0
0 0 11.1034 0 26.9408 a b 1.55473 3 0
0 0 11.1254 0 26.9405 a b 1.55447 3 0
0 0 11.1514 0 26.9411 a b 1.55208 3 0
0 0 11.1812 0 26.9422 a b 1.55167 3 0
0 0 11.214 0 26.9441 a b 1.54926 3 0
0 0 11.2461 0 26.9457 a b 1.54837 3 0
0 0 11.2788 0 26.9458 a b 1.54673 3 0
0 0 11.3145 0 26.9482 a b 1.54502 3 0
0 0 11.3509 0 26.9459 a b 1.54365 3 0
0 0 11.3856 0 26.9458 a b 1.54363 3 0
0 0 11.4201 0 26.9465 a b 1.54337 3 0
0 0 11.4531 0 26.9484 a b 1.54116 3 0
0 0 11.4836 0 26.9497 a b 1.54026 3 0
0 0 11.5086 0 26.9496 a b 1.53922 3 0
0 0 11.5351 0 26.9499 a b 1.538 3 0
0 0 11.5597 0 26.9506 a b 1.53786 3 0
0 0 11.5812 0 26.9543 a b 1.53645 3 0
0 0 11.6012 0 26.9544 a b 1.53326 3 0
0 0 11.6283 0 26.9565 a b 1.53321 3 0
0 0 11.6531 0 26.9546 a b 1.53279 3 0
0 0 11.6783 0 26.9576 a b 1.53191 3 0
0 0 11.7075 0 26.9571 a b 1.52917 3 0
0 0 11.7368 0 26.9583 a b 1.52884 3 0
0 0 11.7683 0 26.9576 a b 1.52777 3 0
0 0 11.7964 0 26.9623 a b 1.52547 3 0
0 0 11.8273 0 26.9614 a b 1.52512 3 0
0 0 11.8597 0 26.965 a b 1.52198 3 0
0 0 11.8913 0 26.9655 a b 1.52059 3 0
0 0 11.9184 0 26.9671 a b 1.52027 3 0
0 0 11.9534 0 26.9717 a b 1.51756 3 0
0 0 11.9841 0 26.974 a b 1.5158 3 0
0 0 12.0114 0 26.9741 a b 1.515 3 0
0 0 12.0392 0 26.976 a b 1.51364 3 0
0 0 12.0692 0 26.9833 a b 1.51268 3 0
0 0 12.094 0 26.9832 a b 1.51257 3 0
0 0 12.1192 0 26.981 a b 1.51279 3 0
0 0 12.1441 0 26.9816 a b 1.51292 3 0
0 0 12.1696 0 26.9822 a b 1.5158 3 0
0 0 12.1986 0 26.9844 a b 1.51734 3 0
0 0 12.2233 0 26.9868 a b 1.51842 3 0
0 0 12.2532 0 26.9867 a b 1.52142 3 0
0 0 12.2774 0 26.9851 a b 1.52838 3 0
0 0 12.3043 0 26.9863 a b 1.53216 3 0
0 0 12.3374 0 26.984 a b 1.53777 3 0
0 0 12.3656 0 26.9837 a b 1.54242 3 0
0 0 12.3955 0 26.9832 a b 1.54832 3 0
0 0 12.417 0 26.9804 a b 1.55223 3 0
0 0 12.4484 0 26.9801 a b 1.55743 3 0
0 0 12.4831 0 26.9805 a b 1.56269 3 0
0 0 12.5085 0 26.9818 a b 1.56647 3 0
0 0 12.5363 0 26.9821 a b 1.56719 3 0
0 0 12.5688 0 26.9807 a b 1.56998 3 0
0 0 12.5958 0 26.9795 a b 1.57017 3 0
0 0 12.6263 0 26.9801 a b 1.57042 3 0
0 0 12.6554 0 26.9807 a b 1.56996 3 0
0 0 12.6848 0 26.9842 a b 1.57043 3 0
0 0 12.715 0 26.9835 a b 1.56877 3 0
0 0 12.7442 0 26.9838 a b 1.56768 3 0
0 0 12.7714 0 26.9839 a b 1.56577 3 0
0 0 12.7965 0 26.9828 a b 1.56619 3 0
0 0 12.827 0 26.9848 a b 1.56509 3 0
0 0 12.8563 0 26.9839 a b 1.56434 3 0
0 0 12.8881 0 26.9813 a b 1.56339 3 0
0 0 12.918 0 26.9796 a b 1.56228 3 0
0 0 12.9492 0 26.9799 a b 1.56168 3 0
0 0 12.9836 0 26.982 a b 1.56158 3 0
0 0 13.0138 0 26.9833 a b 1.55989 3 0
0 0 13.0441 0 26.9853 a b 1.55882 3 0
0 0 13.0759 0 26.9825 a b 1.55842 3 0
0 0 13.1093 0 26.9828 a b 1.55739 3 0
0 0 13.1397 0 26.9841 a b 1.55717 3 0
0 0 13.1667 0 26.9835 a b 1.55457 3 0
0 0 13.1956 0 26.9848 a b 1.55344 3 0
