0 0 164.609 0 2.94587 a b 0.0295021 6 0
0 0 164.589 0 2.94981 a b 0.00926446 6 0
0 0 164.543 0 2.96471 a b 0.00857815 6 0
0 0 164.506 0 2.96227 a b 0.0170758 6 0
0 0 164.479 0 2.95626 a b 0.0243815 6 0
0 0 164.451 0 2.93768 a b 0.0321559 6 0
0 0 164.427 0 2.91395 a b 0.0316615 6 0
0 0 164.418 0 2.90896 a b 0.0272334 6 0
0 0 164.432 0 2.91324 a b 0.0233761 6 0
0 0 164.441 0 2.92981 a b 0.0177348 6 0
0 0 164.459 0 2.93395 a b 0.0125024 6 0
0 0 164.448 0 2.93491 a b 0.00957707 6 0
0 0 164.44 0 2.92212 a b 0.00860068 6 0
0 0 164.439 0 2.9233 a b 0.0309853 6 0
0 0 164.43 0 2.91849 a b 0.0431449 6 0
0 0 164.435 0 2.92491 a b 0.0607317 6 0
0 0 164.435 0 2.92346 a b 0.0833755 6 0
0 0 164.426 0 2.92287 a b 0.086888 6 0
0 0 164.434 0 2.92428 a b 0.112112 6 0
0 0 164.429 0 2.91628 a b 0.12501 6 0
0 0 164.441 0 2.91802 a b 0.143276 6 0
0 0 164.435 0 2.92336 a b 0.149637 6 0
0 0 164.445 0 2.93769 a b 0.146289 6 0
0 0 164.447 0 2.95805 a b 0.143779 6 0
0 0 164.453 0 2.99256 a b 0.141683 6 0
0 0 164.459 0 3.0309 a b 0.137378 6 0
0 0 164.462 0 3.08141 a b 0.132289 6 0
0 0 164.458 0 3.13828 a b 0.135239 6 0
0 0 164.459 0 3.2015 a b 0.130541 6 0
0 0 164.474 0 3.25963 a b 0.130207 6 0
0 0 164.488 0 3.32357 a b 0.127079 6 0
0 0 164.491 0 3.38278 a b 0.12211 6 0
0 0 164.505 0 3.43493 a b 0.119145 6 0
0 0 164.508 0 3.49354 a b 0.118074 6 0
0 0 164.505 0 3.53676 a b 0.119723 6 0
0 0 164.519 0 3.58492 a b 0.121911 6 0
0 0 164.522 0 3.62596 a b 0.120299 6 0
0 0 164.532 0 3.66181 a b 0.115076 6 0
0 0 164.533 0 3.69634 a b 0.112125 6 0
0 0 164.539 0 3.7352 a b 0.109947 6 0
0 0 164.541 0 3.75843 a b 0.109068 6 0
0 0 164.546 0 3.78718 a b 0.102971 6 0
0 0 164.557 0 3.81222 a b 0.0962001 6 0
0 0 164.563 0 3.83503 a b 0.0939209 6 0
0 0 164.558 0 3.85642 a b 0.0917999 6 0
0 0 164.551 0 3.87988 a b 0.0871001 6 0
0 0 164.56 0 3.90786 a b 0.0810621 6 0
0 0 164.572 0 3.93815 a b 0.0759344 6 0
0 0 164.574 0 3.96709 a b 0.0752547 6 0
0 0 164.574 0 3.99996 a b 0.0741788 6 0
0 0 164.576 0 4.03897 a b 0.0704699 6 0
0 0 164.582 0 4.07901 a b 0.0645664 6 0
0 0 164.592 0 4.12997 a b 0.0610982 6 0
0 0 164.59 0 4.17319 a b 0.0602817 6 0
0 0 164.605 0 4.22532 a b 0.0577306 6 0
0 0 164.602 0 4.26407 a b 0.0582023 6 0
0 0 164.607 0 4.30851 a b 0.0565224 6 0
0 0 164.606 0 4.35304 a b 0.0537524 6 0
0 0 164.607 0 4.39332 a b 0.0519168 6 0
0 0 164.609 0 4.43471 a b 0.0511506 6 0
0 0 164.614 0 4.47331 a b 0.0522603 6 0
0 0 164.63 0 4.5184 a b 0.0585356 6 0
0 0 164.645 0 4.55523 a b 0.0726483 6 0
0 0 164.646 0 4.59303 a b 0.0887343 6 0
0 0 164.652 0 4.63082 a b 0.100893 6 0
0 0 164.652 0 4.67351 a b 0.108886 6 0
0 0 164.663 0 4.72296 a b 0.114177 6 0
0 0 164.66 0 4.76046 a b 0.124168 6 0
0 0 164.675 0 4.79516 a b 0.131987 6 0
0 0 164.68 0 4.82762 a b 0.139287 6 0
0 0 164.672 0 4.84633 a b 0.139435 6 0
0 0 164.673 0 4.88293 a b 0.136862 6 0
0 0 164.68 0 4.92713 a b 0.13959 6 0
0 0 164.687 0 4.97016 a b 0.143286 6 0
0 0 164.696 0 5.00747 a b 0.14903 6 0
0 0 164.695 0 5.0422 a b 0.153029 6 0
0 0 164.7 0 5.07863 a b 0.153142 6 0
0 0 164.701 0 5.12211 a b 0.152084 6 0
0 0 164.715 0 5.19041 a b 0.154043 6 0
0 0 164.728 0 5.24517 a b 0.155783 6 0
0 0 164.734 0 5.29437 a b 0.159286 6 0
0 0 164.734 0 5.33361 a b 0.160955 6 0
0 0 164.736 0 5.38265 a b 0.161652 6 0
0 0 164.745 0 5.42855 a b 0.16317 6 0
0 0 164.75 0 5.48733 a b 0.163359 6 0
0 0 164.757 0 5.53579 a b 0.163157 6 0
0 0 164.771 0 5.58416 a b 0.158879 6 0
0 0 164.779 0 5.62899 a b 0.156604 6 0
0 0 164.786 0 5.66983 a b 0.156581 6 0
0 0 164.796 0 5.70576 a b 0.156361 6 0
0 0 164.8 0 5.7447 a b 0.156208 6 0
0 0 164.808 0 5.77328 a b 0.153938 6 0
0 0 164.813 0 5.80186 a b 0.150862 6 0
0 0 164.817 0 5.82718 a b 0.148474 6 0
0 0 164.82 0 5.8575 a b 0.147278 6 0
0 0 164.824 0 5.89094 a b 0.146084 6 0
0 0 164.836 0 5.93134 a b 0.143889 6 0
0 0 164.835 0 5.96668 a b 0.14174 6 0
0 0 164.837 0 6.00267 a b 0.141562 6 0
0 0 164.842 0 6.03828 a b 0.139996 6 0
0 0 164.847 0 6.07808 a b 0.136922 6 0
0 0 164.852 0 6.11753 a b 0.136852 6 0
0 0 164.861 0 6.15823 a b 0.134276 6 0
0 0 164.861 0 6.19972 a b 0.131907 6 0
0 0 164.863 0 6.24446 a b 0.131774 6 0
0 0 164.871 0 6.27811 a b 0.132785 6 0
0 0 164.884 0 6.31759 a b 0.129221 6 0
0 0 164.889 0 6.35573 a b 0.125369 6 0
0 0 164.889 0 6.39789 a b 0.125757 6 0
0 0 164.894 0 6.43615 a b 0.124844 6 0
0 0 164.9 0 6.47137 a b 0.120544 6 0
0 0 164.906 0 6.50537 a b 0.116946 6 0
0 0 164.905 0 6.54006 a b 0.116282 6 0
0 0 164.915 0 6.58169 a b 0.113051 6 0
0 0 164.923 0 6.62628 a b 0.10565 6 0
0 0 164.921 0 6.65541 a b 0.100262 6 0
0 0 164.923 0 6.69316 a b 0.093469 6 0
0 0 164.92 0 6.73706 a b 0.087308 6 0
0 0 164.928 0 6.78556 a b 0.0814989 6 0
0 0 164.933 0 6.82833 a b 0.0747502 6 0
0 0 164.937 0 6.86727 a b 0.0697015 6 0
0 0 164.937 0 6.91041 a b 0.0651815 6 0
0 0 164.938 0 6.94874 a b 0.0626599 6 0
0 0 164.937 0 6.98754 a b 0.0594354 6 0
0 0 164.943 0 7.02752 a b 0.0548501 6 0
0 0 164.943 0 7.0678 a b 0.053891 6 0
0 0 164.945 0 7.10208 a b 0.0512781 6 0
0 0 164.949 0 7.14003 a b 0.0473079 6 0
0 0 164.949 0 7.17353 a b 0.0449923 6 0
0 0 164.949 0 7.21031 a b 0.0446917 6 0
0 0 164.949 0 7.25285 a b 0.0441269 6 0
0 0 164.949 0 7.29235 a b 0.0418323 6 0
0 0 164.954 0 7.33354 a b 0.0403216 6 0
0 0 164.955 0 7.37433 a b 0.041034 6 0
0 0 164.955 0 7.41953 a b 0.0410068 6 0
0 0 164.952 0 7.45388 a b 0.040557 6 0
0 0 164.952 0 7.48649 a b 0.0410832 6 0
0 0 164.955 0 7.5291 a b 0.040766 6 0
0 0 164.959 0 7.56457 a b 0.0419623 6 0
0 0 164.96 0 7.59883 a b 0.0439945 6 0
0 0 164.962 0 7.64199 a b 0.0432321 6 0
0 0 164.964 0 7.68412 a b 0.0443993 6 0
0 0 164.963 0 7.72383 a b 0.0449305 6 0
0 0 164.965 0 7.76358 a b 0.0459719 6 0
0 0 164.972 0 7.80486 a b 0.0457463 6 0
0 0 164.973 0 7.84301 a b 0.0444007 6 0
0 0 164.977 0 7.88124 a b 0.0462229 6 0
0 0 164.976 0 7.92132 a b 0.047657 6 0
0 0 164.975 0 7.96542 a b 0.0473329 6 0
0 0 164.979 0 8.01003 a b 0.04469 6 0
0 0 164.981 0 8.04652 a b 0.0472772 6 0
0 0 164.979 0 8.08937 a b 0.0473089 6 0
0 0 164.981 0 8.13109 a b 0.0464229 6 0
0 0 164.984 0 8.16654 a b 0.0485643 6 0
0 0 164.982 0 8.20165 a b 0.0481811 6 0
0 0 164.983 0 8.24251 a b 0.0482472 6 0
0 0 164.989 0 8.28428 a b 0.0495167 6 0
0 0 164.982 0 8.32532 a b 0.0492554 6 0
0 0 164.982 0 8.36522 a b 0.0476471 6 0
0 0 164.985 0 8.40148 a b 0.0510274 6 0
0 0 164.988 0 8.43638 a b 0.0499654 6 0
0 0 164.988 0 8.47778 a b 0.0512127 6 0
0 0 164.994 0 8.51628 a b 0.0543632 6 0
0 0 164.995 0 8.55582 a b 0.0535506 6 0
0 0 164.998 0 8.59761 a b 0.0536982 6 0
0 0 164.997 0 8.63755 a b 0.0554752 6 0
0 0 164.995 0 8.67323 a b 0.0564312 6 0
0 0 165 0 8.71351 a b 0.0583753 6 0
0 0 165.002 0 8.75104 a b 0.0588412 6 0
0 0 165.002 0 8.78991 a b 0.0578142 6 0
0 0 165.002 0 8.83171 a b 0.0598667 6 0
0 0 165.001 0 8.86914 a b 0.0620148 6 0
0 0 165.002 0 8.9053 a b 0.0623314 6 0
0 0 165.006 0 8.94656 a b 0.0623081 6 0
0 0 165.008 0 8.99191 a b 0.0643639 6 0
0 0 165.009 0 9.02371 a b 0.0648774 6 0
0 0 165.009 0 9.05897 a b 0.0652267 6 0
0 0 165.009 0 9.09467 a b 0.0650592 6 0
0 0 165.011 0 9.13156 a b 0.0666673 6 0
0 0 165.013 0 9.16597 a b 0.0683829 6 0
0 0 165.013 0 9.20879 a b 0.0681092 6 0
0 0 165.015 0 9.24452 a b 0.068672 6 0
0 0 165.016 0 9.28259 a b 0.0696393 6 0
0 0 165.018 0 9.32326 a b 0.070172 6 0
0 0 165.021 0 9.36365 a b 0.0683235 6 0
0 0 165.023 0 9.40277 a b 0.0702625 6 0
0 0 165.029 0 9.44235 a b 0.0669415 6 0
0 0 165.031 0 9.48061 a b 0.0681788 6 0
0 0 165.027 0 9.51744 a b 0.0702697 6 0
0 0 165.025 0 9.5571 a b 0.0660042 6 0
0 0 165.029 0 9.59322 a b 0.0647032 6 0
0 0 165.031 0 9.63367 a b 0.0665843 6 0
0 0 165.031 0 9.67078 a b 0.0674713 6 0
0 0 165.033 0 9.70807 a b 0.0642678 6 0
0 0 165.034 0 9.75034 a b 0.064903 6 0
0 0 165.029 0 9.78586 a b 0.0679187 6 0
0 0 165.031 0 9.82145 a b 0.0652955 6 0
0 0 165.037 0 9.8615 a b 0.062671 6 0
0 0 165.035 0 9.90193 a b 0.0642373 6 0
0 0 165.036 0 9.93866 a b 0.0641861 6 0
0 0 165.034 0 9.97885 a b 0.0650953 6 0
0 0 165.036 0 10.0168 a b 0.0661628 6 0
0 0 165.04 0 10.0543 a b 0.0629686 6 0
0 0 165.041 0 10.086 a b 0.0637687 6 0
0 0 165.044 0 10.1244 a b 0.0644088 6 0
0 0 165.043 0 10.1712 a b 0.0631049 6 0
0 0 165.048 0 10.2106 a b 0.0627379 6 0
0 0 165.051 0 10.2527 a b 0.0603415 6 0
0 0 165.052 0 10.2943 a b 0.0610849 6 0
0 0 165.051 0 10.3353 a b 0.0629845 6 0
0 0 165.055 0 10.3744 a b 0.060255 6 0
0 0 165.053 0 10.4131 a b 0.0582632 6 0
0 0 165.059 0 10.4568 a b 0.0621 6 0
0 0 165.061 0 10.4936 a b 0.0618246 6 0
0 0 165.056 0 10.5337 a b 0.058788 6 0
0 0 165.057 0 10.5716 a b 0.059566 6 0
0 0 165.061 0 10.6066 a b 0.0613543 6 0
0 0 165.062 0 10.6395 a b 0.0555722 6 0
0 0 165.064 0 10.6735 a b 0.0546665 6 0
0 0 165.066 0 10.7125 a b 0.0550983 6 0
0 0 165.067 0 10.748 a b 0.0515828 6 0
0 0 165.065 0 10.7845 a b 0.0525695 6 0
0 0 165.066 0 10.8207 a b 0.0520331 6 0
0 0 165.065 0 10.8556 a b 0.0472528 6 0
0 0 165.068 0 10.8957 a b 0.0482265 6 0
0 0 165.072 0 10.9361 a b 0.0466916 6 0
0 0 165.075 0 10.9787 a b 0.0436213 6 0
0 0 165.074 0 11.0162 a b 0.0400635 6 0
0 0 165.071 0 11.0525 a b 0.0383564 6 0
0 0 165.071 0 11.0905 a b 0.0398768 6 0
0 0 165.073 0 11.1262 a b 0.0370766 6 0
0 0 165.074 0 11.1664 a b 0.0323615 6 0
0 0 165.074 0 11.1994 a b 0.0323032 6 0
0 0 165.073 0 11.2436 a b 0.0342378 6 0
0 0 165.074 0 11.2828 a b 0.0310328 6 0
0 0 165.075 0 11.3205 a b 0.0298798 6 0
0 0 165.076 0 11.3576 a b 0.029537 6 0
0 0 165.077 0 11.3884 a b 0.0294797 6 0
0 0 165.079 0 11.4273 a b 0.0294518 6 0
0 0 165.078 0 11.4665 a b 0.0293233 6 0
0 0 165.077 0 11.5015 a b 0.0283105 6 0
0 0 165.078 0 11.5343 a b 0.0274844 6 0
0 0 165.079 0 11.5698 a b 0.0295223 6 0
0 0 165.077 0 11.6082 a b 0.0269101 6 0
0 0 165.075 0 11.6345 a b 0.0266865 6 0
0 0 165.075 0 11.6684 a b 0.0268469 6 0
0 0 165.074 0 11.7036 a b 0.027318 6 0
0 0 165.073 0 11.7395 a b 0.02779 6 0
0 0 165.07 0 11.779 a b 0.0269419 6 0
0 0 165.071 0 11.8131 a b 0.0250742 6 0
0 0 165.073 0 11.8498 a b 0.0258082 6 0
0 0 165.072 0 11.8856 a b 0.0265016 6 0
0 0 165.071 0 11.9274 a b 0.0260162 6 0
0 0 165.073 0 11.964 a b 0.0249196 6 0
0 0 165.071 0 11.9979 a b 0.0265943 6 0
0 0 165.071 0 12.0415 a b 0.0276595 6 0
0 0 165.07 0 12.0874 a b 0.0267672 6 0
0 0 165.067 0 12.121 a b 0.0251018 6 0
0 0 165.069 0 12.1582 a b 0.0249174 6 0
0 0 165.068 0 12.1928 a b 0.0250082 6 0
0 0 165.065 0 12.2308 a b 0.024123 6 0
0 0 165.063 0 12.2721 a b 0.0212678 6 0
0 0 165.062 0 12.301 a b 0.0216338 6 0
0 0 165.061 0 12.3415 a b 0.0211376 6 0
0 0 165.063 0 12.3834 a b 0.0186247 6 0
0 0 165.06 0 12.4201 a b 0.0181092 6 0
0 0 165.056 0 12.4544 a b 0.0173792 6 0
0 0 165.058 0 12.4923 a b 0.0145103 6 0
0 0 165.056 0 12.5301 a b 0.0126159 6 0
0 0 165.057 0 12.5653 a b 0.0112304 6 0
0 0 165.055 0 12.6012 a b 0.00916859 6 0
0 0 165.052 0 12.6354 a b 0.0110445 6 0
0 0 165.05 0 12.6714 a b 0.0104774 6 0
0 0 165.049 0 12.712 a b 0.00824301 6 0
0 0 165.05 0 12.754 a b 0.00704234 6 0
0 0 165.049 0 12.793 a b 0.00809577 6 0
0 0 165.047 0 12.8341 a b 0.00837126 6 0
0 0 165.045 0 12.8715 a b 0.00881726 6 0
0 0 165.045 0 12.9057 a b 0.00793768 6 0
0 0 165.04 0 12.9409 a b 0.00913074 6 0
0 0 165.038 0 12.9778 a b 0.0104682 6 0
0 0 165.038 0 13.0167 a b 0.0078866 6 0
0 0 165.036 0 13.0506 a b 0.00966968 6 0
0 0 165.033 0 13.0872 a b 0.0098392 6 0
0 0 165.033 0 13.1243 a b 0.0110719 6 0
0 0 165.033 0 13.165 a b 0.00999682 6 0
0 0 165.033 0 13.2028 a b 0.00871062 6 0
0 0 165.034 0 13.236 a b 0.0107415 6 0
0 0 165.031 0 13.27 a b 0.0106532 6 0
0 0 165.032 0 13.312 a b 0.00815593 6 0
0 0 165.031 0 13.3468 a b 0.00884724 6 0
0 0 165.032 0 13.3831 a b 0.00953178 6 0
0 0 165.029 0 13.4236 a b 0.00798093 6 0
0 0 165.025 0 13.4603 a b 0.00781921 6 0
0 0 165.026 0 13.501 a b 0.00699704 6 0
0 0 165.027 0 13.5395 a b 0.0061983 6 0
0 0 165.025 0 13.5825 a b 0.00751341 6 0
0 0 165.026 0 13.6217 a b 0.00768829 6 0
0 0 165.023 0 13.6651 a b 0.00538287 6 0
0 0 165.022 0 13.7057 a b 0.00500242 6 0
0 0 165.019 0 13.7449 a b 0.00725814 6 0
0 0 165.017 0 13.781 a b 0.00628386 6 0
0 0 165.015 0 13.8144 a b 0.00882057 6 0
0 0 165.014 0 13.8525 a b 0.00705252 6 0
0 0 165.011 0 13.8889 a b 0.00447521 6 0
0 0 165.01 0 13.9257 a b 0.00782771 6 0
0 0 165.009 0 13.9642 a b 0.00758313 6 0
0 0 165.012 0 13.9982 a b 0.00556121 6 0
0 0 165.008 0 14.0357 a b 0.00652653 6 0
0 0 165.003 0 14.0739 a b 0.00412963 6 0
0 0 165.001 0 14.1152 a b 0.00321339 6 0
0 0 164.999 0 14.1523 a b 0.00189137 6 0
0 0 165.002 0 14.192 a b -0.000600417 6 0
0 0 165 0 14.23 a b -0.00256154 6 0
0 0 164.998 0 14.2689 a b -0.00142111 6 0
0 0 164.997 0 14.3055 a b -0.00396335 6 0
0 0 164.992 0 14.3476 a b -0.00551872 6 0
0 0 164.991 0 14.3858 a b -0.00323042 6 0
0 0 164.988 0 14.4263 a b -0.00449604 6 0
0 0 164.989 0 14.4683 a b -0.00560386 6 0
0 0 164.988 0 14.506 a b -0.00763446 6 0
0 0 164.984 0 14.5465 a b -0.00717033 6 0
0 0 164.983 0 14.5841 a b -0.00646989 6 0
0 0 164.979 0 14.6214 a b -0.00667802 6 0
0 0 164.975 0 14.6598 a b -0.00998458 6 0
0 0 164.971 0 14.6988 a b -0.00836081 6 0
0 0 164.969 0 14.741 a b -0.00750319 6 0
0 0 164.97 0 14.7772 a b -0.00615264 6 0
0 0 164.971 0 14.8089 a b -0.00403147 6 0
0 0 164.97 0 14.846 a b -0.00151134 6 0
0 0 164.966 0 14.8856 a b 0.00316689 6 0
0 0 164.967 0 14.9222 a b 0.00993158 6 0
0 0 164.97 0 14.9617 a b 0.0124772 6 0
0 0 164.971 0 15.0007 a b 0.0151686 6 0
0 0 164.967 0 15.0444 a b 0.0207305 6 0
0 0 164.967 0 15.0859 a b 0.0241098 6 0
0 0 164.967 0 15.1307 a b 0.0251355 6 0
0 0 164.967 0 15.1711 a b 0.0298282 6 0
0 0 164.971 0 15.2123 a b 0.0320395 6 0
0 0 164.967 0 15.2508 a b 0.0333556 6 0
0 0 164.97 0 15.2881 a b 0.0337018 6 0
0 0 164.972 0 15.3272 a b 0.0383693 6 0
0 0 164.973 0 15.3647 a b 0.0407432 6 0
0 0 164.971 0 15.4021 a b 0.0421899 6 0
0 0 164.969 0 15.4415 a b 0.0465804 6 0
0 0 164.974 0 15.4789 a b 0.0473657 6 0
0 0 164.974 0 15.5151 a b 0.047126 6 0
0 0 164.974 0 15.5565 a b 0.0479859 6 0
0 0 164.975 0 15.5922 a b 0.048297 6 0
0 0 164.979 0 15.6319 a b 0.0481455 6 0
0 0 164.983 0 15.6717 a b 0.0484703 6 0
0 0 164.98 0 15.7126 a b 0.0486496 6 0
0 0 164.983 0 15.7521 a b 0.0496046 6 0
0 0 164.986 0 15.7884 a b 0.0504228 6 0
0 0 164.986 0 15.8269 a b 0.0512718 6 0
0 0 164.987 0 15.8635 a b 0.0528332 6 0
0 0 164.989 0 15.9045 a b 0.0508958 6 0
0 0 164.994 0 15.9427 a b 0.0496531 6 0
0 0 164.997 0 15.9851 a b 0.0518354 6 0
0 0 164.995 0 16.0308 a b 0.0525296 6 0
0 0 164.999 0 16.0759 a b 0.0487562 6 0
0 0 164.998 0 16.1181 a b 0.0474717 6 0
0 0 164.997 0 16.1595 a b 0.0488606 6 0
0 0 165.002 0 16.2012 a b 0.0466722 6 0
0 0 165.001 0 16.2389 a b 0.0447201 6 0
0 0 165 0 16.2798 a b 0.0446313 6 0
0 0 165.002 0 16.3195 a b 0.042358 6 0
0 0 164.997 0 16.3584 a b 0.0411868 6 0
0 0 164.993 0 16.3963 a b 0.0419978 6 0
0 0 164.995 0 16.4329 a b 0.039877 6 0
0 0 164.995 0 16.4689 a b 0.0382253 6 0
0 0 164.995 0 16.5058 a b 0.0366533 6 0
0 0 164.993 0 16.5399 a b 0.035307 6 0
0 0 164.995 0 16.5783 a b 0.0327107 6 0
0 0 164.992 0 16.6129 a b 0.0299963 6 0
0 0 164.992 0 16.6455 a b 0.0282507 6 0
0 0 164.988 0 16.6875 a b 0.0259132 6 0
0 0 164.985 0 16.7268 a b 0.0227942 6 0
0 0 164.988 0 16.7639 a b 0.0216906 6 0
0 0 164.986 0 16.8045 a b 0.0193757 6 0
0 0 164.982 0 16.8495 a b 0.0149795 6 0
0 0 164.979 0 16.8916 a b 0.0101936 6 0
0 0 164.978 0 16.9354 a b 0.00993251 6 0
0 0 164.977 0 16.976 a b 0.00947701 6 0
0 0 164.973 0 17.0213 a b 0.0051236 6 0
0 0 164.969 0 17.0593 a b 0.00192827 6 0
0 0 164.968 0 17.1024 a b 0.000177022 6 0
0 0 164.97 0 17.1398 a b -0.000255453 6 0
0 0 164.966 0 17.1727 a b -1.05133e-05 6 0
0 0 164.964 0 17.2078 a b -0.0024245 6 0
0 0 164.961 0 17.2398 a b -0.00492676 6 0
0 0 164.959 0 17.2744 a b -0.00696041 6 0
0 0 164.959 0 17.3093 a b -0.00774274 6 0
0 0 164.957 0 17.3494 a b -0.00776613 6 0
0 0 164.955 0 17.3847 a b -0.00914841 6 0
0 0 164.954 0 17.4178 a b -0.0110085 6 0
0 0 164.951 0 17.4536 a b -0.0116281 6 0
0 0 164.949 0 17.4905 a b -0.012171 6 0
0 0 164.948 0 17.5312 a b -0.0142732 6 0
0 0 164.947 0 17.5725 a b -0.0141002 6 0
0 0 164.941 0 17.6123 a b -0.0111126 6 0
0 0 164.937 0 17.6545 a b -0.0133068 6 0
0 0 164.93 0 17.6992 a b -0.0161092 6 0
0 0 164.927 0 17.7417 a b -0.0146954 6 0
0 0 164.923 0 17.7821 a b -0.0127774 6 0
0 0 164.92 0 17.8199 a b -0.012125 6 0
0 0 164.916 0 17.8556 a b -0.0144228 6 0
0 0 164.914 0 17.8976 a b -0.0151681 6 0
0 0 164.915 0 17.9418 a b -0.0163307 6 0
0 0 164.912 0 17.9809 a b -0.016654 6 0
0 0 164.91 0 18.0161 a b -0.0160449 6 0
0 0 164.909 0 18.051 a b -0.0181378 6 0
0 0 164.905 0 18.0906 a b -0.0201064 6 0
0 0 164.901 0 18.1275 a b -0.0196986 6 0
0 0 164.898 0 18.1642 a b -0.0187835 6 0
0 0 164.898 0 18.2035 a b -0.0202077 6 0
0 0 164.9 0 18.2394 a b -0.0186783 6 0
0 0 164.895 0 18.2766 a b -0.0170331 6 0
0 0 164.893 0 18.3185 a b -0.0186891 6 0
0 0 164.887 0 18.358 a b -0.0162687 6 0
0 0 164.888 0 18.3986 a b -0.0124707 6 0
0 0 164.883 0 18.4364 a b -0.0113194 6 0
0 0 164.884 0 18.4812 a b 0.00219679 6 0
0 0 164.885 0 18.5203 a b 0.019591 6 0
0 0 164.885 0 18.5515 a b 0.0319024 6 0
0 0 164.885 0 18.5886 a b 0.0441009 6 0
0 0 164.886 0 18.6253 a b 0.0563664 6 0
0 0 164.89 0 18.6573 a b 0.0634792 6 0
0 0 164.891 0 18.6938 a b 0.0697212 6 0
0 0 164.895 0 18.7305 a b 0.0749891 6 0
0 0 164.893 0 18.7667 a b 0.0780815 6 0
0 0 164.896 0 18.8046 a b 0.0814751 6 0
0 0 164.896 0 18.8486 a b 0.0854433 6 0
0 0 164.899 0 18.8864 a b 0.0890773 6 0
0 0 164.9 0 18.9255 a b 0.0942524 6 0
0 0 164.903 0 18.9649 a b 0.0976175 6 0
0 0 164.905 0 19.002 a b 0.0982382 6 0
0 0 164.907 0 19.0403 a b 0.0997978 6 0
0 0 164.91 0 19.0747 a b 0.103228 6 0
0 0 164.914 0 19.1127 a b 0.102888 6 0
0 0 164.914 0 19.151 a b 0.104 6 0
0 0 164.914 0 19.1876 a b 0.105788 6 0
0 0 164.912 0 19.2255 a b 0.106136 6 0
0 0 164.916 0 19.2623 a b 0.104777 6 0
0 0 164.918 0 19.2997 a b 0.10706 6 0
0 0 164.923 0 19.3388 a b 0.107323 6 0
0 0 164.925 0 19.3765 a b 0.105171 6 0
0 0 164.924 0 19.4143 a b 0.106031 6 0
0 0 164.925 0 19.4509 a b 0.106756 6 0
0 0 164.93 0 19.4856 a b 0.106795 6 0
0 0 164.932 0 19.5234 a b 0.105339 6 0
0 0 164.934 0 19.5611 a b 0.107955 6 0
0 0 164.931 0 19.598 a b 0.106044 6 0
0 0 164.93 0 19.6354 a b 0.104411 6 0
0 0 164.932 0 19.6734 a b 0.105991 6 0
0 0 164.94 0 19.7061 a b 0.10703 6 0
0 0 164.942 0 19.7412 a b 0.106236 6 0
0 0 164.942 0 19.7811 a b 0.106958 6 0
0 0 164.947 0 19.8193 a b 0.106126 6 0
0 0 164.95 0 19.8583 a b 0.105925 6 0
0 0 164.955 0 19.8981 a b 0.103074 6 0
0 0 164.953 0 19.9374 a b 0.103418 6 0
0 0 164.955 0 19.9784 a b 0.103263 6 0
0 0 164.958 0 20.0179 a b 0.100162 6 0
0 0 164.96 0 20.0565 a b 0.0973304 6 0
0 0 164.96 0 20.0983 a b 0.0986118 6 0
0 0 164.967 0 20.1397 a b 0.0965981 6 0
0 0 164.969 0 20.1764 a b 0.0921871 6 0
0 0 164.965 0 20.2134 a b 0.0920177 6 0
0 0 164.964 0 20.2555 a b 0.0909277 6 0
0 0 164.963 0 20.2942 a b 0.0872741 6 0
0 0 164.965 0 20.3242 a b 0.0853256 6 0
0 0 164.966 0 20.3603 a b 0.085296 6 0
0 0 164.964 0 20.3964 a b 0.0819195 6 0
0 0 164.964 0 20.4303 a b 0.0791767 6 0
0 0 164.971 0 20.4694 a b 0.0769444 6 0
0 0 164.971 0 20.5078 a b 0.0734337 6 0
0 0 164.969 0 20.5447 a b 0.0719497 6 0
0 0 164.969 0 20.5786 a b 0.0687641 6 0
0 0 164.97 0 20.6127 a b 0.0667293 6 0
0 0 164.971 0 20.6522 a b 0.063523 6 0
0 0 164.974 0 20.6916 a b 0.0600186 6 0
0 0 164.976 0 20.729 a b 0.0571915 6 0
0 0 164.973 0 20.7676 a b 0.0563658 6 0
0 0 164.974 0 20.8127 a b 0.0522381 6 0
0 0 164.974 0 20.8538 a b 0.0483526 6 0
0 0 164.971 0 20.892 a b 0.0453789 6 0
0 0 164.971 0 20.9358 a b 0.0440863 6 0
0 0 164.97 0 20.9778 a b 0.0409768 6 0
0 0 164.968 0 21.0145 a b 0.0405102 6 0
0 0 164.963 0 21.0537 a b 0.0387062 6 0
0 0 164.959 0 21.0922 a b 0.0358238 6 0
0 0 164.962 0 21.1291 a b 0.0341568 6 0
0 0 164.961 0 21.1655 a b 0.0338079 6 0
0 0 164.958 0 21.202 a b 0.0319025 6 0
0 0 164.962 0 21.2359 a b 0.0304177 6 0
0 0 164.96 0 21.2723 a b 0.0295944 6 0
0 0 164.96 0 21.3094 a b 0.0284756 6 0
0 0 164.959 0 21.3432 a b 0.0288442 6 0
0 0 164.958 0 21.3792 a b 0.02826 6 0
0 0 164.957 0 21.4117 a b 0.027687 6 0
0 0 164.956 0 21.455 a b 0.0259095 6 0
0 0 164.955 0 21.492 a b 0.0247936 6 0
0 0 164.955 0 21.5329 a b 0.023779 6 0
0 0 164.952 0 21.5747 a b 0.0227795 6 0
0 0 164.956 0 21.6167 a b 0.0201152 6 0
0 0 164.954 0 21.6571 a b 0.0199987 6 0
0 0 164.954 0 21.6963 a b 0.0193965 6 0
0 0 164.949 0 21.7382 a b 0.0177097 6 0
0 0 164.951 0 21.7761 a b 0.0172807 6 0
0 0 164.948 0 21.8138 a b 0.016406 6 0
0 0 164.945 0 21.8492 a b 0.0138412 6 0
0 0 164.945 0 21.8881 a b 0.0117908 6 0
0 0 164.945 0 21.9237 a b 0.0129967 6 0
0 0 164.943 0 21.958 a b 0.0136207 6 0
0 0 164.942 0 21.991 a b 0.0107634 6 0
0 0 164.939 0 22.0244 a b 0.00664966 6 0
0 0 164.94 0 22.0651 a b 0.00591504 6 0
0 0 164.943 0 22.1041 a b 0.00536158 6 0
0 0 164.941 0 22.1408 a b 0.00282031 6 0
0 0 164.938 0 22.1806 a b -0.00173757 6 0
0 0 164.935 0 22.2205 a b -0.0044469 6 0
0 0 164.934 0 22.2592 a b -0.00470103 6 0
0 0 164.932 0 22.2996 a b -0.0101287 6 0
0 0 164.928 0 22.3426 a b -0.0138838 6 0
0 0 164.924 0 22.3811 a b -0.0156597 6 0
0 0 164.919 0 22.4189 a b -0.0181623 6 0
0 0 164.914 0 22.4583 a b -0.0206054 6 0
0 0 164.912 0 22.4939 a b -0.0232243 6 0
0 0 164.908 0 22.5324 a b -0.0248462 6 0
0 0 164.908 0 22.5708 a b -0.0260535 6 0
0 0 164.904 0 22.6045 a b -0.026346 6 0
0 0 164.903 0 22.6381 a b -0.0279797 6 0
0 0 164.902 0 22.6753 a b -0.0270245 6 0
0 0 164.897 0 22.7148 a b -0.01861 6 0
0 0 164.897 0 22.7527 a b -0.00293082 6 0
0 0 164.902 0 22.7842 a b 0.0111105 6 0
0 0 164.904 0 22.816 a b 0.0221589 6 0
0 0 164.908 0 22.8526 a b 0.0340316 6 0
0 0 164.913 0 22.8847 a b 0.0436376 6 0
0 0 164.915 0 22.919 a b 0.0499532 6 0
0 0 164.909 0 22.956 a b 0.0539337 6 0
0 0 164.909 0 22.9936 a b 0.0580206 6 0
0 0 164.914 0 23.035 a b 0.0624352 6 0
0 0 164.914 0 23.0755 a b 0.0658222 6 0
0 0 164.915 0 23.1169 a b 0.0713663 6 0
0 0 164.92 0 23.1591 a b 0.0744886 6 0
0 0 164.922 0 23.2003 a b 0.0738798 6 0
0 0 164.923 0 23.2415 a b 0.0750754 6 0
0 0 164.923 0 23.2836 a b 0.0772454 6 0
0 0 164.929 0 23.3215 a b 0.0767725 6 0
0 0 164.925 0 23.36 a b 0.0773911 6 0
0 0 164.922 0 23.3972 a b 0.0789325 6 0
0 0 164.929 0 23.4328 a b 0.0774031 6 0
0 0 164.93 0 23.4662 a b 0.0765676 6 0
0 0 164.933 0 23.5018 a b 0.0786615 6 0
0 0 164.932 0 23.5365 a b 0.0787342 6 0
0 0 164.934 0 23.5645 a b 0.0759417 6 0
0 0 164.933 0 23.5982 a b 0.0734729 6 0
0 0 164.936 0 23.6363 a b 0.0744302 6 0
0 0 164.937 0 23.671 a b 0.075244 6 0
0 0 164.937 0 23.7074 a b 0.0751645 6 0
0 0 164.937 0 23.7465 a b 0.0724011 6 0
0 0 164.936 0 23.7811 a b 0.0737914 6 0
0 0 164.942 0 23.828 a b 0.0720516 6 0
0 0 164.941 0 23.8735 a b 0.0720297 6 0
0 0 164.943 0 23.9164 a b 0.0717464 6 0
0 0 164.944 0 23.9576 a b 0.0688249 6 0
0 0 164.94 0 24.0011 a b 0.0661023 6 0
0 0 164.939 0 24.039 a b 0.067883 6 0
0 0 164.945 0 24.0702 a b 0.0661222 6 0
0 0 164.948 0 24.1112 a b 0.0626 6 0
0 0 164.945 0 24.1456 a b 0.0614214 6 0
0 0 164.939 0 24.1826 a b 0.0631442 6 0
0 0 164.942 0 24.2132 a b 0.0618287 6 0
0 0 164.947 0 24.2429 a b 0.0596212 6 0
0 0 164.944 0 24.2772 a b 0.0617132 6 0
0 0 164.943 0 24.3154 a b 0.0626226 6 0
0 0 164.949 0 24.3519 a b 0.0589454 6 0
0 0 164.946 0 24.3926 a b 0.0546774 6 0
0 0 164.949 0 24.4312 a b 0.0555182 6 0
0 0 164.95 0 24.4709 a b 0.0573354 6 0
0 0 164.951 0 24.5166 a b 0.0551135 6 0
0 0 164.95 0 24.559 a b 0.0535079 6 0
0 0 164.946 0 24.6018 a b 0.050348 6 0
0 0 164.945 0 24.6458 a b 0.047789 6 0
0 0 164.947 0 24.682 a b 0.0468889 6 0
0 0 164.939 0 24.7245 a b 0.0464918 6 0
0 0 164.938 0 24.7655 a b 0.042906 6 0
0 0 164.943 0 24.7973 a b 0.0407286 6 0
0 0 164.944 0 24.8368 a b 0.0404581 6 0
0 0 164.947 0 24.8749 a b 0.0389794 6 0
0 0 164.953 0 24.9135 a b 0.0364124 6 0
0 0 164.956 0 24.9474 a b 0.0360543 6 0
0 0 164.965 0 24.9862 a b 0.0351765 6 0
0 0 164.966 0 25.028 a b 0.0345781 6 0
0 0 164.966 0 25.0686 a b 0.031535 6 0
0 0 164.972 0 25.1104 a b 0.0262299 6 0
0 0 164.974 0 25.1516 a b 0.0226323 6 0
0 0 164.97 0 25.1946 a b 0.0251741 6 0
0 0 164.971 0 25.2405 a b 0.0289599 6 0
0 0 164.966 0 25.2824 a b 0.0258086 6 0
0 0 164.963 0 25.3299 a b 0.0207829 6 0
0 0 164.962 0 25.3698 a b 0.0201445 6 0
0 0 164.96 0 25.4022 a b 0.0194354 6 0
0 0 164.962 0 25.4403 a b 0.0178962 6 0
0 0 164.964 0 25.4757 a b 0.0151025 6 0
0 0 164.963 0 25.5116 a b 0.014336 6 0
0 0 164.959 0 25.5453 a b 0.0136298 6 0
0 0 164.956 0 25.5751 a b 0.0136186 6 0
0 0 164.962 0 25.6022 a b 0.00785429 6 0
0 0 164.971 0 25.6342 a b 0.00145012 6 0
0 0 164.984 0 25.6714 a b 0.00331439 6 0
0 0 164.972 0 25.7045 a b 0.00521195 6 0
0 0 164.974 0 25.7252 a b 0.00398146 6 0
0 0 164.974 0 25.7373 a b 0.0215071 6 0
0 0 164.97 0 25.7332 a b 0.0393543 6 0
0 0 164.967 0 25.7159 a b 0.0524352 6 0
0 0 164.968 0 25.7189 a b 0.0732163 6 0
0 0 164.955 0 25.715 a b 0.0772408 6 0
