0 0 34.2851 0 27.1723 a b 0.195729 9 0
0 0 34.2946 0 27.1859 a b 0.149507 9 0
0 0 34.3021 0 27.178 a b 0.156078 9 0
0 0 34.3011 0 27.1806 a b 0.174312 9 0
0 0 34.3007 0 27.1834 a b 0.19235 9 0
0 0 34.3011 0 27.1946 a b 0.194118 9 0
0 0 34.3103 0 27.2199 a b 0.193093 9 0
0 0 34.3197 0 27.2466 a b 0.191684 9 0
0 0 34.3256 0 27.283 a b 0.189521 9 0
0 0 34.3274 0 27.3088 a b 0.185871 9 0
0 0 34.3272 0 27.3578 a b 0.185927 9 0
0 0 34.3227 0 27.4035 a b 0.182452 9 0
0 0 34.3209 0 27.4561 a b 0.174446 9 0
0 0 34.3263 0 27.5048 a b 0.168384 9 0
0 0 34.3324 0 27.5496 a b 0.162149 9 0
0 0 34.3323 0 27.5891 a b 0.157195 9 0
0 0 34.3426 0 27.6255 a b 0.149365 9 0
0 0 34.3476 0 27.6668 a b 0.145684 9 0
0 0 34.3515 0 27.6957 a b 0.1417 9 0
0 0 34.3505 0 27.7218 a b 0.136716 9 0
0 0 34.3559 0 27.7433 a b 0.132076 9 0
0 0 34.3556 0 27.7633 a b 0.126857 9 0
0 0 34.3596 0 27.7813 a b 0.126643 9 0
0 0 34.3622 0 27.7964 a b 0.12418 9 0
0 0 34.3613 0 27.8104 a b 0.12168 9 0
0 0 34.3647 0 27.8285 a b 0.118586 9 0
0 0 34.366 0 27.8423 a b 0.117749 9 0
0 0 34.368 0 27.859 a b 0.117253 9 0
0 0 34.3761 0 27.8725 a b 0.114905 9 0
0 0 34.3738 0 27.8964 a b 0.112749 9 0
0 0 34.3745 0 27.9284 a b 0.111692 9 0
0 0 34.3752 0 27.9662 a b 0.113102 9 0
0 0 34.3777 0 27.9965 a b 0.111318 9 0
0 0 34.3821 0 28.0352 a b 0.10114 9 0
0 0 34.3889 0 28.0824 a b 0.103195 9 0
0 0 34.4004 0 28.1303 a b 0.106446 9 0
0 0 34.3972 0 28.1569 a b 0.111674 9 0
0 0 34.4072 0 28.1904 a b 0.115492 9 0
0 0 34.4117 0 28.225 a b 0.102478 9 0
0 0 34.4093 0 28.2595 a b 0.0951269 9 0
0 0 34.4 0 28.3016 a b 0.107984 9 0
0 0 34.4147 0 28.33 a b 0.110512 9 0
0 0 34.4301 0 28.3469 a b 0.101559 9 0
0 0 34.424 0 28.3722 a b 0.103374 9 0
0 0 34.411 0 28.3976 a b 0.108209 9 0
0 0 34.414 0 28.4161 a b 0.106019 9 0
0 0 34.411 0 28.4453 a b 0.102884 9 0
0 0 34.4084 0 28.4719 a b 0.102211 9 0
0 0 34.4136 0 28.5007 a b 0.099904 9 0
0 0 34.4235 0 28.5291 a b 0.0947318 9 0
0 0 34.4254 0 28.5631 a b 0.0921771 9 0
0 0 34.4276 0 28.5917 a b 0.091735 9 0
0 0 34.4242 0 28.6338 a b 0.0930679 9 0
0 0 34.4369 0 28.6617 a b 0.0919558 9 0
0 0 34.4455 0 28.6867 a b 0.0922739 9 0
0 0 34.4393 0 28.7225 a b 0.0893875 9 0
0 0 34.4314 0 28.7665 a b 0.0833849 9 0
0 0 34.4365 0 28.7979 a b 0.0825093 9 0
0 0 34.4342 0 28.8307 a b 0.0838285 9 0
0 0 34.4302 0 28.8645 a b 0.0830341 9 0
0 0 34.4252 0 28.9 a b 0.0803906 9 0
0 0 34.421 0 28.9345 a b 0.0773878 9 0
0 0 34.4265 0 28.9554 a b 0.0753305 9 0
0 0 34.4252 0 28.9797 a b 0.0739332 9 0
0 0 34.4177 0 29.0122 a b 0.06696 9 0
0 0 34.4218 0 29.0341 a b 0.0605852 9 0
0 0 34.4186 0 29.0599 a b 0.0551539 9 0
0 0 34.4173 0 29.0879 a b 0.0516083 9 0
0 0 34.4212 0 29.1075 a b 0.0521045 9 0
0 0 34.4137 0 29.1245 a b 0.0494574 9 0
0 0 34.4169 0 29.1471 a b 0.0329911 9 0
0 0 34.4256 0 29.1745 a b 0.0301222 9 0
0 0 34.4243 0 29.1954 a b 0.029424 9 0
0 0 34.424 0 29.2193 a b 0.021588 9 0
0 0 34.4276 0 29.2301 a b 0.0152212 9 0
0 0 34.4281 0 29.2565 a b 0.0151097 9 0
0 0 34.4381 0 29.2808 a b 0.0142611 9 0
0 0 34.4355 0 29.3079 a b 0.00987692 9 0
0 0 34.434 0 29.3389 a b 0.00453529 9 0
0 0 34.44 0 29.3713 a b 0.000933733 9 0
0 0 34.443 0 29.4041 a b 0.00112164 9 0
0 0 34.43 0 29.4547 a b 0.00101088 9 0
0 0 34.4317 0 29.4966 a b -0.00108589 9 0
0 0 34.4317 0 29.5313 a b -5.27116e-06 9 0
0 0 34.422 0 29.571 a b -0.000578071 9 0
0 0 34.4181 0 29.6116 a b -0.00475888 9 0
0 0 34.4173 0 29.6505 a b -0.00622023 9 0
0 0 34.4277 0 29.6683 a b -0.0105988 9 0
0 0 34.43 0 29.6827 a b -0.0153227 9 0
0 0 34.4315 0 29.7015 a b -0.0162458 9 0
0 0 34.4273 0 29.7253 a b -0.0162733 9 0
0 0 34.418 0 29.747 a b -0.0183569 9 0
0 0 34.4172 0 29.7647 a b -0.0175036 9 0
0 0 34.416 0 29.779 a b -0.0210333 9 0
0 0 34.4155 0 29.7991 a b -0.0304595 9 0
0 0 34.4218 0 29.8177 a b -0.03164 9 0
0 0 34.418 0 29.8404 a b -0.0300669 9 0
0 0 34.413 0 29.8656 a b -0.0317212 9 0
0 0 34.4121 0 29.8977 a b -0.0395432 9 0
0 0 34.4108 0 29.9401 a b -0.0419348 9 0
0 0 34.4077 0 29.9831 a b -0.0392636 9 0
0 0 34.4027 0 30.0244 a b -0.0406421 9 0
0 0 34.3962 0 30.0671 a b -0.0472945 9 0
0 0 34.3962 0 30.1132 a b -0.0534383 9 0
0 0 34.3916 0 30.158 a b -0.0571772 9 0
0 0 34.3899 0 30.1922 a b -0.062377 9 0
0 0 34.3853 0 30.2197 a b -0.0640277 9 0
0 0 34.3844 0 30.2472 a b -0.0586431 9 0
0 0 34.3786 0 30.2737 a b -0.0611061 9 0
0 0 34.3724 0 30.2938 a b -0.0662405 9 0
0 0 34.3671 0 30.309 a b -0.0688351 9 0
0 0 34.3604 0 30.334 a b -0.0692743 9 0
0 0 34.3646 0 30.3447 a b -0.0666261 9 0
0 0 34.3734 0 30.3562 a b -0.0750165 9 0
0 0 34.3595 0 30.3874 a b -0.0795187 9 0
0 0 34.3524 0 30.4254 a b -0.0694772 9 0
0 0 34.3512 0 30.4518 a b -0.0587601 9 0
0 0 34.3493 0 30.4762 a b -0.0526189 9 0
0 0 34.3446 0 30.5166 a b -0.0477422 9 0
0 0 34.343 0 30.5571 a b -0.0343555 9 0
0 0 34.3537 0 30.5785 a b -0.0237502 9 0
0 0 34.357 0 30.6008 a b -0.025974 9 0
0 0 34.353 0 30.6382 a b -0.0221803 9 0
0 0 34.3539 0 30.6717 a b -0.00839701 9 0
0 0 34.3519 0 30.699 a b 0.00181825 9 0
0 0 34.3552 0 30.7175 a b 0.00611406 9 0
0 0 34.3543 0 30.7364 a b 0.00570726 9 0
0 0 34.3478 0 30.7733 a b 0.00921424 9 0
0 0 34.3481 0 30.8016 a b 0.0139226 9 0
0 0 34.353 0 30.8309 a b 0.014116 9 0
0 0 34.3543 0 30.8654 a b 0.0141927 9 0
0 0 34.3475 0 30.9064 a b 0.0186389 9 0
0 0 34.3461 0 30.939 a b 0.0236463 9 0
0 0 34.349 0 30.966 a b 0.0311773 9 0
0 0 34.3469 0 30.9837 a b 0.029794 9 0
0 0 34.3398 0 31.0193 a b 0.0265294 9 0
0 0 34.3371 0 31.0653 a b 0.0331488 9 0
0 0 34.3459 0 31.0878 a b 0.0419353 9 0
0 0 34.3539 0 31.1034 a b 0.0337839 9 0
0 0 34.349 0 31.1436 a b 0.0256846 9 0
0 0 34.346 0 31.1941 a b 0.033209 9 0
0 0 34.3498 0 31.2194 a b 0.0424964 9 0
0 0 34.3578 0 31.226 a b 0.0457425 9 0
0 0 34.3566 0 31.2467 a b 0.040832 9 0
0 0 34.3442 0 31.2852 a b 0.0407297 9 0
0 0 34.3378 0 31.3091 a b 0.0436009 9 0
0 0 34.3333 0 31.3315 a b 0.0450293 9 0
0 0 34.3346 0 31.3563 a b 0.043902 9 0
0 0 34.3337 0 31.3943 a b 0.0454442 9 0
0 0 34.3333 0 31.4289 a b 0.0493219 9 0
0 0 34.3334 0 31.4563 a b 0.051788 9 0
0 0 34.3343 0 31.4801 a b 0.0480508 9 0
0 0 34.3327 0 31.5092 a b 0.0470882 9 0
0 0 34.3348 0 31.5428 a b 0.0495146 9 0
0 0 34.3356 0 31.5719 a b 0.0486789 9 0
0 0 34.3365 0 31.5977 a b 0.0458615 9 0
0 0 34.3394 0 31.6293 a b 0.0454298 9 0
0 0 34.3412 0 31.6599 a b 0.0453979 9 0
0 0 34.3445 0 31.6839 a b 0.043544 9 0
0 0 34.3445 0 31.707 a b 0.0445555 9 0
0 0 34.3405 0 31.7377 a b 0.0494477 9 0
0 0 34.3341 0 31.7774 a b 0.0531846 9 0
0 0 34.3355 0 31.7998 a b 0.0494288 9 0
0 0 34.3371 0 31.8273 a b 0.0475629 9 0
0 0 34.3402 0 31.8591 a b 0.0490626 9 0
0 0 34.3406 0 31.9016 a b 0.0469186 9 0
0 0 34.3407 0 31.9302 a b 0.0441817 9 0
0 0 34.347 0 31.9593 a b 0.0445953 9 0
0 0 34.3477 0 31.9942 a b 0.0459956 9 0
0 0 34.3537 0 32.0398 a b 0.0449303 9 0
0 0 34.3576 0 32.068 a b 0.0419765 9 0
0 0 34.3598 0 32.0903 a b 0.0439081 9 0
0 0 34.3516 0 32.1245 a b 0.0506563 9 0
0 0 34.343 0 32.1595 a b 0.0534693 9 0
0 0 34.3444 0 32.1866 a b 0.0533237 9 0
0 0 34.3475 0 32.2151 a b 0.0544883 9 0
0 0 34.3481 0 32.2464 a b 0.0548754 9 0
0 0 34.347 0 32.2734 a b 0.0535971 9 0
0 0 34.3487 0 32.3003 a b 0.0507952 9 0
0 0 34.3506 0 32.326 a b 0.0493593 9 0
0 0 34.3534 0 32.3498 a b 0.0504394 9 0
0 0 34.351 0 32.3684 a b 0.0508325 9 0
0 0 34.352 0 32.389 a b 0.0492226 9 0
0 0 34.3532 0 32.4114 a b 0.0495407 9 0
0 0 34.3509 0 32.4506 a b 0.050784 9 0
0 0 34.3507 0 32.4876 a b 0.0456943 9 0
0 0 34.36 0 32.517 a b 0.0454706 9 0
0 0 34.3673 0 32.5473 a b 0.0479845 9 0
0 0 34.3683 0 32.5858 a b 0.0459722 9 0
0 0 34.365 0 32.6098 a b 0.0476343 9 0
0 0 34.3606 0 32.6386 a b 0.0476349 9 0
0 0 34.3615 0 32.6684 a b 0.0456831 9 0
0 0 34.3589 0 32.6971 a b 0.0447252 9 0
0 0 34.3638 0 32.7209 a b 0.0438125 9 0
0 0 34.3646 0 32.7477 a b 0.0432276 9 0
0 0 34.3687 0 32.7734 a b 0.041586 9 0
0 0 34.3645 0 32.7948 a b 0.0435636 9 0
0 0 34.3649 0 32.8216 a b 0.040127 9 0
0 0 34.3706 0 32.849 a b 0.0423912 9 0
0 0 34.3704 0 32.8733 a b 0.044289 9 0
0 0 34.3662 0 32.8996 a b 0.0434128 9 0
0 0 34.3669 0 32.9287 a b 0.0410943 9 0
0 0 34.3661 0 32.9549 a b 0.0427201 9 0
0 0 34.3653 0 32.9933 a b 0.0410303 9 0
0 0 34.3686 0 33.0259 a b 0.0371642 9 0
0 0 34.3693 0 33.0606 a b 0.0347438 9 0
0 0 34.3706 0 33.0962 a b 0.0339466 9 0
0 0 34.3748 0 33.1288 a b 0.0328825 9 0
0 0 34.3766 0 33.1677 a b 0.0311343 9 0
0 0 34.3716 0 33.191 a b 0.0297941 9 0
0 0 34.3767 0 33.2185 a b 0.0286535 9 0
0 0 34.378 0 33.2429 a b 0.0277486 9 0
0 0 34.3757 0 33.2674 a b 0.0265974 9 0
0 0 34.3743 0 33.2934 a b 0.0275456 9 0
0 0 34.3711 0 33.3274 a b 0.0311985 9 0
0 0 34.3723 0 33.3538 a b 0.0267836 9 0
0 0 34.3765 0 33.3816 a b 0.0220763 9 0
0 0 34.376 0 33.4183 a b 0.0215392 9 0
0 0 34.3742 0 33.4581 a b 0.0198312 9 0
0 0 34.3754 0 33.4911 a b 0.0154936 9 0
0 0 34.3811 0 33.5174 a b 0.0127487 9 0
0 0 34.3765 0 33.5443 a b 0.0161668 9 0
0 0 34.3771 0 33.5674 a b 0.0190792 9 0
0 0 34.375 0 33.5928 a b 0.0144703 9 0
0 0 34.3748 0 33.6218 a b 0.0114538 9 0
0 0 34.3771 0 33.6467 a b 0.00885877 9 0
0 0 34.3824 0 33.6787 a b 0.00334463 9 0
0 0 34.3832 0 33.7082 a b 0.00820457 9 0
0 0 34.3785 0 33.7317 a b 0.00976808 9 0
0 0 34.3733 0 33.7567 a b 0.00619316 9 0
0 0 34.3724 0 33.7842 a b 0.00686677 9 0
0 0 34.3693 0 33.809 a b 0.00670128 9 0
0 0 34.3721 0 33.841 a b 0.00221131 9 0
0 0 34.3705 0 33.8698 a b 0.00144075 9 0
0 0 34.3724 0 33.8959 a b 0.000598089 9 0
0 0 34.368 0 33.9219 a b -0.00194667 9 0
0 0 34.3686 0 33.9562 a b -0.00651807 9 0
0 0 34.3686 0 33.9899 a b -0.00838107 9 0
0 0 34.3694 0 34.0218 a b -0.00686373 9 0
0 0 34.3684 0 34.0508 a b -0.0102341 9 0
0 0 34.3644 0 34.0825 a b -0.0132457 9 0
0 0 34.3617 0 34.1114 a b -0.0141023 9 0
0 0 34.3653 0 34.1302 a b -0.0148276 9 0
0 0 34.3694 0 34.1699 a b -0.0176038 9 0
0 0 34.371 0 34.2091 a b -0.0154222 9 0
0 0 34.365 0 34.2506 a b -0.01107 9 0
0 0 34.3594 0 34.2778 a b -0.00897661 9 0
0 0 34.3535 0 34.2912 a b -0.0136321 9 0
0 0 34.352 0 34.3172 a b -0.0194701 9 0
0 0 34.3545 0 34.3503 a b -0.0150367 9 0
0 0 34.3567 0 34.3799 a b -0.014084 9 0
0 0 34.3555 0 34.4083 a b -0.0150305 9 0
0 0 34.3523 0 34.4354 a b -0.0214116 9 0
0 0 34.3531 0 34.4638 a b -0.0219632 9 0
0 0 34.3506 0 34.497 a b -0.0178961 9 0
0 0 34.3485 0 34.5246 a b -0.0142031 9 0
0 0 34.3441 0 34.5488 a b -0.0193888 9 0
0 0 34.3448 0 34.5745 a b -0.0246365 9 0
0 0 34.3441 0 34.6139 a b -0.0224565 9 0
0 0 34.3459 0 34.6497 a b -0.0250422 9 0
0 0 34.344 0 34.6753 a b -0.028081 9 0
0 0 34.3428 0 34.7029 a b -0.0276633 9 0
0 0 34.3389 0 34.7251 a b -0.0267153 9 0
0 0 34.3377 0 34.7592 a b -0.0247494 9 0
0 0 34.3391 0 34.7801 a b -0.0294338 9 0
0 0 34.3363 0 34.8003 a b -0.032128 9 0
0 0 34.3345 0 34.8204 a b -0.031426 9 0
0 0 34.3337 0 34.8457 a b -0.03052 9 0
0 0 34.3293 0 34.8714 a b -0.0346106 9 0
0 0 34.3269 0 34.899 a b -0.0343409 9 0
0 0 34.3299 0 34.9319 a b -0.0305317 9 0
0 0 34.33 0 34.9658 a b -0.0319923 9 0
0 0 34.3276 0 34.9928 a b -0.030383 9 0
0 0 34.328 0 35.018 a b -0.0287182 9 0
0 0 34.3275 0 35.0466 a b -0.0285004 9 0
0 0 34.3275 0 35.074 a b -0.0275007 9 0
0 0 34.3287 0 35.098 a b -0.0234372 9 0
0 0 34.328 0 35.1195 a b -0.0185345 9 0
0 0 34.3228 0 35.1446 a b -0.0174403 9 0
0 0 34.3244 0 35.1678 a b -0.0184905 9 0
0 0 34.3268 0 35.1924 a b -0.0171561 9 0
0 0 34.3262 0 35.2224 a b -0.0122847 9 0
0 0 34.3243 0 35.2518 a b -0.00923497 9 0
0 0 34.3212 0 35.2856 a b -0.00811864 9 0
0 0 34.3216 0 35.3127 a b -0.00227816 9 0
0 0 34.3173 0 35.3476 a b 0.00170836 9 0
0 0 34.3154 0 35.3805 a b 0.000314752 9 0
0 0 34.3129 0 35.4074 a b 0.0025916 9 0
0 0 34.3141 0 35.4411 a b 0.0030992 9 0
0 0 34.3133 0 35.4696 a b 0.00455131 9 0
0 0 34.3131 0 35.4965 a b 0.00599805 9 0
0 0 34.3111 0 35.5232 a b 0.00827644 9 0
0 0 34.3111 0 35.5592 a b 0.00735873 9 0
0 0 34.3103 0 35.5793 a b 0.00810295 9 0
0 0 34.3109 0 35.6063 a b 0.0126389 9 0
0 0 34.3127 0 35.6372 a b 0.014247 9 0
0 0 34.316 0 35.6693 a b 0.0118658 9 0
0 0 34.3209 0 35.6965 a b 0.0134949 9 0
0 0 34.3231 0 35.7215 a b 0.018854 9 0
0 0 34.3196 0 35.7555 a b 0.025105 9 0
0 0 34.3139 0 35.7895 a b 0.0282664 9 0
0 0 34.3103 0 35.827 a b 0.0249536 9 0
0 0 34.2984 0 35.8567 a b 0.0260291 9 0
0 0 34.2982 0 35.8892 a b 0.0336835 9 0
0 0 34.2959 0 35.9277 a b 0.0352568 9 0
0 0 34.2971 0 35.957 a b 0.0308484 9 0
0 0 34.2991 0 35.9905 a b 0.0289605 9 0
0 0 34.3002 0 36.0215 a b 0.0338913 9 0
0 0 34.3025 0 36.0478 a b 0.0365789 9 0
0 0 34.3029 0 36.0752 a b 0.0362191 9 0
0 0 34.3008 0 36.1038 a b 0.0360459 9 0
0 0 34.2987 0 36.1269 a b 0.0376786 9 0
0 0 34.3 0 36.1487 a b 0.0365614 9 0
0 0 34.3023 0 36.1761 a b 0.0366544 9 0
0 0 34.3056 0 36.2059 a b 0.0400926 9 0
0 0 34.302 0 36.2282 a b 0.041127 9 0
0 0 34.3033 0 36.2572 a b 0.0403921 9 0
0 0 34.3039 0 36.2862 a b 0.0408821 9 0
0 0 34.3037 0 36.3144 a b 0.0440822 9 0
0 0 34.3014 0 36.3428 a b 0.0441962 9 0
0 0 34.2992 0 36.3793 a b 0.0457408 9 0
0 0 34.2959 0 36.409 a b 0.0485043 9 0
0 0 34.2962 0 36.4446 a b 0.0448746 9 0
0 0 34.2994 0 36.4766 a b 0.0448825 9 0
0 0 34.3043 0 36.5108 a b 0.0443662 9 0
0 0 34.3089 0 36.5411 a b 0.0410236 9 0
0 0 34.3113 0 36.5734 a b 0.0434417 9 0
0 0 34.3102 0 36.6008 a b 0.0465271 9 0
0 0 34.3116 0 36.6267 a b 0.0477739 9 0
0 0 34.3101 0 36.6609 a b 0.0483399 9 0
0 0 34.3099 0 36.6875 a b 0.0508704 9 0
0 0 34.3102 0 36.7154 a b 0.0476996 9 0
0 0 34.3105 0 36.743 a b 0.0478302 9 0
0 0 34.3115 0 36.7645 a b 0.0525683 9 0
0 0 34.31 0 36.7864 a b 0.0537353 9 0
0 0 34.3082 0 36.8089 a b 0.0545317 9 0
0 0 34.3067 0 36.8331 a b 0.0564465 9 0
0 0 34.3091 0 36.8514 a b 0.0597871 9 0
0 0 34.3095 0 36.8681 a b 0.0667587 9 0
0 0 34.3058 0 36.8825 a b 0.0727781 9 0
0 0 34.304 0 36.8936 a b 0.0692839 9 0
0 0 34.3094 0 36.9182 a b 0.0583361 9 0
0 0 34.3161 0 36.9374 a b 0.060569 9 0
0 0 34.3145 0 36.9657 a b 0.0638518 9 0
0 0 34.3116 0 36.9925 a b 0.0624799 9 0
0 0 34.3152 0 37.0317 a b 0.0590287 9 0
0 0 34.3161 0 37.0783 a b 0.0605478 9 0
0 0 34.3202 0 37.1211 a b 0.0642708 9 0
0 0 34.3242 0 37.1715 a b 0.066227 9 0
0 0 34.3242 0 37.2177 a b 0.0690412 9 0
0 0 34.3279 0 37.26 a b 0.0660557 9 0
0 0 34.3333 0 37.3108 a b 0.0736601 9 0
0 0 34.3327 0 37.3485 a b 0.0777303 9 0
0 0 34.3326 0 37.3893 a b 0.0811061 9 0
0 0 34.3333 0 37.4235 a b 0.0867204 9 0
0 0 34.332 0 37.4478 a b 0.0851733 9 0
0 0 34.3327 0 37.4744 a b 0.0834154 9 0
0 0 34.3311 0 37.4966 a b 0.0906186 9 0
0 0 34.3323 0 37.5187 a b 0.0975765 9 0
0 0 34.3349 0 37.5376 a b 0.101315 9 0
0 0 34.3424 0 37.5503 a b 0.0945546 9 0
0 0 34.3446 0 37.5628 a b 0.0799286 9 0
0 0 34.3283 0 37.5788 a b 0.0746955 9 0
0 0 34.3321 0 37.6013 a b 0.0860983 9 0
0 0 34.3428 0 37.62 a b 0.0915689 9 0
0 0 34.3482 0 37.6412 a b 0.0857994 9 0
0 0 34.3394 0 37.667 a b 0.0828879 9 0
0 0 34.3418 0 37.701 a b 0.0870104 9 0
0 0 34.3464 0 37.7323 a b 0.0874547 9 0
0 0 34.3549 0 37.77 a b 0.0876662 9 0
0 0 34.3568 0 37.8026 a b 0.0842846 9 0
0 0 34.3538 0 37.8394 a b 0.0865545 9 0
0 0 34.354 0 37.8732 a b 0.0927361 9 0
0 0 34.3619 0 37.9141 a b 0.0943187 9 0
0 0 34.3681 0 37.9511 a b 0.0843797 9 0
0 0 34.3678 0 37.986 a b 0.0714285 9 0
0 0 34.3603 0 38.0104 a b 0.0626186 9 0
0 0 34.3512 0 38.0306 a b 0.0629384 9 0
0 0 34.3528 0 38.0626 a b 0.0657901 9 0
0 0 34.3655 0 38.1067 a b 0.0589625 9 0
0 0 34.3724 0 38.1501 a b 0.039396 9 0
0 0 34.3701 0 38.1809 a b 0.0153245 9 0
0 0 34.3504 0 38.1907 a b 0.00599128 9 0
0 0 34.3493 0 38.2078 a b 0.00838203 9 0
0 0 34.3541 0 38.2417 a b 0.0104787 9 0
0 0 34.3539 0 38.2767 a b 0.0066793 9 0
0 0 34.3486 0 38.306 a b 0.000974452 9 0
0 0 34.3444 0 38.3285 a b -0.00117283 9 0
0 0 34.345 0 38.3519 a b -0.00492602 9 0
0 0 34.3455 0 38.3762 a b -0.00927594 9 0
0 0 34.3411 0 38.3993 a b -0.0110017 9 0
0 0 34.3449 0 38.4229 a b -0.0173027 9 0
0 0 34.3432 0 38.4409 a b -0.0227008 9 0
0 0 34.3412 0 38.4646 a b -0.0235783 9 0
0 0 34.3403 0 38.4926 a b -0.0245176 9 0
0 0 34.3378 0 38.5237 a b -0.0297467 9 0
0 0 34.3366 0 38.5508 a b -0.0360772 9 0
0 0 34.3353 0 38.5799 a b -0.0384563 9 0
0 0 34.3339 0 38.6117 a b -0.0405075 9 0
0 0 34.3327 0 38.6447 a b -0.0433005 9 0
0 0 34.3286 0 38.6758 a b -0.0471808 9 0
0 0 34.3266 0 38.708 a b -0.0502716 9 0
0 0 34.3222 0 38.7394 a b -0.0489749 9 0
0 0 34.3187 0 38.7698 a b -0.0469141 9 0
0 0 34.3176 0 38.7988 a b -0.050465 9 0
0 0 34.3178 0 38.8255 a b -0.0524418 9 0
0 0 34.3194 0 38.8545 a b -0.0492283 9 0
0 0 34.3182 0 38.8817 a b -0.0433891 9 0
0 0 34.3129 0 38.909 a b -0.0391457 9 0
0 0 34.309 0 38.9351 a b -0.0356767 9 0
0 0 34.309 0 38.9587 a b -0.032531 9 0
0 0 34.3083 0 38.977 a b -0.0331038 9 0
0 0 34.3143 0 38.9965 a b -0.0309815 9 0
0 0 34.3146 0 39.0193 a b -0.0267417 9 0
0 0 34.3121 0 39.0432 a b -0.0243324 9 0
0 0 34.3088 0 39.0733 a b -0.0219678 9 0
0 0 34.3051 0 39.092 a b -0.0235791 9 0
0 0 34.3032 0 39.1256 a b -0.0228365 9 0
0 0 34.3025 0 39.1593 a b -0.018184 9 0
0 0 34.3004 0 39.1911 a b -0.0144227 9 0
0 0 34.2955 0 39.2212 a b -0.0151542 9 0
0 0 34.2919 0 39.2582 a b -0.0183604 9 0
0 0 34.2864 0 39.2936 a b -0.0155852 9 0
0 0 34.2853 0 39.3261 a b -0.0132616 9 0
0 0 34.2859 0 39.357 a b -0.0120261 9 0
0 0 34.2852 0 39.3877 a b -0.011373 9 0
0 0 34.2835 0 39.4206 a b -0.0118282 9 0
0 0 34.283 0 39.4531 a b -0.0108492 9 0
0 0 34.2812 0 39.4757 a b -0.00781707 9 0
0 0 34.2755 0 39.4971 a b -0.00391202 9 0
0 0 34.2725 0 39.513 a b -0.00644034 9 0
0 0 34.2736 0 39.5393 a b -0.0108486 9 0
0 0 34.2761 0 39.5673 a b -0.0117154 9 0
0 0 34.2794 0 39.5969 a b -0.00925525 9 0
0 0 34.2768 0 39.6237 a b -0.0057603 9 0
0 0 34.271 0 39.6515 a b -0.00346237 9 0
0 0 34.2664 0 39.6847 a b -0.00235338 9 0
0 0 34.2633 0 39.7179 a b 0.000450504 9 0
0 0 34.2607 0 39.749 a b 0.00245009 9 0
0 0 34.2604 0 39.7809 a b 0.00259441 9 0
0 0 34.2628 0 39.81 a b 0.00244681 9 0
0 0 34.264 0 39.8396 a b 0.00442799 9 0
0 0 34.2603 0 39.8742 a b 0.00643007 9 0
0 0 34.2598 0 39.9056 a b 0.00627304 9 0
0 0 34.2634 0 39.9397 a b 0.00960544 9 0
0 0 34.261 0 39.9671 a b 0.0138075 9 0
0 0 34.2556 0 39.9962 a b 0.0148879 9 0
0 0 34.2551 0 40.0312 a b 0.0193548 9 0
0 0 34.2478 0 40.055 a b 0.0206346 9 0
0 0 34.2469 0 40.0813 a b 0.0201502 9 0
0 0 34.2488 0 40.1076 a b 0.0199742 9 0
0 0 34.2488 0 40.1369 a b 0.0173495 9 0
0 0 34.2503 0 40.1666 a b 0.0120449 9 0
0 0 34.2482 0 40.198 a b 0.012287 9 0
0 0 34.2505 0 40.2244 a b 0.0174358 9 0
0 0 34.2459 0 40.2466 a b 0.0202672 9 0
0 0 34.2433 0 40.2754 a b 0.0176464 9 0
0 0 34.2434 0 40.3023 a b 0.0149906 9 0
0 0 34.2482 0 40.3303 a b 0.0168047 9 0
0 0 34.2442 0 40.3605 a b 0.0193309 9 0
0 0 34.2412 0 40.3962 a b 0.0178538 9 0
0 0 34.2447 0 40.4343 a b 0.0162727 9 0
0 0 34.2447 0 40.4763 a b 0.0214729 9 0
0 0 34.246 0 40.5191 a b 0.0274877 9 0
0 0 34.2407 0 40.5567 a b 0.0363868 9 0
0 0 34.229 0 40.5818 a b 0.0345899 9 0
0 0 34.2298 0 40.6174 a b 0.0280256 9 0
0 0 34.236 0 40.6523 a b 0.0352571 9 0
0 0 34.241 0 40.6746 a b 0.0438854 9 0
0 0 34.2395 0 40.6944 a b 0.046263 9 0
0 0 34.2408 0 40.7127 a b 0.0413814 9 0
0 0 34.2332 0 40.7313 a b 0.0304669 9 0
0 0 34.2269 0 40.7523 a b 0.0257075 9 0
0 0 34.2318 0 40.7748 a b 0.0324105 9 0
0 0 34.2413 0 40.7923 a b 0.0375867 9 0
0 0 34.2472 0 40.811 a b 0.0332314 9 0
0 0 34.238 0 40.8417 a b 0.0270249 9 0
0 0 34.2291 0 40.8801 a b 0.0313847 9 0
0 0 34.2331 0 40.9145 a b 0.0354814 9 0
0 0 34.2364 0 40.9495 a b 0.0328118 9 0
0 0 34.2303 0 40.9889 a b 0.0325623 9 0
0 0 34.2394 0 41.0297 a b 0.032128 9 0
0 0 34.2399 0 41.0635 a b 0.0273459 9 0
0 0 34.2313 0 41.0932 a b 0.0272676 9 0
0 0 34.2244 0 41.1205 a b 0.0330112 9 0
0 0 34.2318 0 41.1501 a b 0.037581 9 0
0 0 34.2365 0 41.176 a b 0.0342072 9 0
0 0 34.2336 0 41.1976 a b 0.0309605 9 0
0 0 34.2373 0 41.2232 a b 0.0283812 9 0
0 0 34.2386 0 41.2439 a b 0.0274094 9 0
0 0 34.2359 0 41.2708 a b 0.0282511 9 0
0 0 34.2344 0 41.3006 a b 0.0279081 9 0
0 0 34.234 0 41.3293 a b 0.0275251 9 0
0 0 34.2313 0 41.3615 a b 0.0279778 9 0
0 0 34.2302 0 41.3904 a b 0.0288589 9 0
0 0 34.2335 0 41.4201 a b 0.0275764 9 0
0 0 34.2344 0 41.4485 a b 0.0272079 9 0
0 0 34.2356 0 41.4734 a b 0.0285529 9 0
0 0 34.2373 0 41.5018 a b 0.0300803 9 0
0 0 34.2343 0 41.535 a b 0.0292625 9 0
0 0 34.2327 0 41.5644 a b 0.0298582 9 0
0 0 34.2288 0 41.5973 a b 0.0310752 9 0
0 0 34.2303 0 41.6241 a b 0.032471 9 0
0 0 34.2336 0 41.6564 a b 0.0329268 9 0
0 0 34.2341 0 41.6871 a b 0.0327109 9 0
0 0 34.2349 0 41.7182 a b 0.032157 9 0
0 0 34.2336 0 41.7422 a b 0.031041 9 0
0 0 34.2315 0 41.7697 a b 0.0323218 9 0
0 0 34.2316 0 41.798 a b 0.0329883 9 0
0 0 34.2334 0 41.8301 a b 0.0352012 9 0
0 0 34.2338 0 41.8612 a b 0.0347264 9 0
0 0 34.234 0 41.8922 a b 0.0320089 9 0
0 0 34.2379 0 41.921 a b 0.0280958 9 0
0 0 34.2341 0 41.935 a b 0.0339417 9 0
0 0 34.2377 0 41.9637 a b 0.0374608 9 0
0 0 34.2385 0 41.9975 a b 0.0345535 9 0
0 0 34.2384 0 42.0247 a b 0.031477 9 0
0 0 34.2328 0 42.0489 a b 0.0377656 9 0
0 0 34.2303 0 42.0935 a b 0.0421612 9 0
0 0 34.2288 0 42.135 a b 0.0381166 9 0
0 0 34.2309 0 42.1707 a b 0.0309068 9 0
0 0 34.2355 0 42.1937 a b 0.031295 9 0
0 0 34.2357 0 42.2229 a b 0.0347732 9 0
0 0 34.2362 0 42.2564 a b 0.0309542 9 0
0 0 34.238 0 42.2859 a b 0.025299 9 0
0 0 34.2364 0 42.3112 a b 0.0286503 9 0
0 0 34.2364 0 42.3411 a b 0.0313448 9 0
0 0 34.234 0 42.3707 a b 0.0295742 9 0
0 0 34.2353 0 42.396 a b 0.0252111 9 0
0 0 34.2389 0 42.4148 a b 0.0214036 9 0
0 0 34.2407 0 42.4371 a b 0.0223238 9 0
0 0 34.2379 0 42.46 a b 0.0239811 9 0
0 0 34.236 0 42.4881 a b 0.0203207 9 0
0 0 34.2377 0 42.521 a b 0.0178996 9 0
0 0 34.2385 0 42.5492 a b 0.0165699 9 0
0 0 34.2375 0 42.5802 a b 0.0129987 9 0
0 0 34.2394 0 42.6163 a b 0.0112844 9 0
0 0 34.2351 0 42.6508 a b 0.0151149 9 0
0 0 34.2296 0 42.6863 a b 0.0110951 9 0
0 0 34.2292 0 42.721 a b 0.00938472 9 0
0 0 34.2337 0 42.758 a b 0.00931641 9 0
0 0 34.2392 0 42.7931 a b 0.00506472 9 0
0 0 34.2371 0 42.8231 a b -2.8327e-05 9 0
0 0 34.2404 0 42.8584 a b -0.00194273 9 0
0 0 34.242 0 42.888 a b 0.0035464 9 0
0 0 34.2357 0 42.9072 a b 0.00901881 9 0
0 0 34.2285 0 42.917 a b 0.00559732 9 0
0 0 34.23 0 42.9386 a b -0.00232796 9 0
0 0 34.2368 0 42.97 a b -0.00257529 9 0
0 0 34.2375 0 42.9926 a b -0.00131092 9 0
0 0 34.2377 0 43.0185 a b -0.00581291 9 0
0 0 34.2412 0 43.0536 a b -0.00423265 9 0
0 0 34.2392 0 43.0812 a b -0.0023593 9 0
0 0 34.2366 0 43.1162 a b -0.00124191 9 0
0 0 34.2279 0 43.1424 a b 0.0025416 9 0
0 0 34.2203 0 43.1687 a b -0.00553357 9 0
0 0 34.2228 0 43.2097 a b -0.0134227 9 0
0 0 34.2282 0 43.2442 a b -0.0118193 9 0
0 0 34.2315 0 43.2729 a b -0.0121544 9 0
0 0 34.2331 0 43.3033 a b -0.0119042 9 0
0 0 34.2304 0 43.3353 a b -0.0128025 9 0
0 0 34.2272 0 43.3653 a b -0.0158968 9 0
0 0 34.226 0 43.3909 a b -0.0161157 9 0
0 0 34.2244 0 43.4162 a b -0.01601 9 0
0 0 34.225 0 43.4401 a b -0.0160347 9 0
0 0 34.2258 0 43.4683 a b -0.0156915 9 0
0 0 34.2232 0 43.4876 a b -0.0162455 9 0
0 0 34.2198 0 43.5098 a b -0.0194397 9 0
0 0 34.2213 0 43.5433 a b -0.0207089 9 0
0 0 34.2232 0 43.5702 a b -0.0177149 9 0
0 0 34.2227 0 43.5957 a b -0.016874 9 0
0 0 34.2239 0 43.6275 a b -0.0178556 9 0
0 0 34.2245 0 43.6658 a b -0.0136637 9 0
0 0 34.2235 0 43.6924 a b -0.00706202 9 0
0 0 34.2127 0 43.7093 a b -0.0104014 9 0
0 0 34.2115 0 43.7418 a b -0.019176 9 0
0 0 34.2159 0 43.7832 a b -0.0145357 9 0
0 0 34.2194 0 43.8088 a b -0.00583462 9 0
0 0 34.2268 0 43.8222 a b -0.0135939 9 0
0 0 34.2213 0 43.8527 a b -0.0187979 9 0
0 0 34.2178 0 43.8887 a b -0.0157096 9 0
0 0 34.214 0 43.9147 a b -0.0115182 9 0
0 0 34.2169 0 43.9437 a b -0.00961587 9 0
0 0 34.2145 0 43.9702 a b -0.0133102 9 0
0 0 34.2155 0 44.0008 a b -0.0190834 9 0
0 0 34.214 0 44.0263 a b -0.022163 9 0
0 0 34.2137 0 44.0532 a b -0.0271622 9 0
0 0 34.212 0 44.0836 a b -0.0312643 9 0
0 0 34.2124 0 44.1142 a b -0.0309042 9 0
0 0 34.2083 0 44.1426 a b -0.0279293 9 0
0 0 34.2068 0 44.1745 a b -0.0216156 9 0
0 0 34.2095 0 44.1965 a b -0.0284862 9 0
0 0 34.2048 0 44.2213 a b -0.0432574 9 0
0 0 34.1973 0 44.2528 a b -0.0414655 9 0
0 0 34.2065 0 44.2859 a b -0.0384223 9 0
0 0 34.2129 0 44.3154 a b -0.0468591 9 0
0 0 34.2047 0 44.3433 a b -0.0489281 9 0
0 0 34.2002 0 44.3762 a b -0.0464571 9 0
0 0 34.2014 0 44.4175 a b -0.0518978 9 0
0 0 34.1946 0 44.4468 a b -0.0566405 9 0
0 0 34.1887 0 44.4787 a b -0.0552383 9 0
0 0 34.1908 0 44.5119 a b -0.0555235 9 0
0 0 34.1909 0 44.5449 a b -0.0552501 9 0
0 0 34.1895 0 44.5767 a b -0.0589175 9 0
0 0 34.1827 0 44.602 a b -0.0605782 9 0
0 0 34.1767 0 44.624 a b -0.0554496 9 0
0 0 34.1732 0 44.6537 a b -0.0537014 9 0
0 0 34.1759 0 44.6862 a b -0.0637117 9 0
0 0 34.1712 0 44.6988 a b -0.0683027 9 0
0 0 34.1709 0 44.7202 a b -0.0655932 9 0
0 0 34.1746 0 44.7518 a b -0.0646488 9 0
0 0 34.1733 0 44.7824 a b -0.0676471 9 0
0 0 34.1689 0 44.8061 a b -0.0688239 9 0
0 0 34.1641 0 44.835 a b -0.0660117 9 0
0 0 34.1592 0 44.8706 a b -0.0641773 9 0
0 0 34.1561 0 44.9065 a b -0.0639511 9 0
0 0 34.1531 0 44.9343 a b -0.0662541 9 0
0 0 34.1527 0 44.9611 a b -0.06836 9 0
0 0 34.1471 0 44.9883 a b -0.0643326 9 0
0 0 34.1447 0 45.0211 a b -0.0652973 9 0
0 0 34.1409 0 45.0455 a b -0.0658638 9 0
0 0 34.1376 0 45.0716 a b -0.0644714 9 0
0 0 34.1303 0 45.1018 a b -0.0610765 9 0
0 0 34.1274 0 45.1335 a b -0.0582998 9 0
0 0 34.1268 0 45.156 a b -0.056555 9 0
0 0 34.1296 0 45.1792 a b -0.052505 9 0
0 0 34.1289 0 45.2021 a b -0.0482335 9 0
0 0 34.1275 0 45.2226 a b -0.0398076 9 0
0 0 34.1244 0 45.2444 a b -0.029904 9 0
0 0 34.123 0 45.2696 a b -0.0221415 9 0
0 0 34.1226 0 45.2963 a b -0.0137313 9 0
0 0 34.1256 0 45.3316 a b -0.00709892 9 0
0 0 34.129 0 45.355 a b 0.00132202 9 0
0 0 34.1319 0 45.3849 a b 0.0161545 9 0
0 0 34.1327 0 45.4191 a b 0.0274925 9 0
0 0 34.1297 0 45.451 a b 0.0353592 9 0
0 0 34.1266 0 45.4832 a b 0.0368357 9 0
0 0 34.1222 0 45.5101 a b 0.0374107 9 0
0 0 34.1228 0 45.535 a b 0.0427321 9 0
0 0 34.1211 0 45.5594 a b 0.0528472 9 0
0 0 34.1215 0 45.6013 a b 0.0511473 9 0
0 0 34.1248 0 45.636 a b 0.0457101 9 0
0 0 34.1296 0 45.6669 a b 0.0461984 9 0
0 0 34.132 0 45.7062 a b 0.0493674 9 0
0 0 34.1316 0 45.7376 a b 0.0528314 9 0
0 0 34.1281 0 45.7693 a b 0.0553045 9 0
0 0 34.1241 0 45.7938 a b 0.0551399 9 0
0 0 34.1253 0 45.8187 a b 0.0501856 9 0
0 0 34.1322 0 45.8406 a b 0.050261 9 0
0 0 34.1357 0 45.8636 a b 0.0511647 9 0
0 0 34.1338 0 45.8906 a b 0.0474568 9 0
0 0 34.1346 0 45.9174 a b 0.0468732 9 0
0 0 34.1345 0 45.9446 a b 0.0491897 9 0
0 0 34.1337 0 45.9738 a b 0.0509662 9 0
0 0 34.1338 0 46.0008 a b 0.0461273 9 0
0 0 34.1355 0 46.0338 a b 0.0455501 9 0
0 0 34.1296 0 46.0613 a b 0.0509775 9 0
0 0 34.1228 0 46.0914 a b 0.0438154 9 0
0 0 34.124 0 46.125 a b 0.0331423 9 0
0 0 34.1281 0 46.1578 a b 0.0345663 9 0
0 0 34.132 0 46.1848 a b 0.0435671 9 0
0 0 34.1285 0 46.2194 a b 0.0413638 9 0
0 0 34.126 0 46.2454 a b 0.0333508 9 0
0 0 34.1267 0 46.279 a b 0.0150712 9 0
0 0 34.1319 0 46.3104 a b 0.0186771 9 0
0 0 34.1321 0 46.3288 a b 0.0337268 9 0
0 0 34.1293 0 46.343 a b 0.038043 9 0
0 0 34.127 0 46.3645 a b 0.0251554 9 0
0 0 34.1302 0 46.3996 a b 0.0121032 9 0
0 0 34.1359 0 46.4316 a b 0.017244 9 0
0 0 34.1366 0 46.4572 a b 0.0285667 9 0
0 0 34.1336 0 46.4829 a b 0.0327573 9 0
0 0 34.133 0 46.5152 a b 0.0348243 9 0
0 0 34.1334 0 46.5477 a b 0.0427109 9 0
0 0 34.1321 0 46.5792 a b 0.0473529 9 0
0 0 34.1336 0 46.6117 a b 0.049588 9 0
0 0 34.1378 0 46.6476 a b 0.0528588 9 0
0 0 34.1428 0 46.6829 a b 0.0605607 9 0
0 0 34.1411 0 46.7101 a b 0.0683833 9 0
0 0 34.1373 0 46.7456 a b 0.0737406 9 0
0 0 34.1321 0 46.7761 a b 0.0779403 9 0
0 0 34.1318 0 46.8091 a b 0.0793643 9 0
0 0 34.1338 0 46.8371 a b 0.0803135 9 0
0 0 34.1407 0 46.859 a b 0.0774229 9 0
0 0 34.1496 0 46.8883 a b 0.0740666 9 0
0 0 34.1563 0 46.9162 a b 0.0861777 9 0
0 0 34.1549 0 46.9313 a b 0.0942321 9 0
0 0 34.1507 0 46.9466 a b 0.0943801 9 0
0 0 34.1503 0 46.9726 a b 0.0890278 9 0
0 0 34.1515 0 47.0077 a b 0.086786 9 0
0 0 34.1562 0 47.0417 a b 0.091948 9 0
0 0 34.1582 0 47.0655 a b 0.0965795 9 0
0 0 34.157 0 47.0881 a b 0.0913813 9 0
0 0 34.1644 0 47.1304 a b 0.0838383 9 0
0 0 34.1704 0 47.1682 a b 0.0955746 9 0
0 0 34.1683 0 47.1936 a b 0.104854 9 0
0 0 34.1652 0 47.2156 a b 0.105513 9 0
0 0 34.163 0 47.2473 a b 0.0996241 9 0
0 0 34.1593 0 47.2829 a b 0.0968965 9 0
0 0 34.1627 0 47.3172 a b 0.0991353 9 0
0 0 34.1684 0 47.3436 a b 0.0982116 9 0
0 0 34.1763 0 47.3722 a b 0.0980995 9 0
0 0 34.1809 0 47.4018 a b 0.103665 9 0
0 0 34.1818 0 47.4303 a b 0.104956 9 0
0 0 34.1803 0 47.461 a b 0.104424 9 0
0 0 34.1794 0 47.4917 a b 0.102592 9 0
0 0 34.1785 0 47.5263 a b 0.105565 9 0
0 0 34.18 0 47.5548 a b 0.106501 9 0
0 0 34.1855 0 47.5814 a b 0.104064 9 0
0 0 34.1863 0 47.6162 a b 0.10309 9 0
0 0 34.1882 0 47.649 a b 0.111138 9 0
0 0 34.1922 0 47.6752 a b 0.113543 9 0
0 0 34.1957 0 47.6987 a b 0.107336 9 0
0 0 34.1952 0 47.7303 a b 0.0997638 9 0
0 0 34.1957 0 47.7675 a b 0.104365 9 0
0 0 34.2052 0 47.8002 a b 0.107343 9 0
0 0 34.2084 0 47.8285 a b 0.102024 9 0
0 0 34.2022 0 47.8529 a b 0.102674 9 0
0 0 34.2005 0 47.8749 a b 0.110211 9 0
0 0 34.2014 0 47.8957 a b 0.114595 9 0
0 0 34.2003 0 47.9133 a b 0.114071 9 0
0 0 34.2025 0 47.9287 a b 0.113589 9 0
0 0 34.2108 0 47.9464 a b 0.111882 9 0
0 0 34.2077 0 47.9564 a b 0.114783 9 0
0 0 34.2078 0 47.9665 a b 0.120591 9 0
0 0 34.2092 0 47.9877 a b 0.113068 9 0
0 0 34.2157 0 48.0055 a b 0.110309 9 0
0 0 34.2203 0 48.0386 a b 0.107376 9 0
0 0 34.224 0 48.0716 a b 0.101162 9 0
0 0 34.2258 0 48.1012 a b 0.107234 9 0
0 0 34.2246 0 48.1456 a b 0.115938 9 0
0 0 34.2284 0 48.2059 a b 0.115272 9 0
0 0 34.2328 0 48.2494 a b 0.112929 9 0
0 0 34.2391 0 48.2919 a b 0.116299 9 0
0 0 34.2501 0 48.3289 a b 0.123346 9 0
0 0 34.2506 0 48.3718 a b 0.132672 9 0
0 0 34.2507 0 48.4184 a b 0.131137 9 0
0 0 34.2492 0 48.4566 a b 0.126144 9 0
0 0 34.2459 0 48.4861 a b 0.125812 9 0
0 0 34.2455 0 48.5104 a b 0.12547 9 0
0 0 34.2504 0 48.53 a b 0.129132 9 0
0 0 34.2574 0 48.5491 a b 0.137553 9 0
0 0 34.262 0 48.5763 a b 0.142801 9 0
0 0 34.2644 0 48.6019 a b 0.144051 9 0
0 0 34.2621 0 48.6321 a b 0.140488 9 0
0 0 34.2612 0 48.6586 a b 0.128346 9 0
0 0 34.2679 0 48.6764 a b 0.135967 9 0
0 0 34.2653 0 48.6976 a b 0.138965 9 0
0 0 34.2656 0 48.7238 a b 0.131119 9 0
0 0 34.2702 0 48.7475 a b 0.121084 9 0
0 0 34.2793 0 48.7652 a b 0.118667 9 0
0 0 34.2824 0 48.7762 a b 0.128186 9 0
0 0 34.2801 0 48.804 a b 0.136427 9 0
0 0 34.2767 0 48.8363 a b 0.136045 9 0
0 0 34.2759 0 48.871 a b 0.126747 9 0
0 0 34.2837 0 48.9065 a b 0.122156 9 0
0 0 34.293 0 48.9431 a b 0.129071 9 0
0 0 34.289 0 48.9828 a b 0.13277 9 0
0 0 34.29 0 49.0292 a b 0.122417 9 0
0 0 34.2915 0 49.0649 a b 0.113819 9 0
0 0 34.2994 0 49.099 a b 0.107963 9 0
0 0 34.3076 0 49.1311 a b 0.109046 9 0
0 0 34.3158 0 49.1615 a b 0.119963 9 0
0 0 34.3068 0 49.1873 a b 0.125842 9 0
0 0 34.289 0 49.2118 a b 0.112695 9 0
0 0 34.2885 0 49.2369 a b 0.0910949 9 0
0 0 34.3081 0 49.2543 a b 0.0933692 9 0
0 0 34.3189 0 49.2674 a b 0.109984 9 0
0 0 34.3123 0 49.2778 a b 0.115405 9 0
0 0 34.3039 0 49.2944 a b 0.102731 9 0
0 0 34.3035 0 49.3221 a b 0.0863768 9 0
0 0 34.3038 0 49.3506 a b 0.0757571 9 0
0 0 34.3026 0 49.3781 a b 0.0726861 9 0
0 0 34.2992 0 49.4096 a b 0.0684487 9 0
0 0 34.3009 0 49.4434 a b 0.0609667 9 0
0 0 34.2992 0 49.4827 a b 0.0509657 9 0
0 0 34.2999 0 49.5228 a b 0.0400661 9 0
0 0 34.2998 0 49.5619 a b 0.0302276 9 0
0 0 34.3014 0 49.6038 a b 0.0198225 9 0
0 0 34.3128 0 49.6467 a b 0.0239899 9 0
0 0 34.3116 0 49.6787 a b 0.033916 9 0
0 0 34.3041 0 49.7058 a b 0.0385509 9 0
0 0 34.2936 0 49.7277 a b 0.0302961 9 0
0 0 34.2895 0 49.7546 a b 0.0160367 9 0
0 0 34.2902 0 49.7858 a b 0.0134202 9 0
0 0 34.2902 0 49.8102 a b 0.0171155 9 0
0 0 34.2888 0 49.8296 a b 0.0151803 9 0
0 0 34.2899 0 49.8555 a b 0.0113143 9 0
0 0 34.2878 0 49.8802 a b 0.00694734 9 0
0 0 34.2863 0 49.9085 a b 0.00216634 9 0
0 0 34.2849 0 49.938 a b -0.00115871 9 0
0 0 34.2869 0 49.9689 a b -0.00320732 9 0
0 0 34.2839 0 49.996 a b -0.00453393 9 0
0 0 34.2805 0 50.0264 a b -0.00567628 9 0
0 0 34.2802 0 50.0529 a b -0.00984024 9 0
0 0 34.2784 0 50.0845 a b -0.0179691 9 0
0 0 34.2781 0 50.1251 a b -0.019731 9 0
0 0 34.282 0 50.1602 a b -0.0167518 9 0
0 0 34.2804 0 50.1914 a b -0.0138942 9 0
0 0 34.2737 0 50.2224 a b -0.0112777 9 0
0 0 34.2702 0 50.2546 a b -0.00713646 9 0
0 0 34.2706 0 50.2817 a b 4.31792e-05 9 0
0 0 34.272 0 50.3077 a b 0.00238538 9 0
0 0 34.27 0 50.3338 a b 0.00421436 9 0
0 0 34.2664 0 50.3597 a b 0.00612268 9 0
0 0 34.2678 0 50.3813 a b 0.00911146 9 0
0 0 34.2647 0 50.404 a b 0.00946696 9 0
0 0 34.2661 0 50.434 a b 0.00827084 9 0
0 0 34.2665 0 50.459 a b 0.00942581 9 0
0 0 34.2666 0 50.4857 a b 0.0118717 9 0
0 0 34.2633 0 50.5149 a b 0.0143186 9 0
0 0 34.2612 0 50.5419 a b 0.0143965 9 0
0 0 34.2598 0 50.5709 a b 0.0118035 9 0
0 0 34.2617 0 50.605 a b 0.0149834 9 0
0 0 34.2652 0 50.6324 a b 0.0193883 9 0
0 0 34.2655 0 50.6593 a b 0.0201382 9 0
0 0 34.2622 0 50.6908 a b 0.0207217 9 0
0 0 34.2643 0 50.717 a b 0.0251567 9 0
0 0 34.265 0 50.7475 a b 0.0265435 9 0
0 0 34.2629 0 50.7769 a b 0.0292803 9 0
0 0 34.2584 0 50.8101 a b 0.0321865 9 0
0 0 34.2605 0 50.8387 a b 0.0359726 9 0
0 0 34.2574 0 50.8691 a b 0.0392814 9 0
0 0 34.2575 0 50.8967 a b 0.0410732 9 0
0 0 34.2574 0 50.92 a b 0.0414956 9 0
0 0 34.2577 0 50.9509 a b 0.0424378 9 0
0 0 34.2573 0 50.9801 a b 0.0429563 9 0
0 0 34.256 0 51.0115 a b 0.0448686 9 0
0 0 34.2561 0 51.0416 a b 0.0478542 9 0
0 0 34.2589 0 51.0725 a b 0.0506882 9 0
0 0 34.2584 0 51.0995 a b 0.0498325 9 0
0 0 34.2596 0 51.1274 a b 0.0482161 9 0
0 0 34.2564 0 51.1509 a b 0.0498078 9 0
0 0 34.2605 0 51.1751 a b 0.0535649 9 0
0 0 34.2659 0 51.203 a b 0.0525167 9 0
0 0 34.2644 0 51.2282 a b 0.0508502 9 0
0 0 34.2577 0 51.2519 a b 0.0545099 9 0
0 0 34.2616 0 51.288 a b 0.0573947 9 0
0 0 34.2617 0 51.3238 a b 0.0554255 9 0
0 0 34.2586 0 51.3543 a b 0.0538491 9 0
0 0 34.2631 0 51.3842 a b 0.0543424 9 0
0 0 34.2663 0 51.4187 a b 0.0547125 9 0
0 0 34.2667 0 51.4543 a b 0.0512373 9 0
0 0 34.2648 0 51.4809 a b 0.0505957 9 0
0 0 34.2671 0 51.5063 a b 0.0561015 9 0
0 0 34.2663 0 51.5485 a b 0.0570951 9 0
0 0 34.2645 0 51.583 a b 0.0541326 9 0
0 0 34.2636 0 51.6055 a b 0.0567565 9 0
0 0 34.2597 0 51.6337 a b 0.0635638 9 0
0 0 34.2551 0 51.6667 a b 0.0644272 9 0
0 0 34.2554 0 51.6971 a b 0.0589736 9 0
0 0 34.2622 0 51.7252 a b 0.0523975 9 0
0 0 34.2697 0 51.7381 a b 0.0524436 9 0
0 0 34.2698 0 51.7608 a b 0.0552277 9 0
0 0 34.2649 0 51.7887 a b 0.0527992 9 0
0 0 34.2633 0 51.8157 a b 0.0512221 9 0
0 0 34.2627 0 51.8379 a b 0.0530086 9 0
0 0 34.2647 0 51.8634 a b 0.0531362 9 0
0 0 34.2669 0 51.8902 a b 0.0533096 9 0
0 0 34.265 0 51.9221 a b 0.0532937 9 0
0 0 34.2657 0 51.9537 a b 0.0510045 9 0
0 0 34.2714 0 51.9758 a b 0.0528132 9 0
0 0 34.2778 0 52.0064 a b 0.0598188 9 0
0 0 34.2801 0 52.0496 a b 0.0626371 9 0
0 0 34.2801 0 52.0816 a b 0.0645276 9 0
0 0 34.2746 0 52.1133 a b 0.0670669 9 0
0 0 34.2725 0 52.145 a b 0.0649808 9 0
0 0 34.2722 0 52.1707 a b 0.0635217 9 0
0 0 34.2762 0 52.1935 a b 0.0640102 9 0
0 0 34.2841 0 52.2171 a b 0.0657298 9 0
0 0 34.2885 0 52.2467 a b 0.0651775 9 0
0 0 34.2859 0 52.2732 a b 0.0644643 9 0
0 0 34.2833 0 52.302 a b 0.0644732 9 0
0 0 34.2847 0 52.3282 a b 0.0695415 9 0
0 0 34.2809 0 52.3625 a b 0.0700161 9 0
0 0 34.283 0 52.398 a b 0.062398 9 0
0 0 34.2895 0 52.4259 a b 0.0627779 9 0
0 0 34.2868 0 52.4497 a b 0.0695006 9 0
0 0 34.28 0 52.4809 a b 0.064647 9 0
0 0 34.2852 0 52.5128 a b 0.0564208 9 0
0 0 34.2981 0 52.5412 a b 0.061467 9 0
0 0 34.2945 0 52.5622 a b 0.0754284 9 0
0 0 34.2847 0 52.5901 a b 0.075443 9 0
0 0 34.2749 0 52.6182 a b 0.0638043 9 0
0 0 34.2764 0 52.6525 a b 0.0492136 9 0
0 0 34.2894 0 52.6806 a b 0.0553684 9 0
0 0 34.2904 0 52.7048 a b 0.0660573 9 0
0 0 34.2893 0 52.7331 a b 0.0619349 9 0
0 0 34.2944 0 52.7646 a b 0.0501512 9 0
0 0 34.2997 0 52.8015 a b 0.0479033 9 0
0 0 34.2922 0 52.8386 a b 0.054743 9 0
0 0 34.2832 0 52.8738 a b 0.0574118 9 0
0 0 34.2811 0 52.9094 a b 0.0534645 9 0
0 0 34.2826 0 52.9431 a b 0.0496741 9 0
0 0 34.2824 0 52.9693 a b 0.0463696 9 0
0 0 34.2831 0 52.9982 a b 0.0399332 9 0
0 0 34.2895 0 53.0305 a b 0.0334985 9 0
0 0 34.2957 0 53.0584 a b 0.0342238 9 0
0 0 34.2881 0 53.0795 a b 0.0346434 9 0
0 0 34.2852 0 53.1074 a b 0.0306663 9 0
0 0 34.2872 0 53.139 a b 0.0293229 9 0
0 0 34.2831 0 53.1606 a b 0.0263728 9 0
0 0 34.286 0 53.1866 a b 0.0202443 9 0
0 0 34.2891 0 53.2134 a b 0.0207801 9 0
0 0 34.2869 0 53.246 a b 0.0204537 9 0
0 0 34.2883 0 53.279 a b 0.0257975 9 0
0 0 34.2851 0 53.2923 a b 0.0331774 9 0
0 0 34.2717 0 53.295 a b 0.0197029 9 0
0 0 34.2762 0 53.3446 a b 0.0030789 9 0
0 0 34.2895 0 53.3874 a b 0.00719751 9 0
0 0 34.2938 0 53.4185 a b 0.0113911 9 0
0 0 34.2902 0 53.4474 a b 0.00945621 9 0
0 0 34.2858 0 53.4758 a b 0.00595574 9 0
0 0 34.2794 0 53.4998 a b 0.00355059 9 0
0 0 34.2742 0 53.5307 a b 0.00244407 9 0
0 0 34.2725 0 53.5598 a b 0.00394411 9 0
0 0 34.2721 0 53.5809 a b 0.00467959 9 0
0 0 34.2747 0 53.6031 a b -0.000493335 9 0
0 0 34.278 0 53.6275 a b -0.0061866 9 0
0 0 34.2788 0 53.6588 a b -0.00957393 9 0
0 0 34.28 0 53.6853 a b -0.00989253 9 0
0 0 34.2758 0 53.7103 a b -0.0113936 9 0
0 0 34.2733 0 53.7418 a b -0.0136014 9 0
0 0 34.2776 0 53.7721 a b -0.0131273 9 0
0 0 34.2784 0 53.7993 a b -0.0155197 9 0
0 0 34.2749 0 53.8279 a b -0.020574 9 0
0 0 34.2727 0 53.8572 a b -0.0268323 9 0
0 0 34.2717 0 53.8968 a b -0.028051 9 0
0 0 34.2728 0 53.9251 a b -0.0256879 9 0
0 0 34.2707 0 53.9519 a b -0.0262584 9 0
0 0 34.2679 0 53.975 a b -0.0320353 9 0
0 0 34.2637 0 54.0048 a b -0.0362214 9 0
0 0 34.2595 0 54.0374 a b -0.0375877 9 0
0 0 34.2603 0 54.067 a b -0.0424207 9 0
0 0 34.2599 0 54.0998 a b -0.0507086 9 0
0 0 34.2536 0 54.1318 a b -0.0560696 9 0
0 0 34.2477 0 54.1637 a b -0.0534228 9 0
0 0 34.2501 0 54.1925 a b -0.0514732 9 0
0 0 34.2531 0 54.2177 a b -0.0587676 9 0
0 0 34.2486 0 54.2499 a b -0.0699831 9 0
0 0 34.2389 0 54.2805 a b -0.0733917 9 0
0 0 34.2335 0 54.3108 a b -0.069491 9 0
0 0 34.2347 0 54.3373 a b -0.0698403 9 0
0 0 34.2374 0 54.3654 a b -0.081402 9 0
0 0 34.2308 0 54.3898 a b -0.0870091 9 0
0 0 34.2225 0 54.4174 a b -0.0829553 9 0
0 0 34.2241 0 54.4535 a b -0.0820804 9 0
0 0 34.2251 0 54.4872 a b -0.092631 9 0
0 0 34.2157 0 54.5117 a b -0.099053 9 0
0 0 34.206 0 54.5385 a b -0.0954733 9 0
0 0 34.2042 0 54.5754 a b -0.0924761 9 0
0 0 34.2055 0 54.6186 a b -0.102368 9 0
0 0 34.1976 0 54.6475 a b -0.106215 9 0
0 0 34.1899 0 54.6749 a b -0.101508 9 0
0 0 34.1864 0 54.7027 a b -0.093933 9 0
0 0 34.1863 0 54.7252 a b -0.0857658 9 0
0 0 34.1811 0 54.7509 a b -0.0751876 9 0
0 0 34.1801 0 54.7777 a b -0.067971 9 0
0 0 34.1769 0 54.8048 a b -0.070807 9 0
0 0 34.1747 0 54.8185 a b -0.0667312 9 0
0 0 34.1755 0 54.8353 a b -0.0551189 9 0
0 0 34.1793 0 54.8604 a b -0.0498814 9 0
0 0 34.1793 0 54.8873 a b -0.0526856 9 0
0 0 34.1741 0 54.9073 a b -0.0496924 9 0
0 0 34.1705 0 54.9349 a b -0.0429431 9 0
0 0 34.1691 0 54.9656 a b -0.0392775 9 0
0 0 34.1647 0 54.9946 a b -0.0363671 9 0
0 0 34.1583 0 55.03 a b -0.0328897 9 0
0 0 34.1565 0 55.0637 a b -0.0350077 9 0
0 0 34.1577 0 55.098 a b -0.0340616 9 0
0 0 34.1621 0 55.1321 a b -0.0355351 9 0
0 0 34.1654 0 55.1602 a b -0.0371137 9 0
0 0 34.1624 0 55.1807 a b -0.0305168 9 0
0 0 34.1595 0 55.2034 a b -0.0192106 9 0
0 0 34.1551 0 55.2358 a b -0.0139151 9 0
0 0 34.1497 0 55.2658 a b -0.0144514 9 0
0 0 34.1467 0 55.2819 a b -0.010044 9 0
0 0 34.148 0 55.3027 a b 0.00336 9 0
0 0 34.1533 0 55.3349 a b 0.0128244 9 0
0 0 34.1545 0 55.365 a b 0.016489 9 0
0 0 34.1561 0 55.3847 a b 0.0270912 9 0
0 0 34.1581 0 55.4111 a b 0.042649 9 0
0 0 34.1596 0 55.4464 a b 0.0547314 9 0
0 0 34.1589 0 55.48 a b 0.0634789 9 0
0 0 34.1589 0 55.509 a b 0.074893 9 0
0 0 34.1602 0 55.5442 a b 0.0832949 9 0
0 0 34.1671 0 55.583 a b 0.0844034 9 0
0 0 34.1754 0 55.6105 a b 0.0861663 9 0
0 0 34.1806 0 55.6359 a b 0.0990195 9 0
0 0 34.1788 0 55.6715 a b 0.107951 9 0
0 0 34.1775 0 55.7101 a b 0.104724 9 0
0 0 34.182 0 55.7396 a b 0.103204 9 0
0 0 34.1803 0 55.7676 a b 0.114179 9 0
0 0 34.1771 0 55.7977 a b 0.120627 9 0
0 0 34.1757 0 55.8363 a b 0.117782 9 0
0 0 34.1775 0 55.8643 a b 0.116296 9 0
0 0 34.1836 0 55.8996 a b 0.117307 9 0
0 0 34.1924 0 55.9286 a b 0.117058 9 0
0 0 34.2001 0 55.9565 a b 0.117389 9 0
0 0 34.2018 0 55.9836 a b 0.12676 9 0
0 0 34.1998 0 56.0051 a b 0.139333 9 0
0 0 34.1912 0 56.0281 a b 0.135403 9 0
0 0 34.1897 0 56.0619 a b 0.119075 9 0
0 0 34.2059 0 56.0864 a b 0.117184 9 0
0 0 34.2116 0 56.1027 a b 0.132199 9 0
0 0 34.2056 0 56.1285 a b 0.135067 9 0
0 0 34.2047 0 56.1642 a b 0.120785 9 0
0 0 34.2149 0 56.1969 a b 0.109612 9 0
0 0 34.2225 0 56.219 a b 0.121433 9 0
0 0 34.2165 0 56.2467 a b 0.129837 9 0
0 0 34.2109 0 56.2809 a b 0.118579 9 0
0 0 34.2159 0 56.3172 a b 0.106996 9 0
0 0 34.2214 0 56.3426 a b 0.113631 9 0
0 0 34.2188 0 56.3642 a b 0.115653 9 0
0 0 34.2164 0 56.392 a b 0.100517 9 0
0 0 34.2252 0 56.4328 a b 0.0870619 9 0
0 0 34.2279 0 56.4592 a b 0.0934668 9 0
0 0 34.2249 0 56.4745 a b 0.0968687 9 0
0 0 34.2221 0 56.4896 a b 0.0850026 9 0
0 0 34.2227 0 56.5197 a b 0.062584 9 0
0 0 34.2324 0 56.5541 a b 0.0608914 9 0
0 0 34.2344 0 56.5763 a b 0.0676479 9 0
0 0 34.2339 0 56.5956 a b 0.0608204 9 0
0 0 34.2331 0 56.613 a b 0.0450127 9 0
0 0 34.2312 0 56.6528 a b 0.0341151 9 0
0 0 34.23 0 56.6866 a b 0.0346872 9 0
0 0 34.2309 0 56.7158 a b 0.0286008 9 0
0 0 34.2307 0 56.7486 a b 0.0211176 9 0
0 0 34.2303 0 56.7852 a b 0.0167659 9 0
0 0 34.229 0 56.8109 a b 0.0105386 9 0
0 0 34.2294 0 56.8432 a b 0.00216437 9 0
0 0 34.2317 0 56.8758 a b -0.00184679 9 0
0 0 34.2301 0 56.9051 a b -0.00255619 9 0
0 0 34.2275 0 56.9271 a b -0.00759068 9 0
0 0 34.2247 0 56.9561 a b -0.0175986 9 0
0 0 34.2242 0 56.998 a b -0.0203948 9 0
0 0 34.223 0 57.0231 a b -0.021011 9 0
0 0 34.2205 0 57.0459 a b -0.0295264 9 0
0 0 34.2205 0 57.0791 a b -0.0357675 9 0
0 0 34.2185 0 57.1126 a b -0.0361476 9 0
0 0 34.2168 0 57.1373 a b -0.0362019 9 0
0 0 34.2137 0 57.1565 a b -0.0369584 9 0
0 0 34.2127 0 57.1824 a b -0.0449968 9 0
0 0 34.2064 0 57.2122 a b -0.0547969 9 0
0 0 34.2033 0 57.2482 a b -0.0537603 9 0
0 0 34.203 0 57.2686 a b -0.0555002 9 0
0 0 34.202 0 57.2931 a b -0.0634414 9 0
0 0 34.2011 0 57.3258 a b -0.0675937 9 0
0 0 34.1971 0 57.3638 a b -0.0670874 9 0
0 0 34.1964 0 57.3916 a b -0.0614655 9 0
0 0 34.1969 0 57.4204 a b -0.0637088 9 0
0 0 34.1906 0 57.4568 a b -0.0661966 9 0
0 0 34.1868 0 57.4996 a b -0.0557517 9 0
0 0 34.1881 0 57.5223 a b -0.0446716 9 0
0 0 34.1882 0 57.5439 a b -0.0406183 9 0
0 0 34.1813 0 57.5738 a b -0.0322219 9 0
0 0 34.1766 0 57.6042 a b -0.0193368 9 0
0 0 34.1764 0 57.6291 a b -0.0131692 9 0
0 0 34.1759 0 57.6493 a b -0.0194484 9 0
0 0 34.1757 0 57.6659 a b -0.0126786 9 0
0 0 34.1807 0 57.6959 a b -0.00193716 9 0
0 0 34.182 0 57.7231 a b -0.000326831 9 0
0 0 34.1815 0 57.7423 a b 0.00305722 9 0
0 0 34.1828 0 57.7711 a b 0.0137091 9 0
0 0 34.1824 0 57.8048 a b 0.0187916 9 0
0 0 34.1774 0 57.8305 a b 0.0227643 9 0
0 0 34.1767 0 57.8614 a b 0.0242182 9 0
0 0 34.1753 0 57.8834 a b 0.0273014 9 0
0 0 34.1779 0 57.914 a b 0.0373469 9 0
0 0 34.1841 0 57.9541 a b 0.0410577 9 0
0 0 34.1863 0 57.9926 a b 0.0375579 9 0
0 0 34.1895 0 58.02 a b 0.0412317 9 0
0 0 34.1892 0 58.047 a b 0.0468409 9 0
0 0 34.1862 0 58.0811 a b 0.0521498 9 0
0 0 34.181 0 58.118 a b 0.0557143 9 0
0 0 34.18 0 58.1484 a b 0.0549986 9 0
0 0 34.1802 0 58.1765 a b 0.0519014 9 0
0 0 34.1842 0 58.2023 a b 0.0506152 9 0
0 0 34.1898 0 58.2216 a b 0.0530289 9 0
0 0 34.1972 0 58.2424 a b 0.0568134 9 0
0 0 34.201 0 58.2736 a b 0.0589135 9 0
0 0 34.1969 0 58.3001 a b 0.0592199 9 0
0 0 34.1906 0 58.3278 a b 0.0640243 9 0
0 0 34.1912 0 58.364 a b 0.0629259 9 0
0 0 34.1889 0 58.3962 a b 0.0547984 9 0
0 0 34.1875 0 58.421 a b 0.0539372 9 0
0 0 34.1882 0 58.4563 a b 0.0577017 9 0
0 0 34.1905 0 58.5023 a b 0.0570598 9 0
0 0 34.1945 0 58.5421 a b 0.0527628 9 0
0 0 34.1987 0 58.578 a b 0.0481943 9 0
0 0 34.2052 0 58.6039 a b 0.0490194 9 0
0 0 34.2081 0 58.6386 a b 0.0523209 9 0
0 0 34.21 0 58.6721 a b 0.0509043 9 0
0 0 34.2081 0 58.7056 a b 0.0530356 9 0
0 0 34.2017 0 58.7354 a b 0.0533394 9 0
0 0 34.2006 0 58.7594 a b 0.0531956 9 0
0 0 34.2014 0 58.7783 a b 0.0557784 9 0
0 0 34.2055 0 58.8028 a b 0.0578462 9 0
0 0 34.204 0 58.8163 a b 0.0567327 9 0
0 0 34.2029 0 58.8334 a b 0.0553922 9 0
0 0 34.2024 0 58.8495 a b 0.0548994 9 0
0 0 34.2034 0 58.8681 a b 0.0561777 9 0
0 0 34.2042 0 58.8978 a b 0.0547622 9 0
0 0 34.2061 0 58.93 a b 0.0557592 9 0
0 0 34.2073 0 58.9657 a b 0.0582622 9 0
0 0 34.2048 0 59.0041 a b 0.0580229 9 0
0 0 34.2088 0 59.0446 a b 0.0563088 9 0
0 0 34.214 0 59.0786 a b 0.0598735 9 0
0 0 34.216 0 59.1102 a b 0.0635956 9 0
0 0 34.2183 0 59.1498 a b 0.0636594 9 0
0 0 34.2187 0 59.1852 a b 0.0626808 9 0
0 0 34.221 0 59.2127 a b 0.0631939 9 0
0 0 34.2212 0 59.245 a b 0.0657899 9 0
0 0 34.2182 0 59.2701 a b 0.0680411 9 0
0 0 34.2168 0 59.2929 a b 0.0704641 9 0
0 0 34.2101 0 59.3129 a b 0.0680899 9 0
0 0 34.2122 0 59.3311 a b 0.0615653 9 0
0 0 34.2209 0 59.3506 a b 0.0573338 9 0
0 0 34.2305 0 59.3651 a b 0.0621992 9 0
0 0 34.2272 0 59.398 a b 0.0694277 9 0
0 0 34.2267 0 59.4319 a b 0.0653188 9 0
0 0 34.2271 0 59.4681 a b 0.0623596 9 0
0 0 34.2317 0 59.5088 a b 0.0637204 9 0
0 0 34.2345 0 59.5451 a b 0.0684739 9 0
0 0 34.2325 0 59.5825 a b 0.0670373 9 0
0 0 34.2364 0 59.6238 a b 0.0620546 9 0
0 0 34.2406 0 59.6637 a b 0.0606602 9 0
0 0 34.2361 0 59.6979 a b 0.0600007 9 0
0 0 34.2331 0 59.7323 a b 0.059184 9 0
0 0 34.2359 0 59.7616 a b 0.0609667 9 0
0 0 34.2376 0 59.7891 a b 0.0604767 9 0
0 0 34.2355 0 59.8101 a b 0.0576969 9 0
0 0 34.2381 0 59.8351 a b 0.048678 9 0
0 0 34.2488 0 59.8586 a b 0.049903 9 0
0 0 34.2524 0 59.8794 a b 0.0547582 9 0
0 0 34.2507 0 59.895 a b 0.0551321 9 0
0 0 34.2461 0 59.9169 a b 0.0472767 9 0
0 0 34.2505 0 59.9483 a b 0.0431603 9 0
0 0 34.2538 0 59.9772 a b 0.0448629 9 0
0 0 34.2606 0 60.005 a b 0.0436268 9 0
0 0 34.2631 0 60.0436 a b 0.0382547 9 0
0 0 34.2625 0 60.088 a b 0.0343591 9 0
0 0 34.2586 0 60.1285 a b 0.0342292 9 0
0 0 34.2559 0 60.1632 a b 0.0324253 9 0
0 0 34.2586 0 60.1963 a b 0.0302032 9 0
0 0 34.2633 0 60.2297 a b 0.0297816 9 0
0 0 34.2648 0 60.2623 a b 0.0278906 9 0
0 0 34.2669 0 60.291 a b 0.0258495 9 0
0 0 34.2648 0 60.3224 a b 0.0257518 9 0
0 0 34.263 0 60.3512 a b 0.028264 9 0
0 0 34.2625 0 60.3696 a b 0.0286448 9 0
0 0 34.2611 0 60.387 a b 0.0192028 9 0
0 0 34.2618 0 60.4206 a b 0.0111279 9 0
0 0 34.2611 0 60.4603 a b 0.0107532 9 0
0 0 34.2643 0 60.4908 a b 0.015647 9 0
0 0 34.2669 0 60.5114 a b 0.0153836 9 0
0 0 34.2673 0 60.5498 a b 0.0143131 9 0
0 0 34.2606 0 60.5877 a b 0.0190928 9 0
0 0 34.2538 0 60.6037 a b 0.0161601 9 0
0 0 34.2484 0 60.6326 a b 0.00344874 9 0
0 0 34.2465 0 60.6704 a b -0.003223 9 0
0 0 34.2496 0 60.7135 a b -0.00251589 9 0
0 0 34.2566 0 60.7554 a b 0.00302272 9 0
0 0 34.2624 0 60.7662 a b 0.00688649 9 0
0 0 34.2704 0 60.7744 a b -0.00205511 9 0
0 0 34.2592 0 60.807 a b -0.0123182 9 0
0 0 34.2483 0 60.8375 a b -0.0108339 9 0
0 0 34.2511 0 60.8592 a b -0.00655794 9 0
0 0 34.2544 0 60.8755 a b -0.0077579 9 0
0 0 34.2613 0 60.8985 a b -0.00970017 9 0
0 0 34.2601 0 60.9247 a b -0.00988851 9 0
0 0 34.2566 0 60.953 a b -0.00702565 9 0
0 0 34.2577 0 60.9841 a b -0.00325059 9 0
0 0 34.2543 0 61.0131 a b -0.00102236 9 0
0 0 34.2534 0 61.0542 a b -0.000510387 9 0
0 0 34.2497 0 61.0924 a b -0.00425934 9 0
0 0 34.2449 0 61.1218 a b -0.00480198 9 0
0 0 34.2454 0 61.1526 a b -0.00169438 9 0
0 0 34.2477 0 61.1812 a b 0.000436891 9 0
0 0 34.2445 0 61.214 a b 0.00114761 9 0
0 0 34.2432 0 61.2376 a b 0.000747036 9 0
0 0 34.241 0 61.2613 a b -0.00410149 9 0
0 0 34.2384 0 61.2829 a b -0.00792898 9 0
0 0 34.2348 0 61.3016 a b -0.0064939 9 0
0 0 34.2351 0 61.3216 a b -0.00311257 9 0
0 0 34.2408 0 61.3508 a b -0.00472338 9 0
0 0 34.2435 0 61.3733 a b -0.0134855 9 0
0 0 34.2386 0 61.3939 a b -0.0181299 9 0
0 0 34.2335 0 61.4171 a b -0.0160844 9 0
0 0 34.2361 0 61.45 a b -0.0141228 9 0
0 0 34.2368 0 61.4842 a b -0.0167487 9 0
0 0 34.239 0 61.5218 a b -0.0227344 9 0
0 0 34.2345 0 61.5562 a b -0.0295008 9 0
0 0 34.2287 0 61.5894 a b -0.0346092 9 0
0 0 34.225 0 61.6129 a b -0.029181 9 0
0 0 34.2225 0 61.6408 a b -0.0201813 9 0
0 0 34.2244 0 61.669 a b -0.021576 9 0
0 0 34.2253 0 61.6802 a b -0.0297944 9 0
