0 0 34.2253 0 61.6802 a b 3.1118 9 0
0 0 34.2244 0 61.669 a b 3.12002 9 0
0 0 34.2225 0 61.6408 a b 3.12141 9 0
0 0 34.225 0 61.6129 a b 3.11241 9 0
0 0 34.2287 0 61.5894 a b 3.10698 9 0
0 0 34.2345 0 61.5562 a b 3.11209 9 0
0 0 34.239 0 61.5218 a b 3.11886 9 0
0 0 34.2368 0 61.4842 a b 3.12484 9 0
0 0 34.2361 0 61.45 a b 3.12747 9 0
0 0 34.2335 0 61.4171 a b 3.12551 9 0
0 0 34.2386 0 61.3939 a b 3.12346 9 0
0 0 34.2435 0 61.3733 a b 3.12811 9 0
0 0 34.2408 0 61.3508 a b 3.13687 9 0
0 0 34.2351 0 61.3216 a b 3.13848 9 0
0 0 34.2348 0 61.3016 a b 3.1351 9 0
0 0 34.2384 0 61.2829 a b 3.13366 9 0
0 0 34.241 0 61.2613 a b 3.13749 9 0
0 0 34.2432 0 61.2376 a b -3.14085 9 0
0 0 34.2445 0 61.214 a b -3.14045 9 0
0 0 34.2477 0 61.1812 a b -3.14116 9 0
0 0 34.2454 0 61.1526 a b 3.1399 9 0
0 0 34.2449 0 61.1218 a b 3.13679 9 0
0 0 34.2497 0 61.0924 a b 3.13733 9 0
0 0 34.2534 0 61.0542 a b 3.14108 9 0
0 0 34.2543 0 61.0131 a b 3.14057 9 0
0 0 34.2577 0 60.9841 a b 3.13834 9 0
0 0 34.2566 0 60.953 a b 3.13457 9 0
0 0 34.2601 0 60.9247 a b 3.1317 9 0
0 0 34.2613 0 60.8985 a b 3.13189 9 0
0 0 34.2544 0 60.8755 a b 3.13383 9 0
0 0 34.2511 0 60.8592 a b 3.13503 9 0
0 0 34.2483 0 60.8375 a b 3.13076 9 0
0 0 34.2592 0 60.807 a b 3.12927 9 0
0 0 34.2704 0 60.7744 a b 3.13954 9 0
0 0 34.2624 0 60.7662 a b -3.13471 9 0
0 0 34.2566 0 60.7554 a b -3.13857 9 0
0 0 34.2496 0 60.7135 a b 3.13908 9 0
0 0 34.2465 0 60.6704 a b 3.13837 9 0
0 0 34.2484 0 60.6326 a b -3.13814 9 0
0 0 34.2538 0 60.6037 a b -3.12543 9 0
0 0 34.2606 0 60.5877 a b -3.1225 9 0
0 0 34.2673 0 60.5498 a b -3.12728 9 0
0 0 34.2669 0 60.5114 a b -3.12621 9 0
0 0 34.2643 0 60.4908 a b -3.12595 9 0
0 0 34.2611 0 60.4603 a b -3.13084 9 0
0 0 34.2618 0 60.4206 a b -3.13046 9 0
0 0 34.2611 0 60.387 a b -3.12239 9 0
0 0 34.2625 0 60.3696 a b -3.11295 9 0
0 0 34.263 0 60.3512 a b -3.11333 9 0
0 0 34.2648 0 60.3224 a b -3.11584 9 0
0 0 34.2669 0 60.291 a b -3.11574 9 0
0 0 34.2648 0 60.2623 a b -3.1137 9 0
0 0 34.2633 0 60.2297 a b -3.11181 9 0
0 0 34.2586 0 60.1963 a b -3.11139 9 0
0 0 34.2559 0 60.1632 a b -3.10917 9 0
0 0 34.2586 0 60.1285 a b -3.10736 9 0
0 0 34.2625 0 60.088 a b -3.10723 9 0
0 0 34.2631 0 60.0436 a b -3.10334 9 0
0 0 34.2606 0 60.005 a b -3.09797 9 0
0 0 34.2538 0 59.9772 a b -3.09673 9 0
0 0 34.2505 0 59.9483 a b -3.09843 9 0
0 0 34.2461 0 59.9169 a b -3.09432 9 0
0 0 34.2507 0 59.895 a b -3.08646 9 0
0 0 34.2524 0 59.8794 a b -3.08683 9 0
0 0 34.2488 0 59.8586 a b -3.09169 9 0
0 0 34.2381 0 59.8351 a b -3.09291 9 0
0 0 34.2355 0 59.8101 a b -3.0839 9 0
0 0 34.2376 0 59.7891 a b -3.08112 9 0
0 0 34.2359 0 59.7616 a b -3.08063 9 0
0 0 34.2331 0 59.7323 a b -3.08241 9 0
0 0 34.2361 0 59.6979 a b -3.08159 9 0
0 0 34.2406 0 59.6637 a b -3.08093 9 0
0 0 34.2364 0 59.6238 a b -3.07954 9 0
0 0 34.2325 0 59.5825 a b -3.07456 9 0
0 0 34.2345 0 59.5451 a b -3.07312 9 0
0 0 34.2317 0 59.5088 a b -3.07787 9 0
0 0 34.2271 0 59.4681 a b -3.07923 9 0
0 0 34.2267 0 59.4319 a b -3.07627 9 0
0 0 34.2272 0 59.398 a b -3.07216 9 0
0 0 34.2305 0 59.3651 a b -3.07939 9 0
0 0 34.2209 0 59.3506 a b -3.08426 9 0
0 0 34.2122 0 59.3311 a b -3.08003 9 0
0 0 34.2101 0 59.3129 a b -3.0735 9 0
0 0 34.2168 0 59.2929 a b -3.07113 9 0
0 0 34.2182 0 59.2701 a b -3.07355 9 0
0 0 34.2212 0 59.245 a b -3.0758 9 0
0 0 34.221 0 59.2127 a b -3.0784 9 0
0 0 34.2187 0 59.1852 a b -3.07891 9 0
0 0 34.2183 0 59.1498 a b -3.07793 9 0
0 0 34.216 0 59.1102 a b -3.078 9 0
0 0 34.214 0 59.0786 a b -3.08172 9 0
0 0 34.2088 0 59.0446 a b -3.08528 9 0
0 0 34.2048 0 59.0041 a b -3.08357 9 0
0 0 34.2073 0 58.9657 a b -3.08333 9 0
0 0 34.2061 0 58.93 a b -3.08583 9 0
0 0 34.2042 0 58.8978 a b -3.08683 9 0
0 0 34.2034 0 58.8681 a b -3.08541 9 0
0 0 34.2024 0 58.8495 a b -3.08669 9 0
0 0 34.2029 0 58.8334 a b -3.0862 9 0
0 0 34.204 0 58.8163 a b -3.08486 9 0
0 0 34.2055 0 58.8028 a b -3.08375 9 0
0 0 34.2014 0 58.7783 a b -3.08581 9 0
0 0 34.2006 0 58.7594 a b -3.0884 9 0
0 0 34.2017 0 58.7354 a b -3.08825 9 0
0 0 34.2081 0 58.7056 a b -3.08856 9 0
0 0 34.21 0 58.6721 a b -3.09069 9 0
0 0 34.2081 0 58.6386 a b -3.08927 9 0
0 0 34.2052 0 58.6039 a b -3.09257 9 0
0 0 34.1987 0 58.578 a b -3.0934 9 0
0 0 34.1945 0 58.5421 a b -3.08883 9 0
0 0 34.1905 0 58.5023 a b -3.08453 9 0
0 0 34.1882 0 58.4563 a b -3.08389 9 0
0 0 34.1875 0 58.421 a b -3.08766 9 0
0 0 34.1889 0 58.3962 a b -3.08679 9 0
0 0 34.1912 0 58.364 a b -3.07867 9 0
0 0 34.1906 0 58.3278 a b -3.07757 9 0
0 0 34.1969 0 58.3001 a b -3.08237 9 0
0 0 34.201 0 58.2736 a b -3.08268 9 0
0 0 34.1972 0 58.2424 a b -3.08478 9 0
0 0 34.1898 0 58.2216 a b -3.08856 9 0
0 0 34.1842 0 58.2023 a b -3.09098 9 0
0 0 34.1802 0 58.1765 a b -3.08969 9 0
0 0 34.18 0 58.1484 a b -3.08659 9 0
0 0 34.181 0 58.118 a b -3.08588 9 0
0 0 34.1862 0 58.0811 a b -3.08944 9 0
0 0 34.1892 0 58.047 a b -3.09475 9 0
0 0 34.1895 0 58.02 a b -3.10036 9 0
0 0 34.1863 0 57.9926 a b -3.10403 9 0
0 0 34.1841 0 57.9541 a b -3.10053 9 0
0 0 34.1779 0 57.914 a b -3.10425 9 0
0 0 34.1753 0 57.8834 a b -3.11429 9 0
0 0 34.1767 0 57.8614 a b -3.11737 9 0
0 0 34.1774 0 57.8305 a b -3.11883 9 0
0 0 34.1824 0 57.8048 a b -3.1228 9 0
0 0 34.1828 0 57.7711 a b -3.12788 9 0
0 0 34.1815 0 57.7423 a b -3.13854 9 0
0 0 34.182 0 57.7231 a b 3.14127 9 0
0 0 34.1807 0 57.6959 a b 3.13966 9 0
0 0 34.1757 0 57.6659 a b 3.12891 9 0
0 0 34.1759 0 57.6493 a b 3.12214 9 0
0 0 34.1764 0 57.6291 a b 3.12842 9 0
0 0 34.1766 0 57.6042 a b 3.12226 9 0
0 0 34.1813 0 57.5738 a b 3.10937 9 0
0 0 34.1882 0 57.5439 a b 3.10097 9 0
0 0 34.1881 0 57.5223 a b 3.09692 9 0
0 0 34.1868 0 57.4996 a b 3.08584 9 0
0 0 34.1906 0 57.4568 a b 3.0754 9 0
0 0 34.1969 0 57.4204 a b 3.07788 9 0
0 0 34.1964 0 57.3916 a b 3.08013 9 0
0 0 34.1971 0 57.3638 a b 3.07451 9 0
0 0 34.2011 0 57.3258 a b 3.074 9 0
0 0 34.202 0 57.2931 a b 3.07815 9 0
0 0 34.203 0 57.2686 a b 3.08609 9 0
0 0 34.2033 0 57.2482 a b 3.08783 9 0
0 0 34.2064 0 57.2122 a b 3.0868 9 0
0 0 34.2127 0 57.1824 a b 3.0966 9 0
0 0 34.2137 0 57.1565 a b 3.10463 9 0
0 0 34.2168 0 57.1373 a b 3.10539 9 0
0 0 34.2185 0 57.1126 a b 3.10545 9 0
0 0 34.2205 0 57.0791 a b 3.10583 9 0
0 0 34.2205 0 57.0459 a b 3.11207 9 0
0 0 34.223 0 57.0231 a b 3.12058 9 0
0 0 34.2242 0 56.998 a b 3.1212 9 0
0 0 34.2247 0 56.9561 a b 3.12399 9 0
0 0 34.2275 0 56.9271 a b 3.134 9 0
0 0 34.2301 0 56.9051 a b 3.13904 9 0
0 0 34.2317 0 56.8758 a b 3.13975 9 0
0 0 34.2294 0 56.8432 a b -3.13943 9 0
0 0 34.229 0 56.8109 a b -3.13105 9 0
0 0 34.2303 0 56.7852 a b -3.12483 9 0
0 0 34.2307 0 56.7486 a b -3.12048 9 0
0 0 34.2309 0 56.7158 a b -3.11299 9 0
0 0 34.23 0 56.6866 a b -3.10691 9 0
0 0 34.2312 0 56.6528 a b -3.10748 9 0
0 0 34.2331 0 56.613 a b -3.09658 9 0
0 0 34.2339 0 56.5956 a b -3.08077 9 0
0 0 34.2344 0 56.5763 a b -3.07394 9 0
0 0 34.2324 0 56.5541 a b -3.0807 9 0
0 0 34.2227 0 56.5197 a b -3.07901 9 0
0 0 34.2221 0 56.4896 a b -3.05659 9 0
0 0 34.2249 0 56.4745 a b -3.04472 9 0
0 0 34.2279 0 56.4592 a b -3.04813 9 0
0 0 34.2252 0 56.4328 a b -3.05453 9 0
0 0 34.2164 0 56.392 a b -3.04108 9 0
0 0 34.2188 0 56.3642 a b -3.02594 9 0
0 0 34.2214 0 56.3426 a b -3.02796 9 0
0 0 34.2159 0 56.3172 a b -3.0346 9 0
0 0 34.2109 0 56.2809 a b -3.02301 9 0
0 0 34.2165 0 56.2467 a b -3.01176 9 0
0 0 34.2225 0 56.219 a b -3.02016 9 0
0 0 34.2149 0 56.1969 a b -3.03198 9 0
0 0 34.2047 0 56.1642 a b -3.02081 9 0
0 0 34.2056 0 56.1285 a b -3.00653 9 0
0 0 34.2116 0 56.1027 a b -3.00939 9 0
0 0 34.2059 0 56.0864 a b -3.02441 9 0
0 0 34.1897 0 56.0619 a b -3.02252 9 0
0 0 34.1912 0 56.0281 a b -3.00619 9 0
0 0 34.1998 0 56.0051 a b -3.00226 9 0
0 0 34.2018 0 55.9836 a b -3.01483 9 0
0 0 34.2001 0 55.9565 a b -3.0242 9 0
0 0 34.1924 0 55.9286 a b -3.02453 9 0
0 0 34.1836 0 55.8996 a b -3.02429 9 0
0 0 34.1775 0 55.8643 a b -3.0253 9 0
0 0 34.1757 0 55.8363 a b -3.02381 9 0
0 0 34.1771 0 55.7977 a b -3.02097 9 0
0 0 34.1803 0 55.7676 a b -3.02741 9 0
0 0 34.182 0 55.7396 a b -3.03839 9 0
0 0 34.1775 0 55.7101 a b -3.03687 9 0
0 0 34.1788 0 55.6715 a b -3.03364 9 0
0 0 34.1806 0 55.6359 a b -3.04257 9 0
0 0 34.1754 0 55.6105 a b -3.05543 9 0
0 0 34.1671 0 55.583 a b -3.05719 9 0
0 0 34.1602 0 55.5442 a b -3.0583 9 0
0 0 34.1589 0 55.509 a b -3.0667 9 0
0 0 34.1589 0 55.48 a b -3.07811 9 0
0 0 34.1596 0 55.4464 a b -3.08686 9 0
0 0 34.1581 0 55.4111 a b -3.09894 9 0
0 0 34.1561 0 55.3847 a b -3.1145 9 0
0 0 34.1545 0 55.365 a b -3.1251 9 0
0 0 34.1533 0 55.3349 a b -3.12877 9 0
0 0 34.148 0 55.3027 a b -3.13823 9 0
0 0 34.1467 0 55.2819 a b 3.13155 9 0
0 0 34.1497 0 55.2658 a b 3.12714 9 0
0 0 34.1551 0 55.2358 a b 3.12768 9 0
0 0 34.1595 0 55.2034 a b 3.12238 9 0
0 0 34.1624 0 55.1807 a b 3.11108 9 0
0 0 34.1654 0 55.1602 a b 3.10448 9 0
0 0 34.1621 0 55.1321 a b 3.10606 9 0
0 0 34.1577 0 55.098 a b 3.10753 9 0
0 0 34.1565 0 55.0637 a b 3.10658 9 0
0 0 34.1583 0 55.03 a b 3.1087 9 0
0 0 34.1647 0 54.9946 a b 3.10523 9 0
0 0 34.1691 0 54.9656 a b 3.10232 9 0
0 0 34.1705 0 54.9349 a b 3.09865 9 0
0 0 34.1741 0 54.9073 a b 3.0919 9 0
0 0 34.1793 0 54.8873 a b 3.08891 9 0
0 0 34.1793 0 54.8604 a b 3.09171 9 0
0 0 34.1755 0 54.8353 a b 3.08647 9 0
0 0 34.1747 0 54.8185 a b 3.07486 9 0
0 0 34.1769 0 54.8048 a b 3.07079 9 0
0 0 34.1801 0 54.7777 a b 3.07362 9 0
0 0 34.1811 0 54.7509 a b 3.06641 9 0
0 0 34.1863 0 54.7252 a b 3.05583 9 0
0 0 34.1864 0 54.7027 a b 3.04766 9 0
0 0 34.1899 0 54.6749 a b 3.04008 9 0
0 0 34.1976 0 54.6475 a b 3.03538 9 0
0 0 34.2055 0 54.6186 a b 3.03922 9 0
0 0 34.2042 0 54.5754 a b 3.04912 9 0
0 0 34.206 0 54.5385 a b 3.04612 9 0
0 0 34.2157 0 54.5117 a b 3.04254 9 0
0 0 34.2251 0 54.4872 a b 3.04896 9 0
0 0 34.2241 0 54.4535 a b 3.05951 9 0
0 0 34.2225 0 54.4174 a b 3.05864 9 0
0 0 34.2308 0 54.3898 a b 3.05458 9 0
0 0 34.2374 0 54.3654 a b 3.06019 9 0
0 0 34.2347 0 54.3373 a b 3.07175 9 0
0 0 34.2335 0 54.3108 a b 3.0721 9 0
0 0 34.2389 0 54.2805 a b 3.0682 9 0
0 0 34.2486 0 54.2499 a b 3.07161 9 0
0 0 34.2531 0 54.2177 a b 3.08283 9 0
0 0 34.2501 0 54.1925 a b 3.09012 9 0
0 0 34.2477 0 54.1637 a b 3.08817 9 0
0 0 34.2536 0 54.1318 a b 3.08552 9 0
0 0 34.2599 0 54.0998 a b 3.09088 9 0
0 0 34.2603 0 54.067 a b 3.09917 9 0
0 0 34.2595 0 54.0374 a b 3.104 9 0
0 0 34.2637 0 54.0048 a b 3.10537 9 0
0 0 34.2679 0 53.975 a b 3.10956 9 0
0 0 34.2707 0 53.9519 a b 3.11533 9 0
0 0 34.2728 0 53.9251 a b 3.1159 9 0
0 0 34.2717 0 53.8968 a b 3.11354 9 0
0 0 34.2727 0 53.8572 a b 3.11476 9 0
0 0 34.2749 0 53.8279 a b 3.12102 9 0
0 0 34.2784 0 53.7993 a b 3.12607 9 0
0 0 34.2776 0 53.7721 a b 3.12847 9 0
0 0 34.2733 0 53.7418 a b 3.12799 9 0
0 0 34.2758 0 53.7103 a b 3.1302 9 0
0 0 34.28 0 53.6853 a b 3.1317 9 0
0 0 34.2788 0 53.6588 a b 3.13202 9 0
0 0 34.278 0 53.6275 a b 3.13541 9 0
0 0 34.2747 0 53.6031 a b 3.1411 9 0
0 0 34.2721 0 53.5809 a b -3.13691 9 0
0 0 34.2725 0 53.5598 a b -3.13765 9 0
0 0 34.2742 0 53.5307 a b -3.13915 9 0
0 0 34.2794 0 53.4998 a b -3.13804 9 0
0 0 34.2858 0 53.4758 a b -3.13564 9 0
0 0 34.2902 0 53.4474 a b -3.13214 9 0
0 0 34.2938 0 53.4185 a b -3.1302 9 0
0 0 34.2895 0 53.3874 a b -3.1344 9 0
0 0 34.2762 0 53.3446 a b -3.13851 9 0
0 0 34.2717 0 53.295 a b -3.12189 9 0
0 0 34.2851 0 53.2923 a b -3.10842 9 0
0 0 34.2883 0 53.279 a b -3.1158 9 0
0 0 34.2869 0 53.246 a b -3.12114 9 0
0 0 34.2891 0 53.2134 a b -3.12081 9 0
0 0 34.286 0 53.1866 a b -3.12135 9 0
0 0 34.2831 0 53.1606 a b -3.11522 9 0
0 0 34.2872 0 53.139 a b -3.11227 9 0
0 0 34.2852 0 53.1074 a b -3.11093 9 0
0 0 34.2881 0 53.0795 a b -3.10695 9 0
0 0 34.2957 0 53.0584 a b -3.10737 9 0
0 0 34.2895 0 53.0305 a b -3.10809 9 0
0 0 34.2831 0 52.9982 a b -3.10166 9 0
0 0 34.2824 0 52.9693 a b -3.09522 9 0
0 0 34.2826 0 52.9431 a b -3.09192 9 0
0 0 34.2811 0 52.9094 a b -3.08813 9 0
0 0 34.2832 0 52.8738 a b -3.08418 9 0
0 0 34.2922 0 52.8386 a b -3.08685 9 0
0 0 34.2997 0 52.8015 a b -3.09369 9 0
0 0 34.2944 0 52.7646 a b -3.09144 9 0
0 0 34.2893 0 52.7331 a b -3.07966 9 0
0 0 34.2904 0 52.7048 a b -3.07554 9 0
0 0 34.2894 0 52.6806 a b -3.08622 9 0
0 0 34.2764 0 52.6525 a b -3.09238 9 0
0 0 34.2749 0 52.6182 a b -3.07779 9 0
0 0 34.2847 0 52.5901 a b -3.06615 9 0
0 0 34.2945 0 52.5622 a b -3.06616 9 0
0 0 34.2981 0 52.5412 a b -3.08013 9 0
0 0 34.2852 0 52.5128 a b -3.08517 9 0
0 0 34.28 0 52.4809 a b -3.07695 9 0
0 0 34.2868 0 52.4497 a b -3.07209 9 0
0 0 34.2895 0 52.4259 a b -3.07881 9 0
0 0 34.283 0 52.398 a b -3.07919 9 0
0 0 34.2809 0 52.3625 a b -3.07158 9 0
0 0 34.2847 0 52.3282 a b -3.07205 9 0
0 0 34.2833 0 52.302 a b -3.07712 9 0
0 0 34.2859 0 52.2732 a b -3.07713 9 0
0 0 34.2885 0 52.2467 a b -3.07642 9 0
0 0 34.2841 0 52.2171 a b -3.07586 9 0
0 0 34.2762 0 52.1935 a b -3.07758 9 0
0 0 34.2722 0 52.1707 a b -3.07807 9 0
0 0 34.2725 0 52.145 a b -3.07661 9 0
0 0 34.2746 0 52.1133 a b -3.07453 9 0
0 0 34.2801 0 52.0816 a b -3.07707 9 0
0 0 34.2801 0 52.0496 a b -3.07896 9 0
0 0 34.2778 0 52.0064 a b -3.08177 9 0
0 0 34.2714 0 51.9758 a b -3.08878 9 0
0 0 34.2657 0 51.9537 a b -3.09059 9 0
0 0 34.265 0 51.9221 a b -3.0883 9 0
0 0 34.2669 0 51.8902 a b -3.08828 9 0
0 0 34.2647 0 51.8634 a b -3.08846 9 0
0 0 34.2627 0 51.8379 a b -3.08858 9 0
0 0 34.2633 0 51.8157 a b -3.09037 9 0
0 0 34.2649 0 51.7887 a b -3.08879 9 0
0 0 34.2698 0 51.7608 a b -3.08636 9 0
0 0 34.2697 0 51.7381 a b -3.08915 9 0
0 0 34.2622 0 51.7252 a b -3.0892 9 0
0 0 34.2554 0 51.6971 a b -3.08262 9 0
0 0 34.2551 0 51.6667 a b -3.07717 9 0
0 0 34.2597 0 51.6337 a b -3.07803 9 0
0 0 34.2636 0 51.6055 a b -3.08484 9 0
0 0 34.2645 0 51.583 a b -3.08746 9 0
0 0 34.2663 0 51.5485 a b -3.0845 9 0
0 0 34.2671 0 51.5063 a b -3.08549 9 0
0 0 34.2648 0 51.4809 a b -3.091 9 0
0 0 34.2667 0 51.4543 a b -3.09036 9 0
0 0 34.2663 0 51.4187 a b -3.08688 9 0
0 0 34.2631 0 51.3842 a b -3.08725 9 0
0 0 34.2586 0 51.3543 a b -3.08774 9 0
0 0 34.2617 0 51.3238 a b -3.08617 9 0
0 0 34.2616 0 51.288 a b -3.0842 9 0
0 0 34.2577 0 51.2519 a b -3.08708 9 0
0 0 34.2644 0 51.2282 a b -3.09074 9 0
0 0 34.2659 0 51.203 a b -3.08908 9 0
0 0 34.2605 0 51.1751 a b -3.08803 9 0
0 0 34.2564 0 51.1509 a b -3.09178 9 0
0 0 34.2596 0 51.1274 a b -3.09338 9 0
0 0 34.2584 0 51.0995 a b -3.09176 9 0
0 0 34.2589 0 51.0725 a b -3.0909 9 0
0 0 34.2561 0 51.0416 a b -3.09374 9 0
0 0 34.256 0 51.0115 a b -3.09672 9 0
0 0 34.2573 0 50.9801 a b -3.09864 9 0
0 0 34.2577 0 50.9509 a b -3.09915 9 0
0 0 34.2574 0 50.92 a b -3.1001 9 0
0 0 34.2575 0 50.8967 a b -3.10052 9 0
0 0 34.2574 0 50.8691 a b -3.10231 9 0
0 0 34.2605 0 50.8387 a b -3.10562 9 0
0 0 34.2584 0 50.8101 a b -3.10941 9 0
0 0 34.2629 0 50.7769 a b -3.11231 9 0
0 0 34.265 0 50.7475 a b -3.11505 9 0
0 0 34.2643 0 50.717 a b -3.11644 9 0
0 0 34.2622 0 50.6908 a b -3.12087 9 0
0 0 34.2655 0 50.6593 a b -3.12145 9 0
0 0 34.2652 0 50.6324 a b -3.1222 9 0
0 0 34.2617 0 50.605 a b -3.12661 9 0
0 0 34.2598 0 50.5709 a b -3.12979 9 0
0 0 34.2612 0 50.5419 a b -3.1272 9 0
0 0 34.2633 0 50.5149 a b -3.12727 9 0
0 0 34.2666 0 50.4857 a b -3.12972 9 0
0 0 34.2665 0 50.459 a b -3.13217 9 0
0 0 34.2661 0 50.434 a b -3.13332 9 0
0 0 34.2647 0 50.404 a b -3.13213 9 0
0 0 34.2678 0 50.3813 a b -3.13248 9 0
0 0 34.2664 0 50.3597 a b -3.13547 9 0
0 0 34.27 0 50.3338 a b -3.13738 9 0
0 0 34.272 0 50.3077 a b -3.13921 9 0
0 0 34.2706 0 50.2817 a b -3.14155 9 0
0 0 34.2702 0 50.2546 a b 3.13446 9 0
0 0 34.2737 0 50.2224 a b 3.13031 9 0
0 0 34.2804 0 50.1914 a b 3.1277 9 0
0 0 34.282 0 50.1602 a b 3.12484 9 0
0 0 34.2781 0 50.1251 a b 3.12186 9 0
0 0 34.2784 0 50.0845 a b 3.12362 9 0
0 0 34.2802 0 50.0529 a b 3.13175 9 0
0 0 34.2805 0 50.0264 a b 3.13592 9 0
0 0 34.2839 0 49.996 a b 3.13706 9 0
0 0 34.2869 0 49.9689 a b 3.13839 9 0
0 0 34.2849 0 49.938 a b 3.14043 9 0
0 0 34.2863 0 49.9085 a b -3.13943 9 0
0 0 34.2878 0 49.8802 a b -3.13465 9 0
0 0 34.2899 0 49.8555 a b -3.13028 9 0
0 0 34.2888 0 49.8296 a b -3.12641 9 0
0 0 34.2902 0 49.8102 a b -3.12448 9 0
0 0 34.2902 0 49.7858 a b -3.12817 9 0
0 0 34.2895 0 49.7546 a b -3.12556 9 0
0 0 34.2936 0 49.7277 a b -3.1113 9 0
0 0 34.3041 0 49.7058 a b -3.10304 9 0
0 0 34.3116 0 49.6787 a b -3.10768 9 0
0 0 34.3128 0 49.6467 a b -3.1176 9 0
0 0 34.3014 0 49.6038 a b -3.12177 9 0
0 0 34.2998 0 49.5619 a b -3.11137 9 0
0 0 34.2999 0 49.5228 a b -3.10153 9 0
0 0 34.2992 0 49.4827 a b -3.09063 9 0
0 0 34.3009 0 49.4434 a b -3.08063 9 0
0 0 34.2992 0 49.4096 a b -3.07314 9 0
0 0 34.3026 0 49.3781 a b -3.06891 9 0
0 0 34.3038 0 49.3506 a b -3.06584 9 0
0 0 34.3035 0 49.3221 a b -3.05522 9 0
0 0 34.3039 0 49.2944 a b -3.03886 9 0
0 0 34.3123 0 49.2778 a b -3.02619 9 0
0 0 34.3189 0 49.2674 a b -3.03161 9 0
0 0 34.3081 0 49.2543 a b -3.04822 9 0
0 0 34.2885 0 49.2369 a b -3.0505 9 0
0 0 34.289 0 49.2118 a b -3.0289 9 0
0 0 34.3068 0 49.1873 a b -3.01575 9 0
0 0 34.3158 0 49.1615 a b -3.02163 9 0
0 0 34.3076 0 49.1311 a b -3.03255 9 0
0 0 34.2994 0 49.099 a b -3.03363 9 0
0 0 34.2915 0 49.0649 a b -3.02777 9 0
0 0 34.29 0 49.0292 a b -3.01918 9 0
0 0 34.289 0 48.9828 a b -3.00882 9 0
0 0 34.293 0 48.9431 a b -3.01252 9 0
0 0 34.2837 0 48.9065 a b -3.01944 9 0
0 0 34.2759 0 48.871 a b -3.01485 9 0
0 0 34.2767 0 48.8363 a b -3.00555 9 0
0 0 34.2801 0 48.804 a b -3.00517 9 0
0 0 34.2824 0 48.7762 a b -3.01341 9 0
0 0 34.2793 0 48.7652 a b -3.02293 9 0
0 0 34.2702 0 48.7475 a b -3.02051 9 0
0 0 34.2656 0 48.7238 a b -3.01047 9 0
0 0 34.2653 0 48.6976 a b -3.00263 9 0
0 0 34.2679 0 48.6764 a b -3.00563 9 0
0 0 34.2612 0 48.6586 a b -3.01325 9 0
0 0 34.2621 0 48.6321 a b -3.00111 9 0
0 0 34.2644 0 48.6019 a b -2.99754 9 0
0 0 34.262 0 48.5763 a b -2.99879 9 0
0 0 34.2574 0 48.5491 a b -3.00404 9 0
0 0 34.2504 0 48.53 a b -3.01246 9 0
0 0 34.2455 0 48.5104 a b -3.01612 9 0
0 0 34.2459 0 48.4861 a b -3.01578 9 0
0 0 34.2492 0 48.4566 a b -3.01545 9 0
0 0 34.2507 0 48.4184 a b -3.01046 9 0
0 0 34.2506 0 48.3718 a b -3.00892 9 0
0 0 34.2501 0 48.3289 a b -3.01825 9 0
0 0 34.2391 0 48.2919 a b -3.02529 9 0
0 0 34.2328 0 48.2494 a b -3.02866 9 0
0 0 34.2284 0 48.2059 a b -3.02632 9 0
0 0 34.2246 0 48.1456 a b -3.02565 9 0
0 0 34.2258 0 48.1012 a b -3.03436 9 0
0 0 34.224 0 48.0716 a b -3.04043 9 0
0 0 34.2203 0 48.0386 a b -3.03422 9 0
0 0 34.2157 0 48.0055 a b -3.03128 9 0
0 0 34.2092 0 47.9877 a b -3.02853 9 0
0 0 34.2078 0 47.9665 a b -3.021 9 0
0 0 34.2077 0 47.9564 a b -3.02681 9 0
0 0 34.2108 0 47.9464 a b -3.02971 9 0
0 0 34.2025 0 47.9287 a b -3.028 9 0
0 0 34.2003 0 47.9133 a b -3.02752 9 0
0 0 34.2014 0 47.8957 a b -3.027 9 0
0 0 34.2005 0 47.8749 a b -3.03138 9 0
0 0 34.2022 0 47.8529 a b -3.03892 9 0
0 0 34.2084 0 47.8285 a b -3.03957 9 0
0 0 34.2052 0 47.8002 a b -3.03425 9 0
0 0 34.1957 0 47.7675 a b -3.03723 9 0
0 0 34.1952 0 47.7303 a b -3.04183 9 0
0 0 34.1957 0 47.6987 a b -3.03426 9 0
0 0 34.1922 0 47.6752 a b -3.02805 9 0
0 0 34.1882 0 47.649 a b -3.03045 9 0
0 0 34.1863 0 47.6162 a b -3.0385 9 0
0 0 34.1855 0 47.5814 a b -3.03753 9 0
0 0 34.18 0 47.5548 a b -3.03509 9 0
0 0 34.1785 0 47.5263 a b -3.03603 9 0
0 0 34.1794 0 47.4917 a b -3.039 9 0
0 0 34.1803 0 47.461 a b -3.03717 9 0
0 0 34.1818 0 47.4303 a b -3.03664 9 0
0 0 34.1809 0 47.4018 a b -3.03793 9 0
0 0 34.1763 0 47.3722 a b -3.04349 9 0
0 0 34.1684 0 47.3436 a b -3.04338 9 0
0 0 34.1627 0 47.3172 a b -3.04246 9 0
0 0 34.1593 0 47.2829 a b -3.0447 9 0
0 0 34.163 0 47.2473 a b -3.04197 9 0
0 0 34.1652 0 47.2156 a b -3.03608 9 0
0 0 34.1683 0 47.1936 a b -3.03674 9 0
0 0 34.1704 0 47.1682 a b -3.04602 9 0
0 0 34.1644 0 47.1304 a b -3.05775 9 0
0 0 34.157 0 47.0881 a b -3.05021 9 0
0 0 34.1582 0 47.0655 a b -3.04501 9 0
0 0 34.1562 0 47.0417 a b -3.04964 9 0
0 0 34.1515 0 47.0077 a b -3.05481 9 0
0 0 34.1503 0 46.9726 a b -3.05256 9 0
0 0 34.1507 0 46.9466 a b -3.04721 9 0
0 0 34.1549 0 46.9313 a b -3.04736 9 0
0 0 34.1563 0 46.9162 a b -3.05541 9 0
0 0 34.1496 0 46.8883 a b -3.06753 9 0
0 0 34.1407 0 46.859 a b -3.06417 9 0
0 0 34.1338 0 46.8371 a b -3.06128 9 0
0 0 34.1318 0 46.8091 a b -3.06223 9 0
0 0 34.1321 0 46.7761 a b -3.06365 9 0
0 0 34.1373 0 46.7456 a b -3.06785 9 0
0 0 34.1411 0 46.7101 a b -3.07321 9 0
0 0 34.1428 0 46.6829 a b -3.08103 9 0
0 0 34.1378 0 46.6476 a b -3.08873 9 0
0 0 34.1336 0 46.6117 a b -3.092 9 0
0 0 34.1321 0 46.5792 a b -3.09424 9 0
0 0 34.1334 0 46.5477 a b -3.09888 9 0
0 0 34.133 0 46.5152 a b -3.10677 9 0
0 0 34.1336 0 46.4829 a b -3.10884 9 0
0 0 34.1366 0 46.4572 a b -3.11303 9 0
0 0 34.1359 0 46.4316 a b -3.12435 9 0
0 0 34.1302 0 46.3996 a b -3.12949 9 0
0 0 34.127 0 46.3645 a b -3.11644 9 0
0 0 34.1293 0 46.343 a b -3.10355 9 0
0 0 34.1321 0 46.3288 a b -3.10787 9 0
0 0 34.1319 0 46.3104 a b -3.12292 9 0
0 0 34.1267 0 46.279 a b -3.12652 9 0
0 0 34.126 0 46.2454 a b -3.10824 9 0
0 0 34.1285 0 46.2194 a b -3.10023 9 0
0 0 34.132 0 46.1848 a b -3.09803 9 0
0 0 34.1281 0 46.1578 a b -3.10703 9 0
0 0 34.124 0 46.125 a b -3.10845 9 0
0 0 34.1228 0 46.0914 a b -3.09778 9 0
0 0 34.1296 0 46.0613 a b -3.09062 9 0
0 0 34.1355 0 46.0338 a b -3.09604 9 0
0 0 34.1338 0 46.0008 a b -3.09547 9 0
0 0 34.1337 0 45.9738 a b -3.09063 9 0
0 0 34.1345 0 45.9446 a b -3.0924 9 0
0 0 34.1346 0 45.9174 a b -3.09472 9 0
0 0 34.1338 0 45.8906 a b -3.09414 9 0
0 0 34.1357 0 45.8636 a b -3.09043 9 0
0 0 34.1322 0 45.8406 a b -3.09133 9 0
0 0 34.1253 0 45.8187 a b -3.09141 9 0
0 0 34.1241 0 45.7938 a b -3.08645 9 0
0 0 34.1281 0 45.7693 a b -3.08629 9 0
0 0 34.1316 0 45.7376 a b -3.08876 9 0
0 0 34.132 0 45.7062 a b -3.09223 9 0
0 0 34.1296 0 45.6669 a b -3.09539 9 0
0 0 34.1248 0 45.636 a b -3.09588 9 0
0 0 34.1215 0 45.6013 a b -3.09045 9 0
0 0 34.1211 0 45.5594 a b -3.08875 9 0
0 0 34.1228 0 45.535 a b -3.09886 9 0
0 0 34.1222 0 45.5101 a b -3.10418 9 0
0 0 34.1266 0 45.4832 a b -3.10476 9 0
0 0 34.1297 0 45.451 a b -3.10623 9 0
0 0 34.1327 0 45.4191 a b -3.1141 9 0
0 0 34.1319 0 45.3849 a b -3.12544 9 0
0 0 34.129 0 45.355 a b -3.14027 9 0
0 0 34.1256 0 45.3316 a b 3.13449 9 0
0 0 34.1226 0 45.2963 a b 3.12786 9 0
0 0 34.123 0 45.2696 a b 3.11945 9 0
0 0 34.1244 0 45.2444 a b 3.11169 9 0
0 0 34.1275 0 45.2226 a b 3.10179 9 0
0 0 34.1289 0 45.2021 a b 3.09336 9 0
0 0 34.1296 0 45.1792 a b 3.08909 9 0
0 0 34.1268 0 45.156 a b 3.08504 9 0
0 0 34.1274 0 45.1335 a b 3.08329 9 0
0 0 34.1303 0 45.1018 a b 3.08052 9 0
0 0 34.1376 0 45.0716 a b 3.07712 9 0
0 0 34.1409 0 45.0455 a b 3.07573 9 0
0 0 34.1447 0 45.0211 a b 3.0763 9 0
0 0 34.1471 0 44.9883 a b 3.07726 9 0
0 0 34.1527 0 44.9611 a b 3.07323 9 0
0 0 34.1531 0 44.9343 a b 3.07534 9 0
0 0 34.1561 0 44.9065 a b 3.07764 9 0
0 0 34.1592 0 44.8706 a b 3.07742 9 0
0 0 34.1641 0 44.835 a b 3.07558 9 0
0 0 34.1689 0 44.8061 a b 3.07277 9 0
0 0 34.1733 0 44.7824 a b 3.07395 9 0
0 0 34.1746 0 44.7518 a b 3.07694 9 0
0 0 34.1709 0 44.7202 a b 3.076 9 0
0 0 34.1712 0 44.6988 a b 3.07329 9 0
0 0 34.1759 0 44.6862 a b 3.07788 9 0
0 0 34.1732 0 44.6537 a b 3.08789 9 0
0 0 34.1767 0 44.624 a b 3.08614 9 0
0 0 34.1827 0 44.602 a b 3.08101 9 0
0 0 34.1895 0 44.5767 a b 3.08268 9 0
0 0 34.1909 0 44.5449 a b 3.08634 9 0
0 0 34.1908 0 44.5119 a b 3.08607 9 0
0 0 34.1887 0 44.4787 a b 3.08635 9 0
0 0 34.1946 0 44.4468 a b 3.08495 9 0
0 0 34.2014 0 44.4175 a b 3.08969 9 0
0 0 34.2002 0 44.3762 a b 3.09514 9 0
0 0 34.2047 0 44.3433 a b 3.09266 9 0
0 0 34.2129 0 44.3154 a b 3.09473 9 0
0 0 34.2065 0 44.2859 a b 3.10317 9 0
0 0 34.1973 0 44.2528 a b 3.10013 9 0
0 0 34.2048 0 44.2213 a b 3.09834 9 0
0 0 34.2095 0 44.1965 a b 3.11311 9 0
0 0 34.2068 0 44.1745 a b 3.11998 9 0
0 0 34.2083 0 44.1426 a b 3.11366 9 0
0 0 34.2124 0 44.1142 a b 3.11069 9 0
0 0 34.212 0 44.0836 a b 3.11033 9 0
0 0 34.2137 0 44.0532 a b 3.11443 9 0
0 0 34.214 0 44.0263 a b 3.11943 9 0
0 0 34.2155 0 44.0008 a b 3.12251 9 0
0 0 34.2145 0 43.9702 a b 3.12828 9 0
0 0 34.2169 0 43.9437 a b 3.13198 9 0
0 0 34.214 0 43.9147 a b 3.13007 9 0
0 0 34.2178 0 43.8887 a b 3.12588 9 0
0 0 34.2213 0 43.8527 a b 3.12279 9 0
0 0 34.2268 0 43.8222 a b 3.128 9 0
0 0 34.2194 0 43.8088 a b 3.13576 9 0
0 0 34.2159 0 43.7832 a b 3.12706 9 0
0 0 34.2115 0 43.7418 a b 3.12242 9 0
0 0 34.2127 0 43.7093 a b 3.13119 9 0
0 0 34.2235 0 43.6924 a b 3.13453 9 0
0 0 34.2245 0 43.6658 a b 3.12793 9 0
0 0 34.2239 0 43.6275 a b 3.12374 9 0
0 0 34.2227 0 43.5957 a b 3.12472 9 0
0 0 34.2232 0 43.5702 a b 3.12388 9 0
0 0 34.2213 0 43.5433 a b 3.12088 9 0
0 0 34.2198 0 43.5098 a b 3.12215 9 0
0 0 34.2232 0 43.4876 a b 3.12535 9 0
0 0 34.2258 0 43.4683 a b 3.1259 9 0
0 0 34.225 0 43.4401 a b 3.12556 9 0
0 0 34.2244 0 43.4162 a b 3.12558 9 0
0 0 34.226 0 43.3909 a b 3.12548 9 0
0 0 34.2272 0 43.3653 a b 3.1257 9 0
0 0 34.2304 0 43.3353 a b 3.12879 9 0
0 0 34.2331 0 43.3033 a b 3.12969 9 0
0 0 34.2315 0 43.2729 a b 3.12944 9 0
0 0 34.2282 0 43.2442 a b 3.12977 9 0
0 0 34.2228 0 43.2097 a b 3.12817 9 0
0 0 34.2203 0 43.1687 a b 3.13606 9 0
0 0 34.2279 0 43.1424 a b -3.13905 9 0
0 0 34.2366 0 43.1162 a b 3.14035 9 0
0 0 34.2392 0 43.0812 a b 3.13923 9 0
0 0 34.2412 0 43.0536 a b 3.13736 9 0
0 0 34.2377 0 43.0185 a b 3.13578 9 0
0 0 34.2375 0 42.9926 a b 3.14028 9 0
0 0 34.2368 0 42.97 a b 3.13902 9 0
0 0 34.23 0 42.9386 a b 3.13926 9 0
0 0 34.2285 0 42.917 a b -3.136 9 0
0 0 34.2357 0 42.9072 a b -3.13257 9 0
0 0 34.242 0 42.888 a b -3.13805 9 0
0 0 34.2404 0 42.8584 a b 3.13965 9 0
0 0 34.2371 0 42.8231 a b 3.14156 9 0
0 0 34.2392 0 42.7931 a b -3.13653 9 0
0 0 34.2337 0 42.758 a b -3.13228 9 0
0 0 34.2292 0 42.721 a b -3.13221 9 0
0 0 34.2296 0 42.6863 a b -3.1305 9 0
0 0 34.2351 0 42.6508 a b -3.12648 9 0
0 0 34.2394 0 42.6163 a b -3.13031 9 0
0 0 34.2375 0 42.5802 a b -3.12859 9 0
0 0 34.2385 0 42.5492 a b -3.12502 9 0
0 0 34.2377 0 42.521 a b -3.12369 9 0
0 0 34.236 0 42.4881 a b -3.12127 9 0
0 0 34.2379 0 42.46 a b -3.11761 9 0
0 0 34.2407 0 42.4371 a b -3.11927 9 0
0 0 34.2389 0 42.4148 a b -3.12019 9 0
0 0 34.2353 0 42.396 a b -3.11638 9 0
0 0 34.234 0 42.3707 a b -3.11202 9 0
0 0 34.2364 0 42.3411 a b -3.11025 9 0
0 0 34.2364 0 42.3112 a b -3.11294 9 0
0 0 34.238 0 42.2859 a b -3.11629 9 0
0 0 34.2362 0 42.2564 a b -3.11064 9 0
0 0 34.2357 0 42.2229 a b -3.10682 9 0
0 0 34.2355 0 42.1937 a b -3.1103 9 0
0 0 34.2309 0 42.1707 a b -3.11069 9 0
0 0 34.2288 0 42.135 a b -3.10348 9 0
0 0 34.2303 0 42.0935 a b -3.09943 9 0
0 0 34.2328 0 42.0489 a b -3.10383 9 0
0 0 34.2384 0 42.0247 a b -3.11012 9 0
0 0 34.2385 0 41.9975 a b -3.10704 9 0
0 0 34.2377 0 41.9637 a b -3.10413 9 0
0 0 34.2341 0 41.935 a b -3.10765 9 0
0 0 34.2379 0 41.921 a b -3.1135 9 0
0 0 34.234 0 41.8922 a b -3.10958 9 0
0 0 34.2338 0 41.8612 a b -3.10687 9 0
0 0 34.2334 0 41.8301 a b -3.10639 9 0
0 0 34.2316 0 41.798 a b -3.1086 9 0
0 0 34.2315 0 41.7697 a b -3.10927 9 0
0 0 34.2336 0 41.7422 a b -3.11055 9 0
0 0 34.2349 0 41.7182 a b -3.10944 9 0
0 0 34.2341 0 41.6871 a b -3.10888 9 0
0 0 34.2336 0 41.6564 a b -3.10867 9 0
0 0 34.2303 0 41.6241 a b -3.10912 9 0
0 0 34.2288 0 41.5973 a b -3.11052 9 0
0 0 34.2327 0 41.5644 a b -3.11173 9 0
0 0 34.2343 0 41.535 a b -3.11233 9 0
0 0 34.2373 0 41.5018 a b -3.11151 9 0
0 0 34.2356 0 41.4734 a b -3.11304 9 0
0 0 34.2344 0 41.4485 a b -3.11438 9 0
0 0 34.2335 0 41.4201 a b -3.11402 9 0
0 0 34.2302 0 41.3904 a b -3.11273 9 0
0 0 34.2313 0 41.3615 a b -3.11361 9 0
0 0 34.234 0 41.3293 a b -3.11407 9 0
0 0 34.2344 0 41.3006 a b -3.11368 9 0
0 0 34.2359 0 41.2708 a b -3.11334 9 0
0 0 34.2386 0 41.2439 a b -3.11418 9 0
0 0 34.2373 0 41.2232 a b -3.11321 9 0
0 0 34.2336 0 41.1976 a b -3.11063 9 0
0 0 34.2365 0 41.176 a b -3.10739 9 0
0 0 34.2318 0 41.1501 a b -3.10401 9 0
0 0 34.2244 0 41.1205 a b -3.10858 9 0
0 0 34.2313 0 41.0932 a b -3.11433 9 0
0 0 34.2399 0 41.0635 a b -3.11425 9 0
0 0 34.2394 0 41.0297 a b -3.10946 9 0
0 0 34.2303 0 40.9889 a b -3.10903 9 0
0 0 34.2364 0 40.9495 a b -3.10878 9 0
0 0 34.2331 0 40.9145 a b -3.10611 9 0
0 0 34.2291 0 40.8801 a b -3.11021 9 0
0 0 34.238 0 40.8417 a b -3.11457 9 0
0 0 34.2472 0 40.811 a b -3.10836 9 0
0 0 34.2413 0 40.7923 a b -3.10401 9 0
0 0 34.2318 0 40.7748 a b -3.10918 9 0
0 0 34.2269 0 40.7523 a b -3.11589 9 0
0 0 34.2332 0 40.7313 a b -3.11113 9 0
0 0 34.2408 0 40.7127 a b -3.10021 9 0
0 0 34.2395 0 40.6944 a b -3.09533 9 0
0 0 34.241 0 40.6746 a b -3.09771 9 0
0 0 34.236 0 40.6523 a b -3.10634 9 0
0 0 34.2298 0 40.6174 a b -3.11357 9 0
0 0 34.229 0 40.5818 a b -3.107 9 0
0 0 34.2407 0 40.5567 a b -3.10521 9 0
0 0 34.246 0 40.5191 a b -3.1141 9 0
0 0 34.2447 0 40.4763 a b -3.12012 9 0
0 0 34.2447 0 40.4343 a b -3.12532 9 0
0 0 34.2412 0 40.3962 a b -3.12374 9 0
0 0 34.2442 0 40.3605 a b -3.12226 9 0
0 0 34.2482 0 40.3303 a b -3.12479 9 0
0 0 34.2434 0 40.3023 a b -3.1266 9 0
0 0 34.2433 0 40.2754 a b -3.12395 9 0
0 0 34.2459 0 40.2466 a b -3.12133 9 0
0 0 34.2505 0 40.2244 a b -3.12416 9 0
0 0 34.2482 0 40.198 a b -3.12931 9 0
0 0 34.2503 0 40.1666 a b -3.12955 9 0
0 0 34.2488 0 40.1369 a b -3.12424 9 0
0 0 34.2488 0 40.1076 a b -3.12162 9 0
0 0 34.2469 0 40.0813 a b -3.12144 9 0
0 0 34.2478 0 40.055 a b -3.12096 9 0
0 0 34.2551 0 40.0312 a b -3.12224 9 0
0 0 34.2556 0 39.9962 a b -3.1267 9 0
0 0 34.261 0 39.9671 a b -3.12779 9 0
0 0 34.2634 0 39.9397 a b -3.13199 9 0
0 0 34.2598 0 39.9056 a b -3.13532 9 0
0 0 34.2603 0 39.8742 a b -3.13516 9 0
0 0 34.264 0 39.8396 a b -3.13716 9 0
0 0 34.2628 0 39.81 a b -3.13915 9 0
0 0 34.2604 0 39.7809 a b -3.139 9 0
0 0 34.2607 0 39.749 a b -3.13914 9 0
0 0 34.2633 0 39.7179 a b -3.14114 9 0
0 0 34.2664 0 39.6847 a b 3.13924 9 0
0 0 34.271 0 39.6515 a b 3.13813 9 0
0 0 34.2768 0 39.6237 a b 3.13583 9 0
0 0 34.2794 0 39.5969 a b 3.13234 9 0
0 0 34.2761 0 39.5673 a b 3.12988 9 0
0 0 34.2736 0 39.5393 a b 3.13074 9 0
0 0 34.2725 0 39.513 a b 3.13515 9 0
0 0 34.2755 0 39.4971 a b 3.13768 9 0
0 0 34.2812 0 39.4757 a b 3.13378 9 0
0 0 34.283 0 39.4531 a b 3.13074 9 0
0 0 34.2835 0 39.4206 a b 3.12976 9 0
0 0 34.2852 0 39.3877 a b 3.13022 9 0
0 0 34.2859 0 39.357 a b 3.12957 9 0
0 0 34.2853 0 39.3261 a b 3.12833 9 0
0 0 34.2864 0 39.2936 a b 3.12601 9 0
0 0 34.2919 0 39.2582 a b 3.12323 9 0
0 0 34.2955 0 39.2212 a b 3.12644 9 0
0 0 34.3004 0 39.1911 a b 3.12717 9 0
0 0 34.3025 0 39.1593 a b 3.12341 9 0
0 0 34.3032 0 39.1256 a b 3.11876 9 0
0 0 34.3051 0 39.092 a b 3.11801 9 0
0 0 34.3088 0 39.0733 a b 3.11962 9 0
0 0 34.3121 0 39.0432 a b 3.11726 9 0
0 0 34.3146 0 39.0193 a b 3.11485 9 0
0 0 34.3143 0 38.9965 a b 3.11061 9 0
0 0 34.3083 0 38.977 a b 3.10849 9 0
0 0 34.309 0 38.9587 a b 3.10906 9 0
0 0 34.309 0 38.9351 a b 3.10592 9 0
0 0 34.3129 0 38.909 a b 3.10245 9 0
0 0 34.3182 0 38.8817 a b 3.0982 9 0
0 0 34.3194 0 38.8545 a b 3.09236 9 0
0 0 34.3178 0 38.8255 a b 3.08915 9 0
0 0 34.3176 0 38.7988 a b 3.09113 9 0
0 0 34.3187 0 38.7698 a b 3.09468 9 0
0 0 34.3222 0 38.7394 a b 3.09262 9 0
0 0 34.3266 0 38.708 a b 3.09132 9 0
0 0 34.3286 0 38.6758 a b 3.09441 9 0
0 0 34.3327 0 38.6447 a b 3.09829 9 0
0 0 34.3339 0 38.6117 a b 3.10109 9 0
0 0 34.3353 0 38.5799 a b 3.10314 9 0
0 0 34.3366 0 38.5508 a b 3.10552 9 0
0 0 34.3378 0 38.5237 a b 3.11185 9 0
0 0 34.3403 0 38.4926 a b 3.11708 9 0
0 0 34.3412 0 38.4646 a b 3.11801 9 0
0 0 34.3432 0 38.4409 a b 3.11889 9 0
0 0 34.3449 0 38.4229 a b 3.12429 9 0
0 0 34.3411 0 38.3993 a b 3.13059 9 0
0 0 34.3455 0 38.3762 a b 3.13232 9 0
0 0 34.345 0 38.3519 a b 3.13667 9 0
0 0 34.3444 0 38.3285 a b 3.14042 9 0
0 0 34.3486 0 38.306 a b -3.14062 9 0
0 0 34.3539 0 38.2767 a b -3.13491 9 0
0 0 34.3541 0 38.2417 a b -3.13111 9 0
0 0 34.3493 0 38.2078 a b -3.13321 9 0
0 0 34.3504 0 38.1907 a b -3.1356 9 0
0 0 34.3701 0 38.1809 a b -3.12627 9 0
0 0 34.3724 0 38.1501 a b -3.1022 9 0
0 0 34.3655 0 38.1067 a b -3.08263 9 0
0 0 34.3528 0 38.0626 a b -3.0758 9 0
0 0 34.3512 0 38.0306 a b -3.07865 9 0
0 0 34.3603 0 38.0104 a b -3.07897 9 0
0 0 34.3678 0 37.986 a b -3.07016 9 0
0 0 34.3681 0 37.9511 a b -3.05721 9 0
0 0 34.3619 0 37.9141 a b -3.04727 9 0
0 0 34.354 0 37.8732 a b -3.04886 9 0
0 0 34.3538 0 37.8394 a b -3.05504 9 0
0 0 34.3568 0 37.8026 a b -3.05731 9 0
0 0 34.3549 0 37.77 a b -3.05393 9 0
0 0 34.3464 0 37.7323 a b -3.05414 9 0
0 0 34.3418 0 37.701 a b -3.05458 9 0
0 0 34.3394 0 37.667 a b -3.0587 9 0
0 0 34.3482 0 37.6412 a b -3.05579 9 0
0 0 34.3428 0 37.62 a b -3.05002 9 0
0 0 34.3321 0 37.6013 a b -3.05549 9 0
0 0 34.3283 0 37.5788 a b -3.0669 9 0
0 0 34.3446 0 37.5628 a b -3.06166 9 0
0 0 34.3424 0 37.5503 a b -3.04704 9 0
0 0 34.3349 0 37.5376 a b -3.04028 9 0
0 0 34.3323 0 37.5187 a b -3.04402 9 0
0 0 34.3311 0 37.4966 a b -3.05097 9 0
0 0 34.3327 0 37.4744 a b -3.05818 9 0
0 0 34.332 0 37.4478 a b -3.05642 9 0
0 0 34.3333 0 37.4235 a b -3.05487 9 0
0 0 34.3326 0 37.3893 a b -3.06049 9 0
0 0 34.3327 0 37.3485 a b -3.06386 9 0
0 0 34.3333 0 37.3108 a b -3.06793 9 0
0 0 34.3279 0 37.26 a b -3.07554 9 0
0 0 34.3242 0 37.2177 a b -3.07255 9 0
0 0 34.3242 0 37.1715 a b -3.07537 9 0
0 0 34.3202 0 37.1211 a b -3.07732 9 0
0 0 34.3161 0 37.0783 a b -3.08104 9 0
0 0 34.3152 0 37.0317 a b -3.08256 9 0
0 0 34.3116 0 36.9925 a b -3.07911 9 0
0 0 34.3145 0 36.9657 a b -3.07774 9 0
0 0 34.3161 0 36.9374 a b -3.08102 9 0
0 0 34.3094 0 36.9182 a b -3.08326 9 0
0 0 34.304 0 36.8936 a b -3.07231 9 0
0 0 34.3058 0 36.8825 a b -3.06881 9 0
0 0 34.3095 0 36.8681 a b -3.07483 9 0
0 0 34.3091 0 36.8514 a b -3.08181 9 0
0 0 34.3067 0 36.8331 a b -3.08515 9 0
0 0 34.3082 0 36.8089 a b -3.08706 9 0
0 0 34.31 0 36.7864 a b -3.08786 9 0
0 0 34.3115 0 36.7645 a b -3.08902 9 0
0 0 34.3105 0 36.743 a b -3.09376 9 0
0 0 34.3102 0 36.7154 a b -3.09389 9 0
0 0 34.3099 0 36.6875 a b -3.09072 9 0
0 0 34.3101 0 36.6609 a b -3.09325 9 0
0 0 34.3116 0 36.6267 a b -3.09382 9 0
0 0 34.3102 0 36.6008 a b -3.09507 9 0
0 0 34.3113 0 36.5734 a b -3.09815 9 0
0 0 34.3089 0 36.5411 a b -3.10057 9 0
0 0 34.3043 0 36.5108 a b -3.09723 9 0
0 0 34.2994 0 36.4766 a b -3.09671 9 0
0 0 34.2962 0 36.4446 a b -3.09672 9 0
0 0 34.2959 0 36.409 a b -3.09309 9 0
0 0 34.2992 0 36.3793 a b -3.09585 9 0
0 0 34.3014 0 36.3428 a b -3.0974 9 0
0 0 34.3037 0 36.3144 a b -3.09751 9 0
0 0 34.3039 0 36.2862 a b -3.10071 9 0
0 0 34.3033 0 36.2572 a b -3.1012 9 0
0 0 34.302 0 36.2282 a b -3.10047 9 0
0 0 34.3056 0 36.2059 a b -3.1015 9 0
0 0 34.3023 0 36.1761 a b -3.10494 9 0
0 0 34.3 0 36.1487 a b -3.10503 9 0
0 0 34.2987 0 36.1269 a b -3.10391 9 0
0 0 34.3008 0 36.1038 a b -3.10555 9 0
0 0 34.3029 0 36.0752 a b -3.10537 9 0
0 0 34.3025 0 36.0478 a b -3.10501 9 0
0 0 34.3002 0 36.0215 a b -3.1077 9 0
0 0 34.2991 0 35.9905 a b -3.11263 9 0
0 0 34.2971 0 35.957 a b -3.11074 9 0
0 0 34.2959 0 35.9277 a b -3.10634 9 0
0 0 34.2982 0 35.8892 a b -3.10791 9 0
0 0 34.2984 0 35.8567 a b -3.11556 9 0
0 0 34.3103 0 35.827 a b -3.11664 9 0
0 0 34.3139 0 35.7895 a b -3.11333 9 0
0 0 34.3196 0 35.7555 a b -3.11649 9 0
0 0 34.3231 0 35.7215 a b -3.12274 9 0
0 0 34.3209 0 35.6965 a b -3.1281 9 0
0 0 34.316 0 35.6693 a b -3.12973 9 0
0 0 34.3127 0 35.6372 a b -3.12735 9 0
0 0 34.3109 0 35.6063 a b -3.12895 9 0
0 0 34.3103 0 35.5793 a b -3.13349 9 0
0 0 34.3111 0 35.5592 a b -3.13423 9 0
0 0 34.3111 0 35.5232 a b -3.13332 9 0
0 0 34.3131 0 35.4965 a b -3.13559 9 0
0 0 34.3133 0 35.4696 a b -3.13704 9 0
0 0 34.3141 0 35.4411 a b -3.13849 9 0
0 0 34.3129 0 35.4074 a b -3.139 9 0
0 0 34.3154 0 35.3805 a b -3.14128 9 0
0 0 34.3173 0 35.3476 a b -3.13988 9 0
0 0 34.3216 0 35.3127 a b 3.13931 9 0
0 0 34.3212 0 35.2856 a b 3.13347 9 0
0 0 34.3243 0 35.2518 a b 3.13236 9 0
0 0 34.3262 0 35.2224 a b 3.12931 9 0
0 0 34.3268 0 35.1924 a b 3.12444 9 0
0 0 34.3244 0 35.1678 a b 3.1231 9 0
0 0 34.3228 0 35.1446 a b 3.12415 9 0
0 0 34.328 0 35.1195 a b 3.12306 9 0
0 0 34.3287 0 35.098 a b 3.11816 9 0
0 0 34.3275 0 35.074 a b 3.11409 9 0
0 0 34.3275 0 35.0466 a b 3.11309 9 0
0 0 34.328 0 35.018 a b 3.11287 9 0
0 0 34.3276 0 34.9928 a b 3.11121 9 0
0 0 34.33 0 34.9658 a b 3.1096 9 0
0 0 34.3299 0 34.9319 a b 3.11106 9 0
0 0 34.3269 0 34.899 a b 3.10725 9 0
0 0 34.3293 0 34.8714 a b 3.10698 9 0
0 0 34.3337 0 34.8457 a b 3.11107 9 0
0 0 34.3345 0 34.8204 a b 3.11017 9 0
0 0 34.3363 0 34.8003 a b 3.10946 9 0
0 0 34.3391 0 34.7801 a b 3.11216 9 0
0 0 34.3377 0 34.7592 a b 3.11684 9 0
0 0 34.3389 0 34.7251 a b 3.11488 9 0
0 0 34.3428 0 34.7029 a b 3.11393 9 0
0 0 34.344 0 34.6753 a b 3.11351 9 0
0 0 34.3459 0 34.6497 a b 3.11655 9 0
0 0 34.3441 0 34.6139 a b 3.11914 9 0
0 0 34.3448 0 34.5745 a b 3.11696 9 0
0 0 34.3441 0 34.5488 a b 3.1222 9 0
0 0 34.3485 0 34.5246 a b 3.12739 9 0
0 0 34.3506 0 34.497 a b 3.1237 9 0
0 0 34.3531 0 34.4638 a b 3.11963 9 0
0 0 34.3523 0 34.4354 a b 3.12018 9 0
0 0 34.3555 0 34.4083 a b 3.12656 9 0
0 0 34.3567 0 34.3799 a b 3.12751 9 0
0 0 34.3545 0 34.3503 a b 3.12656 9 0
0 0 34.352 0 34.3172 a b 3.12212 9 0
0 0 34.3535 0 34.2912 a b 3.12796 9 0
0 0 34.3594 0 34.2778 a b 3.13262 9 0
0 0 34.365 0 34.2506 a b 3.13052 9 0
0 0 34.371 0 34.2091 a b 3.12617 9 0
0 0 34.3694 0 34.1699 a b 3.12399 9 0
0 0 34.3653 0 34.1302 a b 3.12677 9 0
0 0 34.3617 0 34.1114 a b 3.12749 9 0
0 0 34.3644 0 34.0825 a b 3.12835 9 0
0 0 34.3684 0 34.0508 a b 3.13136 9 0
0 0 34.3694 0 34.0218 a b 3.13473 9 0
0 0 34.3686 0 33.9899 a b 3.13321 9 0
0 0 34.3686 0 33.9562 a b 3.13507 9 0
0 0 34.368 0 33.9219 a b 3.13965 9 0
0 0 34.3724 0 33.8959 a b -3.14099 9 0
0 0 34.3705 0 33.8698 a b -3.14015 9 0
0 0 34.3721 0 33.841 a b -3.13938 9 0
0 0 34.3693 0 33.809 a b -3.13489 9 0
0 0 34.3724 0 33.7842 a b -3.13473 9 0
0 0 34.3733 0 33.7567 a b -3.1354 9 0
0 0 34.3785 0 33.7317 a b -3.13182 9 0
0 0 34.3832 0 33.7082 a b -3.13339 9 0
0 0 34.3824 0 33.6787 a b -3.13825 9 0
0 0 34.3771 0 33.6467 a b -3.13273 9 0
0 0 34.3748 0 33.6218 a b -3.13014 9 0
0 0 34.375 0 33.5928 a b -3.12712 9 0
0 0 34.3771 0 33.5674 a b -3.12251 9 0
0 0 34.3765 0 33.5443 a b -3.12543 9 0
0 0 34.3811 0 33.5174 a b -3.12884 9 0
0 0 34.3754 0 33.4911 a b -3.1261 9 0
0 0 34.3742 0 33.4581 a b -3.12176 9 0
0 0 34.376 0 33.4183 a b -3.12005 9 0
0 0 34.3765 0 33.3816 a b -3.11952 9 0
0 0 34.3723 0 33.3538 a b -3.11481 9 0
0 0 34.3711 0 33.3274 a b -3.11039 9 0
0 0 34.3743 0 33.2934 a b -3.11405 9 0
0 0 34.3757 0 33.2674 a b -3.115 9 0
0 0 34.378 0 33.2429 a b -3.11384 9 0
0 0 34.3767 0 33.2185 a b -3.11294 9 0
0 0 34.3716 0 33.191 a b -3.1118 9 0
0 0 34.3766 0 33.1677 a b -3.11046 9 0
0 0 34.3748 0 33.1288 a b -3.10871 9 0
0 0 34.3706 0 33.0962 a b -3.10765 9 0
0 0 34.3693 0 33.0606 a b -3.10685 9 0
0 0 34.3686 0 33.0259 a b -3.10443 9 0
0 0 34.3653 0 32.9933 a b -3.10056 9 0
0 0 34.3661 0 32.9549 a b -3.09887 9 0
0 0 34.3669 0 32.9287 a b -3.1005 9 0
0 0 34.3662 0 32.8996 a b -3.09818 9 0
0 0 34.3704 0 32.8733 a b -3.0973 9 0
0 0 34.3706 0 32.849 a b -3.0992 9 0
0 0 34.3649 0 32.8216 a b -3.10147 9 0
0 0 34.3645 0 32.7948 a b -3.09803 9 0
0 0 34.3687 0 32.7734 a b -3.10001 9 0
0 0 34.3646 0 32.7477 a b -3.09837 9 0
0 0 34.3638 0 32.7209 a b -3.09778 9 0
0 0 34.3589 0 32.6971 a b -3.09687 9 0
0 0 34.3615 0 32.6684 a b -3.09591 9 0
0 0 34.3606 0 32.6386 a b -3.09396 9 0
0 0 34.365 0 32.6098 a b -3.09396 9 0
0 0 34.3683 0 32.5858 a b -3.09562 9 0
0 0 34.3673 0 32.5473 a b -3.09361 9 0
0 0 34.36 0 32.517 a b -3.09612 9 0
0 0 34.3507 0 32.4876 a b -3.0959 9 0
0 0 34.3509 0 32.4506 a b -3.09081 9 0
0 0 34.3532 0 32.4114 a b -3.09205 9 0
0 0 34.352 0 32.389 a b -3.09237 9 0
0 0 34.351 0 32.3684 a b -3.09076 9 0
0 0 34.3534 0 32.3498 a b -3.09115 9 0
0 0 34.3506 0 32.326 a b -3.09223 9 0
0 0 34.3487 0 32.3003 a b -3.0908 9 0
0 0 34.347 0 32.2734 a b -3.088 9 0
0 0 34.3481 0 32.2464 a b -3.08672 9 0
0 0 34.3475 0 32.2151 a b -3.0871 9 0
0 0 34.3444 0 32.1866 a b -3.08827 9 0
0 0 34.343 0 32.1595 a b -3.08812 9 0
0 0 34.3516 0 32.1245 a b -3.09094 9 0
0 0 34.3598 0 32.0903 a b -3.09768 9 0
0 0 34.3576 0 32.068 a b -3.09962 9 0
0 0 34.3537 0 32.0398 a b -3.09666 9 0
0 0 34.3477 0 31.9942 a b -3.0956 9 0
0 0 34.347 0 31.9593 a b -3.097 9 0
0 0 34.3407 0 31.9302 a b -3.09741 9 0
0 0 34.3406 0 31.9016 a b -3.09467 9 0
0 0 34.3402 0 31.8591 a b -3.09253 9 0
0 0 34.3371 0 31.8273 a b -3.09403 9 0
0 0 34.3355 0 31.7998 a b -3.09216 9 0
0 0 34.3341 0 31.7774 a b -3.08841 9 0
0 0 34.3405 0 31.7377 a b -3.09214 9 0
0 0 34.3445 0 31.707 a b -3.09704 9 0
0 0 34.3445 0 31.6839 a b -3.09805 9 0
0 0 34.3412 0 31.6599 a b -3.09619 9 0
0 0 34.3394 0 31.6293 a b -3.09616 9 0
0 0 34.3365 0 31.5977 a b -3.09573 9 0
0 0 34.3356 0 31.5719 a b -3.09291 9 0
0 0 34.3348 0 31.5428 a b -3.09208 9 0
0 0 34.3327 0 31.5092 a b -3.0945 9 0
0 0 34.3343 0 31.4801 a b -3.09354 9 0
0 0 34.3334 0 31.4563 a b -3.0898 9 0
0 0 34.3333 0 31.4289 a b -3.09227 9 0
0 0 34.3337 0 31.3943 a b -3.09615 9 0
0 0 34.3346 0 31.3563 a b -3.09769 9 0
0 0 34.3333 0 31.3315 a b -3.09656 9 0
0 0 34.3378 0 31.3091 a b -3.09799 9 0
0 0 34.3442 0 31.2852 a b -3.10086 9 0
0 0 34.3566 0 31.2467 a b -3.10076 9 0
0 0 34.3578 0 31.226 a b -3.09585 9 0
0 0 34.3498 0 31.2194 a b -3.0991 9 0
0 0 34.346 0 31.1941 a b -3.10838 9 0
0 0 34.349 0 31.1436 a b -3.11591 9 0
0 0 34.3539 0 31.1034 a b -3.10781 9 0
0 0 34.3459 0 31.0878 a b -3.09966 9 0
0 0 34.3371 0 31.0653 a b -3.10844 9 0
0 0 34.3398 0 31.0193 a b -3.11506 9 0
0 0 34.3469 0 30.9837 a b -3.1118 9 0
0 0 34.349 0 30.966 a b -3.11042 9 0
0 0 34.3461 0 30.939 a b -3.11795 9 0
0 0 34.3475 0 30.9064 a b -3.12295 9 0
0 0 34.3543 0 30.8654 a b -3.1274 9 0
0 0 34.353 0 30.8309 a b -3.12748 9 0
0 0 34.3481 0 30.8016 a b -3.12767 9 0
0 0 34.3478 0 30.7733 a b -3.13238 9 0
0 0 34.3543 0 30.7364 a b -3.13589 9 0
0 0 34.3552 0 30.7175 a b -3.13548 9 0
0 0 34.3519 0 30.699 a b -3.13977 9 0
0 0 34.3539 0 30.6717 a b 3.1332 9 0
0 0 34.353 0 30.6382 a b 3.11941 9 0
0 0 34.357 0 30.6008 a b 3.11562 9 0
0 0 34.3537 0 30.5785 a b 3.11784 9 0
0 0 34.343 0 30.5571 a b 3.10724 9 0
0 0 34.3446 0 30.5166 a b 3.09385 9 0
0 0 34.3493 0 30.4762 a b 3.08897 9 0
0 0 34.3512 0 30.4518 a b 3.08283 9 0
0 0 34.3524 0 30.4254 a b 3.07212 9 0
0 0 34.3595 0 30.3874 a b 3.06207 9 0
0 0 34.3734 0 30.3562 a b 3.06658 9 0
0 0 34.3646 0 30.3447 a b 3.07497 9 0
0 0 34.3604 0 30.334 a b 3.07232 9 0
0 0 34.3671 0 30.309 a b 3.07276 9 0
0 0 34.3724 0 30.2938 a b 3.07535 9 0
0 0 34.3786 0 30.2737 a b 3.08049 9 0
0 0 34.3844 0 30.2472 a b 3.08295 9 0
0 0 34.3853 0 30.2197 a b 3.07756 9 0
0 0 34.3899 0 30.1922 a b 3.07922 9 0
0 0 34.3916 0 30.158 a b 3.08442 9 0
0 0 34.3962 0 30.1132 a b 3.08815 9 0
0 0 34.3962 0 30.0671 a b 3.0943 9 0
0 0 34.4027 0 30.0244 a b 3.10095 9 0
0 0 34.4077 0 29.9831 a b 3.10233 9 0
0 0 34.4108 0 29.9401 a b 3.09966 9 0
0 0 34.4121 0 29.8977 a b 3.10205 9 0
0 0 34.413 0 29.8656 a b 3.10987 9 0
0 0 34.418 0 29.8404 a b 3.11153 9 0
0 0 34.4218 0 29.8177 a b 3.10995 9 0
0 0 34.4155 0 29.7991 a b 3.11113 9 0
0 0 34.416 0 29.779 a b 3.12056 9 0
0 0 34.4172 0 29.7647 a b 3.12409 9 0
0 0 34.418 0 29.747 a b 3.12324 9 0
0 0 34.4273 0 29.7253 a b 3.12532 9 0
0 0 34.4315 0 29.7015 a b 3.12535 9 0
0 0 34.43 0 29.6827 a b 3.12627 9 0
0 0 34.4277 0 29.6683 a b 3.13099 9 0
0 0 34.4173 0 29.6505 a b 3.13537 9 0
0 0 34.4181 0 29.6116 a b 3.13683 9 0
0 0 34.422 0 29.571 a b 3.14101 9 0
0 0 34.4317 0 29.5313 a b 3.14159 9 0
0 0 34.4317 0 29.4966 a b 3.14051 9 0
0 0 34.43 0 29.4547 a b -3.14058 9 0
0 0 34.443 0 29.4041 a b -3.14047 9 0
0 0 34.44 0 29.3713 a b -3.14066 9 0
0 0 34.434 0 29.3389 a b -3.13706 9 0
0 0 34.4355 0 29.3079 a b -3.13172 9 0
0 0 34.4381 0 29.2808 a b -3.12733 9 0
0 0 34.4281 0 29.2565 a b -3.12648 9 0
0 0 34.4276 0 29.2301 a b -3.12637 9 0
0 0 34.424 0 29.2193 a b -3.12 9 0
0 0 34.4243 0 29.1954 a b -3.11217 9 0
0 0 34.4256 0 29.1745 a b -3.11147 9 0
0 0 34.4169 0 29.1471 a b -3.1086 9 0
0 0 34.4137 0 29.1245 a b -3.09214 9 0
0 0 34.4212 0 29.1075 a b -3.08949 9 0
0 0 34.4173 0 29.0879 a b -3.08998 9 0
0 0 34.4186 0 29.0599 a b -3.08644 9 0
0 0 34.4218 0 29.0341 a b -3.08101 9 0
0 0 34.4177 0 29.0122 a b -3.07463 9 0
0 0 34.4252 0 28.9797 a b -3.06766 9 0
0 0 34.4265 0 28.9554 a b -3.06626 9 0
0 0 34.421 0 28.9345 a b -3.0642 9 0
0 0 34.4252 0 28.9 a b -3.0612 9 0
0 0 34.4302 0 28.8645 a b -3.05856 9 0
0 0 34.4342 0 28.8307 a b -3.05776 9 0
0 0 34.4365 0 28.7979 a b -3.05908 9 0
0 0 34.4314 0 28.7665 a b -3.05821 9 0
0 0 34.4393 0 28.7225 a b -3.05221 9 0
0 0 34.4455 0 28.6867 a b -3.04932 9 0
0 0 34.4369 0 28.6617 a b -3.04964 9 0
0 0 34.4242 0 28.6338 a b -3.04852 9 0
0 0 34.4276 0 28.5917 a b -3.04986 9 0
0 0 34.4254 0 28.5631 a b -3.04942 9 0
0 0 34.4235 0 28.5291 a b -3.04686 9 0
0 0 34.4136 0 28.5007 a b -3.04169 9 0
0 0 34.4084 0 28.4719 a b -3.03938 9 0
0 0 34.411 0 28.4453 a b -3.03871 9 0
0 0 34.414 0 28.4161 a b -3.03557 9 0
0 0 34.411 0 28.3976 a b -3.03338 9 0
0 0 34.424 0 28.3722 a b -3.03822 9 0
0 0 34.4301 0 28.3469 a b -3.04003 9 0
0 0 34.4147 0 28.33 a b -3.03108 9 0
0 0 34.4 0 28.3016 a b -3.03361 9 0
0 0 34.4093 0 28.2595 a b -3.04647 9 0
0 0 34.4117 0 28.225 a b -3.03911 9 0
0 0 34.4072 0 28.1904 a b -3.0261 9 0
0 0 34.3972 0 28.1569 a b -3.02992 9 0
0 0 34.4004 0 28.1303 a b -3.03515 9 0
0 0 34.3889 0 28.0824 a b -3.0384 9 0
0 0 34.3821 0 28.0352 a b -3.04045 9 0
0 0 34.3777 0 27.9965 a b -3.03027 9 0
0 0 34.3752 0 27.9662 a b -3.02849 9 0
0 0 34.3745 0 27.9284 a b -3.0299 9 0
0 0 34.3738 0 27.8964 a b -3.02884 9 0
0 0 34.3761 0 27.8725 a b -3.02669 9 0
0 0 34.368 0 27.859 a b -3.02434 9 0
0 0 34.366 0 27.8423 a b -3.02384 9 0
0 0 34.3647 0 27.8285 a b -3.02301 9 0
0 0 34.3613 0 27.8104 a b -3.01991 9 0
0 0 34.3622 0 27.7964 a b -3.01741 9 0
0 0 34.3596 0 27.7813 a b -3.01495 9 0
0 0 34.3556 0 27.7633 a b -3.01474 9 0
0 0 34.3559 0 27.7433 a b -3.00952 9 0
0 0 34.3505 0 27.7218 a b -3.00488 9 0
0 0 34.3515 0 27.6957 a b -2.99989 9 0
0 0 34.3476 0 27.6668 a b -2.99591 9 0
0 0 34.3426 0 27.6255 a b -2.99223 9 0
0 0 34.3323 0 27.5891 a b -2.9844 9 0
0 0 34.3324 0 27.5496 a b -2.97944 9 0
0 0 34.3263 0 27.5048 a b -2.97321 9 0
0 0 34.3209 0 27.4561 a b -2.96715 9 0
0 0 34.3227 0 27.4035 a b -2.95914 9 0
0 0 34.3272 0 27.3578 a b -2.95567 9 0
0 0 34.3274 0 27.3088 a b -2.95572 9 0
0 0 34.3256 0 27.283 a b -2.95207 9 0
0 0 34.3197 0 27.2466 a b -2.94991 9 0
0 0 34.3103 0 27.2199 a b -2.9485 9 0
0 0 34.3011 0 27.1946 a b -2.94747 9 0
0 0 34.3007 0 27.1834 a b -2.94924 9 0
0 0 34.3011 0 27.1806 a b -2.96728 9 0
0 0 34.3021 0 27.178 a b -2.98551 9 0
0 0 34.2946 0 27.1859 a b -2.99209 9 0
0 0 34.2851 0 27.1723 a b -2.94586 9 0
