0 0 40.8495 0 61.881 a b -1.59871 10 0
0 0 40.8191 0 61.885 a b -1.59718 10 0
0 0 40.7851 0 61.8836 a b -1.59598 10 0
0 0 40.7493 0 61.8806 a b -1.59476 10 0
0 0 40.7101 0 61.8766 a b -1.59506 10 0
0 0 40.6701 0 61.879 a b -1.59512 10 0
0 0 40.6307 0 61.8801 a b -1.59601 10 0
0 0 40.5859 0 61.8768 a b -1.59812 10 0
0 0 40.5457 0 61.872 a b -1.59835 10 0
0 0 40.5064 0 61.8689 a b -1.60043 10 0
0 0 40.4665 0 61.8648 a b -1.60082 10 0
0 0 40.4355 0 61.8604 a b -1.60248 10 0
0 0 40.3942 0 61.858 a b -1.60392 10 0
0 0 40.3607 0 61.862 a b -1.60492 10 0
0 0 40.3379 0 61.8603 a b -1.60668 10 0
0 0 40.3205 0 61.8602 a b -1.6076 10 0
0 0 40.3022 0 61.8574 a b -1.60852 10 0
0 0 40.2862 0 61.8591 a b -1.60962 10 0
0 0 40.2534 0 61.8506 a b -1.61054 10 0
0 0 40.2389 0 61.8483 a b -1.60554 10 0
0 0 40.2258 0 61.85 a b -1.60313 10 0
0 0 40.2104 0 61.8502 a b -1.60241 10 0
0 0 40.1781 0 61.8466 a b -1.6004 10 0
0 0 40.1492 0 61.8455 a b -1.59507 10 0
0 0 40.1182 0 61.8458 a b -1.59065 10 0
0 0 40.0837 0 61.8499 a b -1.58772 10 0
0 0 40.0418 0 61.8475 a b -1.58359 10 0
0 0 39.9972 0 61.8474 a b -1.57531 10 0
0 0 39.9539 0 61.8448 a b -1.56821 10 0
0 0 39.9118 0 61.8558 a b -1.56506 10 0
0 0 39.8746 0 61.8547 a b -1.5659 10 0
0 0 39.8384 0 61.8516 a b -1.55866 10 0
0 0 39.801 0 61.8545 a b -1.55232 10 0
0 0 39.7702 0 61.8547 a b -1.5519 10 0
0 0 39.7441 0 61.8514 a b -1.55376 10 0
0 0 39.7187 0 61.8474 a b -1.55331 10 0
0 0 39.6993 0 61.8458 a b -1.55018 10 0
0 0 39.679 0 61.8479 a b -1.54845 10 0
0 0 39.6572 0 61.8496 a b -1.54748 10 0
0 0 39.6377 0 61.8508 a b -1.54975 10 0
0 0 39.6165 0 61.8514 a b -1.55254 10 0
0 0 39.594 0 61.8456 a b -1.5551 10 0
0 0 39.5623 0 61.8417 a b -1.55545 10 0
0 0 39.5362 0 61.8444 a b -1.55315 10 0
0 0 39.5049 0 61.848 a b -1.55185 10 0
0 0 39.4733 0 61.8468 a b -1.55125 10 0
0 0 39.4377 0 61.8436 a b -1.55084 10 0
0 0 39.4019 0 61.8475 a b -1.55095 10 0
0 0 39.3739 0 61.8507 a b -1.55114 10 0
0 0 39.3448 0 61.8576 a b -1.54902 10 0
0 0 39.3142 0 61.8565 a b -1.54818 10 0
0 0 39.2846 0 61.8522 a b -1.54987 10 0
0 0 39.2598 0 61.8513 a b -1.55077 10 0
0 0 39.236 0 61.8518 a b -1.54937 10 0
0 0 39.2101 0 61.8508 a b -1.54709 10 0
0 0 39.1809 0 61.8503 a b -1.54737 10 0
0 0 39.1532 0 61.8505 a b -1.54799 10 0
0 0 39.1233 0 61.8508 a b -1.54797 10 0
0 0 39.0934 0 61.8509 a b -1.54545 10 0
0 0 39.0599 0 61.8499 a b -1.54338 10 0
0 0 39.028 0 61.8496 a b -1.54444 10 0
0 0 38.9914 0 61.8515 a b -1.54578 10 0
0 0 38.9606 0 61.8525 a b -1.54309 10 0
0 0 38.9211 0 61.8479 a b -1.54247 10 0
0 0 38.8804 0 61.8515 a b -1.54574 10 0
0 0 38.8467 0 61.8627 a b -1.54231 10 0
0 0 38.8248 0 61.8675 a b -1.5341 10 0
0 0 38.8017 0 61.8654 a b -1.53054 10 0
0 0 38.7794 0 61.858 a b -1.5333 10 0
0 0 38.7598 0 61.8554 a b -1.53896 10 0
0 0 38.7407 0 61.8562 a b -1.54154 10 0
0 0 38.7213 0 61.8579 a b -1.53823 10 0
0 0 38.6973 0 61.8581 a b -1.53496 10 0
0 0 38.6678 0 61.8577 a b -1.535 10 0
0 0 38.6391 0 61.8557 a b -1.53534 10 0
0 0 38.6058 0 61.8554 a b -1.53696 10 0
0 0 38.5718 0 61.8562 a b -1.53757 10 0
0 0 38.5382 0 61.8561 a b -1.53661 10 0
0 0 38.5001 0 61.8583 a b -1.53644 10 0
0 0 38.4619 0 61.8605 a b -1.53804 10 0
0 0 38.4249 0 61.8632 a b -1.53552 10 0
0 0 38.3899 0 61.8614 a b -1.53378 10 0
0 0 38.3516 0 61.8631 a b -1.53586 10 0
0 0 38.321 0 61.8718 a b -1.53198 10 0
0 0 38.2989 0 61.8743 a b -1.52445 10 0
0 0 38.2717 0 61.8709 a b -1.52066 10 0
0 0 38.2491 0 61.8606 a b -1.52528 10 0
0 0 38.2317 0 61.8595 a b -1.53409 10 0
0 0 38.2096 0 61.8658 a b -1.54081 10 0
0 0 38.1897 0 61.8726 a b -1.5359 10 0
0 0 38.1694 0 61.8715 a b -1.53019 10 0
0 0 38.1427 0 61.8658 a b -1.52964 10 0
0 0 38.1139 0 61.8657 a b -1.53274 10 0
0 0 38.0833 0 61.8661 a b -1.53621 10 0
0 0 38.0511 0 61.8667 a b -1.53452 10 0
0 0 38.0164 0 61.8678 a b -1.53126 10 0
0 0 37.9807 0 61.8688 a b -1.53233 10 0
0 0 37.9421 0 61.8703 a b -1.53409 10 0
0 0 37.9061 0 61.8713 a b -1.53266 10 0
0 0 37.8625 0 61.8683 a b -1.53027 10 0
0 0 37.8314 0 61.8707 a b -1.52348 10 0
0 0 37.8129 0 61.8735 a b -1.52508 10 0
0 0 37.7959 0 61.8726 a b -1.53185 10 0
0 0 37.7749 0 61.8706 a b -1.53737 10 0
0 0 37.7503 0 61.8733 a b -1.5361 10 0
0 0 37.7307 0 61.8738 a b -1.53419 10 0
0 0 37.7106 0 61.8755 a b -1.53412 10 0
0 0 37.6853 0 61.8768 a b -1.53427 10 0
0 0 37.6545 0 61.8746 a b -1.53317 10 0
0 0 37.6238 0 61.8746 a b -1.53299 10 0
0 0 37.5952 0 61.8741 a b -1.53443 10 0
0 0 37.5552 0 61.8754 a b -1.53582 10 0
0 0 37.5188 0 61.8794 a b -1.53417 10 0
0 0 37.4849 0 61.8827 a b -1.53233 10 0
0 0 37.4521 0 61.8833 a b -1.53134 10 0
0 0 37.4115 0 61.8829 a b -1.53033 10 0
0 0 37.3629 0 61.8806 a b -1.52737 10 0
0 0 37.335 0 61.8822 a b -1.52541 10 0
0 0 37.3094 0 61.8816 a b -1.52986 10 0
0 0 37.2812 0 61.8811 a b -1.53446 10 0
0 0 37.2598 0 61.8804 a b -1.53401 10 0
0 0 37.2409 0 61.884 a b -1.53371 10 0
0 0 37.2228 0 61.8858 a b -1.53625 10 0
0 0 37.203 0 61.8858 a b -1.53702 10 0
0 0 37.1844 0 61.8846 a b -1.53679 10 0
0 0 37.1594 0 61.8831 a b -1.53738 10 0
0 0 37.1333 0 61.88 a b -1.53791 10 0
0 0 37.1055 0 61.882 a b -1.53791 10 0
0 0 37.0757 0 61.8864 a b -1.53807 10 0
0 0 37.0415 0 61.8876 a b -1.54121 10 0
0 0 37.0053 0 61.8859 a b -1.54439 10 0
0 0 36.9686 0 61.8862 a b -1.54216 10 0
0 0 36.9389 0 61.8891 a b -1.54149 10 0
0 0 36.9019 0 61.8872 a b -1.54168 10 0
0 0 36.8655 0 61.887 a b -1.53883 10 0
0 0 36.8271 0 61.8882 a b -1.54127 10 0
0 0 36.7932 0 61.885 a b -1.54381 10 0
0 0 36.7642 0 61.8849 a b -1.54275 10 0
0 0 36.7407 0 61.8885 a b -1.54308 10 0
0 0 36.7205 0 61.888 a b -1.54657 10 0
0 0 36.6968 0 61.8911 a b -1.55102 10 0
0 0 36.6757 0 61.8885 a b -1.55061 10 0
0 0 36.6552 0 61.8906 a b -1.54996 10 0
0 0 36.6314 0 61.8918 a b -1.5504 10 0
0 0 36.6075 0 61.8905 a b -1.55039 10 0
0 0 36.5774 0 61.8906 a b -1.55213 10 0
0 0 36.5495 0 61.8918 a b -1.55375 10 0
0 0 36.5145 0 61.8964 a b -1.55542 10 0
0 0 36.4774 0 61.8982 a b -1.55552 10 0
0 0 36.4444 0 61.8992 a b -1.55607 10 0
0 0 36.411 0 61.8965 a b -1.55758 10 0
0 0 36.3808 0 61.8878 a b -1.55422 10 0
0 0 36.3449 0 61.8893 a b -1.55086 10 0
0 0 36.3122 0 61.8947 a b -1.55713 10 0
0 0 36.2871 0 61.889 a b -1.55824 10 0
0 0 36.2601 0 61.8863 a b -1.55583 10 0
0 0 36.2334 0 61.8939 a b -1.55851 10 0
0 0 36.2106 0 61.8942 a b -1.56273 10 0
0 0 36.1854 0 61.8897 a b -1.56241 10 0
0 0 36.1617 0 61.8874 a b -1.56339 10 0
0 0 36.1343 0 61.8902 a b -1.56447 10 0
0 0 36.1064 0 61.8919 a b -1.565 10 0
0 0 36.0777 0 61.8907 a b -1.56501 10 0
0 0 36.0473 0 61.891 a b -1.56611 10 0
0 0 36.0154 0 61.8935 a b -1.56743 10 0
0 0 35.9829 0 61.8921 a b -1.56836 10 0
0 0 35.9519 0 61.8909 a b -1.56778 10 0
0 0 35.9135 0 61.8892 a b -1.56922 10 0
0 0 35.8846 0 61.8915 a b -1.5707 10 0
0 0 35.8464 0 61.8919 a b -1.5673 10 0
0 0 35.815 0 61.8857 a b -1.56843 10 0
0 0 35.7867 0 61.8825 a b -1.56985 10 0
0 0 35.761 0 61.8835 a b -1.57251 10 0
0 0 35.7377 0 61.8859 a b -1.5718 10 0
0 0 35.7117 0 61.8859 a b -1.57216 10 0
0 0 35.6878 0 61.8824 a b -1.57267 10 0
0 0 35.6647 0 61.882 a b -1.57299 10 0
0 0 35.6383 0 61.8821 a b -1.57347 10 0
0 0 35.6124 0 61.8819 a b -1.5751 10 0
0 0 35.5855 0 61.882 a b -1.5759 10 0
0 0 35.5568 0 61.8843 a b -1.57716 10 0
0 0 35.5252 0 61.881 a b -1.57676 10 0
0 0 35.4913 0 61.8798 a b -1.57637 10 0
0 0 35.457 0 61.8789 a b -1.57795 10 0
0 0 35.4246 0 61.881 a b -1.58018 10 0
0 0 35.3933 0 61.8817 a b -1.57932 10 0
0 0 35.3612 0 61.8782 a b -1.57291 10 0
0 0 35.323 0 61.864 a b -1.573 10 0
0 0 35.2921 0 61.8606 a b -1.58349 10 0
0 0 35.2684 0 61.8733 a b -1.58286 10 0
0 0 35.2417 0 61.8687 a b -1.57862 10 0
0 0 35.2154 0 61.8621 a b -1.58196 10 0
0 0 35.189 0 61.8655 a b -1.58551 10 0
0 0 35.1632 0 61.8663 a b -1.58276 10 0
0 0 35.1369 0 61.8596 a b -1.58339 10 0
0 0 35.1096 0 61.8607 a b -1.58664 10 0
0 0 35.0798 0 61.8667 a b -1.58703 10 0
0 0 35.0513 0 61.8634 a b -1.58495 10 0
0 0 35.0214 0 61.8603 a b -1.58575 10 0
0 0 34.9899 0 61.8599 a b -1.58778 10 0
0 0 34.9537 0 61.8601 a b -1.58889 10 0
0 0 34.9177 0 61.8609 a b -1.58929 10 0
0 0 34.8843 0 61.8711 a b -1.58869 10 0
0 0 34.8621 0 61.8699 a b -1.5831 10 0
0 0 34.8295 0 61.8568 a b -1.5803 10 0
0 0 34.7979 0 61.8506 a b -1.58532 10 0
0 0 34.7734 0 61.8574 a b -1.58597 10 0
0 0 34.7534 0 61.8598 a b -1.5859 10 0
0 0 34.7423 0 61.8657 a b -1.58705 10 0
