0 0 40.8653 0 61.8596 a b 1.50997 11 0
0 0 40.8763 0 61.8544 a b 1.506 11 0
0 0 40.8975 0 61.8489 a b 1.50777 11 0
0 0 40.9284 0 61.8522 a b 1.5153 11 0
0 0 40.9715 0 61.8603 a b 1.51996 11 0
0 0 41.0042 0 61.867 a b 1.52171 11 0
0 0 41.0314 0 61.8693 a b 1.52317 11 0
0 0 41.0527 0 61.8687 a b 1.5248 11 0
0 0 41.0688 0 61.8685 a b 1.52557 11 0
0 0 41.0897 0 61.8652 a b 1.52856 11 0
0 0 41.1083 0 61.8678 a b 1.5328 11 0
0 0 41.1283 0 61.8704 a b 1.53481 11 0
0 0 41.1445 0 61.8732 a b 1.53395 11 0
0 0 41.1658 0 61.8748 a b 1.53247 11 0
0 0 41.1941 0 61.8752 a b 1.53248 11 0
0 0 41.2349 0 61.8783 a b 1.53604 11 0
0 0 41.2732 0 61.8838 a b 1.53844 11 0
0 0 41.3098 0 61.8864 a b 1.53922 11 0
0 0 41.3503 0 61.8877 a b 1.5403 11 0
0 0 41.3916 0 61.894 a b 1.54087 11 0
0 0 41.4304 0 61.8956 a b 1.54073 11 0
0 0 41.4689 0 61.8991 a b 1.54209 11 0
0 0 41.5047 0 61.9032 a b 1.54309 11 0
0 0 41.5371 0 61.9054 a b 1.544 11 0
0 0 41.5639 0 61.9046 a b 1.54489 11 0
0 0 41.5905 0 61.9049 a b 1.54826 11 0
0 0 41.6157 0 61.9062 a b 1.5501 11 0
0 0 41.6331 0 61.9062 a b 1.55064 11 0
0 0 41.6529 0 61.9104 a b 1.55374 11 0
0 0 41.6691 0 61.9141 a b 1.55458 11 0
0 0 41.6831 0 61.9125 a b 1.55286 11 0
0 0 41.6981 0 61.9134 a b 1.55573 11 0
0 0 41.7293 0 61.9149 a b 1.55953 11 0
0 0 41.7646 0 61.9144 a b 1.56133 11 0
0 0 41.801 0 61.9159 a b 1.56281 11 0
0 0 41.8347 0 61.9151 a b 1.56791 11 0
0 0 41.8738 0 61.9111 a b 1.57207 11 0
0 0 41.913 0 61.9132 a b 1.57428 11 0
0 0 41.9481 0 61.9142 a b 1.57392 11 0
0 0 41.9796 0 61.9171 a b 1.57495 11 0
0 0 42.0096 0 61.9138 a b 1.58025 11 0
0 0 42.0376 0 61.9135 a b 1.5838 11 0
0 0 42.0681 0 61.9145 a b 1.58396 11 0
0 0 42.0904 0 61.9137 a b 1.58489 11 0
0 0 42.1138 0 61.9176 a b 1.58629 11 0
0 0 42.1344 0 61.9175 a b 1.58835 11 0
0 0 42.1574 0 61.9152 a b 1.59095 11 0
0 0 42.1782 0 61.9118 a b 1.59132 11 0
0 0 42.2067 0 61.9136 a b 1.59461 11 0
0 0 42.2466 0 61.9098 a b 1.59878 11 0
0 0 42.2823 0 61.9048 a b 1.603 11 0
0 0 42.3135 0 61.9047 a b 1.60685 11 0
0 0 42.3457 0 61.9046 a b 1.60789 11 0
0 0 42.382 0 61.9084 a b 1.61186 11 0
0 0 42.4169 0 61.9085 a b 1.61638 11 0
0 0 42.4447 0 61.9107 a b 1.62033 11 0
0 0 42.4728 0 61.9114 a b 1.62196 11 0
0 0 42.5022 0 61.9157 a b 1.62361 11 0
0 0 42.5316 0 61.9113 a b 1.62878 11 0
0 0 42.5554 0 61.9076 a b 1.63047 11 0
0 0 42.5798 0 61.9071 a b 1.62917 11 0
0 0 42.6072 0 61.912 a b 1.63308 11 0
0 0 42.6328 0 61.9189 a b 1.63854 11 0
0 0 42.6488 0 61.9178 a b 1.64248 11 0
0 0 42.674 0 61.9152 a b 1.64199 11 0
0 0 42.7017 0 61.9084 a b 1.6394 11 0
0 0 42.7376 0 61.9062 a b 1.63967 11 0
0 0 42.7706 0 61.9058 a b 1.64274 11 0
0 0 42.806 0 61.9039 a b 1.64752 11 0
0 0 42.8387 0 61.8994 a b 1.6475 11 0
0 0 42.8724 0 61.9026 a b 1.64819 11 0
0 0 42.8993 0 61.9049 a b 1.64916 11 0
0 0 42.928 0 61.9024 a b 1.65075 11 0
0 0 42.958 0 61.8999 a b 1.65163 11 0
0 0 42.9853 0 61.8973 a b 1.65168 11 0
0 0 43.0028 0 61.8972 a b 1.64935 11 0
0 0 43.0239 0 61.8968 a b 1.64721 11 0
0 0 43.0521 0 61.9038 a b 1.65159 11 0
0 0 43.0741 0 61.9054 a b 1.65552 11 0
0 0 43.0893 0 61.902 a b 1.66047 11 0
0 0 43.1086 0 61.8984 a b 1.65873 11 0
0 0 43.1416 0 61.8954 a b 1.65706 11 0
0 0 43.183 0 61.8904 a b 1.65903 11 0
0 0 43.2215 0 61.8785 a b 1.66342 11 0
0 0 43.2537 0 61.878 a b 1.6605 11 0
0 0 43.2889 0 61.8824 a b 1.66274 11 0
0 0 43.3207 0 61.8791 a b 1.66616 11 0
0 0 43.3494 0 61.878 a b 1.66463 11 0
0 0 43.3825 0 61.879 a b 1.66068 11 0
0 0 43.4179 0 61.8793 a b 1.65849 11 0
0 0 43.4479 0 61.8784 a b 1.66047 11 0
0 0 43.4737 0 61.8705 a b 1.66573 11 0
0 0 43.4967 0 61.8624 a b 1.66897 11 0
0 0 43.5156 0 61.8632 a b 1.66415 11 0
0 0 43.5455 0 61.8692 a b 1.65688 11 0
0 0 43.5671 0 61.8747 a b 1.6592 11 0
0 0 43.5871 0 61.878 a b 1.66467 11 0
0 0 43.6119 0 61.8772 a b 1.6615 11 0
0 0 43.6477 0 61.8675 a b 1.65317 11 0
0 0 43.6797 0 61.8582 a b 1.65423 11 0
0 0 43.7242 0 61.8555 a b 1.65689 11 0
0 0 43.7575 0 61.847 a b 1.65703 11 0
0 0 43.7914 0 61.8414 a b 1.65491 11 0
0 0 43.8256 0 61.8383 a b 1.65336 11 0
0 0 43.8615 0 61.8362 a b 1.65106 11 0
0 0 43.8899 0 61.8376 a b 1.64938 11 0
0 0 43.9191 0 61.8417 a b 1.64781 11 0
0 0 43.9498 0 61.8434 a b 1.64652 11 0
0 0 43.9784 0 61.8426 a b 1.64169 11 0
0 0 44.0048 0 61.8395 a b 1.63983 11 0
0 0 44.0306 0 61.8384 a b 1.64166 11 0
0 0 44.0561 0 61.8376 a b 1.6425 11 0
0 0 44.0805 0 61.8378 a b 1.63841 11 0
0 0 44.1044 0 61.8404 a b 1.62895 11 0
0 0 44.1303 0 61.8413 a b 1.61878 11 0
0 0 44.1617 0 61.8493 a b 1.60709 11 0
0 0 44.1899 0 61.8562 a b 1.59252 11 0
0 0 44.2209 0 61.8563 a b 1.57917 11 0
0 0 44.2478 0 61.8527 a b 1.5674 11 0
0 0 44.2811 0 61.8522 a b 1.55493 11 0
0 0 44.3114 0 61.8486 a b 1.54696 11 0
0 0 44.3389 0 61.8492 a b 1.54424 11 0
0 0 44.3741 0 61.8531 a b 1.54328 11 0
0 0 44.4097 0 61.855 a b 1.54047 11 0
0 0 44.4365 0 61.8536 a b 1.53959 11 0
0 0 44.4595 0 61.8543 a b 1.53952 11 0
0 0 44.4884 0 61.8575 a b 1.54106 11 0
0 0 44.5131 0 61.8589 a b 1.54024 11 0
0 0 44.538 0 61.8601 a b 1.54148 11 0
0 0 44.5598 0 61.8592 a b 1.54479 11 0
0 0 44.5844 0 61.8617 a b 1.54938 11 0
0 0 44.6122 0 61.8648 a b 1.54955 11 0
0 0 44.6368 0 61.8648 a b 1.54635 11 0
0 0 44.6599 0 61.8677 a b 1.54438 11 0
0 0 44.6829 0 61.8699 a b 1.54857 11 0
0 0 44.7151 0 61.8754 a b 1.55128 11 0
0 0 44.7463 0 61.8803 a b 1.54792 11 0
0 0 44.7766 0 61.881 a b 1.54536 11 0
0 0 44.8092 0 61.8808 a b 1.5463 11 0
0 0 44.8396 0 61.8807 a b 1.54944 11 0
0 0 44.8738 0 61.8829 a b 1.55168 11 0
0 0 44.9082 0 61.8832 a b 1.55124 11 0
0 0 44.9382 0 61.8871 a b 1.54744 11 0
0 0 44.962 0 61.886 a b 1.54682 11 0
0 0 44.9893 0 61.889 a b 1.54908 11 0
0 0 45.0144 0 61.8882 a b 1.55147 11 0
0 0 45.0419 0 61.89 a b 1.55248 11 0
0 0 45.0661 0 61.8938 a b 1.55329 11 0
0 0 45.0871 0 61.8942 a b 1.55569 11 0
0 0 45.1117 0 61.8982 a b 1.55948 11 0
0 0 45.1383 0 61.8983 a b 1.55752 11 0
0 0 45.1634 0 61.8967 a b 1.55473 11 0
0 0 45.1934 0 61.9025 a b 1.55187 11 0
0 0 45.2279 0 61.9033 a b 1.55269 11 0
0 0 45.2557 0 61.9014 a b 1.55488 11 0
0 0 45.2923 0 61.9042 a b 1.55645 11 0
0 0 45.328 0 61.9087 a b 1.55869 11 0
0 0 45.36 0 61.9102 a b 1.56029 11 0
0 0 45.3933 0 61.9123 a b 1.56046 11 0
0 0 45.4242 0 61.9192 a b 1.55978 11 0
0 0 45.4572 0 61.9181 a b 1.56091 11 0
0 0 45.4895 0 61.9171 a b 1.56328 11 0
0 0 45.5167 0 61.9186 a b 1.56516 11 0
0 0 45.5472 0 61.9185 a b 1.56464 11 0
0 0 45.5763 0 61.9206 a b 1.56341 11 0
0 0 45.6002 0 61.9212 a b 1.56456 11 0
0 0 45.6268 0 61.9253 a b 1.56622 11 0
0 0 45.6549 0 61.9263 a b 1.56849 11 0
0 0 45.6816 0 61.9266 a b 1.56721 11 0
0 0 45.7097 0 61.9263 a b 1.56743 11 0
0 0 45.7404 0 61.9261 a b 1.57098 11 0
0 0 45.7778 0 61.9259 a b 1.57299 11 0
0 0 45.8095 0 61.9279 a b 1.57476 11 0
0 0 45.8374 0 61.9287 a b 1.5757 11 0
0 0 45.8669 0 61.9331 a b 1.57597 11 0
0 0 45.8927 0 61.9311 a b 1.5775 11 0
0 0 45.9178 0 61.9278 a b 1.57836 11 0
0 0 45.9434 0 61.9269 a b 1.58116 11 0
0 0 45.9609 0 61.9282 a b 1.58428 11 0
0 0 45.9834 0 61.9315 a b 1.58345 11 0
0 0 46.0062 0 61.9376 a b 1.582 11 0
0 0 46.0347 0 61.9408 a b 1.58308 11 0
0 0 46.0574 0 61.9394 a b 1.58425 11 0
0 0 46.0892 0 61.9344 a b 1.58643 11 0
0 0 46.1266 0 61.9377 a b 1.5841 11 0
0 0 46.1587 0 61.943 a b 1.58905 11 0
0 0 46.2009 0 61.9391 a b 1.58748 11 0
0 0 46.249 0 61.9384 a b 1.58479 11 0
0 0 46.2925 0 61.9348 a b 1.58372 11 0
0 0 46.3357 0 61.9381 a b 1.58015 11 0
0 0 46.3753 0 61.9437 a b 1.57799 11 0
0 0 46.4116 0 61.9438 a b 1.578 11 0
0 0 46.4371 0 61.9444 a b 1.57883 11 0
0 0 46.4544 0 61.9474 a b 1.58137 11 0
0 0 46.4724 0 61.9427 a b 1.58185 11 0
0 0 46.4746 0 61.9532 a b 1.57462 11 0
