0 0 54.2804 0 27.3578 a b 0.0519956 12 0
0 0 54.2943 0 27.361 a b 0.00882113 12 0
0 0 54.3075 0 27.3622 a b -0.000396165 12 0
0 0 54.3127 0 27.366 a b 0.0176132 12 0
0 0 54.3037 0 27.3603 a b 0.0301512 12 0
0 0 54.3066 0 27.3706 a b 0.0306312 12 0
0 0 54.3078 0 27.3835 a b 0.0298531 12 0
0 0 54.3098 0 27.4009 a b 0.028821 12 0
0 0 54.3076 0 27.4247 a b 0.0276166 12 0
0 0 54.3056 0 27.4523 a b 0.0243969 12 0
0 0 54.306 0 27.4915 a b 0.0233647 12 0
0 0 54.306 0 27.5381 a b 0.0240976 12 0
0 0 54.3022 0 27.5806 a b 0.0263586 12 0
0 0 54.3085 0 27.6215 a b 0.0291804 12 0
0 0 54.3101 0 27.6674 a b 0.0275711 12 0
0 0 54.3042 0 27.709 a b 0.0263203 12 0
0 0 54.3034 0 27.7497 a b 0.0251248 12 0
0 0 54.3017 0 27.7896 a b 0.025632 12 0
0 0 54.3025 0 27.8281 a b 0.0265001 12 0
0 0 54.3008 0 27.8634 a b 0.0260029 12 0
0 0 54.2974 0 27.8938 a b 0.0261208 12 0
0 0 54.2971 0 27.9197 a b 0.0315203 12 0
0 0 54.3008 0 27.9381 a b 0.0374096 12 0
0 0 54.3027 0 27.9636 a b 0.0411202 12 0
0 0 54.3066 0 27.9849 a b 0.0439085 12 0
0 0 54.304 0 27.9996 a b 0.0474341 12 0
0 0 54.3064 0 28.0175 a b 0.0519919 12 0
0 0 54.3093 0 28.0358 a b 0.0552547 12 0
0 0 54.3117 0 28.0514 a b 0.0557295 12 0
0 0 54.3091 0 28.0663 a b 0.0577064 12 0
0 0 54.3077 0 28.0873 a b 0.058712 12 0
0 0 54.3089 0 28.1114 a b 0.0588734 12 0
0 0 54.3155 0 28.1408 a b 0.0566074 12 0
0 0 54.3187 0 28.1617 a b 0.0565595 12 0
0 0 54.3195 0 28.1921 a b 0.0617977 12 0
0 0 54.3202 0 28.2274 a b 0.0654755 12 0
0 0 54.3245 0 28.268 a b 0.0629949 12 0
0 0 54.3303 0 28.3075 a b 0.0626701 12 0
0 0 54.3341 0 28.3439 a b 0.0641886 12 0
0 0 54.3401 0 28.3861 a b 0.066219 12 0
0 0 54.3418 0 28.4227 a b 0.0676865 12 0
0 0 54.3445 0 28.4622 a b 0.0692785 12 0
0 0 54.3416 0 28.5142 a b 0.0668572 12 0
0 0 54.3371 0 28.5536 a b 0.0631801 12 0
0 0 54.343 0 28.5845 a b 0.0763387 12 0
0 0 54.3396 0 28.6189 a b 0.0889397 12 0
0 0 54.3381 0 28.6593 a b 0.0865471 12 0
0 0 54.3318 0 28.6863 a b 0.0722093 12 0
0 0 54.3328 0 28.7059 a b 0.0642779 12 0
0 0 54.3324 0 28.722 a b 0.0734267 12 0
0 0 54.3452 0 28.7413 a b 0.0900007 12 0
0 0 54.3332 0 28.7619 a b 0.0925128 12 0
0 0 54.3293 0 28.7817 a b 0.074825 12 0
0 0 54.3334 0 28.803 a b 0.0610634 12 0
0 0 54.3438 0 28.826 a b 0.0692468 12 0
0 0 54.3587 0 28.8394 a b 0.0774427 12 0
0 0 54.3545 0 28.8659 a b 0.0851276 12 0
0 0 54.3497 0 28.8882 a b 0.0819497 12 0
0 0 54.3519 0 28.922 a b 0.0838314 12 0
0 0 54.3495 0 28.9609 a b 0.0973759 12 0
0 0 54.3503 0 28.9889 a b 0.107865 12 0
0 0 54.3512 0 29.0278 a b 0.102546 12 0
0 0 54.3584 0 29.0703 a b 0.109525 12 0
0 0 54.3746 0 29.1077 a b 0.120161 12 0
0 0 54.3718 0 29.1365 a b 0.126201 12 0
0 0 54.3586 0 29.1632 a b 0.126277 12 0
0 0 54.3662 0 29.1905 a b 0.133736 12 0
0 0 54.3668 0 29.216 a b 0.147268 12 0
0 0 54.3601 0 29.2378 a b 0.146806 12 0
0 0 54.3546 0 29.2629 a b 0.136127 12 0
0 0 54.3711 0 29.2946 a b 0.135843 12 0
0 0 54.3761 0 29.3125 a b 0.14527 12 0
0 0 54.3736 0 29.326 a b 0.149343 12 0
0 0 54.3733 0 29.3445 a b 0.150461 12 0
0 0 54.3659 0 29.368 a b 0.14543 12 0
0 0 54.3742 0 29.4019 a b 0.144751 12 0
0 0 54.3873 0 29.4267 a b 0.154101 12 0
0 0 54.3813 0 29.4597 a b 0.165313 12 0
0 0 54.3717 0 29.4852 a b 0.160233 12 0
0 0 54.3728 0 29.5161 a b 0.151954 12 0
0 0 54.3843 0 29.5479 a b 0.155197 12 0
0 0 54.3874 0 29.5707 a b 0.163739 12 0
0 0 54.3859 0 29.5997 a b 0.163851 12 0
0 0 54.3838 0 29.6345 a b 0.160237 12 0
0 0 54.3935 0 29.6733 a b 0.168005 12 0
0 0 54.3915 0 29.7024 a b 0.176544 12 0
0 0 54.391 0 29.7355 a b 0.166823 12 0
0 0 54.4002 0 29.7795 a b 0.167145 12 0
0 0 54.4099 0 29.8114 a b 0.175999 12 0
0 0 54.4144 0 29.8347 a b 0.175456 12 0
0 0 54.4145 0 29.8654 a b 0.173434 12 0
0 0 54.4165 0 29.8987 a b 0.178212 12 0
0 0 54.4199 0 29.9189 a b 0.180616 12 0
0 0 54.4216 0 29.9418 a b 0.177085 12 0
0 0 54.4283 0 29.9661 a b 0.172958 12 0
0 0 54.4339 0 29.9954 a b 0.175254 12 0
0 0 54.4365 0 30.0161 a b 0.177868 12 0
0 0 54.4373 0 30.0371 a b 0.174371 12 0
0 0 54.4394 0 30.0668 a b 0.174383 12 0
0 0 54.4443 0 30.0914 a b 0.170531 12 0
0 0 54.4497 0 30.1203 a b 0.164507 12 0
0 0 54.4498 0 30.1521 a b 0.162865 12 0
0 0 54.4502 0 30.1835 a b 0.161112 12 0
0 0 54.4494 0 30.2159 a b 0.146368 12 0
0 0 54.4575 0 30.2541 a b 0.139232 12 0
0 0 54.4653 0 30.2848 a b 0.138612 12 0
0 0 54.4664 0 30.3167 a b 0.134043 12 0
0 0 54.4686 0 30.3484 a b 0.127303 12 0
0 0 54.4689 0 30.3768 a b 0.12432 12 0
0 0 54.4694 0 30.3993 a b 0.127172 12 0
0 0 54.4718 0 30.4137 a b 0.124048 12 0
0 0 54.4733 0 30.4298 a b 0.111711 12 0
0 0 54.4745 0 30.4503 a b 0.0976087 12 0
0 0 54.4744 0 30.4734 a b 0.0905007 12 0
0 0 54.476 0 30.4932 a b 0.0821982 12 0
0 0 54.475 0 30.5183 a b 0.072455 12 0
0 0 54.4788 0 30.5462 a b 0.0645858 12 0
0 0 54.4826 0 30.5735 a b 0.0526027 12 0
0 0 54.4811 0 30.6056 a b 0.0401963 12 0
0 0 54.4829 0 30.6373 a b 0.0307661 12 0
0 0 54.4756 0 30.6677 a b 0.0135588 12 0
0 0 54.4726 0 30.7047 a b 0.00630611 12 0
0 0 54.471 0 30.7359 a b 0.00189941 12 0
0 0 54.4711 0 30.7721 a b -0.00684449 12 0
0 0 54.4679 0 30.8024 a b -0.0187274 12 0
0 0 54.4606 0 30.8371 a b -0.0200547 12 0
0 0 54.4686 0 30.8584 a b -0.0215322 12 0
0 0 54.466 0 30.8795 a b -0.0309905 12 0
0 0 54.4624 0 30.9055 a b -0.0318125 12 0
0 0 54.4643 0 30.926 a b -0.0296303 12 0
0 0 54.4653 0 30.9505 a b -0.0339931 12 0
0 0 54.4639 0 30.9767 a b -0.0367268 12 0
0 0 54.4627 0 31.0041 a b -0.0399969 12 0
0 0 54.4572 0 31.0369 a b -0.0430148 12 0
0 0 54.4576 0 31.067 a b -0.044263 12 0
0 0 54.4531 0 31.1003 a b -0.0389441 12 0
0 0 54.4555 0 31.1329 a b -0.0321311 12 0
0 0 54.4573 0 31.1623 a b -0.0264624 12 0
0 0 54.4579 0 31.1914 a b -0.0186537 12 0
0 0 54.4562 0 31.2171 a b -0.0108932 12 0
0 0 54.4574 0 31.2476 a b -0.00613228 12 0
0 0 54.4534 0 31.2799 a b -0.00798651 12 0
0 0 54.4529 0 31.3098 a b -0.00907476 12 0
0 0 54.4584 0 31.3329 a b -0.00596466 12 0
0 0 54.4571 0 31.3557 a b -0.000754761 12 0
0 0 54.4623 0 31.3879 a b -0.00110304 12 0
0 0 54.4608 0 31.4104 a b -0.00751491 12 0
0 0 54.4555 0 31.4232 a b -0.00283312 12 0
0 0 54.4529 0 31.4515 a b 0.00740233 12 0
0 0 54.4595 0 31.4878 a b 0.0101764 12 0
0 0 54.4587 0 31.5231 a b 0.0051299 12 0
0 0 54.4576 0 31.5527 a b -0.00241096 12 0
0 0 54.4559 0 31.5764 a b -0.00726819 12 0
0 0 54.4541 0 31.602 a b -0.00491744 12 0
0 0 54.457 0 31.6367 a b -0.00174953 12 0
0 0 54.4597 0 31.6694 a b -0.00332181 12 0
0 0 54.4557 0 31.6997 a b -0.00290124 12 0
0 0 54.4527 0 31.732 a b -0.00197496 12 0
0 0 54.4508 0 31.7647 a b -0.00419189 12 0
0 0 54.4512 0 31.7996 a b -0.0112293 12 0
0 0 54.452 0 31.8126 a b -0.0135851 12 0
0 0 54.4505 0 31.8288 a b -0.00482548 12 0
0 0 54.453 0 31.8648 a b 0.000429026 12 0
0 0 54.4511 0 31.9019 a b -0.00364422 12 0
0 0 54.4531 0 31.9343 a b -0.018131 12 0
0 0 54.4417 0 31.9665 a b -0.00325334 12 0
0 0 54.4382 0 32.0108 a b 0.000256867 12 0
0 0 54.4339 0 32.0557 a b -0.00482873 12 0
0 0 54.4326 0 32.0975 a b -0.0166522 12 0
0 0 54.4292 0 32.1216 a b -0.0191365 12 0
0 0 54.427 0 32.1556 a b -0.0156396 12 0
0 0 54.4301 0 32.1983 a b -0.0186402 12 0
0 0 54.4379 0 32.2327 a b -0.019758 12 0
0 0 54.4456 0 32.2601 a b -0.0184469 12 0
0 0 54.4498 0 32.2912 a b -0.0135107 12 0
0 0 54.4493 0 32.3202 a b -0.0097356 12 0
0 0 54.4457 0 32.3438 a b -0.0121002 12 0
0 0 54.4441 0 32.3651 a b -0.0135335 12 0
0 0 54.4375 0 32.3852 a b -0.00935236 12 0
0 0 54.4312 0 32.4105 a b -0.0106214 12 0
0 0 54.4228 0 32.4329 a b -0.0154329 12 0
0 0 54.4251 0 32.4601 a b -0.0177253 12 0
0 0 54.4239 0 32.49 a b -0.0128895 12 0
0 0 54.4236 0 32.5185 a b -0.00922043 12 0
0 0 54.4148 0 32.5502 a b -0.0130023 12 0
0 0 54.4131 0 32.5871 a b -0.0252189 12 0
0 0 54.4231 0 32.6253 a b -0.0244157 12 0
0 0 54.4281 0 32.6612 a b -0.0138072 12 0
0 0 54.4282 0 32.6921 a b -0.0131086 12 0
0 0 54.4271 0 32.7229 a b -0.0208389 12 0
0 0 54.4304 0 32.7522 a b -0.0290348 12 0
0 0 54.4374 0 32.7848 a b -0.0271279 12 0
0 0 54.4392 0 32.8073 a b -0.0181576 12 0
0 0 54.4322 0 32.8279 a b -0.0157484 12 0
0 0 54.4321 0 32.8523 a b -0.0190077 12 0
0 0 54.4286 0 32.8737 a b -0.0166984 12 0
0 0 54.4179 0 32.8942 a b -0.019111 12 0
0 0 54.4162 0 32.9199 a b -0.0263351 12 0
0 0 54.4225 0 32.9549 a b -0.0258234 12 0
0 0 54.4201 0 32.9841 a b -0.0195813 12 0
0 0 54.4138 0 33.0067 a b -0.0203412 12 0
0 0 54.4098 0 33.0431 a b -0.0281195 12 0
0 0 54.4125 0 33.0828 a b -0.0298367 12 0
0 0 54.414 0 33.1195 a b -0.0271377 12 0
0 0 54.4137 0 33.154 a b -0.0251803 12 0
0 0 54.4146 0 33.1931 a b -0.0231735 12 0
0 0 54.4103 0 33.2234 a b -0.023008 12 0
0 0 54.4055 0 33.2517 a b -0.0262819 12 0
0 0 54.405 0 33.2848 a b -0.0275849 12 0
0 0 54.4047 0 33.3131 a b -0.0265008 12 0
0 0 54.4023 0 33.3405 a b -0.0256564 12 0
0 0 54.4001 0 33.3635 a b -0.0262277 12 0
0 0 54.3987 0 33.3911 a b -0.0288911 12 0
0 0 54.4006 0 33.4147 a b -0.0287217 12 0
0 0 54.3965 0 33.4412 a b -0.0284864 12 0
0 0 54.3935 0 33.4692 a b -0.0265856 12 0
0 0 54.3889 0 33.4935 a b -0.0233681 12 0
0 0 54.3859 0 33.5179 a b -0.0256374 12 0
0 0 54.3838 0 33.5473 a b -0.0299287 12 0
0 0 54.3851 0 33.5756 a b -0.0325406 12 0
0 0 54.3841 0 33.6061 a b -0.0322051 12 0
0 0 54.3851 0 33.6372 a b -0.0287802 12 0
0 0 54.3841 0 33.6623 a b -0.0269631 12 0
0 0 54.3804 0 33.6905 a b -0.0295734 12 0
0 0 54.3789 0 33.7217 a b -0.0342474 12 0
0 0 54.377 0 33.7591 a b -0.033633 12 0
0 0 54.3772 0 33.79 a b -0.0318967 12 0
0 0 54.3749 0 33.8205 a b -0.0322559 12 0
0 0 54.3725 0 33.8534 a b -0.0331429 12 0
0 0 54.3708 0 33.8826 a b -0.0311445 12 0
0 0 54.3709 0 33.9117 a b -0.0358936 12 0
0 0 54.3708 0 33.9449 a b -0.0374955 12 0
0 0 54.3684 0 33.9774 a b -0.032885 12 0
0 0 54.3678 0 34.0005 a b -0.0297669 12 0
0 0 54.3676 0 34.0227 a b -0.0358999 12 0
0 0 54.3654 0 34.053 a b -0.0413828 12 0
0 0 54.3646 0 34.0811 a b -0.0419347 12 0
0 0 54.3634 0 34.1019 a b -0.0384891 12 0
0 0 54.3625 0 34.1251 a b -0.0372183 12 0
0 0 54.3598 0 34.1423 a b -0.0388156 12 0
0 0 54.3577 0 34.1686 a b -0.0433855 12 0
0 0 54.3554 0 34.1985 a b -0.0454642 12 0
0 0 54.3507 0 34.229 a b -0.0433136 12 0
0 0 54.3472 0 34.261 a b -0.0409113 12 0
0 0 54.344 0 34.2991 a b -0.0401074 12 0
0 0 54.3427 0 34.3291 a b -0.0447741 12 0
0 0 54.3367 0 34.3639 a b -0.0507545 12 0
0 0 54.3374 0 34.3981 a b -0.0504108 12 0
0 0 54.3349 0 34.4259 a b -0.048118 12 0
0 0 54.3359 0 34.4558 a b -0.0437993 12 0
0 0 54.3358 0 34.4842 a b -0.0434645 12 0
0 0 54.3347 0 34.5108 a b -0.0470483 12 0
0 0 54.3305 0 34.5391 a b -0.0483744 12 0
0 0 54.3264 0 34.5643 a b -0.0529001 12 0
0 0 54.3239 0 34.5904 a b -0.0547847 12 0
0 0 54.3227 0 34.6176 a b -0.0528153 12 0
0 0 54.3243 0 34.647 a b -0.0507033 12 0
0 0 54.3268 0 34.6724 a b -0.0542285 12 0
0 0 54.3215 0 34.7036 a b -0.059928 12 0
0 0 54.3146 0 34.7342 a b -0.0607102 12 0
0 0 54.311 0 34.7673 a b -0.054209 12 0
0 0 54.3116 0 34.8024 a b -0.0543609 12 0
0 0 54.3112 0 34.8306 a b -0.0652015 12 0
0 0 54.3084 0 34.8593 a b -0.0709414 12 0
0 0 54.307 0 34.8893 a b -0.0644695 12 0
0 0 54.3054 0 34.9206 a b -0.0567689 12 0
0 0 54.3061 0 34.9458 a b -0.0537714 12 0
0 0 54.3041 0 34.9725 a b -0.0514926 12 0
0 0 54.3065 0 35.0026 a b -0.0465986 12 0
0 0 54.3036 0 35.0295 a b -0.0409704 12 0
0 0 54.3026 0 35.0581 a b -0.0355689 12 0
0 0 54.3009 0 35.0863 a b -0.0320401 12 0
0 0 54.3005 0 35.1159 a b -0.0290613 12 0
0 0 54.3003 0 35.1376 a b -0.0232291 12 0
0 0 54.2968 0 35.1631 a b -0.0131134 12 0
0 0 54.2938 0 35.1916 a b -0.00419795 12 0
0 0 54.2926 0 35.2251 a b 0.00149012 12 0
0 0 54.2912 0 35.2546 a b 0.00459893 12 0
0 0 54.2909 0 35.2788 a b 0.0087351 12 0
0 0 54.295 0 35.3108 a b 0.0123682 12 0
0 0 54.299 0 35.336 a b 0.0162003 12 0
0 0 54.3004 0 35.3518 a b 0.0225601 12 0
0 0 54.2992 0 35.3715 a b 0.0275238 12 0
0 0 54.2966 0 35.3978 a b 0.0304081 12 0
0 0 54.2959 0 35.416 a b 0.0327989 12 0
0 0 54.2956 0 35.4371 a b 0.0365737 12 0
0 0 54.3001 0 35.46 a b 0.0353365 12 0
0 0 54.3 0 35.4781 a b 0.0327608 12 0
0 0 54.2965 0 35.4962 a b 0.0348508 12 0
0 0 54.2947 0 35.527 a b 0.0381661 12 0
0 0 54.2944 0 35.5572 a b 0.037206 12 0
0 0 54.2973 0 35.5916 a b 0.0346699 12 0
0 0 54.2971 0 35.6266 a b 0.0356567 12 0
0 0 54.298 0 35.6606 a b 0.04126 12 0
0 0 54.2898 0 35.7043 a b 0.0429833 12 0
0 0 54.2877 0 35.7461 a b 0.0358166 12 0
0 0 54.288 0 35.7801 a b 0.0337551 12 0
0 0 54.2901 0 35.8147 a b 0.0333359 12 0
0 0 54.295 0 35.8411 a b 0.0348175 12 0
0 0 54.2955 0 35.8688 a b 0.0319416 12 0
0 0 54.293 0 35.8927 a b 0.0290006 12 0
0 0 54.2898 0 35.9197 a b 0.0264878 12 0
0 0 54.2925 0 35.9371 a b 0.0272807 12 0
0 0 54.2942 0 35.9527 a b 0.0316952 12 0
0 0 54.2888 0 35.9732 a b 0.031135 12 0
0 0 54.2892 0 36.001 a b 0.0263556 12 0
0 0 54.2919 0 36.0291 a b 0.0276534 12 0
0 0 54.2897 0 36.0591 a b 0.0296694 12 0
0 0 54.2864 0 36.0947 a b 0.0258562 12 0
0 0 54.2889 0 36.1328 a b 0.0232113 12 0
0 0 54.2891 0 36.1719 a b 0.021649 12 0
0 0 54.2901 0 36.2117 a b 0.0211334 12 0
0 0 54.2854 0 36.2526 a b 0.0182562 12 0
0 0 54.2857 0 36.2924 a b 0.0160368 12 0
0 0 54.2847 0 36.328 a b 0.0150478 12 0
0 0 54.2848 0 36.3635 a b 0.0144987 12 0
0 0 54.2824 0 36.3961 a b 0.01104 12 0
0 0 54.285 0 36.4269 a b 0.00747068 12 0
0 0 54.2883 0 36.4566 a b 0.00706864 12 0
0 0 54.2892 0 36.4875 a b 0.00753882 12 0
0 0 54.2925 0 36.5232 a b 0.00941995 12 0
0 0 54.293 0 36.5534 a b 0.0116846 12 0
0 0 54.2921 0 36.5806 a b 0.0158117 12 0
0 0 54.2897 0 36.6089 a b 0.0177482 12 0
0 0 54.2904 0 36.6331 a b 0.0211001 12 0
0 0 54.2899 0 36.6539 a b 0.0233394 12 0
0 0 54.2894 0 36.6719 a b 0.0251221 12 0
0 0 54.2903 0 36.693 a b 0.0269963 12 0
0 0 54.2892 0 36.7128 a b 0.0280574 12 0
0 0 54.2881 0 36.7328 a b 0.0296233 12 0
0 0 54.2895 0 36.7557 a b 0.0306973 12 0
0 0 54.2897 0 36.7806 a b 0.0338088 12 0
0 0 54.2883 0 36.8083 a b 0.0346362 12 0
0 0 54.289 0 36.839 a b 0.0377963 12 0
0 0 54.2888 0 36.8736 a b 0.0388548 12 0
0 0 54.2905 0 36.9074 a b 0.0382564 12 0
0 0 54.2936 0 36.9468 a b 0.039368 12 0
0 0 54.2979 0 36.9781 a b 0.03988 12 0
0 0 54.3029 0 37.014 a b 0.041061 12 0
0 0 54.3061 0 37.0509 a b 0.0460509 12 0
0 0 54.3054 0 37.0755 a b 0.0529643 12 0
0 0 54.303 0 37.1003 a b 0.0496683 12 0
0 0 54.3009 0 37.1276 a b 0.043106 12 0
0 0 54.3007 0 37.1564 a b 0.0415283 12 0
0 0 54.3053 0 37.1739 a b 0.0455724 12 0
0 0 54.3062 0 37.1891 a b 0.0426171 12 0
0 0 54.3097 0 37.218 a b 0.0421942 12 0
0 0 54.3088 0 37.2446 a b 0.0509535 12 0
0 0 54.3088 0 37.2698 a b 0.0567406 12 0
0 0 54.3074 0 37.2956 a b 0.0540848 12 0
0 0 54.3057 0 37.3249 a b 0.0473596 12 0
0 0 54.3075 0 37.3604 a b 0.043993 12 0
0 0 54.311 0 37.3986 a b 0.0479574 12 0
0 0 54.3163 0 37.4294 a b 0.0485595 12 0
0 0 54.32 0 37.4606 a b 0.0438044 12 0
0 0 54.3215 0 37.4952 a b 0.0472848 12 0
0 0 54.3199 0 37.5294 a b 0.0531366 12 0
0 0 54.3191 0 37.5574 a b 0.0571189 12 0
0 0 54.319 0 37.5868 a b 0.0532664 12 0
0 0 54.3175 0 37.6143 a b 0.0459121 12 0
0 0 54.3177 0 37.6467 a b 0.0472354 12 0
0 0 54.3207 0 37.6729 a b 0.051315 12 0
0 0 54.3263 0 37.6964 a b 0.0515607 12 0
0 0 54.3257 0 37.7196 a b 0.0478391 12 0
0 0 54.3226 0 37.7478 a b 0.0490387 12 0
0 0 54.3187 0 37.7801 a b 0.0542941 12 0
0 0 54.3213 0 37.8074 a b 0.0591626 12 0
0 0 54.3274 0 37.8362 a b 0.0551854 12 0
0 0 54.3282 0 37.8626 a b 0.0455301 12 0
0 0 54.3271 0 37.8954 a b 0.0445128 12 0
0 0 54.3292 0 37.9294 a b 0.0482953 12 0
0 0 54.3341 0 37.9583 a b 0.0516997 12 0
0 0 54.3372 0 37.9885 a b 0.0510355 12 0
0 0 54.3345 0 38.0203 a b 0.0514546 12 0
0 0 54.3347 0 38.057 a b 0.0527695 12 0
0 0 54.3372 0 38.0883 a b 0.048122 12 0
0 0 54.3313 0 38.1164 a b 0.0440409 12 0
0 0 54.3315 0 38.1495 a b 0.0493716 12 0
0 0 54.3389 0 38.1823 a b 0.0499643 12 0
0 0 54.3434 0 38.2132 a b 0.0432268 12 0
0 0 54.3397 0 38.2303 a b 0.0413247 12 0
0 0 54.3371 0 38.2585 a b 0.0487223 12 0
0 0 54.3393 0 38.2914 a b 0.0519838 12 0
0 0 54.3451 0 38.3279 a b 0.046764 12 0
0 0 54.3445 0 38.3539 a b 0.0417932 12 0
0 0 54.3447 0 38.3785 a b 0.0428101 12 0
0 0 54.3456 0 38.4096 a b 0.0443713 12 0
0 0 54.3473 0 38.4418 a b 0.0437918 12 0
0 0 54.3432 0 38.4738 a b 0.0425916 12 0
0 0 54.3408 0 38.5087 a b 0.0470331 12 0
0 0 54.3397 0 38.5457 a b 0.0477093 12 0
0 0 54.3375 0 38.577 a b 0.0428412 12 0
0 0 54.3372 0 38.6036 a b 0.0428599 12 0
0 0 54.3363 0 38.6339 a b 0.046857 12 0
0 0 54.3373 0 38.6651 a b 0.0460801 12 0
0 0 54.3401 0 38.6937 a b 0.0377527 12 0
0 0 54.3408 0 38.7137 a b 0.0360918 12 0
0 0 54.3409 0 38.7377 a b 0.0382207 12 0
0 0 54.3429 0 38.763 a b 0.0409438 12 0
0 0 54.3438 0 38.7925 a b 0.041076 12 0
0 0 54.3442 0 38.8146 a b 0.0389638 12 0
0 0 54.3454 0 38.8385 a b 0.0374506 12 0
0 0 54.345 0 38.8573 a b 0.0388341 12 0
0 0 54.3449 0 38.8798 a b 0.0380856 12 0
0 0 54.3438 0 38.9032 a b 0.0377053 12 0
0 0 54.3473 0 38.9322 a b 0.0356232 12 0
0 0 54.3478 0 38.9535 a b 0.0370427 12 0
0 0 54.3461 0 38.9854 a b 0.0386888 12 0
0 0 54.3448 0 39.0203 a b 0.0349126 12 0
0 0 54.3478 0 39.0487 a b 0.0338183 12 0
0 0 54.3489 0 39.0759 a b 0.0383156 12 0
0 0 54.3457 0 39.112 a b 0.0414013 12 0
0 0 54.3432 0 39.1474 a b 0.0364765 12 0
0 0 54.3431 0 39.1767 a b 0.0349661 12 0
0 0 54.344 0 39.2031 a b 0.0386107 12 0
0 0 54.3426 0 39.235 a b 0.0399922 12 0
0 0 54.3403 0 39.2616 a b 0.0383327 12 0
0 0 54.3415 0 39.2878 a b 0.0324848 12 0
0 0 54.3487 0 39.3111 a b 0.0331223 12 0
0 0 54.3519 0 39.3353 a b 0.0372315 12 0
0 0 54.3478 0 39.3586 a b 0.041067 12 0
0 0 54.342 0 39.3859 a b 0.040037 12 0
0 0 54.3378 0 39.4125 a b 0.0361989 12 0
0 0 54.3459 0 39.4421 a b 0.0347379 12 0
0 0 54.3482 0 39.4718 a b 0.0378425 12 0
0 0 54.3479 0 39.5025 a b 0.0387376 12 0
0 0 54.3449 0 39.5348 a b 0.0352261 12 0
0 0 54.3501 0 39.5673 a b 0.0342051 12 0
0 0 54.3529 0 39.6015 a b 0.0378276 12 0
0 0 54.3486 0 39.6373 a b 0.0379385 12 0
0 0 54.3499 0 39.6681 a b 0.0347912 12 0
0 0 54.3545 0 39.7013 a b 0.0355639 12 0
0 0 54.3494 0 39.7319 a b 0.0364713 12 0
0 0 54.3497 0 39.766 a b 0.03315 12 0
0 0 54.3513 0 39.7975 a b 0.0296496 12 0
0 0 54.3579 0 39.8247 a b 0.0334784 12 0
0 0 54.3534 0 39.8467 a b 0.0347999 12 0
0 0 54.3525 0 39.8716 a b 0.0341104 12 0
0 0 54.3514 0 39.8961 a b 0.0331752 12 0
0 0 54.3527 0 39.918 a b 0.033099 12 0
0 0 54.3518 0 39.9398 a b 0.0307056 12 0
0 0 54.351 0 39.9676 a b 0.0312379 12 0
0 0 54.351 0 39.9904 a b 0.0297366 12 0
0 0 54.3533 0 40.0217 a b 0.02474 12 0
0 0 54.3572 0 40.0577 a b 0.0258965 12 0
0 0 54.3564 0 40.092 a b 0.028268 12 0
0 0 54.3554 0 40.1292 a b 0.0297133 12 0
0 0 54.3492 0 40.1619 a b 0.0268552 12 0
0 0 54.3494 0 40.1964 a b 0.0290236 12 0
0 0 54.3533 0 40.226 a b 0.0271377 12 0
0 0 54.3564 0 40.2546 a b 0.021924 12 0
0 0 54.3602 0 40.2922 a b 0.0222565 12 0
0 0 54.3574 0 40.3197 a b 0.0251803 12 0
0 0 54.3577 0 40.3417 a b 0.028355 12 0
0 0 54.3526 0 40.368 a b 0.0232665 12 0
0 0 54.3487 0 40.4048 a b 0.0226209 12 0
0 0 54.3521 0 40.4366 a b 0.0277615 12 0
0 0 54.3535 0 40.4616 a b 0.0291747 12 0
0 0 54.3524 0 40.4816 a b 0.0252524 12 0
0 0 54.3511 0 40.5059 a b 0.0247782 12 0
0 0 54.3513 0 40.5378 a b 0.028082 12 0
0 0 54.3502 0 40.5631 a b 0.0293347 12 0
0 0 54.3494 0 40.5916 a b 0.029847 12 0
0 0 54.3473 0 40.6254 a b 0.0288409 12 0
0 0 54.3457 0 40.6562 a b 0.027833 12 0
0 0 54.3446 0 40.6865 a b 0.0269467 12 0
0 0 54.3503 0 40.7164 a b 0.0216565 12 0
0 0 54.3509 0 40.7501 a b 0.0176837 12 0
0 0 54.3522 0 40.7807 a b 0.0185203 12 0
0 0 54.3533 0 40.8114 a b 0.0189498 12 0
0 0 54.347 0 40.8402 a b 0.0195469 12 0
0 0 54.348 0 40.8737 a b 0.0214205 12 0
0 0 54.3513 0 40.9071 a b 0.0195549 12 0
0 0 54.3547 0 40.9374 a b 0.0139724 12 0
0 0 54.3558 0 40.9693 a b 0.0111525 12 0
0 0 54.3534 0 41.0015 a b 0.00920843 12 0
0 0 54.3522 0 41.0284 a b 0.00976855 12 0
0 0 54.3464 0 41.0577 a b 0.0123787 12 0
0 0 54.3449 0 41.0863 a b 0.0127967 12 0
0 0 54.3417 0 41.1119 a b 0.011555 12 0
0 0 54.3443 0 41.1366 a b 0.00988721 12 0
0 0 54.3464 0 41.1598 a b 0.00874864 12 0
0 0 54.352 0 41.1835 a b 0.00652689 12 0
0 0 54.3452 0 41.2046 a b 0.00698111 12 0
0 0 54.3432 0 41.2335 a b 0.00867297 12 0
0 0 54.3483 0 41.2615 a b 0.00852425 12 0
0 0 54.3519 0 41.2874 a b 0.00248054 12 0
0 0 54.3456 0 41.3101 a b 0.00239442 12 0
0 0 54.3479 0 41.3393 a b 0.00753819 12 0
0 0 54.355 0 41.3771 a b 0.00677658 12 0
0 0 54.3508 0 41.4098 a b 0.00450793 12 0
0 0 54.3453 0 41.4429 a b 0.00653403 12 0
0 0 54.347 0 41.4787 a b 0.0068668 12 0
0 0 54.3474 0 41.5139 a b 0.00363823 12 0
0 0 54.3435 0 41.541 a b 0.00490131 12 0
0 0 54.3416 0 41.5746 a b 0.0096189 12 0
0 0 54.3402 0 41.6052 a b 0.00847688 12 0
0 0 54.3382 0 41.6357 a b 0.00248968 12 0
0 0 54.3386 0 41.6563 a b -0.000534797 12 0
0 0 54.3379 0 41.6869 a b -8.52698e-05 12 0
0 0 54.339 0 41.7108 a b -0.000650477 12 0
0 0 54.3379 0 41.7355 a b -0.00202016 12 0
0 0 54.335 0 41.7607 a b -0.00271157 12 0
0 0 54.3378 0 41.7876 a b -0.00860071 12 0
0 0 54.339 0 41.8003 a b -0.00761308 12 0
0 0 54.3406 0 41.8248 a b -0.00108608 12 0
0 0 54.3407 0 41.8585 a b -0.00259017 12 0
0 0 54.337 0 41.8899 a b -0.0062341 12 0
0 0 54.3352 0 41.9148 a b -0.00726608 12 0
0 0 54.3342 0 41.9467 a b -0.00644094 12 0
0 0 54.3338 0 41.9866 a b -0.00916376 12 0
0 0 54.3343 0 42.0139 a b -0.0132692 12 0
0 0 54.3322 0 42.0469 a b -0.0123959 12 0
0 0 54.3311 0 42.0855 a b -0.0118533 12 0
0 0 54.3315 0 42.1186 a b -0.0158923 12 0
0 0 54.3285 0 42.1505 a b -0.0155638 12 0
0 0 54.3256 0 42.1862 a b -0.0158036 12 0
0 0 54.3279 0 42.2167 a b -0.019155 12 0
0 0 54.3267 0 42.2406 a b -0.0190437 12 0
0 0 54.3249 0 42.2674 a b -0.0199462 12 0
0 0 54.3229 0 42.2893 a b -0.0205307 12 0
0 0 54.3233 0 42.3124 a b -0.0198778 12 0
0 0 54.3229 0 42.34 a b -0.0173011 12 0
0 0 54.3209 0 42.3656 a b -0.0144749 12 0
0 0 54.3159 0 42.3911 a b -0.0162476 12 0
0 0 54.3154 0 42.4182 a b -0.0205519 12 0
0 0 54.3173 0 42.4449 a b -0.0197177 12 0
0 0 54.3173 0 42.4738 a b -0.0171203 12 0
0 0 54.3127 0 42.5052 a b -0.0185357 12 0
0 0 54.3114 0 42.5367 a b -0.021591 12 0
0 0 54.3134 0 42.5704 a b -0.0228743 12 0
0 0 54.3106 0 42.6044 a b -0.0226581 12 0
0 0 54.3099 0 42.636 a b -0.0239575 12 0
0 0 54.3077 0 42.6692 a b -0.0246273 12 0
0 0 54.3063 0 42.7004 a b -0.0247627 12 0
0 0 54.3049 0 42.7335 a b -0.0241095 12 0
0 0 54.3062 0 42.7654 a b -0.0253109 12 0
0 0 54.3018 0 42.7937 a b -0.0261009 12 0
0 0 54.3011 0 42.8247 a b -0.0285715 12 0
0 0 54.3018 0 42.8528 a b -0.0262312 12 0
0 0 54.3005 0 42.8845 a b -0.0236008 12 0
0 0 54.2961 0 42.9146 a b -0.0251646 12 0
0 0 54.2955 0 42.9448 a b -0.0282867 12 0
0 0 54.2987 0 42.9736 a b -0.0294618 12 0
0 0 54.2975 0 43.003 a b -0.0282783 12 0
0 0 54.2917 0 43.0293 a b -0.0269453 12 0
0 0 54.2895 0 43.0597 a b -0.0271191 12 0
0 0 54.288 0 43.0897 a b -0.0264405 12 0
0 0 54.2885 0 43.1188 a b -0.0280897 12 0
0 0 54.2881 0 43.1489 a b -0.0302554 12 0
0 0 54.2871 0 43.1794 a b -0.0317025 12 0
0 0 54.2859 0 43.2054 a b -0.0343661 12 0
0 0 54.2856 0 43.2381 a b -0.0362221 12 0
0 0 54.2868 0 43.2664 a b -0.0361043 12 0
0 0 54.2863 0 43.2975 a b -0.036078 12 0
0 0 54.2858 0 43.3268 a b -0.0376476 12 0
0 0 54.282 0 43.3588 a b -0.0401379 12 0
0 0 54.2792 0 43.3888 a b -0.0415032 12 0
0 0 54.2773 0 43.4177 a b -0.0409716 12 0
0 0 54.2758 0 43.4436 a b -0.041089 12 0
0 0 54.2741 0 43.4696 a b -0.0409265 12 0
0 0 54.268 0 43.493 a b -0.042038 12 0
0 0 54.2655 0 43.5148 a b -0.0434412 12 0
0 0 54.264 0 43.542 a b -0.0450966 12 0
0 0 54.2646 0 43.565 a b -0.0453186 12 0
0 0 54.2617 0 43.5902 a b -0.0485822 12 0
0 0 54.2616 0 43.6202 a b -0.0491303 12 0
0 0 54.2587 0 43.6444 a b -0.0500502 12 0
0 0 54.258 0 43.6672 a b -0.0538921 12 0
0 0 54.2573 0 43.6988 a b -0.055771 12 0
0 0 54.2619 0 43.7244 a b -0.0526014 12 0
0 0 54.2622 0 43.7475 a b -0.0508839 12 0
0 0 54.2609 0 43.7746 a b -0.0477319 12 0
0 0 54.2597 0 43.8002 a b -0.0445624 12 0
0 0 54.2543 0 43.8316 a b -0.0423479 12 0
0 0 54.2521 0 43.8658 a b -0.0332865 12 0
0 0 54.2513 0 43.8938 a b -0.0221388 12 0
0 0 54.2499 0 43.9156 a b -0.0148248 12 0
0 0 54.2452 0 43.9471 a b -0.00996666 12 0
0 0 54.2471 0 43.976 a b -0.00340606 12 0
0 0 54.2485 0 44.0033 a b 0.000957826 12 0
0 0 54.2495 0 44.0322 a b 0.00219643 12 0
0 0 54.2483 0 44.0643 a b 0.00644769 12 0
0 0 54.2486 0 44.0923 a b 0.00827763 12 0
0 0 54.2499 0 44.121 a b 0.00762132 12 0
0 0 54.2489 0 44.155 a b 0.00817869 12 0
0 0 54.2509 0 44.1864 a b 0.0106511 12 0
0 0 54.2511 0 44.2129 a b 0.0145227 12 0
0 0 54.2531 0 44.2422 a b 0.0169915 12 0
0 0 54.2559 0 44.2693 a b 0.0204566 12 0
0 0 54.2554 0 44.2975 a b 0.0217086 12 0
0 0 54.2535 0 44.3286 a b 0.0228688 12 0
0 0 54.2519 0 44.3558 a b 0.0232379 12 0
0 0 54.2514 0 44.3851 a b 0.0241594 12 0
0 0 54.251 0 44.4161 a b 0.02559 12 0
0 0 54.2517 0 44.4473 a b 0.0259937 12 0
0 0 54.2529 0 44.4778 a b 0.0257083 12 0
0 0 54.2502 0 44.5042 a b 0.0260894 12 0
0 0 54.25 0 44.5324 a b 0.0286315 12 0
0 0 54.2459 0 44.5631 a b 0.0308648 12 0
0 0 54.2467 0 44.591 a b 0.0294364 12 0
0 0 54.2469 0 44.6223 a b 0.0264815 12 0
0 0 54.2476 0 44.6511 a b 0.0254097 12 0
0 0 54.2551 0 44.6781 a b 0.0234452 12 0
0 0 54.2546 0 44.7044 a b 0.0221437 12 0
0 0 54.2539 0 44.7324 a b 0.026574 12 0
0 0 54.2548 0 44.758 a b 0.0278704 12 0
0 0 54.252 0 44.7872 a b 0.028873 12 0
0 0 54.2502 0 44.8205 a b 0.0293045 12 0
0 0 54.2521 0 44.8526 a b 0.0246309 12 0
0 0 54.253 0 44.887 a b 0.0223394 12 0
0 0 54.2533 0 44.9092 a b 0.02514 12 0
0 0 54.2516 0 44.9297 a b 0.0322511 12 0
0 0 54.2506 0 44.9525 a b 0.0406393 12 0
0 0 54.2493 0 44.9708 a b 0.044428 12 0
0 0 54.2487 0 44.9893 a b 0.0412551 12 0
0 0 54.2497 0 45.0017 a b 0.0376447 12 0
0 0 54.2498 0 45.0194 a b 0.0275979 12 0
0 0 54.2513 0 45.0365 a b 0.028065 12 0
0 0 54.2514 0 45.062 a b 0.0286898 12 0
0 0 54.2516 0 45.0954 a b 0.0285596 12 0
0 0 54.2548 0 45.1336 a b 0.0248179 12 0
0 0 54.2591 0 45.1656 a b 0.0246342 12 0
0 0 54.2579 0 45.2037 a b 0.0304047 12 0
0 0 54.259 0 45.2508 a b 0.0345648 12 0
0 0 54.2568 0 45.2957 a b 0.0395578 12 0
0 0 54.2504 0 45.3415 a b 0.0432033 12 0
0 0 54.2488 0 45.3859 a b 0.0424951 12 0
0 0 54.25 0 45.4193 a b 0.043989 12 0
0 0 54.2518 0 45.4524 a b 0.0493506 12 0
0 0 54.2495 0 45.4845 a b 0.0592105 12 0
0 0 54.2485 0 45.5128 a b 0.058793 12 0
0 0 54.2494 0 45.5352 a b 0.0519287 12 0
0 0 54.2518 0 45.5548 a b 0.0467081 12 0
0 0 54.2528 0 45.5713 a b 0.0431213 12 0
0 0 54.2535 0 45.5868 a b 0.04172 12 0
0 0 54.2532 0 45.6019 a b 0.0418479 12 0
0 0 54.2571 0 45.6187 a b 0.0410237 12 0
0 0 54.2633 0 45.6412 a b 0.0436248 12 0
0 0 54.262 0 45.6632 a b 0.0500075 12 0
0 0 54.259 0 45.6883 a b 0.0517391 12 0
0 0 54.2565 0 45.7211 a b 0.048629 12 0
0 0 54.2631 0 45.7568 a b 0.0478477 12 0
0 0 54.2662 0 45.7933 a b 0.0535925 12 0
0 0 54.2625 0 45.831 a b 0.0561438 12 0
0 0 54.2678 0 45.8717 a b 0.0538487 12 0
0 0 54.274 0 45.9103 a b 0.0557067 12 0
0 0 54.2744 0 45.9478 a b 0.0600045 12 0
0 0 54.2762 0 45.9872 a b 0.0644759 12 0
0 0 54.2752 0 46.0188 a b 0.0698897 12 0
0 0 54.2731 0 46.047 a b 0.0717361 12 0
0 0 54.2709 0 46.0736 a b 0.070803 12 0
0 0 54.2709 0 46.1027 a b 0.0700217 12 0
0 0 54.2728 0 46.1264 a b 0.071271 12 0
0 0 54.276 0 46.1508 a b 0.0746686 12 0
0 0 54.2763 0 46.1747 a b 0.0770239 12 0
0 0 54.2754 0 46.2016 a b 0.0758907 12 0
0 0 54.2765 0 46.2287 a b 0.0757171 12 0
0 0 54.2765 0 46.2544 a b 0.0782485 12 0
0 0 54.2786 0 46.2841 a b 0.0815545 12 0
0 0 54.2811 0 46.3119 a b 0.0827237 12 0
0 0 54.2815 0 46.3428 a b 0.0820104 12 0
0 0 54.2833 0 46.3763 a b 0.0835041 12 0
0 0 54.2844 0 46.4091 a b 0.0854748 12 0
0 0 54.2851 0 46.4419 a b 0.0864167 12 0
0 0 54.2871 0 46.4765 a b 0.087547 12 0
0 0 54.2875 0 46.5097 a b 0.0847341 12 0
0 0 54.2887 0 46.5476 a b 0.0802885 12 0
0 0 54.2951 0 46.5878 a b 0.0824008 12 0
0 0 54.2999 0 46.6184 a b 0.081498 12 0
0 0 54.3029 0 46.6554 a b 0.0808573 12 0
0 0 54.3059 0 46.686 a b 0.085638 12 0
0 0 54.3079 0 46.7062 a b 0.0875768 12 0
0 0 54.308 0 46.725 a b 0.0818638 12 0
0 0 54.3068 0 46.7545 a b 0.0761073 12 0
0 0 54.3073 0 46.7801 a b 0.0821347 12 0
0 0 54.3084 0 46.7969 a b 0.0867358 12 0
0 0 54.3083 0 46.8136 a b 0.0836368 12 0
0 0 54.309 0 46.8384 a b 0.0780207 12 0
0 0 54.3133 0 46.8664 a b 0.0792496 12 0
0 0 54.3172 0 46.896 a b 0.0822988 12 0
0 0 54.318 0 46.9218 a b 0.0827189 12 0
0 0 54.3154 0 46.9504 a b 0.0804287 12 0
0 0 54.3122 0 46.9843 a b 0.0829959 12 0
0 0 54.311 0 47.0141 a b 0.0828753 12 0
0 0 54.3125 0 47.0492 a b 0.080852 12 0
0 0 54.3218 0 47.0846 a b 0.0779843 12 0
0 0 54.3265 0 47.1168 a b 0.0765739 12 0
0 0 54.329 0 47.1505 a b 0.0822674 12 0
0 0 54.3319 0 47.1822 a b 0.0848748 12 0
0 0 54.3319 0 47.2102 a b 0.0777126 12 0
0 0 54.3284 0 47.2394 a b 0.0751515 12 0
0 0 54.332 0 47.2682 a b 0.0815601 12 0
0 0 54.3387 0 47.2936 a b 0.0795462 12 0
0 0 54.3401 0 47.3218 a b 0.0728426 12 0
0 0 54.3366 0 47.3525 a b 0.0738507 12 0
0 0 54.3405 0 47.3776 a b 0.077275 12 0
0 0 54.3453 0 47.4028 a b 0.0748271 12 0
0 0 54.3449 0 47.4254 a b 0.0698342 12 0
0 0 54.3451 0 47.4552 a b 0.0724269 12 0
0 0 54.3493 0 47.4829 a b 0.0763919 12 0
0 0 54.3532 0 47.5121 a b 0.0750432 12 0
0 0 54.3521 0 47.5379 a b 0.0695713 12 0
0 0 54.3486 0 47.5693 a b 0.0710181 12 0
0 0 54.3532 0 47.5972 a b 0.0745879 12 0
0 0 54.3561 0 47.6274 a b 0.0737924 12 0
0 0 54.3558 0 47.6564 a b 0.0711701 12 0
0 0 54.3512 0 47.6808 a b 0.0733656 12 0
0 0 54.3559 0 47.7118 a b 0.076331 12 0
0 0 54.3647 0 47.744 a b 0.0716893 12 0
0 0 54.3684 0 47.769 a b 0.0567087 12 0
0 0 54.3653 0 47.7958 a b 0.0436632 12 0
0 0 54.3589 0 47.8237 a b 0.037077 12 0
0 0 54.3604 0 47.8545 a b 0.0288812 12 0
0 0 54.361 0 47.8827 a b 0.0172937 12 0
0 0 54.3569 0 47.9107 a b 0.00856837 12 0
0 0 54.3563 0 47.9379 a b 0.00342436 12 0
0 0 54.3554 0 47.965 a b -0.00173988 12 0
0 0 54.3551 0 47.9945 a b -0.00525014 12 0
0 0 54.3535 0 48.0211 a b -0.0079115 12 0
0 0 54.3526 0 48.0489 a b -0.012673 12 0
0 0 54.353 0 48.0761 a b -0.0177392 12 0
0 0 54.3522 0 48.0998 a b -0.0208136 12 0
0 0 54.3516 0 48.1317 a b -0.0234271 12 0
0 0 54.3478 0 48.1639 a b -0.0297073 12 0
0 0 54.3456 0 48.1943 a b -0.0341143 12 0
0 0 54.3457 0 48.2251 a b -0.0365795 12 0
0 0 54.3444 0 48.2598 a b -0.0397074 12 0
0 0 54.3418 0 48.2942 a b -0.0430426 12 0
0 0 54.3391 0 48.3247 a b -0.0473318 12 0
0 0 54.3374 0 48.349 a b -0.0470697 12 0
0 0 54.3341 0 48.3746 a b -0.0414362 12 0
0 0 54.3288 0 48.4106 a b -0.0391852 12 0
0 0 54.325 0 48.45 a b -0.0496384 12 0
0 0 54.3257 0 48.4735 a b -0.0590124 12 0
0 0 54.3228 0 48.4923 a b -0.0553108 12 0
0 0 54.3167 0 48.5253 a b -0.0508664 12 0
0 0 54.317 0 48.5551 a b -0.0566877 12 0
0 0 54.3186 0 48.5763 a b -0.0597711 12 0
0 0 54.3168 0 48.6016 a b -0.0566292 12 0
0 0 54.3156 0 48.6257 a b -0.051064 12 0
0 0 54.3212 0 48.6501 a b -0.0407883 12 0
0 0 54.3275 0 48.6722 a b -0.0235729 12 0
0 0 54.3283 0 48.7011 a b -0.00558665 12 0
0 0 54.3253 0 48.7369 a b 0.00882479 12 0
0 0 54.3266 0 48.7711 a b 0.0234315 12 0
0 0 54.3253 0 48.8044 a b 0.0335843 12 0
0 0 54.325 0 48.8394 a b 0.0336298 12 0
0 0 54.3259 0 48.8682 a b 0.0342095 12 0
0 0 54.3201 0 48.8948 a b 0.0357069 12 0
0 0 54.3158 0 48.9251 a b 0.0321226 12 0
0 0 54.3203 0 48.9554 a b 0.0327589 12 0
0 0 54.323 0 48.9829 a b 0.0356815 12 0
0 0 54.3257 0 49.0121 a b 0.0350417 12 0
0 0 54.3295 0 49.0393 a b 0.0334383 12 0
0 0 54.3331 0 49.0662 a b 0.0345965 12 0
0 0 54.3339 0 49.0926 a b 0.0402954 12 0
0 0 54.3292 0 49.1173 a b 0.0407631 12 0
0 0 54.3185 0 49.1495 a b 0.0302063 12 0
0 0 54.313 0 49.1774 a b 0.00922072 12 0
0 0 54.3155 0 49.2057 a b -0.0086758 12 0
0 0 54.3144 0 49.2316 a b -0.0204869 12 0
0 0 54.3098 0 49.2601 a b -0.0326467 12 0
0 0 54.3101 0 49.2906 a b -0.0427648 12 0
0 0 54.3108 0 49.3176 a b -0.0461518 12 0
0 0 54.3008 0 49.3432 a b -0.0520258 12 0
0 0 54.3008 0 49.3712 a b -0.0627779 12 0
0 0 54.3068 0 49.3962 a b -0.0627092 12 0
0 0 54.3029 0 49.4186 a b -0.0605593 12 0
0 0 54.2946 0 49.4448 a b -0.0668585 12 0
0 0 54.2931 0 49.4745 a b -0.0774434 12 0
0 0 54.3005 0 49.5059 a b -0.0778857 12 0
0 0 54.2984 0 49.5391 a b -0.0751987 12 0
0 0 54.2934 0 49.5656 a b -0.0786658 12 0
0 0 54.2862 0 49.5957 a b -0.0878992 12 0
0 0 54.2856 0 49.6306 a b -0.0933224 12 0
0 0 54.2835 0 49.6609 a b -0.0901074 12 0
0 0 54.2815 0 49.6863 a b -0.0900211 12 0
0 0 54.2785 0 49.7133 a b -0.0952046 12 0
0 0 54.2742 0 49.7436 a b -0.099289 12 0
0 0 54.2708 0 49.7718 a b -0.0944069 12 0
0 0 54.2664 0 49.7985 a b -0.0879402 12 0
0 0 54.264 0 49.824 a b -0.083426 12 0
0 0 54.2653 0 49.8548 a b -0.0758731 12 0
0 0 54.2657 0 49.8787 a b -0.0676156 12 0
0 0 54.2614 0 49.9074 a b -0.0591422 12 0
0 0 54.2573 0 49.9356 a b -0.0487029 12 0
0 0 54.2536 0 49.961 a b -0.0414404 12 0
0 0 54.2557 0 49.9896 a b -0.0372149 12 0
0 0 54.2573 0 50.0199 a b -0.0318331 12 0
0 0 54.2556 0 50.043 a b -0.0305196 12 0
0 0 54.2511 0 50.0718 a b -0.0339284 12 0
0 0 54.2519 0 50.1059 a b -0.0331231 12 0
0 0 54.2487 0 50.1378 a b -0.0288737 12 0
0 0 54.2486 0 50.1638 a b -0.0255975 12 0
0 0 54.2457 0 50.1891 a b -0.0259138 12 0
0 0 54.2452 0 50.2188 a b -0.0270588 12 0
0 0 54.2447 0 50.2507 a b -0.0265442 12 0
0 0 54.2452 0 50.2811 a b -0.0231227 12 0
0 0 54.2455 0 50.3128 a b -0.0234647 12 0
0 0 54.2466 0 50.3466 a b -0.0239674 12 0
0 0 54.2409 0 50.3791 a b -0.0248894 12 0
0 0 54.2382 0 50.4079 a b -0.0232913 12 0
0 0 54.2391 0 50.4384 a b -0.023498 12 0
0 0 54.2369 0 50.4683 a b -0.0235198 12 0
0 0 54.2349 0 50.4997 a b -0.0191886 12 0
0 0 54.237 0 50.5256 a b -0.0176388 12 0
0 0 54.2376 0 50.551 a b -0.0215555 12 0
0 0 54.236 0 50.5764 a b -0.0253511 12 0
0 0 54.2325 0 50.6039 a b -0.0251908 12 0
0 0 54.2333 0 50.6313 a b -0.0239501 12 0
0 0 54.2319 0 50.6586 a b -0.0221078 12 0
0 0 54.2299 0 50.6822 a b -0.0210798 12 0
0 0 54.2257 0 50.7073 a b -0.0196781 12 0
0 0 54.2272 0 50.7367 a b -0.0191018 12 0
0 0 54.228 0 50.7662 a b -0.0232539 12 0
0 0 54.2221 0 50.7944 a b -0.0257672 12 0
0 0 54.2221 0 50.8269 a b -0.0237024 12 0
0 0 54.2252 0 50.8623 a b -0.0254529 12 0
0 0 54.2238 0 50.8902 a b -0.0285491 12 0
0 0 54.2217 0 50.9175 a b -0.028851 12 0
0 0 54.2209 0 50.948 a b -0.0320688 12 0
0 0 54.2165 0 50.9826 a b -0.0318143 12 0
0 0 54.2176 0 51.0102 a b -0.0314266 12 0
0 0 54.2166 0 51.0405 a b -0.0348853 12 0
0 0 54.2149 0 51.0705 a b -0.0365058 12 0
0 0 54.2133 0 51.0983 a b -0.036047 12 0
0 0 54.2108 0 51.1264 a b -0.0369717 12 0
0 0 54.2103 0 51.1527 a b -0.0377859 12 0
0 0 54.2082 0 51.1781 a b -0.0381873 12 0
0 0 54.2066 0 51.2054 a b -0.0370006 12 0
0 0 54.2071 0 51.2329 a b -0.0393823 12 0
0 0 54.2067 0 51.2602 a b -0.044799 12 0
0 0 54.2002 0 51.29 a b -0.0457054 12 0
0 0 54.1971 0 51.3206 a b -0.0418521 12 0
0 0 54.2 0 51.3526 a b -0.0436654 12 0
0 0 54.1978 0 51.3825 a b -0.0491304 12 0
0 0 54.1949 0 51.4081 a b -0.0517313 12 0
0 0 54.191 0 51.4375 a b -0.0504691 12 0
0 0 54.1916 0 51.4693 a b -0.0516644 12 0
0 0 54.1894 0 51.5008 a b -0.0520591 12 0
0 0 54.1877 0 51.5322 a b -0.0535992 12 0
0 0 54.1857 0 51.5646 a b -0.0554149 12 0
0 0 54.1839 0 51.5968 a b -0.0579668 12 0
0 0 54.1824 0 51.6249 a b -0.0579839 12 0
0 0 54.1791 0 51.6546 a b -0.0548651 12 0
0 0 54.1769 0 51.6869 a b -0.056463 12 0
0 0 54.1745 0 51.7146 a b -0.0622814 12 0
0 0 54.1712 0 51.731 a b -0.0652657 12 0
0 0 54.1655 0 51.7534 a b -0.0596645 12 0
0 0 54.1639 0 51.7831 a b -0.057587 12 0
0 0 54.1642 0 51.8053 a b -0.0590232 12 0
0 0 54.1663 0 51.8232 a b -0.0544707 12 0
0 0 54.1657 0 51.8524 a b -0.0479805 12 0
0 0 54.1636 0 51.88 a b -0.0431193 12 0
0 0 54.1635 0 51.9103 a b -0.0379463 12 0
0 0 54.1631 0 51.9378 a b -0.0327595 12 0
0 0 54.1647 0 51.9697 a b -0.0282381 12 0
0 0 54.164 0 51.9986 a b -0.0225966 12 0
0 0 54.1643 0 52.0302 a b -0.0159181 12 0
0 0 54.1646 0 52.0639 a b -0.0124752 12 0
0 0 54.1632 0 52.0983 a b -0.00931506 12 0
0 0 54.1625 0 52.1262 a b -0.00431131 12 0
0 0 54.1585 0 52.1569 a b -0.00246255 12 0
0 0 54.1548 0 52.185 a b -0.00410677 12 0
0 0 54.155 0 52.2132 a b -0.00156342 12 0
0 0 54.1526 0 52.2402 a b 0.000253726 12 0
0 0 54.1511 0 52.2696 a b -8.64566e-05 12 0
0 0 54.1468 0 52.2969 a b 0.00110707 12 0
0 0 54.1452 0 52.3233 a b 0.00218191 12 0
0 0 54.1439 0 52.3524 a b 0.00337167 12 0
0 0 54.1454 0 52.3797 a b 0.00564196 12 0
0 0 54.1445 0 52.4096 a b 0.00682871 12 0
0 0 54.1436 0 52.4399 a b 0.00526574 12 0
0 0 54.1438 0 52.4682 a b 0.00196532 12 0
0 0 54.1473 0 52.4987 a b 0.00264954 12 0
0 0 54.1449 0 52.5267 a b 0.00638322 12 0
0 0 54.1419 0 52.5578 a b 0.0076319 12 0
0 0 54.1407 0 52.5884 a b 0.00537791 12 0
0 0 54.1407 0 52.6173 a b 0.00449894 12 0
0 0 54.1373 0 52.6468 a b 0.00572073 12 0
0 0 54.1335 0 52.6769 a b 0.00460246 12 0
0 0 54.1333 0 52.7075 a b 0.00271621 12 0
0 0 54.1351 0 52.7378 a b 0.00153721 12 0
0 0 54.1343 0 52.7659 a b 0.00217833 12 0
0 0 54.1315 0 52.7979 a b 0.000603524 12 0
0 0 54.132 0 52.8274 a b -0.00151101 12 0
0 0 54.1326 0 52.8572 a b -0.0019675 12 0
0 0 54.1322 0 52.885 a b -0.000302301 12 0
0 0 54.1298 0 52.9139 a b 0.000124362 12 0
0 0 54.1279 0 52.9415 a b -0.00138571 12 0
0 0 54.1251 0 52.9674 a b -0.00354725 12 0
0 0 54.1284 0 52.9973 a b -0.00293359 12 0
0 0 54.1271 0 53.0229 a b -0.00278205 12 0
0 0 54.1263 0 53.0479 a b -0.00543975 12 0
0 0 54.1285 0 53.0767 a b -0.0063454 12 0
0 0 54.1298 0 53.1038 a b -0.0040246 12 0
0 0 54.1275 0 53.1304 a b -0.00311548 12 0
0 0 54.1245 0 53.1608 a b -0.00474704 12 0
0 0 54.1209 0 53.1934 a b -0.00578068 12 0
0 0 54.1207 0 53.2227 a b -0.00567863 12 0
0 0 54.1205 0 53.2509 a b -0.00690937 12 0
0 0 54.1177 0 53.2847 a b -0.00822114 12 0
0 0 54.1152 0 53.316 a b -0.00834029 12 0
0 0 54.1134 0 53.3463 a b -0.0103578 12 0
0 0 54.1131 0 53.3745 a b -0.0116488 12 0
0 0 54.1147 0 53.4072 a b -0.0133131 12 0
0 0 54.1154 0 53.4366 a b -0.0133823 12 0
0 0 54.1151 0 53.4644 a b -0.0155363 12 0
0 0 54.1132 0 53.4928 a b -0.0181704 12 0
0 0 54.1138 0 53.5199 a b -0.019492 12 0
0 0 54.1157 0 53.5467 a b -0.0240521 12 0
0 0 54.1187 0 53.5753 a b -0.0238957 12 0
0 0 54.1151 0 53.6009 a b -0.0216449 12 0
0 0 54.1157 0 53.6285 a b -0.0224414 12 0
0 0 54.1138 0 53.6579 a b -0.0227038 12 0
0 0 54.1118 0 53.689 a b -0.0234115 12 0
0 0 54.1088 0 53.719 a b -0.025099 12 0
0 0 54.1067 0 53.7511 a b -0.0265213 12 0
0 0 54.1056 0 53.7793 a b -0.0276739 12 0
0 0 54.1047 0 53.8093 a b -0.0293162 12 0
0 0 54.1035 0 53.8391 a b -0.0316069 12 0
0 0 54.1018 0 53.8667 a b -0.0316595 12 0
0 0 54.1043 0 53.8928 a b -0.0332888 12 0
0 0 54.1001 0 53.9221 a b -0.0347872 12 0
0 0 54.0963 0 53.9533 a b -0.0334452 12 0
0 0 54.0978 0 53.9845 a b -0.0351394 12 0
0 0 54.0984 0 54.0138 a b -0.0416876 12 0
0 0 54.0963 0 54.0415 a b -0.0398521 12 0
0 0 54.0937 0 54.0698 a b -0.0344061 12 0
0 0 54.0936 0 54.0977 a b -0.0306829 12 0
0 0 54.0928 0 54.1273 a b -0.0314679 12 0
0 0 54.0946 0 54.1516 a b -0.0378479 12 0
0 0 54.087 0 54.1795 a b -0.0424901 12 0
0 0 54.0799 0 54.2065 a b -0.0380918 12 0
0 0 54.0791 0 54.2364 a b -0.030693 12 0
0 0 54.0852 0 54.2659 a b -0.0342023 12 0
0 0 54.0846 0 54.2948 a b -0.0417198 12 0
0 0 54.0791 0 54.3221 a b -0.0465993 12 0
0 0 54.07 0 54.3541 a b -0.0441662 12 0
0 0 54.071 0 54.3865 a b -0.0424941 12 0
0 0 54.0741 0 54.4203 a b -0.0455556 12 0
0 0 54.0714 0 54.4509 a b -0.0475793 12 0
0 0 54.0701 0 54.4801 a b -0.048265 12 0
0 0 54.0715 0 54.5092 a b -0.0504308 12 0
0 0 54.0693 0 54.5371 a b -0.0508962 12 0
0 0 54.0678 0 54.5646 a b -0.0486711 12 0
0 0 54.0646 0 54.5976 a b -0.0476082 12 0
0 0 54.0669 0 54.6263 a b -0.0555874 12 0
0 0 54.0644 0 54.6414 a b -0.0609861 12 0
0 0 54.0628 0 54.664 a b -0.0524091 12 0
0 0 54.0651 0 54.6895 a b -0.0378866 12 0
0 0 54.0626 0 54.721 a b -0.0275921 12 0
0 0 54.0607 0 54.7484 a b -0.024963 12 0
0 0 54.057 0 54.7713 a b -0.0182466 12 0
0 0 54.0582 0 54.7984 a b -0.00552445 12 0
0 0 54.0598 0 54.828 a b 0.000996834 12 0
0 0 54.0604 0 54.8537 a b 0.00800657 12 0
0 0 54.0618 0 54.8796 a b 0.019748 12 0
0 0 54.062 0 54.9122 a b 0.0285545 12 0
0 0 54.0647 0 54.9483 a b 0.0336947 12 0
0 0 54.0673 0 54.9813 a b 0.0396293 12 0
0 0 54.0677 0 55.0113 a b 0.043566 12 0
0 0 54.0667 0 55.0454 a b 0.0433117 12 0
0 0 54.0676 0 55.0766 a b 0.0418629 12 0
0 0 54.0731 0 55.1009 a b 0.0456625 12 0
0 0 54.0736 0 55.1279 a b 0.0538066 12 0
0 0 54.0734 0 55.1603 a b 0.0581003 12 0
0 0 54.0746 0 55.1922 a b 0.0581279 12 0
0 0 54.077 0 55.2196 a b 0.0572242 12 0
0 0 54.0781 0 55.2498 a b 0.0601463 12 0
0 0 54.08 0 55.2807 a b 0.0628748 12 0
0 0 54.0792 0 55.313 a b 0.060532 12 0
0 0 54.0797 0 55.34 a b 0.0627165 12 0
0 0 54.0773 0 55.3661 a b 0.0669488 12 0
0 0 54.0759 0 55.3941 a b 0.0646246 12 0
0 0 54.0772 0 55.4196 a b 0.0632038 12 0
0 0 54.0817 0 55.4435 a b 0.0653932 12 0
0 0 54.0817 0 55.4628 a b 0.0682028 12 0
0 0 54.0821 0 55.4913 a b 0.0651316 12 0
0 0 54.0817 0 55.5169 a b 0.0626358 12 0
0 0 54.0823 0 55.5444 a b 0.0645843 12 0
0 0 54.0812 0 55.5723 a b 0.0658549 12 0
0 0 54.0798 0 55.602 a b 0.063961 12 0
0 0 54.0829 0 55.632 a b 0.0609892 12 0
0 0 54.0842 0 55.665 a b 0.0589222 12 0
0 0 54.088 0 55.6991 a b 0.059218 12 0
0 0 54.0902 0 55.7329 a b 0.0595181 12 0
0 0 54.0886 0 55.7628 a b 0.0616786 12 0
0 0 54.0842 0 55.794 a b 0.0628036 12 0
0 0 54.0847 0 55.829 a b 0.0556964 12 0
0 0 54.087 0 55.863 a b 0.0494531 12 0
0 0 54.0905 0 55.889 a b 0.0476626 12 0
0 0 54.0902 0 55.9194 a b 0.0423714 12 0
0 0 54.0977 0 55.9467 a b 0.0383442 12 0
0 0 54.1028 0 55.9689 a b 0.0438137 12 0
0 0 54.1009 0 55.9913 a b 0.048785 12 0
0 0 54.0949 0 56.0156 a b 0.0500816 12 0
0 0 54.0905 0 56.0448 a b 0.0458888 12 0
0 0 54.0923 0 56.0759 a b 0.0388206 12 0
0 0 54.0943 0 56.1062 a b 0.0379373 12 0
0 0 54.0984 0 56.1425 a b 0.0404379 12 0
0 0 54.1002 0 56.1707 a b 0.0404084 12 0
0 0 54.1001 0 56.2048 a b 0.0345675 12 0
0 0 54.1037 0 56.2426 a b 0.0325085 12 0
0 0 54.1041 0 56.2735 a b 0.0344098 12 0
0 0 54.1031 0 56.304 a b 0.0340278 12 0
0 0 54.1037 0 56.3377 a b 0.0317657 12 0
0 0 54.1038 0 56.3713 a b 0.0298439 12 0
0 0 54.1039 0 56.4004 a b 0.0288212 12 0
0 0 54.1041 0 56.4336 a b 0.0286262 12 0
0 0 54.1017 0 56.4663 a b 0.025843 12 0
0 0 54.1016 0 56.5008 a b 0.0247739 12 0
0 0 54.1003 0 56.528 a b 0.0272952 12 0
0 0 54.1024 0 56.5525 a b 0.0294966 12 0
0 0 54.1025 0 56.5679 a b 0.0265313 12 0
0 0 54.1033 0 56.5878 a b 0.0169317 12 0
0 0 54.1066 0 56.6197 a b 0.0139028 12 0
0 0 54.1069 0 56.6385 a b 0.0194967 12 0
0 0 54.1097 0 56.6543 a b 0.0214642 12 0
0 0 54.1109 0 56.6709 a b 0.0190168 12 0
0 0 54.11 0 56.697 a b 0.017303 12 0
0 0 54.1086 0 56.7177 a b 0.0160042 12 0
0 0 54.1083 0 56.7399 a b 0.0104319 12 0
0 0 54.1053 0 56.772 a b 0.0103375 12 0
0 0 54.1054 0 56.8097 a b 0.0152107 12 0
0 0 54.1098 0 56.8379 a b 0.0130439 12 0
0 0 54.1096 0 56.8738 a b 0.0061125 12 0
0 0 54.1082 0 56.9091 a b 0.00724791 12 0
0 0 54.1049 0 56.9493 a b 0.0141875 12 0
0 0 54.1033 0 56.9875 a b 0.0135874 12 0
0 0 54.0994 0 57.0178 a b 0.00646385 12 0
0 0 54.0959 0 57.0485 a b -0.0025158 12 0
0 0 54.0964 0 57.0819 a b -0.00671581 12 0
0 0 54.1041 0 57.1067 a b -0.00861688 12 0
0 0 54.1069 0 57.128 a b -0.00615498 12 0
0 0 54.1072 0 57.1496 a b -0.00441897 12 0
0 0 54.1018 0 57.1699 a b 0.00253991 12 0
0 0 54.1008 0 57.1998 a b 0.00476982 12 0
0 0 54.1009 0 57.2269 a b -0.00744166 12 0
0 0 54.094 0 57.2513 a b -0.017413 12 0
0 0 54.0886 0 57.2812 a b -0.0137672 12 0
0 0 54.0928 0 57.3146 a b -0.00473191 12 0
0 0 54.0965 0 57.3528 a b -0.00320377 12 0
0 0 54.1 0 57.3855 a b -0.0117452 12 0
0 0 54.0928 0 57.4132 a b -0.0169271 12 0
0 0 54.0851 0 57.4443 a b -0.0138187 12 0
0 0 54.0842 0 57.4785 a b -0.0115017 12 0
0 0 54.0829 0 57.5086 a b -0.00655987 12 0
0 0 54.0845 0 57.5362 a b 0.00452942 12 0
0 0 54.0881 0 57.5674 a b 0.0155975 12 0
0 0 54.0906 0 57.6006 a b 0.0255891 12 0
0 0 54.0913 0 57.63 a b 0.0347678 12 0
0 0 54.0908 0 57.6524 a b 0.0463101 12 0
0 0 54.0917 0 57.6785 a b 0.0568376 12 0
0 0 54.0942 0 57.7045 a b 0.0649247 12 0
0 0 54.0972 0 57.7329 a b 0.0721778 12 0
0 0 54.0988 0 57.758 a b 0.0761636 12 0
0 0 54.101 0 57.7851 a b 0.0793543 12 0
0 0 54.1022 0 57.811 a b 0.0831634 12 0
0 0 54.1067 0 57.8397 a b 0.0874378 12 0
0 0 54.1072 0 57.8681 a b 0.0891777 12 0
0 0 54.1092 0 57.9008 a b 0.0919351 12 0
0 0 54.1081 0 57.9321 a b 0.0971733 12 0
0 0 54.1099 0 57.9646 a b 0.0992164 12 0
0 0 54.1106 0 57.9903 a b 0.101061 12 0
0 0 54.1095 0 58.0202 a b 0.103182 12 0
0 0 54.1098 0 58.0537 a b 0.106459 12 0
0 0 54.1118 0 58.0874 a b 0.108592 12 0
0 0 54.1127 0 58.1225 a b 0.111084 12 0
0 0 54.117 0 58.1565 a b 0.112476 12 0
0 0 54.1227 0 58.1844 a b 0.109861 12 0
0 0 54.1256 0 58.2163 a b 0.108754 12 0
0 0 54.1276 0 58.2479 a b 0.111284 12 0
0 0 54.1294 0 58.2788 a b 0.110227 12 0
0 0 54.1323 0 58.3072 a b 0.108692 12 0
0 0 54.134 0 58.3346 a b 0.107614 12 0
0 0 54.1347 0 58.3665 a b 0.107767 12 0
0 0 54.1376 0 58.3943 a b 0.105834 12 0
0 0 54.1403 0 58.4228 a b 0.101522 12 0
0 0 54.1457 0 58.4442 a b 0.098895 12 0
0 0 54.1506 0 58.4639 a b 0.0998481 12 0
0 0 54.15 0 58.4877 a b 0.100543 12 0
0 0 54.1473 0 58.5146 a b 0.0963179 12 0
0 0 54.1487 0 58.539 a b 0.0902005 12 0
0 0 54.1511 0 58.5639 a b 0.0853519 12 0
0 0 54.1532 0 58.5844 a b 0.0787887 12 0
0 0 54.151 0 58.6182 a b 0.0702685 12 0
0 0 54.1498 0 58.6513 a b 0.0606046 12 0
0 0 54.1488 0 58.6848 a b 0.0518177 12 0
0 0 54.1479 0 58.7169 a b 0.0451622 12 0
0 0 54.1482 0 58.7508 a b 0.0363668 12 0
0 0 54.1507 0 58.7823 a b 0.0290266 12 0
0 0 54.1526 0 58.8183 a b 0.0267195 12 0
0 0 54.1515 0 58.8522 a b 0.02591 12 0
0 0 54.15 0 58.8828 a b 0.0206745 12 0
0 0 54.1515 0 58.9085 a b 0.0141551 12 0
0 0 54.1486 0 58.9327 a b 0.00941129 12 0
0 0 54.1478 0 58.9589 a b 0.00280788 12 0
0 0 54.1475 0 58.9836 a b -0.00207765 12 0
0 0 54.1497 0 59.0041 a b -0.00707509 12 0
0 0 54.1484 0 59.0264 a b -0.00970984 12 0
0 0 54.1489 0 59.0527 a b -0.0122641 12 0
0 0 54.1495 0 59.0735 a b -0.0138913 12 0
0 0 54.1476 0 59.0998 a b -0.0196966 12 0
0 0 54.1481 0 59.1312 a b -0.025041 12 0
0 0 54.1473 0 59.1638 a b -0.026797 12 0
0 0 54.144 0 59.1963 a b -0.0251832 12 0
0 0 54.1395 0 59.2272 a b -0.0300423 12 0
0 0 54.1388 0 59.2619 a b -0.038393 12 0
0 0 54.1397 0 59.2992 a b -0.0412179 12 0
0 0 54.1349 0 59.3325 a b -0.0375806 12 0
0 0 54.1287 0 59.3582 a b -0.0434823 12 0
0 0 54.1286 0 59.3858 a b -0.0548754 12 0
0 0 54.1302 0 59.4205 a b -0.0582147 12 0
0 0 54.1281 0 59.4425 a b -0.0470256 12 0
0 0 54.1225 0 59.4597 a b -0.0444376 12 0
0 0 54.1195 0 59.4773 a b -0.0540543 12 0
0 0 54.1168 0 59.5062 a b -0.0654765 12 0
0 0 54.1178 0 59.5466 a b -0.0610826 12 0
0 0 54.1136 0 59.5691 a b -0.0540764 12 0
0 0 54.1117 0 59.5836 a b -0.0586284 12 0
0 0 54.1071 0 59.6068 a b -0.0725506 12 0
0 0 54.1044 0 59.6506 a b -0.0776601 12 0
0 0 54.1033 0 59.6853 a b -0.0689796 12 0
0 0 54.0981 0 59.704 a b -0.0659641 12 0
0 0 54.0926 0 59.7294 a b -0.0761097 12 0
0 0 54.0918 0 59.7713 a b -0.0819209 12 0
0 0 54.0923 0 59.8063 a b -0.0783913 12 0
0 0 54.087 0 59.8348 a b -0.0773594 12 0
0 0 54.0822 0 59.8576 a b -0.075866 12 0
0 0 54.0813 0 59.8794 a b -0.0760049 12 0
0 0 54.083 0 59.9076 a b -0.0721177 12 0
0 0 54.0829 0 59.9322 a b -0.064622 12 0
0 0 54.08 0 59.9517 a b -0.0562136 12 0
0 0 54.077 0 59.976 a b -0.0556096 12 0
0 0 54.0729 0 60.0135 a b -0.05105 12 0
0 0 54.072 0 60.0476 a b -0.0406932 12 0
0 0 54.0675 0 60.0776 a b -0.0361929 12 0
0 0 54.0639 0 60.1052 a b -0.0345861 12 0
0 0 54.0586 0 60.1381 a b -0.033454 12 0
0 0 54.0581 0 60.1691 a b -0.030203 12 0
0 0 54.0568 0 60.2001 a b -0.0285062 12 0
0 0 54.0496 0 60.2363 a b -0.0246045 12 0
0 0 54.0477 0 60.2713 a b -0.0217904 12 0
0 0 54.0417 0 60.3067 a b -0.0214517 12 0
0 0 54.0373 0 60.3355 a b -0.0185857 12 0
0 0 54.0396 0 60.3608 a b -0.017066 12 0
0 0 54.0442 0 60.3865 a b -0.0209879 12 0
0 0 54.0433 0 60.4132 a b -0.0225344 12 0
0 0 54.0407 0 60.4376 a b -0.0219839 12 0
0 0 54.0388 0 60.4617 a b -0.0163322 12 0
0 0 54.0413 0 60.4876 a b -0.0119179 12 0
0 0 54.0409 0 60.5216 a b -0.0134964 12 0
0 0 54.0395 0 60.5555 a b -0.0150942 12 0
0 0 54.0297 0 60.5896 a b -0.011034 12 0
0 0 54.0301 0 60.6254 a b -0.00468063 12 0
0 0 54.0314 0 60.6592 a b -0.00507232 12 0
0 0 54.031 0 60.6912 a b -0.0100674 12 0
0 0 54.0245 0 60.7192 a b -0.00732243 12 0
0 0 54.0216 0 60.7464 a b -0.000194039 12 0
0 0 54.0257 0 60.7763 a b -0.000207356 12 0
0 0 54.0307 0 60.8076 a b -0.00851333 12 0
0 0 54.0303 0 60.8361 a b -0.0170268 12 0
0 0 54.0293 0 60.8561 a b -0.0159376 12 0
0 0 54.0335 0 60.8765 a b -0.00901465 12 0
0 0 54.0345 0 60.8997 a b -0.00374442 12 0
0 0 54.0362 0 60.9245 a b -0.00384012 12 0
0 0 54.0291 0 60.9502 a b -0.00694406 12 0
0 0 54.023 0 60.9723 a b -0.00805134 12 0
0 0 54.0219 0 60.9911 a b -0.0054964 12 0
0 0 54.0267 0 61.0126 a b -0.00503696 12 0
0 0 54.0258 0 61.0348 a b -0.00350667 12 0
0 0 54.0213 0 61.069 a b -0.00425273 12 0
0 0 54.0179 0 61.1027 a b -0.00428314 12 0
0 0 54.0165 0 61.1342 a b -0.00553131 12 0
0 0 54.0163 0 61.1662 a b -0.00407857 12 0
0 0 54.0108 0 61.1994 a b -0.00500752 12 0
0 0 54.0136 0 61.2337 a b -0.00451499 12 0
0 0 54.0126 0 61.2724 a b -0.00354064 12 0
0 0 54.0096 0 61.3026 a b -0.00619582 12 0
0 0 54.0125 0 61.3343 a b -0.00839878 12 0
0 0 54.014 0 61.3689 a b -0.00619427 12 0
0 0 54.0141 0 61.4039 a b -0.00488461 12 0
0 0 54.0162 0 61.4347 a b -0.00715473 12 0
0 0 54.0162 0 61.4674 a b -0.0123316 12 0
0 0 54.016 0 61.4893 a b -0.0197182 12 0
0 0 54.0192 0 61.5028 a b -0.0135388 12 0
0 0 54.0117 0 61.5228 a b -0.00244916 12 0
0 0 54.0078 0 61.5499 a b -0.00320299 12 0
0 0 54.0068 0 61.5789 a b -0.0114472 12 0
0 0 54.0107 0 61.6014 a b -0.0183674 12 0
0 0 54.0098 0 61.6252 a b -0.0124255 12 0
0 0 54.0034 0 61.6559 a b -0.00438505 12 0
0 0 53.9959 0 61.6953 a b -0.00497615 12 0
0 0 53.9929 0 61.7333 a b -0.0135104 12 0
0 0 53.9984 0 61.765 a b -0.0164943 12 0
0 0 53.9996 0 61.7962 a b -0.00985552 12 0
0 0 53.9952 0 61.8353 a b -0.00382987 12 0
0 0 53.99 0 61.8697 a b -0.00250634 12 0
0 0 53.9852 0 61.9015 a b -0.00898186 12 0
0 0 53.9892 0 61.9208 a b -0.0290679 12 0
