0 0 61.1661 0 27.6368 a b 0.0559562 13 0
0 0 61.1589 0 27.6407 a b 0.0217978 13 0
0 0 61.192 0 27.6401 a b -0.0171299 13 0
0 0 61.1973 0 27.6483 a b 0.000126896 13 0
0 0 61.1988 0 27.6589 a b 0.00521855 13 0
0 0 61.2105 0 27.6569 a b 0.00434583 13 0
0 0 61.2115 0 27.6809 a b 0.000686938 13 0
0 0 61.212 0 27.7017 a b -0.00114351 13 0
0 0 61.2092 0 27.7239 a b -0.00327756 13 0
0 0 61.2077 0 27.7625 a b -0.00344621 13 0
0 0 61.2028 0 27.8079 a b -0.00109454 13 0
0 0 61.2023 0 27.8509 a b -0.00155616 13 0
0 0 61.2106 0 27.8915 a b 0.00464828 13 0
0 0 61.2141 0 27.9467 a b 0.00819515 13 0
0 0 61.2039 0 28.0001 a b 0.00767482 13 0
0 0 61.2032 0 28.0406 a b 0.00774763 13 0
0 0 61.203 0 28.074 a b 0.00935807 13 0
0 0 61.2041 0 28.1025 a b 0.00955113 13 0
0 0 61.1989 0 28.1394 a b 0.00907565 13 0
0 0 61.194 0 28.1706 a b 0.00864583 13 0
0 0 61.1969 0 28.1955 a b 0.00893536 13 0
0 0 61.1973 0 28.2154 a b 0.00907831 13 0
0 0 61.1914 0 28.2398 a b 0.00900909 13 0
0 0 61.1914 0 28.2598 a b 0.00822596 13 0
0 0 61.1946 0 28.276 a b 0.00680035 13 0
0 0 61.1927 0 28.3025 a b 0.0070044 13 0
0 0 61.1896 0 28.3254 a b 0.00909119 13 0
0 0 61.1915 0 28.3517 a b 0.0107176 13 0
0 0 61.1858 0 28.3708 a b 0.0142039 13 0
0 0 61.1836 0 28.4012 a b 0.0136448 13 0
0 0 61.1809 0 28.4338 a b 0.017307 13 0
0 0 61.1845 0 28.4554 a b 0.0171336 13 0
0 0 61.191 0 28.4879 a b 0.0151246 13 0
0 0 61.1914 0 28.5241 a b 0.0235637 13 0
0 0 61.1867 0 28.5616 a b 0.0368763 13 0
0 0 61.176 0 28.5891 a b 0.0409893 13 0
0 0 61.1698 0 28.6097 a b 0.0365637 13 0
0 0 61.1625 0 28.637 a b 0.0362726 13 0
0 0 61.1729 0 28.6701 a b 0.0390901 13 0
0 0 61.1806 0 28.6986 a b 0.0436523 13 0
0 0 61.1878 0 28.7335 a b 0.0469975 13 0
0 0 61.1892 0 28.7608 a b 0.0511788 13 0
0 0 61.1834 0 28.7827 a b 0.0501472 13 0
0 0 61.1765 0 28.8117 a b 0.0507509 13 0
0 0 61.1826 0 28.8379 a b 0.0506214 13 0
0 0 61.19 0 28.8579 a b 0.0526701 13 0
0 0 61.1899 0 28.8934 a b 0.052496 13 0
0 0 61.1939 0 28.9177 a b 0.0556489 13 0
0 0 61.1886 0 28.9425 a b 0.056192 13 0
0 0 61.1881 0 28.9708 a b 0.051945 13 0
0 0 61.1897 0 29.0017 a b 0.0583116 13 0
0 0 61.189 0 29.0355 a b 0.075341 13 0
0 0 61.1895 0 29.0742 a b 0.0818345 13 0
0 0 61.1936 0 29.1049 a b 0.0747157 13 0
0 0 61.1913 0 29.1306 a b 0.0673027 13 0
0 0 61.1814 0 29.1555 a b 0.0667917 13 0
0 0 61.1838 0 29.1858 a b 0.0737479 13 0
0 0 61.1878 0 29.2177 a b 0.080558 13 0
0 0 61.1982 0 29.2494 a b 0.0786576 13 0
0 0 61.2003 0 29.2806 a b 0.0699131 13 0
0 0 61.1978 0 29.3005 a b 0.066124 13 0
0 0 61.1952 0 29.3207 a b 0.0697901 13 0
0 0 61.1999 0 29.3531 a b 0.0736706 13 0
0 0 61.2109 0 29.3818 a b 0.0681849 13 0
0 0 61.2079 0 29.4035 a b 0.0671151 13 0
0 0 61.21 0 29.4237 a b 0.0743019 13 0
0 0 61.2117 0 29.4529 a b 0.0778789 13 0
0 0 61.2203 0 29.4834 a b 0.0771171 13 0
0 0 61.2166 0 29.5143 a b 0.0747544 13 0
0 0 61.2061 0 29.5513 a b 0.0744507 13 0
0 0 61.2025 0 29.5809 a b 0.0794657 13 0
0 0 61.2092 0 29.611 a b 0.0841188 13 0
0 0 61.2119 0 29.6412 a b 0.086094 13 0
0 0 61.2134 0 29.6722 a b 0.0852923 13 0
0 0 61.2159 0 29.7035 a b 0.0847662 13 0
0 0 61.2116 0 29.7344 a b 0.078732 13 0
0 0 61.2122 0 29.7651 a b 0.0747516 13 0
0 0 61.217 0 29.7967 a b 0.0789609 13 0
0 0 61.2136 0 29.8227 a b 0.0817127 13 0
0 0 61.2177 0 29.8509 a b 0.0768242 13 0
0 0 61.2223 0 29.8734 a b 0.071408 13 0
0 0 61.2224 0 29.9004 a b 0.0693234 13 0
0 0 61.2184 0 29.9211 a b 0.0730271 13 0
0 0 61.2206 0 29.952 a b 0.0723318 13 0
0 0 61.2262 0 29.9822 a b 0.0661688 13 0
0 0 61.226 0 30.0034 a b 0.0605325 13 0
0 0 61.2221 0 30.0254 a b 0.0601672 13 0
0 0 61.221 0 30.0521 a b 0.0616673 13 0
0 0 61.2226 0 30.085 a b 0.0620103 13 0
0 0 61.2224 0 30.1082 a b 0.0610301 13 0
0 0 61.2289 0 30.1353 a b 0.0546426 13 0
0 0 61.2222 0 30.1578 a b 0.0457697 13 0
0 0 61.2167 0 30.1867 a b 0.0447526 13 0
0 0 61.2223 0 30.217 a b 0.0442191 13 0
0 0 61.2241 0 30.2478 a b 0.0423663 13 0
0 0 61.2242 0 30.2805 a b 0.0398198 13 0
0 0 61.2292 0 30.3135 a b 0.0335262 13 0
0 0 61.2297 0 30.3403 a b 0.0325468 13 0
0 0 61.2388 0 30.3729 a b 0.0330148 13 0
0 0 61.2399 0 30.4032 a b 0.0309701 13 0
0 0 61.2361 0 30.4311 a b 0.0303326 13 0
0 0 61.2321 0 30.4577 a b 0.0272204 13 0
0 0 61.2296 0 30.4819 a b 0.0241536 13 0
0 0 61.2276 0 30.5072 a b 0.0224123 13 0
0 0 61.231 0 30.5379 a b 0.0209802 13 0
0 0 61.2331 0 30.5637 a b 0.019373 13 0
0 0 61.2323 0 30.5861 a b 0.0168838 13 0
0 0 61.2329 0 30.6112 a b 0.0141262 13 0
0 0 61.2306 0 30.6383 a b 0.00757816 13 0
0 0 61.2259 0 30.6645 a b 0.0100282 13 0
0 0 61.2272 0 30.7009 a b 0.0117702 13 0
0 0 61.2249 0 30.7388 a b 0.0054926 13 0
0 0 61.2215 0 30.7735 a b -0.00239706 13 0
0 0 61.2155 0 30.8104 a b -0.0015426 13 0
0 0 61.2163 0 30.8453 a b 0.00250398 13 0
0 0 61.2185 0 30.8863 a b 0.000864577 13 0
0 0 61.2136 0 30.917 a b -0.00201122 13 0
0 0 61.2106 0 30.9488 a b -0.00657475 13 0
0 0 61.2068 0 30.9788 a b -0.0102899 13 0
0 0 61.2063 0 31.0058 a b -0.0158032 13 0
0 0 61.2083 0 31.0381 a b -0.0196372 13 0
0 0 61.2101 0 31.0607 a b -0.0164254 13 0
0 0 61.2053 0 31.0808 a b -0.0156252 13 0
0 0 61.2048 0 31.1085 a b -0.0199838 13 0
0 0 61.2036 0 31.1339 a b -0.022673 13 0
0 0 61.2058 0 31.1615 a b -0.0226891 13 0
0 0 61.1993 0 31.19 a b -0.0237446 13 0
0 0 61.1933 0 31.2182 a b -0.028017 13 0
0 0 61.1904 0 31.2439 a b -0.031659 13 0
0 0 61.1933 0 31.2796 a b -0.0309348 13 0
0 0 61.1906 0 31.3105 a b -0.0319729 13 0
0 0 61.1863 0 31.3422 a b -0.0364491 13 0
0 0 61.1885 0 31.3748 a b -0.038474 13 0
0 0 61.1872 0 31.4053 a b -0.0348857 13 0
0 0 61.1744 0 31.4337 a b -0.0380134 13 0
0 0 61.1584 0 31.4555 a b -0.0424104 13 0
0 0 61.1616 0 31.4835 a b -0.0430512 13 0
0 0 61.1642 0 31.5111 a b -0.0417209 13 0
0 0 61.1618 0 31.5345 a b -0.0431609 13 0
0 0 61.154 0 31.5586 a b -0.0457497 13 0
0 0 61.1562 0 31.5851 a b -0.048137 13 0
0 0 61.1587 0 31.6135 a b -0.0431529 13 0
0 0 61.1572 0 31.64 a b -0.0373753 13 0
0 0 61.1554 0 31.664 a b -0.037076 13 0
0 0 61.1621 0 31.698 a b -0.0364102 13 0
0 0 61.176 0 31.7337 a b -0.0255295 13 0
0 0 61.1791 0 31.7615 a b -0.0117421 13 0
0 0 61.176 0 31.7898 a b -0.000814569 13 0
0 0 61.1739 0 31.8198 a b 0.00644909 13 0
0 0 61.1734 0 31.8498 a b 0.0190191 13 0
0 0 61.1632 0 31.8729 a b 0.0279554 13 0
0 0 61.1532 0 31.8953 a b 0.0304152 13 0
0 0 61.1456 0 31.923 a b 0.0276196 13 0
0 0 61.1437 0 31.9491 a b 0.0286433 13 0
0 0 61.1451 0 31.9731 a b 0.0341226 13 0
0 0 61.1477 0 31.9975 a b 0.0403865 13 0
0 0 61.1506 0 32.0235 a b 0.0415954 13 0
0 0 61.1521 0 32.0495 a b 0.0376649 13 0
0 0 61.1617 0 32.0813 a b 0.0350685 13 0
0 0 61.1762 0 32.1121 a b 0.0382468 13 0
0 0 61.1828 0 32.1415 a b 0.0446224 13 0
0 0 61.1752 0 32.1657 a b 0.0492668 13 0
0 0 61.1677 0 32.1877 a b 0.0479264 13 0
0 0 61.1635 0 32.2217 a b 0.0487295 13 0
0 0 61.1589 0 32.2536 a b 0.0535841 13 0
0 0 61.1648 0 32.2852 a b 0.0549051 13 0
0 0 61.1681 0 32.3183 a b 0.0549486 13 0
0 0 61.1678 0 32.349 a b 0.05563 13 0
0 0 61.1648 0 32.3777 a b 0.0565555 13 0
0 0 61.1599 0 32.4074 a b 0.0583339 13 0
0 0 61.1531 0 32.437 a b 0.06026 13 0
0 0 61.1541 0 32.4694 a b 0.0630314 13 0
0 0 61.1553 0 32.4978 a b 0.0631849 13 0
0 0 61.1609 0 32.5222 a b 0.059013 13 0
0 0 61.172 0 32.549 a b 0.0521471 13 0
0 0 61.18 0 32.576 a b 0.0524245 13 0
0 0 61.1839 0 32.6054 a b 0.0568658 13 0
0 0 61.186 0 32.6348 a b 0.0586689 13 0
0 0 61.181 0 32.6625 a b 0.0598566 13 0
0 0 61.1771 0 32.688 a b 0.0612359 13 0
0 0 61.1757 0 32.7225 a b 0.0601953 13 0
0 0 61.183 0 32.759 a b 0.0592058 13 0
0 0 61.1904 0 32.7922 a b 0.0564226 13 0
0 0 61.1894 0 32.8218 a b 0.0596018 13 0
0 0 61.1915 0 32.8524 a b 0.0593963 13 0
0 0 61.1892 0 32.8843 a b 0.0583585 13 0
0 0 61.19 0 32.9116 a b 0.0617827 13 0
0 0 61.1881 0 32.9361 a b 0.0680078 13 0
0 0 61.191 0 32.9675 a b 0.0716461 13 0
0 0 61.196 0 33.0039 a b 0.0679902 13 0
0 0 61.1951 0 33.0251 a b 0.0601856 13 0
0 0 61.1915 0 33.0496 a b 0.0661222 13 0
0 0 61.1915 0 33.0791 a b 0.0752362 13 0
0 0 61.1989 0 33.1135 a b 0.0762254 13 0
0 0 61.2017 0 33.1432 a b 0.0702829 13 0
0 0 61.2005 0 33.1703 a b 0.0674753 13 0
0 0 61.1987 0 33.2006 a b 0.0691418 13 0
0 0 61.2036 0 33.233 a b 0.0689965 13 0
0 0 61.2061 0 33.2569 a b 0.0682129 13 0
0 0 61.2025 0 33.2838 a b 0.0713629 13 0
0 0 61.2063 0 33.3188 a b 0.076129 13 0
0 0 61.2093 0 33.3484 a b 0.074895 13 0
0 0 61.2077 0 33.3755 a b 0.0665891 13 0
0 0 61.2025 0 33.4014 a b 0.0683988 13 0
0 0 61.2033 0 33.4322 a b 0.078801 13 0
0 0 61.2095 0 33.4713 a b 0.0854625 13 0
0 0 61.219 0 33.5063 a b 0.0789117 13 0
0 0 61.215 0 33.5367 a b 0.0700997 13 0
0 0 61.2116 0 33.569 a b 0.0721232 13 0
0 0 61.2139 0 33.6009 a b 0.083256 13 0
0 0 61.2169 0 33.6351 a b 0.0877272 13 0
0 0 61.2222 0 33.6678 a b 0.0817282 13 0
0 0 61.2248 0 33.6951 a b 0.0732298 13 0
0 0 61.2287 0 33.7224 a b 0.0747736 13 0
0 0 61.2261 0 33.7469 a b 0.0857856 13 0
0 0 61.2355 0 33.7782 a b 0.0882714 13 0
0 0 61.2462 0 33.8044 a b 0.0801988 13 0
0 0 61.2422 0 33.8152 a b 0.0762902 13 0
0 0 61.2406 0 33.8357 a b 0.0771207 13 0
0 0 61.2494 0 33.8643 a b 0.0708757 13 0
0 0 61.2503 0 33.8922 a b 0.0621103 13 0
0 0 61.2497 0 33.9136 a b 0.0549411 13 0
0 0 61.245 0 33.9438 a b 0.049036 13 0
0 0 61.2475 0 33.9812 a b 0.0376182 13 0
0 0 61.2468 0 34.0099 a b 0.0194488 13 0
0 0 61.2456 0 34.0384 a b 0.00894044 13 0
0 0 61.2436 0 34.0691 a b 0.00183367 13 0
0 0 61.2403 0 34.1049 a b -0.00256433 13 0
0 0 61.2395 0 34.135 a b -0.00998434 13 0
0 0 61.2389 0 34.1646 a b -0.0134373 13 0
0 0 61.2371 0 34.1937 a b -0.0147454 13 0
0 0 61.2384 0 34.2189 a b -0.0194932 13 0
0 0 61.2374 0 34.2403 a b -0.0212542 13 0
0 0 61.2371 0 34.2615 a b -0.0231976 13 0
0 0 61.2299 0 34.2813 a b -0.025362 13 0
0 0 61.2269 0 34.3014 a b -0.0314264 13 0
0 0 61.2278 0 34.3237 a b -0.0326935 13 0
0 0 61.2249 0 34.3412 a b -0.0286255 13 0
0 0 61.2219 0 34.3707 a b -0.0324553 13 0
0 0 61.2179 0 34.403 a b -0.0384403 13 0
0 0 61.2242 0 34.4329 a b -0.0389257 13 0
0 0 61.211 0 34.4643 a b -0.0354827 13 0
0 0 61.2085 0 34.5034 a b -0.0425523 13 0
0 0 61.2094 0 34.5439 a b -0.045338 13 0
0 0 61.2067 0 34.5892 a b -0.0456393 13 0
0 0 61.21 0 34.6227 a b -0.0456596 13 0
0 0 61.2092 0 34.6554 a b -0.0445544 13 0
0 0 61.2108 0 34.6846 a b -0.0421108 13 0
0 0 61.2093 0 34.716 a b -0.0444721 13 0
0 0 61.2082 0 34.7416 a b -0.0482828 13 0
0 0 61.2085 0 34.7697 a b -0.050046 13 0
0 0 61.2074 0 34.7933 a b -0.0442199 13 0
0 0 61.2007 0 34.8149 a b -0.0468148 13 0
0 0 61.1987 0 34.8389 a b -0.0500153 13 0
0 0 61.2 0 34.865 a b -0.0498262 13 0
0 0 61.1944 0 34.8947 a b -0.0513518 13 0
0 0 61.1973 0 34.9341 a b -0.0545337 13 0
0 0 61.2001 0 34.9705 a b -0.0536796 13 0
0 0 61.1973 0 35.0039 a b -0.0528726 13 0
0 0 61.1934 0 35.0403 a b -0.055596 13 0
0 0 61.1911 0 35.0756 a b -0.0566439 13 0
0 0 61.1867 0 35.11 a b -0.0567252 13 0
0 0 61.1844 0 35.1402 a b -0.0541687 13 0
0 0 61.1825 0 35.1739 a b -0.0537508 13 0
0 0 61.1792 0 35.2021 a b -0.0548263 13 0
0 0 61.1798 0 35.2288 a b -0.0581253 13 0
0 0 61.177 0 35.2582 a b -0.0581127 13 0
0 0 61.174 0 35.2891 a b -0.0510092 13 0
0 0 61.1715 0 35.316 a b -0.0415866 13 0
0 0 61.1707 0 35.3359 a b -0.0370422 13 0
0 0 61.1681 0 35.3574 a b -0.037814 13 0
0 0 61.1692 0 35.3792 a b -0.0386439 13 0
0 0 61.1684 0 35.4059 a b -0.0376995 13 0
0 0 61.1628 0 35.4338 a b -0.0358517 13 0
0 0 61.1639 0 35.4635 a b -0.0326617 13 0
0 0 61.1669 0 35.4856 a b -0.0321128 13 0
0 0 61.1688 0 35.515 a b -0.0302987 13 0
0 0 61.1692 0 35.5442 a b -0.021306 13 0
0 0 61.1692 0 35.5694 a b -0.0128692 13 0
0 0 61.169 0 35.5926 a b -0.00784226 13 0
0 0 61.1691 0 35.6198 a b -0.0124497 13 0
0 0 61.1654 0 35.6528 a b -0.0207079 13 0
0 0 61.1681 0 35.69 a b -0.0191831 13 0
0 0 61.1672 0 35.7208 a b -0.0146049 13 0
0 0 61.1722 0 35.7503 a b -0.011746 13 0
0 0 61.1707 0 35.7846 a b -0.00886445 13 0
0 0 61.1705 0 35.8134 a b -0.00140535 13 0
0 0 61.1713 0 35.8406 a b 0.00208093 13 0
0 0 61.1644 0 35.8642 a b 0.000745319 13 0
0 0 61.1606 0 35.8907 a b -0.00456505 13 0
0 0 61.1604 0 35.9199 a b -0.00447679 13 0
0 0 61.1627 0 35.9482 a b -0.00190262 13 0
0 0 61.1669 0 35.971 a b -0.00342239 13 0
0 0 61.1647 0 35.9954 a b -0.00217987 13 0
0 0 61.1665 0 36.0192 a b 0.00171562 13 0
0 0 61.1598 0 36.042 a b 0.00181487 13 0
0 0 61.1589 0 36.0641 a b -0.00139006 13 0
0 0 61.1556 0 36.0885 a b -0.00443967 13 0
0 0 61.156 0 36.1107 a b -0.0017027 13 0
0 0 61.159 0 36.1344 a b -0.00151811 13 0
0 0 61.1552 0 36.1632 a b -0.002607 13 0
0 0 61.1573 0 36.1934 a b -0.00159991 13 0
0 0 61.1582 0 36.2273 a b -0.00215713 13 0
0 0 61.161 0 36.2649 a b -0.00449845 13 0
0 0 61.1628 0 36.298 a b -0.00228885 13 0
0 0 61.1611 0 36.3255 a b 0.000252996 13 0
0 0 61.1651 0 36.3581 a b -0.00391389 13 0
0 0 61.1626 0 36.3852 a b -0.00604761 13 0
0 0 61.1579 0 36.4204 a b -0.00447302 13 0
0 0 61.1607 0 36.4504 a b -0.00161164 13 0
0 0 61.1612 0 36.4808 a b -0.00344412 13 0
0 0 61.1569 0 36.5088 a b -0.0035429 13 0
0 0 61.155 0 36.5387 a b 0.0029193 13 0
0 0 61.1612 0 36.5661 a b 0.002126 13 0
0 0 61.1625 0 36.5948 a b -0.00476503 13 0
0 0 61.1571 0 36.6204 a b -0.00842241 13 0
0 0 61.1539 0 36.6481 a b -0.010564 13 0
0 0 61.1526 0 36.6811 a b -0.00926488 13 0
0 0 61.151 0 36.7108 a b -0.00294469 13 0
0 0 61.1545 0 36.7447 a b -0.00155804 13 0
0 0 61.156 0 36.7769 a b -0.00678876 13 0
0 0 61.153 0 36.805 a b -0.00970535 13 0
0 0 61.148 0 36.8355 a b -0.00801787 13 0
0 0 61.1481 0 36.8637 a b -0.00164002 13 0
0 0 61.1475 0 36.8971 a b -0.00549326 13 0
0 0 61.1473 0 36.9304 a b -0.0130541 13 0
0 0 61.147 0 36.9585 a b -0.0124922 13 0
0 0 61.1459 0 36.9868 a b -0.00333407 13 0
0 0 61.1455 0 37.0238 a b 0.000940237 13 0
0 0 61.1453 0 37.0528 a b -0.000782752 13 0
0 0 61.1472 0 37.0791 a b -0.00697918 13 0
0 0 61.1432 0 37.1064 a b -0.00993994 13 0
0 0 61.1421 0 37.1337 a b -0.0113745 13 0
0 0 61.1396 0 37.1602 a b -0.010251 13 0
0 0 61.1413 0 37.1914 a b -0.00639254 13 0
0 0 61.1389 0 37.2225 a b -0.00234697 13 0
0 0 61.1384 0 37.2519 a b -0.00164187 13 0
0 0 61.1412 0 37.2801 a b -0.00606401 13 0
0 0 61.1393 0 37.3085 a b -0.00478544 13 0
0 0 61.139 0 37.3383 a b -0.00566597 13 0
0 0 61.1318 0 37.3654 a b -0.00650677 13 0
0 0 61.1306 0 37.3964 a b -0.00451727 13 0
0 0 61.1331 0 37.4288 a b -0.00474899 13 0
0 0 61.137 0 37.4637 a b -0.00751114 13 0
0 0 61.1342 0 37.4914 a b -0.00332079 13 0
0 0 61.1295 0 37.5258 a b -0.00608058 13 0
0 0 61.1311 0 37.5525 a b -0.00797227 13 0
0 0 61.1301 0 37.5789 a b -0.00845005 13 0
0 0 61.1286 0 37.6054 a b -0.00854938 13 0
0 0 61.1282 0 37.6335 a b -0.00724757 13 0
0 0 61.1248 0 37.6669 a b -0.00697235 13 0
0 0 61.1241 0 37.698 a b -0.0105725 13 0
0 0 61.127 0 37.7267 a b -0.0121841 13 0
0 0 61.1308 0 37.7577 a b -0.00734095 13 0
0 0 61.1283 0 37.7915 a b -0.00179609 13 0
0 0 61.1227 0 37.8207 a b -0.00347703 13 0
0 0 61.1206 0 37.8482 a b -0.0101789 13 0
0 0 61.1247 0 37.8752 a b -0.0116734 13 0
0 0 61.1263 0 37.9046 a b -0.00744448 13 0
0 0 61.1216 0 37.9299 a b -0.00612274 13 0
0 0 61.1233 0 37.9531 a b -0.00970083 13 0
0 0 61.1291 0 37.9825 a b -0.00984424 13 0
0 0 61.1269 0 38.0109 a b -0.00663795 13 0
0 0 61.1217 0 38.0359 a b -0.00523601 13 0
0 0 61.1197 0 38.0628 a b -0.00676124 13 0
0 0 61.1212 0 38.0923 a b -0.0102816 13 0
0 0 61.1275 0 38.1215 a b -0.00546907 13 0
0 0 61.12 0 38.1561 a b -0.00283582 13 0
0 0 61.1126 0 38.1871 a b -0.00893997 13 0
0 0 61.1178 0 38.2146 a b -0.0119682 13 0
0 0 61.1259 0 38.2466 a b -0.00517897 13 0
0 0 61.123 0 38.2784 a b 0.000662311 13 0
0 0 61.1149 0 38.3067 a b -0.00242526 13 0
0 0 61.1112 0 38.3367 a b -0.0098627 13 0
0 0 61.1161 0 38.3708 a b -0.00989779 13 0
0 0 61.1173 0 38.3989 a b -0.00555581 13 0
0 0 61.1184 0 38.4265 a b -0.00368523 13 0
0 0 61.121 0 38.4528 a b -0.00372674 13 0
0 0 61.1196 0 38.4776 a b -0.00307395 13 0
0 0 61.1175 0 38.5034 a b -0.00466468 13 0
0 0 61.1146 0 38.5326 a b -0.00392789 13 0
0 0 61.1121 0 38.5634 a b 0.00311464 13 0
0 0 61.1138 0 38.5899 a b 0.00647672 13 0
0 0 61.114 0 38.6189 a b 0.00729006 13 0
0 0 61.1135 0 38.6458 a b 0.0146718 13 0
0 0 61.1118 0 38.6748 a b 0.0225773 13 0
0 0 61.1137 0 38.6991 a b 0.0310511 13 0
0 0 61.1144 0 38.7237 a b 0.0366101 13 0
0 0 61.1139 0 38.7478 a b 0.0393377 13 0
0 0 61.1152 0 38.774 a b 0.0403608 13 0
0 0 61.1136 0 38.8049 a b 0.0430922 13 0
0 0 61.1175 0 38.8328 a b 0.043409 13 0
0 0 61.1187 0 38.8619 a b 0.0427599 13 0
0 0 61.1215 0 38.8893 a b 0.0407171 13 0
0 0 61.1213 0 38.9226 a b 0.0461145 13 0
0 0 61.123 0 38.9488 a b 0.049886 13 0
0 0 61.1201 0 38.9796 a b 0.0475918 13 0
0 0 61.1214 0 39.0123 a b 0.0436884 13 0
0 0 61.1225 0 39.0519 a b 0.0456511 13 0
0 0 61.1262 0 39.089 a b 0.0520857 13 0
0 0 61.1308 0 39.1188 a b 0.0523615 13 0
0 0 61.1321 0 39.1499 a b 0.0475983 13 0
0 0 61.1325 0 39.1842 a b 0.0486313 13 0
0 0 61.1328 0 39.2107 a b 0.0518247 13 0
0 0 61.1336 0 39.2363 a b 0.0528245 13 0
0 0 61.1303 0 39.2638 a b 0.0485501 13 0
0 0 61.1293 0 39.2917 a b 0.0490476 13 0
0 0 61.1273 0 39.3187 a b 0.0494398 13 0
0 0 61.128 0 39.3431 a b 0.048156 13 0
0 0 61.126 0 39.3648 a b 0.0495372 13 0
0 0 61.128 0 39.3889 a b 0.0518662 13 0
0 0 61.1327 0 39.4153 a b 0.0522817 13 0
0 0 61.1334 0 39.4402 a b 0.0496016 13 0
0 0 61.1341 0 39.4672 a b 0.0463984 13 0
0 0 61.1325 0 39.4998 a b 0.0485051 13 0
0 0 61.1329 0 39.5299 a b 0.0487305 13 0
0 0 61.1365 0 39.5616 a b 0.0497263 13 0
0 0 61.1365 0 39.5902 a b 0.0534319 13 0
0 0 61.1386 0 39.62 a b 0.0582954 13 0
0 0 61.143 0 39.6454 a b 0.0526165 13 0
0 0 61.1423 0 39.6756 a b 0.0465287 13 0
0 0 61.1427 0 39.7094 a b 0.0438163 13 0
0 0 61.1435 0 39.738 a b 0.0455305 13 0
0 0 61.1476 0 39.766 a b 0.0470764 13 0
0 0 61.1511 0 39.7964 a b 0.0468443 13 0
0 0 61.1492 0 39.8215 a b 0.0510239 13 0
0 0 61.1505 0 39.8494 a b 0.053076 13 0
0 0 61.1535 0 39.8705 a b 0.0468396 13 0
0 0 61.1508 0 39.8942 a b 0.0381097 13 0
0 0 61.1464 0 39.9203 a b 0.0373313 13 0
0 0 61.1471 0 39.9487 a b 0.0410684 13 0
0 0 61.1509 0 39.9756 a b 0.0379957 13 0
0 0 61.1508 0 40.0023 a b 0.0351298 13 0
0 0 61.1527 0 40.0315 a b 0.0359703 13 0
0 0 61.155 0 40.0584 a b 0.0363463 13 0
0 0 61.1535 0 40.0881 a b 0.0391567 13 0
0 0 61.1563 0 40.1194 a b 0.0377789 13 0
0 0 61.1556 0 40.1527 a b 0.0331656 13 0
0 0 61.1553 0 40.1849 a b 0.0291903 13 0
0 0 61.1583 0 40.2178 a b 0.0288398 13 0
0 0 61.1599 0 40.252 a b 0.0328042 13 0
0 0 61.1635 0 40.2909 a b 0.0329288 13 0
0 0 61.1637 0 40.3222 a b 0.0338024 13 0
0 0 61.1643 0 40.349 a b 0.0363288 13 0
0 0 61.1635 0 40.3796 a b 0.0317383 13 0
0 0 61.1688 0 40.4083 a b 0.0246044 13 0
0 0 61.1668 0 40.435 a b 0.0253771 13 0
0 0 61.1685 0 40.463 a b 0.0306677 13 0
0 0 61.1745 0 40.4864 a b 0.0290983 13 0
0 0 61.1751 0 40.5145 a b 0.0245842 13 0
0 0 61.1746 0 40.5422 a b 0.0212849 13 0
0 0 61.1712 0 40.569 a b 0.024099 13 0
0 0 61.1704 0 40.5969 a b 0.0288057 13 0
0 0 61.1726 0 40.6266 a b 0.0275476 13 0
0 0 61.1769 0 40.6592 a b 0.0216017 13 0
0 0 61.1761 0 40.6883 a b 0.0162264 13 0
0 0 61.1769 0 40.7207 a b 0.0201819 13 0
0 0 61.1792 0 40.7564 a b 0.022968 13 0
0 0 61.181 0 40.7929 a b 0.0221654 13 0
0 0 61.1779 0 40.8303 a b 0.0255296 13 0
0 0 61.1743 0 40.8647 a b 0.0317635 13 0
0 0 61.1775 0 40.9019 a b 0.0283042 13 0
0 0 61.1747 0 40.9367 a b 0.0137539 13 0
0 0 61.1784 0 40.9588 a b 0.0146879 13 0
0 0 61.178 0 40.9849 a b 0.0246597 13 0
0 0 61.1691 0 41.021 a b 0.0303663 13 0
0 0 61.1668 0 41.0517 a b 0.0251279 13 0
0 0 61.1676 0 41.0728 a b 0.0153109 13 0
0 0 61.1717 0 41.0945 a b 0.00611756 13 0
0 0 61.1796 0 41.1124 a b 0.00873252 13 0
0 0 61.1768 0 41.1368 a b 0.0123661 13 0
0 0 61.1746 0 41.1644 a b 0.0100527 13 0
0 0 61.1761 0 41.1913 a b 0.00732097 13 0
0 0 61.1746 0 41.2173 a b 0.00430619 13 0
0 0 61.182 0 41.2467 a b 0.00239952 13 0
0 0 61.1861 0 41.2799 a b 0.00502808 13 0
0 0 61.1884 0 41.3162 a b 0.00851114 13 0
0 0 61.1825 0 41.3514 a b 0.0089494 13 0
0 0 61.1805 0 41.3845 a b 0.00419201 13 0
0 0 61.177 0 41.4162 a b -0.00161976 13 0
0 0 61.1785 0 41.4481 a b -0.00527486 13 0
0 0 61.184 0 41.4738 a b 0.00310424 13 0
0 0 61.1745 0 41.4976 a b 0.0104827 13 0
0 0 61.1608 0 41.5287 a b 0.00228091 13 0
0 0 61.162 0 41.5533 a b -0.0131938 13 0
0 0 61.1724 0 41.5749 a b -0.0151772 13 0
0 0 61.1744 0 41.5976 a b -0.00712587 13 0
0 0 61.1696 0 41.6234 a b -0.00153312 13 0
0 0 61.1655 0 41.6448 a b -0.00450433 13 0
0 0 61.1632 0 41.6679 a b -0.0101608 13 0
0 0 61.1613 0 41.6924 a b -0.0165896 13 0
0 0 61.1652 0 41.7186 a b -0.0207624 13 0
0 0 61.1748 0 41.7464 a b -0.0159056 13 0
0 0 61.1743 0 41.7752 a b -0.0100316 13 0
0 0 61.1669 0 41.806 a b -0.00919292 13 0
0 0 61.1611 0 41.8394 a b -0.0147086 13 0
0 0 61.1582 0 41.8771 a b -0.0207453 13 0
0 0 61.158 0 41.9121 a b -0.023931 13 0
0 0 61.1627 0 41.9521 a b -0.0215595 13 0
0 0 61.1629 0 41.9761 a b -0.0139148 13 0
0 0 61.1575 0 42.001 a b -0.013235 13 0
0 0 61.1534 0 42.0276 a b -0.019202 13 0
0 0 61.1581 0 42.0604 a b -0.0240422 13 0
0 0 61.1582 0 42.0927 a b -0.0220745 13 0
0 0 61.1558 0 42.121 a b -0.0160161 13 0
0 0 61.1508 0 42.1442 a b -0.0115091 13 0
0 0 61.1508 0 42.1674 a b -0.0125824 13 0
0 0 61.1506 0 42.1859 a b -0.022022 13 0
0 0 61.1447 0 42.2115 a b -0.0268958 13 0
0 0 61.1428 0 42.2392 a b -0.0238636 13 0
0 0 61.1402 0 42.2633 a b -0.0184731 13 0
0 0 61.1368 0 42.2907 a b -0.0165148 13 0
0 0 61.1354 0 42.3184 a b -0.0200816 13 0
0 0 61.1339 0 42.3527 a b -0.0251507 13 0
0 0 61.1326 0 42.3886 a b -0.0246893 13 0
0 0 61.1319 0 42.4192 a b -0.0220097 13 0
0 0 61.1296 0 42.4474 a b -0.0238807 13 0
0 0 61.1277 0 42.4785 a b -0.025225 13 0
0 0 61.1284 0 42.5072 a b -0.0228827 13 0
0 0 61.1281 0 42.5308 a b -0.0180226 13 0
0 0 61.1281 0 42.5545 a b -0.0206485 13 0
0 0 61.1251 0 42.5772 a b -0.0261758 13 0
0 0 61.1223 0 42.6037 a b -0.0301267 13 0
0 0 61.1205 0 42.6331 a b -0.0298253 13 0
0 0 61.1202 0 42.6643 a b -0.0303521 13 0
0 0 61.1176 0 42.6937 a b -0.0324636 13 0
0 0 61.1165 0 42.7253 a b -0.0334585 13 0
0 0 61.1129 0 42.756 a b -0.0301699 13 0
0 0 61.1107 0 42.7869 a b -0.0263711 13 0
0 0 61.1114 0 42.8241 a b -0.0308367 13 0
0 0 61.1079 0 42.8609 a b -0.0399678 13 0
0 0 61.1083 0 42.9008 a b -0.040192 13 0
0 0 61.1052 0 42.9396 a b -0.0378614 13 0
0 0 61.1065 0 42.9709 a b -0.0389463 13 0
0 0 61.102 0 42.9957 a b -0.0423093 13 0
0 0 61.0979 0 43.0166 a b -0.040833 13 0
0 0 61.0953 0 43.0383 a b -0.0370913 13 0
0 0 61.0969 0 43.0582 a b -0.0336014 13 0
0 0 61.0972 0 43.0793 a b -0.0337695 13 0
0 0 61.0951 0 43.1005 a b -0.0347022 13 0
0 0 61.0951 0 43.1241 a b -0.0379129 13 0
0 0 61.0904 0 43.1505 a b -0.038858 13 0
0 0 61.0881 0 43.1768 a b -0.0333139 13 0
0 0 61.0879 0 43.2078 a b -0.0319205 13 0
0 0 61.0834 0 43.241 a b -0.0261187 13 0
0 0 61.0828 0 43.2704 a b -0.016984 13 0
0 0 61.0833 0 43.3034 a b -0.0101137 13 0
0 0 61.0825 0 43.338 a b -0.0061901 13 0
0 0 61.0818 0 43.371 a b -0.00500325 13 0
0 0 61.0797 0 43.4072 a b -0.00291376 13 0
0 0 61.0778 0 43.4419 a b 0.00396721 13 0
0 0 61.081 0 43.4717 a b 0.00184908 13 0
0 0 61.0775 0 43.4975 a b -0.00240442 13 0
0 0 61.0783 0 43.5164 a b 0.00228496 13 0
0 0 61.0801 0 43.5392 a b 0.00778058 13 0
0 0 61.0808 0 43.564 a b 0.01075 13 0
0 0 61.0775 0 43.5888 a b 0.0114091 13 0
0 0 61.0745 0 43.6157 a b 0.0102678 13 0
0 0 61.0728 0 43.6466 a b 0.00857293 13 0
0 0 61.0714 0 43.6761 a b 0.00981442 13 0
0 0 61.0755 0 43.7094 a b 0.00955618 13 0
0 0 61.077 0 43.7444 a b 0.0106847 13 0
0 0 61.0782 0 43.776 a b 0.0171173 13 0
0 0 61.0793 0 43.8091 a b 0.0233765 13 0
0 0 61.0777 0 43.8442 a b 0.0227897 13 0
0 0 61.0785 0 43.8823 a b 0.018005 13 0
0 0 61.0739 0 43.9193 a b 0.0163328 13 0
0 0 61.0711 0 43.9491 a b 0.0201812 13 0
0 0 61.0732 0 43.9813 a b 0.0271499 13 0
0 0 61.074 0 44.0097 a b 0.0344846 13 0
0 0 61.0776 0 44.0349 a b 0.0342751 13 0
0 0 61.0785 0 44.057 a b 0.0276964 13 0
0 0 61.0745 0 44.0815 a b 0.0256583 13 0
0 0 61.0693 0 44.1 a b 0.0326059 13 0
0 0 61.0721 0 44.1239 a b 0.0343632 13 0
0 0 61.0725 0 44.1478 a b 0.0335969 13 0
0 0 61.074 0 44.1683 a b 0.0326134 13 0
0 0 61.0775 0 44.194 a b 0.0326865 13 0
0 0 61.0794 0 44.2229 a b 0.0353739 13 0
0 0 61.0811 0 44.257 a b 0.0374022 13 0
0 0 61.0805 0 44.2945 a b 0.0389562 13 0
0 0 61.0801 0 44.3301 a b 0.0402626 13 0
0 0 61.08 0 44.3639 a b 0.0406219 13 0
0 0 61.0805 0 44.4011 a b 0.0381868 13 0
0 0 61.083 0 44.4368 a b 0.0365063 13 0
0 0 61.087 0 44.4653 a b 0.0409578 13 0
0 0 61.0891 0 44.5022 a b 0.0422156 13 0
0 0 61.0902 0 44.5355 a b 0.0406677 13 0
0 0 61.0919 0 44.5647 a b 0.0394482 13 0
0 0 61.0977 0 44.5955 a b 0.0428982 13 0
0 0 61.0927 0 44.6255 a b 0.0464525 13 0
0 0 61.0844 0 44.6538 a b 0.0424114 13 0
0 0 61.0854 0 44.6812 a b 0.0346462 13 0
0 0 61.0951 0 44.7046 a b 0.0350393 13 0
0 0 61.0967 0 44.7302 a b 0.0398093 13 0
0 0 61.0917 0 44.7591 a b 0.0414836 13 0
0 0 61.0901 0 44.7973 a b 0.0396147 13 0
0 0 61.0914 0 44.831 a b 0.0386172 13 0
0 0 61.0901 0 44.8628 a b 0.0397765 13 0
0 0 61.0918 0 44.8944 a b 0.0427752 13 0
0 0 61.0845 0 44.9239 a b 0.045019 13 0
0 0 61.0805 0 44.9489 a b 0.0416326 13 0
0 0 61.0803 0 44.9773 a b 0.0326967 13 0
0 0 61.084 0 45.0055 a b 0.0268722 13 0
0 0 61.0915 0 45.0336 a b 0.0276364 13 0
0 0 61.0909 0 45.0556 a b 0.0343566 13 0
0 0 61.088 0 45.0794 a b 0.0350487 13 0
0 0 61.0897 0 45.11 a b 0.0296907 13 0
0 0 61.0925 0 45.1433 a b 0.0241123 13 0
0 0 61.0945 0 45.1737 a b 0.0225017 13 0
0 0 61.093 0 45.2024 a b 0.0230047 13 0
0 0 61.0942 0 45.2314 a b 0.0241149 13 0
0 0 61.0953 0 45.2595 a b 0.0218362 13 0
0 0 61.0936 0 45.2892 a b 0.0170784 13 0
0 0 61.0965 0 45.3224 a b 0.014742 13 0
0 0 61.0978 0 45.3553 a b 0.0224664 13 0
0 0 61.0936 0 45.3799 a b 0.0310758 13 0
0 0 61.0907 0 45.4 a b 0.027313 13 0
0 0 61.0876 0 45.4207 a b 0.014738 13 0
0 0 61.0869 0 45.4467 a b 0.00526357 13 0
0 0 61.0898 0 45.473 a b 0.00961321 13 0
0 0 61.0927 0 45.4945 a b 0.0124191 13 0
0 0 61.0941 0 45.523 a b 0.0137203 13 0
0 0 61.0923 0 45.5525 a b 0.0125113 13 0
0 0 61.0904 0 45.5832 a b 0.0133137 13 0
0 0 61.0914 0 45.6134 a b 0.0111852 13 0
0 0 61.0897 0 45.6438 a b 0.00991282 13 0
0 0 61.0894 0 45.6758 a b 0.00847409 13 0
0 0 61.0902 0 45.7024 a b 0.00867262 13 0
0 0 61.0931 0 45.7324 a b 0.0140296 13 0
0 0 61.0995 0 45.7622 a b 0.0207734 13 0
0 0 61.0978 0 45.788 a b 0.0279136 13 0
0 0 61.0951 0 45.8084 a b 0.0324618 13 0
0 0 61.0928 0 45.8394 a b 0.0329511 13 0
0 0 61.0885 0 45.8665 a b 0.0340789 13 0
0 0 61.0899 0 45.8938 a b 0.039222 13 0
0 0 61.0929 0 45.9229 a b 0.040028 13 0
0 0 61.099 0 45.9513 a b 0.0380922 13 0
0 0 61.0993 0 45.9827 a b 0.0389734 13 0
0 0 61.0977 0 46.0155 a b 0.043197 13 0
0 0 61.099 0 46.0466 a b 0.0421085 13 0
0 0 61.0973 0 46.0754 a b 0.040016 13 0
0 0 61.0991 0 46.1063 a b 0.042244 13 0
0 0 61.1008 0 46.1399 a b 0.0435471 13 0
0 0 61.1034 0 46.1684 a b 0.0397483 13 0
0 0 61.1126 0 46.196 a b 0.0323656 13 0
0 0 61.1119 0 46.2231 a b 0.0351767 13 0
0 0 61.1154 0 46.2498 a b 0.0461364 13 0
0 0 61.116 0 46.2762 a b 0.051266 13 0
0 0 61.1156 0 46.303 a b 0.0522349 13 0
0 0 61.1161 0 46.3289 a b 0.0461931 13 0
0 0 61.113 0 46.3562 a b 0.0419295 13 0
0 0 61.1105 0 46.3835 a b 0.0406865 13 0
0 0 61.114 0 46.4097 a b 0.0376665 13 0
0 0 61.1154 0 46.437 a b 0.0385803 13 0
0 0 61.1158 0 46.4608 a b 0.04726 13 0
0 0 61.116 0 46.4898 a b 0.0515596 13 0
0 0 61.1186 0 46.5206 a b 0.0490242 13 0
0 0 61.1188 0 46.5424 a b 0.0377725 13 0
0 0 61.1137 0 46.5711 a b 0.0338987 13 0
0 0 61.1137 0 46.6024 a b 0.04101 13 0
0 0 61.1191 0 46.6366 a b 0.0434932 13 0
0 0 61.125 0 46.6664 a b 0.038041 13 0
0 0 61.126 0 46.6989 a b 0.0334721 13 0
0 0 61.1269 0 46.7358 a b 0.0323908 13 0
0 0 61.1281 0 46.767 a b 0.0348138 13 0
0 0 61.1285 0 46.8008 a b 0.0361894 13 0
0 0 61.1297 0 46.8321 a b 0.034602 13 0
0 0 61.129 0 46.8604 a b 0.0306834 13 0
0 0 61.1272 0 46.8869 a b 0.030197 13 0
0 0 61.1244 0 46.9137 a b 0.0319931 13 0
0 0 61.123 0 46.9411 a b 0.0345124 13 0
0 0 61.1223 0 46.9686 a b 0.032589 13 0
0 0 61.1247 0 46.9905 a b 0.0310786 13 0
0 0 61.1238 0 47.0164 a b 0.0302229 13 0
0 0 61.1233 0 47.0422 a b 0.0300155 13 0
0 0 61.1254 0 47.0718 a b 0.0293027 13 0
0 0 61.1271 0 47.1008 a b 0.0272572 13 0
0 0 61.1271 0 47.1325 a b 0.0266182 13 0
0 0 61.1248 0 47.1619 a b 0.0282566 13 0
0 0 61.1263 0 47.1911 a b 0.0293394 13 0
0 0 61.1295 0 47.2195 a b 0.028923 13 0
0 0 61.1295 0 47.2522 a b 0.0256732 13 0
0 0 61.1273 0 47.283 a b 0.0268752 13 0
0 0 61.1272 0 47.3146 a b 0.0301523 13 0
0 0 61.1317 0 47.343 a b 0.0297631 13 0
0 0 61.1323 0 47.3713 a b 0.0287131 13 0
0 0 61.1315 0 47.3993 a b 0.0285437 13 0
0 0 61.1302 0 47.4302 a b 0.0278853 13 0
0 0 61.1331 0 47.4608 a b 0.0239641 13 0
0 0 61.1377 0 47.4871 a b 0.0220085 13 0
0 0 61.1412 0 47.5091 a b 0.0258991 13 0
0 0 61.1394 0 47.538 a b 0.0289272 13 0
0 0 61.1379 0 47.5714 a b 0.0274936 13 0
0 0 61.1375 0 47.6041 a b 0.0240996 13 0
0 0 61.1386 0 47.6344 a b 0.0230874 13 0
0 0 61.1375 0 47.6619 a b 0.0245079 13 0
0 0 61.1356 0 47.6911 a b 0.0241625 13 0
0 0 61.1341 0 47.7235 a b 0.0240914 13 0
0 0 61.1354 0 47.749 a b 0.0234205 13 0
0 0 61.133 0 47.7821 a b 0.0191585 13 0
0 0 61.1346 0 47.8101 a b 0.0171501 13 0
0 0 61.1372 0 47.841 a b 0.015546 13 0
0 0 61.1383 0 47.8734 a b 0.017798 13 0
0 0 61.1355 0 47.9017 a b 0.0178028 13 0
0 0 61.1331 0 47.9312 a b 0.0159708 13 0
0 0 61.1341 0 47.96 a b 0.0088057 13 0
0 0 61.1478 0 47.9888 a b 0.0115055 13 0
0 0 61.1507 0 48.0193 a b 0.0187905 13 0
0 0 61.147 0 48.0498 a b 0.0191977 13 0
0 0 61.1437 0 48.0815 a b 0.0166342 13 0
0 0 61.1424 0 48.1095 a b 0.0137427 13 0
0 0 61.1406 0 48.1411 a b 0.0109316 13 0
0 0 61.1367 0 48.1753 a b 0.00735811 13 0
0 0 61.1367 0 48.203 a b 0.00479846 13 0
0 0 61.1417 0 48.2304 a b 0.00360248 13 0
0 0 61.1448 0 48.2537 a b 0.00758469 13 0
0 0 61.1435 0 48.2864 a b 0.0109367 13 0
0 0 61.1391 0 48.3188 a b 0.00489973 13 0
0 0 61.1408 0 48.3512 a b 0.00147637 13 0
0 0 61.1429 0 48.3855 a b -0.000191975 13 0
0 0 61.1452 0 48.422 a b -0.00310458 13 0
0 0 61.1496 0 48.4595 a b -0.00399194 13 0
0 0 61.1508 0 48.4924 a b -0.00272813 13 0
0 0 61.153 0 48.5292 a b 0.000909048 13 0
0 0 61.1439 0 48.5563 a b 0.0069843 13 0
0 0 61.1401 0 48.5816 a b 0.00686675 13 0
0 0 61.1372 0 48.6147 a b 0.00348528 13 0
0 0 61.1367 0 48.6388 a b 0.0032436 13 0
0 0 61.1334 0 48.6605 a b 0.00471107 13 0
0 0 61.1339 0 48.6834 a b 0.00361911 13 0
0 0 61.133 0 48.7061 a b 0.00207533 13 0
0 0 61.1309 0 48.7278 a b 0.00393075 13 0
0 0 61.1271 0 48.749 a b 0.00835296 13 0
0 0 61.1248 0 48.7708 a b 0.00444589 13 0
0 0 61.1239 0 48.7938 a b -0.00547903 13 0
0 0 61.1233 0 48.8284 a b -0.0060141 13 0
0 0 61.1221 0 48.8642 a b 0.00093919 13 0
0 0 61.1231 0 48.8931 a b 0.0046973 13 0
0 0 61.1266 0 48.9267 a b 0.000194092 13 0
0 0 61.1251 0 48.9582 a b -0.00945151 13 0
0 0 61.1254 0 48.9903 a b -0.0153988 13 0
0 0 61.1259 0 49.0221 a b -0.012057 13 0
0 0 61.1259 0 49.0522 a b -0.00696417 13 0
0 0 61.1226 0 49.0821 a b -0.00376596 13 0
0 0 61.1223 0 49.1115 a b -0.00501622 13 0
0 0 61.1212 0 49.134 a b -0.0109578 13 0
0 0 61.1178 0 49.1634 a b -0.0155005 13 0
0 0 61.1156 0 49.1882 a b -0.0192742 13 0
0 0 61.1135 0 49.2155 a b -0.0140373 13 0
0 0 61.1135 0 49.2416 a b -0.00774845 13 0
0 0 61.1124 0 49.263 a b -0.00405015 13 0
0 0 61.1109 0 49.289 a b -0.00648267 13 0
0 0 61.1069 0 49.3227 a b -0.0110591 13 0
0 0 61.101 0 49.3499 a b -0.0146407 13 0
0 0 61.1029 0 49.3777 a b -0.0165235 13 0
0 0 61.0994 0 49.4079 a b -0.0143033 13 0
0 0 61.098 0 49.4373 a b -0.014655 13 0
0 0 61.1003 0 49.4615 a b -0.0211761 13 0
0 0 61.0957 0 49.4875 a b -0.0217281 13 0
0 0 61.0955 0 49.5154 a b -0.0159566 13 0
0 0 61.0961 0 49.5449 a b -0.0171836 13 0
0 0 61.0962 0 49.577 a b -0.0185409 13 0
0 0 61.096 0 49.6058 a b -0.017244 13 0
0 0 61.0917 0 49.6342 a b -0.0131451 13 0
0 0 61.0946 0 49.6693 a b -0.00630222 13 0
0 0 61.0983 0 49.6933 a b -0.0145781 13 0
0 0 61.0915 0 49.7234 a b -0.0235296 13 0
0 0 61.0857 0 49.7533 a b -0.0201787 13 0
0 0 61.0846 0 49.7834 a b -0.0126809 13 0
0 0 61.0919 0 49.8155 a b -0.0112272 13 0
0 0 61.0962 0 49.8435 a b -0.0177415 13 0
0 0 61.0885 0 49.8688 a b -0.0220542 13 0
0 0 61.084 0 49.8989 a b -0.0157169 13 0
0 0 61.0835 0 49.9257 a b -0.0125432 13 0
0 0 61.0831 0 49.952 a b -0.0157045 13 0
0 0 61.08 0 49.9806 a b -0.0197045 13 0
0 0 61.0813 0 50.013 a b -0.0171353 13 0
0 0 61.0831 0 50.0458 a b -0.0197774 13 0
0 0 61.0818 0 50.079 a b -0.0210412 13 0
0 0 61.0809 0 50.1086 a b -0.020864 13 0
0 0 61.0811 0 50.144 a b -0.0182178 13 0
0 0 61.0771 0 50.1798 a b -0.014324 13 0
0 0 61.0729 0 50.2033 a b -0.0145933 13 0
0 0 61.0684 0 50.2283 a b -0.0177221 13 0
0 0 61.0652 0 50.2602 a b -0.0182246 13 0
0 0 61.0635 0 50.2898 a b -0.0110472 13 0
0 0 61.0677 0 50.3193 a b -0.00993753 13 0
0 0 61.0693 0 50.3467 a b -0.0166539 13 0
0 0 61.0608 0 50.3771 a b -0.0186175 13 0
0 0 61.0572 0 50.4019 a b -0.0133787 13 0
0 0 61.0547 0 50.4268 a b -0.012944 13 0
0 0 61.0539 0 50.4549 a b -0.0136515 13 0
0 0 61.0505 0 50.4831 a b -0.0117837 13 0
0 0 61.0512 0 50.5078 a b -0.00979589 13 0
0 0 61.0501 0 50.5329 a b -0.0116721 13 0
0 0 61.0501 0 50.5668 a b -0.0139079 13 0
0 0 61.0492 0 50.5972 a b -0.0135391 13 0
0 0 61.0487 0 50.628 a b -0.0118615 13 0
0 0 61.049 0 50.6612 a b -0.0129835 13 0
0 0 61.0459 0 50.6937 a b -0.0145687 13 0
0 0 61.0414 0 50.7259 a b -0.0110599 13 0
0 0 61.0386 0 50.7556 a b -0.00817745 13 0
0 0 61.0344 0 50.7819 a b -0.00652845 13 0
0 0 61.0312 0 50.8076 a b -0.0064605 13 0
0 0 61.0338 0 50.8356 a b -0.00640212 13 0
0 0 61.0333 0 50.8666 a b -0.00876201 13 0
0 0 61.035 0 50.8921 a b -0.0111384 13 0
0 0 61.0381 0 50.9191 a b -0.00944754 13 0
0 0 61.0368 0 50.9472 a b -0.00538946 13 0
0 0 61.0312 0 50.9798 a b -0.00310147 13 0
0 0 61.0227 0 51.0123 a b -0.00298689 13 0
0 0 61.0248 0 51.0431 a b -0.00508755 13 0
0 0 61.0275 0 51.0671 a b -0.000502103 13 0
0 0 61.0234 0 51.097 a b 0.00105384 13 0
0 0 61.0216 0 51.1281 a b -0.00244991 13 0
0 0 61.024 0 51.1554 a b -0.00213058 13 0
0 0 61.0254 0 51.1854 a b -0.000761005 13 0
0 0 61.0266 0 51.2135 a b -6.29954e-05 13 0
0 0 61.0241 0 51.2416 a b -0.00087494 13 0
0 0 61.0235 0 51.2708 a b -0.00165488 13 0
0 0 61.0235 0 51.2951 a b -0.00107125 13 0
0 0 61.0224 0 51.3255 a b 0.00199965 13 0
0 0 61.0163 0 51.3557 a b 0.00223957 13 0
0 0 61.015 0 51.3862 a b -0.0012704 13 0
0 0 61.0215 0 51.4144 a b -0.000346245 13 0
0 0 61.0166 0 51.4462 a b 0.00250646 13 0
0 0 61.0129 0 51.4828 a b 0.00133095 13 0
0 0 61.0118 0 51.5152 a b 0.00242518 13 0
0 0 61.008 0 51.5469 a b 0.00666654 13 0
0 0 60.9991 0 51.5795 a b 0.00835705 13 0
0 0 60.992 0 51.606 a b 0.00365342 13 0
0 0 60.993 0 51.6319 a b 0.000867248 13 0
0 0 60.9973 0 51.6618 a b -9.85826e-05 13 0
0 0 61.0005 0 51.6919 a b -0.00156784 13 0
0 0 61.0027 0 51.719 a b -0.00193181 13 0
0 0 61.0023 0 51.7454 a b -0.00117732 13 0
0 0 60.995 0 51.7728 a b -0.000789541 13 0
0 0 60.9945 0 51.8016 a b -0.00108581 13 0
0 0 60.9917 0 51.8275 a b -0.0015046 13 0
0 0 60.9912 0 51.861 a b -0.00197736 13 0
0 0 60.9891 0 51.8905 a b -0.00427709 13 0
0 0 60.9911 0 51.9239 a b -0.00453003 13 0
0 0 60.9891 0 51.9543 a b -0.00133354 13 0
0 0 60.9866 0 51.9853 a b -0.0038358 13 0
0 0 60.9921 0 52.0168 a b -0.00451544 13 0
0 0 60.9873 0 52.046 a b -5.15635e-05 13 0
0 0 60.9833 0 52.0722 a b -0.00175361 13 0
0 0 60.9845 0 52.1 a b -0.00517684 13 0
0 0 60.9807 0 52.1289 a b -0.00516047 13 0
0 0 60.9836 0 52.1524 a b -0.00942314 13 0
0 0 60.9814 0 52.1758 a b -0.0136083 13 0
0 0 60.9797 0 52.2013 a b -0.0113043 13 0
0 0 60.9761 0 52.2264 a b -0.00837212 13 0
0 0 60.974 0 52.2527 a b -0.00585721 13 0
0 0 60.9737 0 52.2827 a b -0.00670432 13 0
0 0 60.972 0 52.3087 a b -0.00884258 13 0
0 0 60.97 0 52.3393 a b -0.00593009 13 0
0 0 60.9689 0 52.3708 a b -0.000488978 13 0
0 0 60.9692 0 52.3983 a b 0.00443746 13 0
0 0 60.9701 0 52.4279 a b 0.00762021 13 0
0 0 60.9691 0 52.4591 a b 0.0106388 13 0
0 0 60.9679 0 52.4919 a b 0.0130358 13 0
0 0 60.9665 0 52.5202 a b 0.0150933 13 0
0 0 60.9685 0 52.5514 a b 0.0150535 13 0
0 0 60.9707 0 52.581 a b 0.0160699 13 0
0 0 60.9716 0 52.6122 a b 0.0138237 13 0
0 0 60.9709 0 52.6402 a b 0.0191542 13 0
0 0 60.9719 0 52.6661 a b 0.0256968 13 0
0 0 60.9695 0 52.6908 a b 0.0261566 13 0
0 0 60.967 0 52.7177 a b 0.02606 13 0
0 0 60.9648 0 52.7432 a b 0.0313211 13 0
0 0 60.966 0 52.7742 a b 0.0343574 13 0
0 0 60.9645 0 52.8035 a b 0.0358274 13 0
0 0 60.9654 0 52.8302 a b 0.0387996 13 0
0 0 60.9689 0 52.8611 a b 0.0379668 13 0
0 0 60.9679 0 52.8908 a b 0.0359964 13 0
0 0 60.9657 0 52.9195 a b 0.0360808 13 0
0 0 60.9631 0 52.9482 a b 0.0380566 13 0
0 0 60.9632 0 52.9792 a b 0.0412438 13 0
0 0 60.9636 0 53.0131 a b 0.0424395 13 0
0 0 60.9628 0 53.0486 a b 0.0429828 13 0
0 0 60.9619 0 53.0853 a b 0.0445839 13 0
0 0 60.9633 0 53.1182 a b 0.0428426 13 0
0 0 60.9676 0 53.156 a b 0.0440396 13 0
0 0 60.9744 0 53.1907 a b 0.0444823 13 0
0 0 60.9741 0 53.2245 a b 0.0495814 13 0
0 0 60.9708 0 53.255 a b 0.0571325 13 0
0 0 60.9682 0 53.2838 a b 0.0636593 13 0
0 0 60.9664 0 53.3146 a b 0.0706862 13 0
0 0 60.9685 0 53.3458 a b 0.0718846 13 0
0 0 60.968 0 53.375 a b 0.0729436 13 0
0 0 60.9712 0 53.4003 a b 0.0752404 13 0
0 0 60.9715 0 53.4189 a b 0.0745831 13 0
0 0 60.9719 0 53.4399 a b 0.0751724 13 0
0 0 60.9713 0 53.4585 a b 0.0770357 13 0
0 0 60.9715 0 53.4784 a b 0.0754589 13 0
0 0 60.9735 0 53.5021 a b 0.0704201 13 0
0 0 60.9767 0 53.5252 a b 0.0703713 13 0
0 0 60.981 0 53.5505 a b 0.073095 13 0
0 0 60.9811 0 53.5799 a b 0.0717146 13 0
0 0 60.981 0 53.6136 a b 0.0729313 13 0
0 0 60.9823 0 53.6464 a b 0.0766487 13 0
0 0 60.9897 0 53.6752 a b 0.0771144 13 0
0 0 60.9945 0 53.709 a b 0.076672 13 0
0 0 60.9979 0 53.7421 a b 0.0806294 13 0
0 0 60.998 0 53.7755 a b 0.0854602 13 0
0 0 60.9932 0 53.8093 a b 0.100112 13 0
0 0 60.9962 0 53.8433 a b 0.10093 13 0
0 0 60.9933 0 53.8755 a b 0.090337 13 0
0 0 60.9924 0 53.9116 a b 0.0932132 13 0
0 0 61.0006 0 53.9382 a b 0.0995906 13 0
0 0 61.0049 0 53.9649 a b 0.107501 13 0
0 0 61.0054 0 53.9851 a b 0.104003 13 0
0 0 61.0074 0 54.011 a b 0.089617 13 0
0 0 61.0043 0 54.0405 a b 0.0869883 13 0
0 0 61.0077 0 54.0604 a b 0.0933713 13 0
0 0 61.0139 0 54.0808 a b 0.0963179 13 0
0 0 61.0174 0 54.1116 a b 0.0947956 13 0
0 0 61.0186 0 54.1461 a b 0.08743 13 0
0 0 61.0181 0 54.1704 a b 0.0904086 13 0
0 0 61.0238 0 54.198 a b 0.0961691 13 0
0 0 61.0267 0 54.2285 a b 0.0932738 13 0
0 0 61.0336 0 54.2545 a b 0.0829335 13 0
0 0 61.0348 0 54.2767 a b 0.0759426 13 0
0 0 61.0356 0 54.2998 a b 0.0742836 13 0
0 0 61.0357 0 54.3339 a b 0.0680245 13 0
0 0 61.0346 0 54.3627 a b 0.0607443 13 0
0 0 61.0363 0 54.3914 a b 0.057689 13 0
0 0 61.0374 0 54.4221 a b 0.0572241 13 0
0 0 61.0413 0 54.4564 a b 0.0521904 13 0
0 0 61.0422 0 54.486 a b 0.0468204 13 0
0 0 61.0417 0 54.5145 a b 0.0444845 13 0
0 0 61.0413 0 54.5453 a b 0.0420893 13 0
0 0 61.0414 0 54.5737 a b 0.0384185 13 0
0 0 61.0435 0 54.5993 a b 0.0380715 13 0
0 0 61.0349 0 54.6314 a b 0.0372083 13 0
0 0 61.0332 0 54.6609 a b 0.0285961 13 0
0 0 61.0394 0 54.6878 a b 0.0257344 13 0
0 0 61.0361 0 54.7164 a b 0.0243733 13 0
0 0 61.039 0 54.7488 a b 0.0206446 13 0
0 0 61.0415 0 54.7792 a b 0.0176372 13 0
0 0 61.0451 0 54.8058 a b 0.0219243 13 0
0 0 61.0424 0 54.835 a b 0.0241533 13 0
0 0 61.0421 0 54.864 a b 0.0250119 13 0
0 0 61.0443 0 54.8933 a b 0.0259389 13 0
0 0 61.0452 0 54.9193 a b 0.0277187 13 0
0 0 61.0455 0 54.945 a b 0.0264601 13 0
0 0 61.0521 0 54.972 a b 0.0305291 13 0
0 0 61.0532 0 54.9951 a b 0.0414291 13 0
0 0 61.0537 0 55.0216 a b 0.0501801 13 0
0 0 61.0507 0 55.0477 a b 0.0586134 13 0
0 0 61.0514 0 55.0718 a b 0.0672484 13 0
0 0 61.052 0 55.1035 a b 0.0756917 13 0
0 0 61.0489 0 55.1356 a b 0.0760394 13 0
0 0 61.0506 0 55.1642 a b 0.0736996 13 0
0 0 61.0544 0 55.1939 a b 0.0753223 13 0
0 0 61.0584 0 55.2315 a b 0.0788222 13 0
0 0 61.0595 0 55.2631 a b 0.0778261 13 0
0 0 61.061 0 55.2988 a b 0.0764331 13 0
0 0 61.0648 0 55.339 a b 0.0788839 13 0
0 0 61.0697 0 55.3746 a b 0.0806068 13 0
0 0 61.0726 0 55.4002 a b 0.0789985 13 0
0 0 61.0749 0 55.4321 a b 0.0734811 13 0
0 0 61.0775 0 55.4688 a b 0.0777284 13 0
0 0 61.088 0 55.4943 a b 0.0855444 13 0
0 0 61.0903 0 55.5143 a b 0.0827953 13 0
0 0 61.0845 0 55.5434 a b 0.0765678 13 0
0 0 61.0836 0 55.5754 a b 0.0778596 13 0
0 0 61.0875 0 55.6009 a b 0.0806189 13 0
0 0 61.09 0 55.6229 a b 0.0784174 13 0
0 0 61.0901 0 55.651 a b 0.0728378 13 0
0 0 61.0923 0 55.6809 a b 0.0713465 13 0
0 0 61.0955 0 55.7097 a b 0.0724799 13 0
0 0 61.097 0 55.7397 a b 0.0727529 13 0
0 0 61.1015 0 55.7631 a b 0.0696061 13 0
0 0 61.1005 0 55.7957 a b 0.0652588 13 0
0 0 61.0986 0 55.8328 a b 0.0667829 13 0
0 0 61.1038 0 55.8607 a b 0.0701487 13 0
0 0 61.1043 0 55.8929 a b 0.066711 13 0
0 0 61.1053 0 55.9234 a b 0.0658591 13 0
0 0 61.1032 0 55.9477 a b 0.065168 13 0
0 0 61.1051 0 55.9716 a b 0.0600056 13 0
0 0 61.1018 0 56.0011 a b 0.0522888 13 0
0 0 61.1016 0 56.0305 a b 0.0506677 13 0
0 0 61.1019 0 56.0583 a b 0.0544507 13 0
0 0 61.1061 0 56.0856 a b 0.0554017 13 0
0 0 61.1113 0 56.1085 a b 0.0470375 13 0
0 0 61.1134 0 56.1373 a b 0.0372199 13 0
0 0 61.1128 0 56.165 a b 0.0435084 13 0
0 0 61.1163 0 56.1881 a b 0.0469915 13 0
0 0 61.1205 0 56.2173 a b 0.0431722 13 0
0 0 61.1171 0 56.2501 a b 0.0403675 13 0
0 0 61.1176 0 56.28 a b 0.0459714 13 0
0 0 61.1163 0 56.3094 a b 0.0446269 13 0
0 0 61.1176 0 56.3383 a b 0.0422738 13 0
0 0 61.1142 0 56.3726 a b 0.0425277 13 0
0 0 61.116 0 56.4063 a b 0.0450153 13 0
0 0 61.1165 0 56.4268 a b 0.0401957 13 0
0 0 61.113 0 56.4567 a b 0.0379356 13 0
0 0 61.1127 0 56.4897 a b 0.0407465 13 0
0 0 61.113 0 56.5257 a b 0.0408555 13 0
0 0 61.1145 0 56.5623 a b 0.0381121 13 0
0 0 61.1167 0 56.5946 a b 0.0389495 13 0
0 0 61.1163 0 56.6279 a b 0.0375373 13 0
0 0 61.1127 0 56.6545 a b 0.0375311 13 0
0 0 61.1158 0 56.6806 a b 0.038303 13 0
0 0 61.1157 0 56.708 a b 0.0364114 13 0
0 0 61.1114 0 56.7446 a b 0.0347143 13 0
0 0 61.1096 0 56.7696 a b 0.0339939 13 0
0 0 61.109 0 56.7944 a b 0.0276854 13 0
0 0 61.1098 0 56.8223 a b 0.0195914 13 0
0 0 61.1126 0 56.8571 a b 0.0138642 13 0
0 0 61.114 0 56.8916 a b 0.0103754 13 0
0 0 61.1161 0 56.9214 a b 0.0130598 13 0
0 0 61.119 0 56.9495 a b 0.0144345 13 0
0 0 61.1212 0 56.9749 a b 0.0177824 13 0
0 0 61.1156 0 57.0101 a b 0.0124188 13 0
0 0 61.1117 0 57.0406 a b 0.00443718 13 0
0 0 61.1064 0 57.068 a b 0.00229955 13 0
0 0 61.1025 0 57.0942 a b 0.00633547 13 0
0 0 61.1049 0 57.1273 a b 0.0134914 13 0
0 0 61.1111 0 57.1605 a b 0.0101055 13 0
0 0 61.1122 0 57.1856 a b -0.00138431 13 0
0 0 61.11 0 57.1968 a b -0.00467595 13 0
0 0 61.1019 0 57.2144 a b 0.00477586 13 0
0 0 61.0933 0 57.2423 a b 0.00416756 13 0
0 0 61.0932 0 57.267 a b -0.00781474 13 0
0 0 61.0988 0 57.2822 a b -0.00986531 13 0
0 0 61.1004 0 57.3047 a b -0.00630579 13 0
0 0 61.1012 0 57.3311 a b -0.00606064 13 0
0 0 61.1031 0 57.3631 a b -0.0108088 13 0
0 0 61.1021 0 57.3953 a b -0.0130512 13 0
0 0 61.1008 0 57.4196 a b -0.012289 13 0
0 0 61.0972 0 57.4542 a b -0.0057964 13 0
0 0 61.0885 0 57.4977 a b -0.00421412 13 0
0 0 61.0817 0 57.5363 a b -0.0120769 13 0
0 0 61.0821 0 57.5606 a b -0.0186485 13 0
0 0 61.0854 0 57.5879 a b -0.0162344 13 0
0 0 61.088 0 57.6181 a b -0.0150292 13 0
0 0 61.0912 0 57.6438 a b -0.0141396 13 0
0 0 61.0848 0 57.6768 a b -0.0154905 13 0
0 0 61.0793 0 57.705 a b -0.0181301 13 0
0 0 61.0727 0 57.7221 a b -0.0245561 13 0
0 0 61.0718 0 57.7469 a b -0.0334215 13 0
0 0 61.0703 0 57.7674 a b -0.0309103 13 0
0 0 61.0692 0 57.7867 a b -0.0246217 13 0
0 0 61.0636 0 57.82 a b -0.0268014 13 0
0 0 61.0635 0 57.8547 a b -0.0325872 13 0
0 0 61.0652 0 57.8837 a b -0.0362137 13 0
0 0 61.0639 0 57.9143 a b -0.0319006 13 0
0 0 61.0559 0 57.9524 a b -0.0293561 13 0
0 0 61.049 0 57.9945 a b -0.0334212 13 0
0 0 61.0489 0 58.0256 a b -0.0368983 13 0
0 0 61.0482 0 58.0558 a b -0.0354868 13 0
0 0 61.0442 0 58.0899 a b -0.0341877 13 0
0 0 61.0407 0 58.1232 a b -0.0381803 13 0
0 0 61.0455 0 58.1476 a b -0.0345154 13 0
0 0 61.0377 0 58.1724 a b -0.0266673 13 0
0 0 61.031 0 58.1955 a b -0.0260951 13 0
0 0 61.0282 0 58.223 a b -0.0321044 13 0
0 0 61.0321 0 58.245 a b -0.0331087 13 0
0 0 61.0358 0 58.2678 a b -0.0237479 13 0
0 0 61.0304 0 58.2902 a b -0.0193537 13 0
0 0 61.0294 0 58.3171 a b -0.0226346 13 0
0 0 61.0293 0 58.3465 a b -0.0261256 13 0
0 0 61.0313 0 58.3745 a b -0.0156124 13 0
0 0 61.0273 0 58.4055 a b -0.0102547 13 0
0 0 61.0251 0 58.4409 a b -0.0133349 13 0
0 0 61.0262 0 58.4702 a b -0.00393319 13 0
0 0 61.0259 0 58.4918 a b 0.0148868 13 0
0 0 61.0263 0 58.5283 a b 0.0299747 13 0
0 0 61.0235 0 58.5666 a b 0.0432014 13 0
0 0 61.0217 0 58.6024 a b 0.0588853 13 0
0 0 61.0251 0 58.6366 a b 0.0691205 13 0
0 0 61.03 0 58.669 a b 0.0730891 13 0
0 0 61.0323 0 58.6935 a b 0.080703 13 0
0 0 61.0319 0 58.7205 a b 0.0887164 13 0
0 0 61.033 0 58.7503 a b 0.0947751 13 0
0 0 61.0326 0 58.7777 a b 0.0885021 13 0
0 0 61.0299 0 58.8111 a b 0.091717 13 0
0 0 61.033 0 58.8373 a b 0.100497 13 0
0 0 61.0397 0 58.8679 a b 0.10359 13 0
0 0 61.0456 0 58.8957 a b 0.0973507 13 0
0 0 61.0411 0 58.929 a b 0.0943185 13 0
0 0 61.0412 0 58.9588 a b 0.100483 13 0
0 0 61.0454 0 58.9876 a b 0.107822 13 0
0 0 61.048 0 59.0113 a b 0.103228 13 0
0 0 61.0479 0 59.039 a b 0.105245 13 0
0 0 61.0483 0 59.066 a b 0.109518 13 0
0 0 61.048 0 59.0891 a b 0.11192 13 0
0 0 61.0496 0 59.1152 a b 0.111591 13 0
0 0 61.0521 0 59.145 a b 0.108415 13 0
0 0 61.0541 0 59.1675 a b 0.112875 13 0
0 0 61.0566 0 59.1973 a b 0.116391 13 0
0 0 61.0594 0 59.2182 a b 0.121679 13 0
0 0 61.0606 0 59.2419 a b 0.119558 13 0
0 0 61.0586 0 59.2753 a b 0.11586 13 0
0 0 61.0538 0 59.3108 a b 0.121129 13 0
0 0 61.059 0 59.341 a b 0.124888 13 0
0 0 61.0666 0 59.368 a b 0.119559 13 0
0 0 61.0709 0 59.4087 a b 0.117634 13 0
0 0 61.076 0 59.448 a b 0.123284 13 0
0 0 61.0853 0 59.4769 a b 0.124413 13 0
0 0 61.0896 0 59.5044 a b 0.11856 13 0
0 0 61.0897 0 59.5374 a b 0.118149 13 0
0 0 61.094 0 59.5633 a b 0.122553 13 0
0 0 61.097 0 59.5793 a b 0.123052 13 0
0 0 61.097 0 59.607 a b 0.118637 13 0
0 0 61.0983 0 59.6327 a b 0.120713 13 0
0 0 61.0974 0 59.6556 a b 0.123215 13 0
0 0 61.0985 0 59.6699 a b 0.122991 13 0
0 0 61.0967 0 59.6854 a b 0.118039 13 0
0 0 61.0983 0 59.7102 a b 0.114153 13 0
0 0 61.1036 0 59.7468 a b 0.11673 13 0
0 0 61.1082 0 59.7747 a b 0.115231 13 0
0 0 61.1152 0 59.796 a b 0.108721 13 0
0 0 61.1153 0 59.8202 a b 0.105543 13 0
0 0 61.116 0 59.8431 a b 0.105176 13 0
0 0 61.1138 0 59.8817 a b 0.106192 13 0
0 0 61.1163 0 59.9152 a b 0.101012 13 0
0 0 61.12 0 59.9443 a b 0.0893344 13 0
0 0 61.1132 0 59.9751 a b 0.0831179 13 0
0 0 61.1156 0 60.0134 a b 0.0821538 13 0
0 0 61.1214 0 60.0407 a b 0.080415 13 0
0 0 61.1261 0 60.0718 a b 0.0733216 13 0
0 0 61.1249 0 60.1087 a b 0.0719807 13 0
0 0 61.129 0 60.1453 a b 0.075614 13 0
0 0 61.1361 0 60.1787 a b 0.0740433 13 0
0 0 61.1404 0 60.212 a b 0.0674455 13 0
0 0 61.1391 0 60.2444 a b 0.0608734 13 0
0 0 61.1377 0 60.2711 a b 0.0566677 13 0
0 0 61.1424 0 60.3013 a b 0.0520952 13 0
0 0 61.1436 0 60.3346 a b 0.0488755 13 0
0 0 61.1456 0 60.354 a b 0.0480411 13 0
0 0 61.147 0 60.3825 a b 0.0419516 13 0
0 0 61.1459 0 60.408 a b 0.0374486 13 0
0 0 61.1444 0 60.4412 a b 0.0351055 13 0
0 0 61.1464 0 60.4771 a b 0.0326706 13 0
0 0 61.1509 0 60.5106 a b 0.0293449 13 0
0 0 61.1507 0 60.5495 a b 0.0257916 13 0
0 0 61.1527 0 60.5822 a b 0.0192475 13 0
0 0 61.1546 0 60.6111 a b 0.0171717 13 0
0 0 61.1494 0 60.6432 a b 0.0148389 13 0
0 0 61.1539 0 60.6735 a b 0.0121431 13 0
0 0 61.1491 0 60.7072 a b 0.0102202 13 0
0 0 61.1481 0 60.7404 a b 0.00793559 13 0
0 0 61.1451 0 60.7789 a b 0.00228775 13 0
0 0 61.1477 0 60.8065 a b -0.00145989 13 0
0 0 61.1469 0 60.8415 a b -0.000895483 13 0
0 0 61.1479 0 60.8743 a b -0.00687475 13 0
0 0 61.1477 0 60.9041 a b -0.0105382 13 0
0 0 61.1402 0 60.9398 a b -0.0130829 13 0
0 0 61.1414 0 60.9672 a b -0.0201969 13 0
0 0 61.143 0 60.99 a b -0.0198138 13 0
0 0 61.138 0 61.0241 a b -0.0245135 13 0
0 0 61.145 0 61.0358 a b -0.0267197 13 0
0 0 61.139 0 61.0634 a b -0.0294682 13 0
0 0 61.1389 0 61.0813 a b -0.0320846 13 0
0 0 61.1364 0 61.0982 a b -0.0365524 13 0
0 0 61.1374 0 61.1158 a b -0.0394789 13 0
0 0 61.1377 0 61.1274 a b -0.041483 13 0
0 0 61.1347 0 61.1537 a b -0.043804 13 0
0 0 61.1325 0 61.1743 a b -0.0468901 13 0
0 0 61.1281 0 61.1945 a b -0.0505245 13 0
0 0 61.1335 0 61.2111 a b -0.0514908 13 0
0 0 61.1333 0 61.239 a b -0.0536481 13 0
0 0 61.1254 0 61.2745 a b -0.0564166 13 0
0 0 61.1214 0 61.3089 a b -0.0587073 13 0
0 0 61.1253 0 61.3402 a b -0.0588758 13 0
0 0 61.1177 0 61.3815 a b -0.0592216 13 0
0 0 61.1126 0 61.4142 a b -0.0626228 13 0
0 0 61.1124 0 61.4429 a b -0.0638196 13 0
0 0 61.1095 0 61.4742 a b -0.0640369 13 0
0 0 61.1044 0 61.5067 a b -0.0673858 13 0
0 0 61.1053 0 61.5347 a b -0.0687189 13 0
0 0 61.1081 0 61.5567 a b -0.0680116 13 0
0 0 61.104 0 61.5799 a b -0.0674497 13 0
0 0 61.0958 0 61.6091 a b -0.0737469 13 0
0 0 61.0975 0 61.6317 a b -0.0768689 13 0
0 0 61.0952 0 61.6557 a b -0.0777938 13 0
0 0 61.0918 0 61.6819 a b -0.0792712 13 0
0 0 61.0871 0 61.7086 a b -0.0798144 13 0
0 0 61.0834 0 61.7422 a b -0.082111 13 0
0 0 61.0811 0 61.7713 a b -0.0873612 13 0
0 0 61.0863 0 61.7961 a b -0.0917641 13 0
0 0 61.0876 0 61.8151 a b -0.0891989 13 0
0 0 61.0841 0 61.8245 a b -0.0847151 13 0
