0 0 53.8474 0 61.8735 a b 1.58629 13 0
0 0 53.8669 0 61.8709 a b 1.58906 13 0
0 0 53.9019 0 61.8707 a b 1.58544 13 0
0 0 53.9441 0 61.8677 a b 1.5861 13 0
0 0 53.9805 0 61.8663 a b 1.58619 13 0
0 0 54.0208 0 61.8642 a b 1.58399 13 0
0 0 54.0572 0 61.8618 a b 1.58348 13 0
0 0 54.093 0 61.8572 a b 1.58419 13 0
0 0 54.1265 0 61.8581 a b 1.58474 13 0
0 0 54.1586 0 61.861 a b 1.58413 13 0
0 0 54.1911 0 61.8638 a b 1.58317 13 0
0 0 54.2169 0 61.8677 a b 1.58271 13 0
0 0 54.2407 0 61.8677 a b 1.581 13 0
0 0 54.2612 0 61.8676 a b 1.5771 13 0
0 0 54.2821 0 61.8699 a b 1.57452 13 0
0 0 54.3038 0 61.8697 a b 1.57601 13 0
0 0 54.3246 0 61.8707 a b 1.57995 13 0
0 0 54.3458 0 61.8717 a b 1.58395 13 0
0 0 54.3656 0 61.8775 a b 1.58395 13 0
0 0 54.3939 0 61.8769 a b 1.57953 13 0
0 0 54.4215 0 61.8743 a b 1.57395 13 0
0 0 54.4622 0 61.8726 a b 1.57491 13 0
0 0 54.5064 0 61.8725 a b 1.57624 13 0
0 0 54.5452 0 61.8734 a b 1.5762 13 0
0 0 54.5847 0 61.871 a b 1.57614 13 0
0 0 54.6223 0 61.8728 a b 1.5782 13 0
0 0 54.659 0 61.8725 a b 1.57904 13 0
0 0 54.6918 0 61.8745 a b 1.57922 13 0
0 0 54.7213 0 61.8778 a b 1.58022 13 0
0 0 54.7518 0 61.8826 a b 1.58031 13 0
0 0 54.7753 0 61.8809 a b 1.57896 13 0
0 0 54.7992 0 61.8824 a b 1.57903 13 0
0 0 54.8217 0 61.8839 a b 1.57924 13 0
0 0 54.8446 0 61.8864 a b 1.57796 13 0
0 0 54.8668 0 61.8873 a b 1.57614 13 0
0 0 54.8925 0 61.8893 a b 1.57768 13 0
0 0 54.9206 0 61.8892 a b 1.57812 13 0
0 0 54.9478 0 61.883 a b 1.57809 13 0
0 0 54.9861 0 61.8761 a b 1.58084 13 0
0 0 55.0221 0 61.8799 a b 1.58468 13 0
0 0 55.0597 0 61.8841 a b 1.58567 13 0
0 0 55.0928 0 61.8851 a b 1.58559 13 0
0 0 55.126 0 61.885 a b 1.58555 13 0
0 0 55.1601 0 61.8858 a b 1.58589 13 0
0 0 55.1911 0 61.8918 a b 1.58405 13 0
0 0 55.219 0 61.8932 a b 1.58354 13 0
0 0 55.2503 0 61.8912 a b 1.5841 13 0
0 0 55.2812 0 61.8901 a b 1.58474 13 0
0 0 55.3074 0 61.8892 a b 1.58289 13 0
0 0 55.3291 0 61.8903 a b 1.58186 13 0
0 0 55.3489 0 61.8944 a b 1.58324 13 0
0 0 55.3702 0 61.8969 a b 1.58457 13 0
0 0 55.3979 0 61.9023 a b 1.58537 13 0
0 0 55.4229 0 61.903 a b 1.58188 13 0
0 0 55.4498 0 61.898 a b 1.57788 13 0
0 0 55.4812 0 61.8912 a b 1.57911 13 0
0 0 55.5202 0 61.887 a b 1.58351 13 0
0 0 55.5555 0 61.8892 a b 1.58208 13 0
0 0 55.5873 0 61.8874 a b 1.5811 13 0
0 0 55.615 0 61.8891 a b 1.58001 13 0
0 0 55.6469 0 61.8892 a b 1.57935 13 0
0 0 55.6778 0 61.8897 a b 1.57684 13 0
0 0 55.7069 0 61.8897 a b 1.57273 13 0
0 0 55.7329 0 61.891 a b 1.56998 13 0
0 0 55.758 0 61.8908 a b 1.5698 13 0
0 0 55.7877 0 61.8938 a b 1.5697 13 0
0 0 55.8172 0 61.8968 a b 1.56837 13 0
0 0 55.8416 0 61.8941 a b 1.56523 13 0
0 0 55.8669 0 61.8953 a b 1.56576 13 0
0 0 55.8928 0 61.8991 a b 1.56771 13 0
0 0 55.9156 0 61.9026 a b 1.56739 13 0
0 0 55.9377 0 61.9036 a b 1.56374 13 0
0 0 55.9632 0 61.9019 a b 1.56006 13 0
0 0 55.9953 0 61.903 a b 1.55873 13 0
0 0 56.0349 0 61.9021 a b 1.55479 13 0
0 0 56.0679 0 61.9019 a b 1.54979 13 0
0 0 56.0987 0 61.9027 a b 1.54529 13 0
0 0 56.1319 0 61.9041 a b 1.542 13 0
0 0 56.1602 0 61.9059 a b 1.53666 13 0
0 0 56.1881 0 61.9076 a b 1.53261 13 0
0 0 56.2185 0 61.9085 a b 1.52986 13 0
0 0 56.2456 0 61.9107 a b 1.52785 13 0
0 0 56.272 0 61.9111 a b 1.52455 13 0
0 0 56.2993 0 61.9115 a b 1.52203 13 0
0 0 56.323 0 61.9144 a b 1.52149 13 0
0 0 56.3481 0 61.9175 a b 1.52221 13 0
0 0 56.3744 0 61.9204 a b 1.52413 13 0
0 0 56.4 0 61.9203 a b 1.52403 13 0
0 0 56.4316 0 61.9217 a b 1.52296 13 0
0 0 56.4589 0 61.924 a b 1.52249 13 0
0 0 56.4901 0 61.926 a b 1.52503 13 0
0 0 56.5231 0 61.925 a b 1.52903 13 0
0 0 56.5549 0 61.9271 a b 1.52905 13 0
0 0 56.5859 0 61.9274 a b 1.52592 13 0
0 0 56.6167 0 61.9311 a b 1.52382 13 0
0 0 56.6497 0 61.9338 a b 1.52576 13 0
0 0 56.6782 0 61.9372 a b 1.52826 13 0
0 0 56.7097 0 61.9372 a b 1.52905 13 0
0 0 56.7363 0 61.9396 a b 1.5308 13 0
0 0 56.7628 0 61.9391 a b 1.5323 13 0
0 0 56.7841 0 61.9399 a b 1.53131 13 0
0 0 56.807 0 61.9391 a b 1.52941 13 0
0 0 56.8326 0 61.9372 a b 1.53078 13 0
0 0 56.86 0 61.9429 a b 1.53575 13 0
0 0 56.8813 0 61.9442 a b 1.54108 13 0
0 0 56.9002 0 61.9483 a b 1.54087 13 0
0 0 56.9315 0 61.9508 a b 1.53406 13 0
0 0 56.9761 0 61.9452 a b 1.53352 13 0
0 0 57.0127 0 61.9452 a b 1.53761 13 0
0 0 57.0455 0 61.9439 a b 1.54005 13 0
0 0 57.0832 0 61.95 a b 1.54012 13 0
0 0 57.1203 0 61.9539 a b 1.54208 13 0
0 0 57.1546 0 61.9562 a b 1.5411 13 0
0 0 57.1843 0 61.9554 a b 1.54345 13 0
0 0 57.2073 0 61.9553 a b 1.5447 13 0
0 0 57.2368 0 61.9589 a b 1.54492 13 0
0 0 57.2614 0 61.9631 a b 1.54644 13 0
0 0 57.288 0 61.9631 a b 1.54876 13 0
0 0 57.3104 0 61.9643 a b 1.55111 13 0
0 0 57.3315 0 61.967 a b 1.55387 13 0
0 0 57.3515 0 61.9685 a b 1.55747 13 0
0 0 57.3747 0 61.9672 a b 1.55959 13 0
0 0 57.3934 0 61.9674 a b 1.55774 13 0
0 0 57.4173 0 61.9688 a b 1.55454 13 0
0 0 57.4495 0 61.9688 a b 1.55388 13 0
0 0 57.4879 0 61.9709 a b 1.55809 13 0
0 0 57.5211 0 61.9726 a b 1.56061 13 0
0 0 57.557 0 61.9707 a b 1.56002 13 0
0 0 57.5935 0 61.9728 a b 1.56 13 0
0 0 57.6312 0 61.9778 a b 1.56023 13 0
0 0 57.6658 0 61.9792 a b 1.56113 13 0
0 0 57.6948 0 61.9796 a b 1.56274 13 0
0 0 57.7309 0 61.9784 a b 1.56446 13 0
0 0 57.7613 0 61.9775 a b 1.56707 13 0
0 0 57.7847 0 61.9815 a b 1.56862 13 0
0 0 57.8077 0 61.9821 a b 1.56856 13 0
0 0 57.833 0 61.9792 a b 1.56665 13 0
0 0 57.862 0 61.9774 a b 1.56671 13 0
0 0 57.882 0 61.9818 a b 1.57155 13 0
0 0 57.9035 0 61.984 a b 1.57587 13 0
0 0 57.9217 0 61.9834 a b 1.57709 13 0
0 0 57.9438 0 61.9771 a b 1.57805 13 0
0 0 57.9702 0 61.9765 a b 1.57503 13 0
0 0 58.0079 0 61.9783 a b 1.57521 13 0
0 0 58.0466 0 61.973 a b 1.57988 13 0
0 0 58.0813 0 61.968 a b 1.58273 13 0
0 0 58.1185 0 61.9685 a b 1.58367 13 0
0 0 58.1538 0 61.9702 a b 1.58444 13 0
0 0 58.1882 0 61.967 a b 1.5878 13 0
0 0 58.221 0 61.9721 a b 1.58846 13 0
0 0 58.2534 0 61.9705 a b 1.58885 13 0
0 0 58.2871 0 61.9717 a b 1.58969 13 0
0 0 58.3156 0 61.9682 a b 1.59297 13 0
0 0 58.3395 0 61.9665 a b 1.59432 13 0
0 0 58.3579 0 61.966 a b 1.59067 13 0
0 0 58.3776 0 61.9698 a b 1.5877 13 0
0 0 58.3949 0 61.9749 a b 1.59444 13 0
0 0 58.4175 0 61.9737 a b 1.60469 13 0
0 0 58.4385 0 61.9739 a b 1.60725 13 0
0 0 58.4579 0 61.9815 a b 1.60123 13 0
0 0 58.4896 0 61.9783 a b 1.59647 13 0
0 0 58.5378 0 61.9703 a b 1.60073 13 0
0 0 58.5813 0 61.9671 a b 1.59869 13 0
0 0 58.6228 0 61.9625 a b 1.59975 13 0
0 0 58.659 0 61.9613 a b 1.60116 13 0
0 0 58.6979 0 61.964 a b 1.60367 13 0
0 0 58.7299 0 61.9631 a b 1.60339 13 0
0 0 58.7582 0 61.9594 a b 1.60453 13 0
0 0 58.7866 0 61.9618 a b 1.60554 13 0
0 0 58.8171 0 61.9611 a b 1.60905 13 0
0 0 58.8468 0 61.9544 a b 1.6095 13 0
0 0 58.8717 0 61.9516 a b 1.60498 13 0
0 0 58.8849 0 61.9578 a b 1.60431 13 0
0 0 58.9007 0 61.9612 a b 1.61103 13 0
0 0 58.9295 0 61.9552 a b 1.61689 13 0
0 0 58.9611 0 61.9527 a b 1.61818 13 0
0 0 58.9874 0 61.958 a b 1.61129 13 0
0 0 59.0117 0 61.9621 a b 1.61091 13 0
0 0 59.0505 0 61.9629 a b 1.61357 13 0
0 0 59.0889 0 61.96 a b 1.61479 13 0
0 0 59.1203 0 61.9582 a b 1.61551 13 0
0 0 59.151 0 61.9586 a b 1.61767 13 0
0 0 59.1807 0 61.9557 a b 1.61908 13 0
0 0 59.2104 0 61.9538 a b 1.61953 13 0
0 0 59.2352 0 61.9537 a b 1.61998 13 0
0 0 59.2561 0 61.9563 a b 1.62228 13 0
0 0 59.2738 0 61.9592 a b 1.62393 13 0
0 0 59.294 0 61.9567 a b 1.62585 13 0
0 0 59.3222 0 61.9604 a b 1.62653 13 0
0 0 59.3433 0 61.9593 a b 1.62823 13 0
0 0 59.3711 0 61.9571 a b 1.6311 13 0
0 0 59.4025 0 61.9491 a b 1.63261 13 0
0 0 59.4354 0 61.9468 a b 1.63442 13 0
0 0 59.4734 0 61.943 a b 1.63465 13 0
0 0 59.513 0 61.9364 a b 1.63711 13 0
0 0 59.5519 0 61.9347 a b 1.63771 13 0
0 0 59.5862 0 61.9328 a b 1.64011 13 0
0 0 59.6246 0 61.9264 a b 1.64087 13 0
0 0 59.6566 0 61.9257 a b 1.64182 13 0
0 0 59.6869 0 61.923 a b 1.6424 13 0
0 0 59.7157 0 61.92 a b 1.6428 13 0
0 0 59.7382 0 61.9164 a b 1.64567 13 0
0 0 59.759 0 61.9132 a b 1.64549 13 0
0 0 59.7846 0 61.9115 a b 1.64428 13 0
0 0 59.8034 0 61.9145 a b 1.64482 13 0
0 0 59.8286 0 61.9166 a b 1.6501 13 0
0 0 59.8481 0 61.9183 a b 1.65492 13 0
0 0 59.8725 0 61.9217 a b 1.6593 13 0
0 0 59.9028 0 61.9188 a b 1.65986 13 0
0 0 59.9311 0 61.9145 a b 1.65177 13 0
0 0 59.9622 0 61.9157 a b 1.65052 13 0
0 0 59.994 0 61.9085 a b 1.65473 13 0
0 0 60.0296 0 61.9003 a b 1.6554 13 0
0 0 60.0642 0 61.8971 a b 1.65339 13 0
0 0 60.1007 0 61.8976 a b 1.65275 13 0
0 0 60.1345 0 61.896 a b 1.65376 13 0
0 0 60.1666 0 61.884 a b 1.65383 13 0
0 0 60.1999 0 61.8837 a b 1.65113 13 0
0 0 60.2266 0 61.8838 a b 1.64908 13 0
0 0 60.2543 0 61.8831 a b 1.64997 13 0
0 0 60.283 0 61.8804 a b 1.64842 13 0
0 0 60.3143 0 61.8822 a b 1.64627 13 0
0 0 60.3436 0 61.8832 a b 1.64382 13 0
0 0 60.3687 0 61.8842 a b 1.64239 13 0
0 0 60.3945 0 61.8813 a b 1.64465 13 0
0 0 60.423 0 61.8836 a b 1.64166 13 0
0 0 60.4544 0 61.8807 a b 1.63863 13 0
0 0 60.4816 0 61.8759 a b 1.63531 13 0
0 0 60.5158 0 61.8765 a b 1.63341 13 0
0 0 60.545 0 61.8771 a b 1.631 13 0
0 0 60.572 0 61.8675 a b 1.62816 13 0
0 0 60.5979 0 61.8646 a b 1.62658 13 0
0 0 60.6178 0 61.8651 a b 1.62686 13 0
0 0 60.6395 0 61.8671 a b 1.61971 13 0
0 0 60.6603 0 61.8684 a b 1.61096 13 0
0 0 60.6857 0 61.8667 a b 1.60211 13 0
0 0 60.7139 0 61.8639 a b 1.59468 13 0
0 0 60.7393 0 61.8665 a b 1.58496 13 0
0 0 60.7665 0 61.8697 a b 1.57464 13 0
0 0 60.7927 0 61.8684 a b 1.56482 13 0
0 0 60.8238 0 61.8653 a b 1.55034 13 0
0 0 60.8587 0 61.8651 a b 1.54187 13 0
0 0 60.8852 0 61.8671 a b 1.5336 13 0
0 0 60.9198 0 61.8666 a b 1.5132 13 0
0 0 60.9711 0 61.8632 a b 1.50325 13 0
0 0 61.0116 0 61.8733 a b 1.49534 13 0
0 0 61.0599 0 61.879 a b 1.47636 13 0
0 0 61.0973 0 61.8831 a b 1.46603 13 0
0 0 61.128 0 61.8841 a b 1.45812 13 0
0 0 61.1468 0 61.8861 a b 1.45023 13 0
0 0 61.1598 0 61.8863 a b 1.44719 13 0
0 0 61.1697 0 61.8868 a b 1.44414 13 0
0 0 61.1742 0 61.8779 a b 1.44483 13 0
