0 0 94.4628 0 27.6643 a b 0.111816 14 0
0 0 94.4572 0 27.6743 a b 0.0565489 14 0
0 0 94.4372 0 27.6764 a b 0.0346904 14 0
0 0 94.431 0 27.6803 a b 0.0672667 14 0
0 0 94.4339 0 27.6786 a b 0.0897947 14 0
0 0 94.4311 0 27.6782 a b 0.108459 14 0
0 0 94.4281 0 27.6973 a b 0.0933802 14 0
0 0 94.4289 0 27.7122 a b 0.090125 14 0
0 0 94.4271 0 27.7426 a b 0.0885519 14 0
0 0 94.4256 0 27.7783 a b 0.088733 14 0
0 0 94.4285 0 27.8152 a b 0.0905609 14 0
0 0 94.431 0 27.8574 a b 0.091535 14 0
0 0 94.4388 0 27.9014 a b 0.0922692 14 0
0 0 94.4513 0 27.9412 a b 0.0959739 14 0
0 0 94.4506 0 27.9808 a b 0.100539 14 0
0 0 94.4499 0 28.0263 a b 0.0975846 14 0
0 0 94.4524 0 28.0674 a b 0.0991915 14 0
0 0 94.4639 0 28.1068 a b 0.100798 14 0
0 0 94.4722 0 28.1447 a b 0.100441 14 0
0 0 94.4731 0 28.1792 a b 0.10156 14 0
0 0 94.4785 0 28.2117 a b 0.102782 14 0
0 0 94.4803 0 28.2385 a b 0.100375 14 0
0 0 94.4834 0 28.2727 a b 0.101232 14 0
0 0 94.4869 0 28.3042 a b 0.102465 14 0
0 0 94.4807 0 28.3305 a b 0.100973 14 0
0 0 94.4766 0 28.3559 a b 0.100424 14 0
0 0 94.484 0 28.3791 a b 0.100733 14 0
0 0 94.4929 0 28.4048 a b 0.102344 14 0
0 0 94.4895 0 28.4204 a b 0.102719 14 0
0 0 94.4849 0 28.44 a b 0.0997925 14 0
0 0 94.4829 0 28.4615 a b 0.100318 14 0
0 0 94.4842 0 28.4845 a b 0.101297 14 0
0 0 94.4798 0 28.5041 a b 0.0996009 14 0
0 0 94.4835 0 28.5255 a b 0.0992192 14 0
0 0 94.4856 0 28.5569 a b 0.0993585 14 0
0 0 94.4919 0 28.5851 a b 0.0974745 14 0
0 0 94.4919 0 28.6166 a b 0.0960237 14 0
0 0 94.4954 0 28.6481 a b 0.0985908 14 0
0 0 94.4977 0 28.6806 a b 0.0965069 14 0
0 0 94.4913 0 28.7182 a b 0.0972502 14 0
0 0 94.5004 0 28.7526 a b 0.090433 14 0
0 0 94.5009 0 28.7938 a b 0.0846538 14 0
0 0 94.5046 0 28.8174 a b 0.0976321 14 0
0 0 94.5168 0 28.8247 a b 0.0964852 14 0
0 0 94.5183 0 28.8364 a b 0.0845395 14 0
0 0 94.5111 0 28.8521 a b 0.0824568 14 0
0 0 94.5058 0 28.868 a b 0.0867655 14 0
0 0 94.5057 0 28.8821 a b 0.0839354 14 0
0 0 94.5088 0 28.9037 a b 0.0840283 14 0
0 0 94.5106 0 28.9306 a b 0.0805483 14 0
0 0 94.5106 0 28.9658 a b 0.0803145 14 0
0 0 94.5143 0 29.0011 a b 0.0815268 14 0
0 0 94.5197 0 29.0395 a b 0.0800718 14 0
0 0 94.5166 0 29.0844 a b 0.0770283 14 0
0 0 94.5132 0 29.1253 a b 0.0796089 14 0
0 0 94.5166 0 29.1617 a b 0.0852103 14 0
0 0 94.5249 0 29.2032 a b 0.0778007 14 0
0 0 94.5159 0 29.2506 a b 0.0643093 14 0
0 0 94.5191 0 29.2895 a b 0.0744046 14 0
0 0 94.5394 0 29.3174 a b 0.0800091 14 0
0 0 94.5457 0 29.3397 a b 0.073476 14 0
0 0 94.5419 0 29.3569 a b 0.0685961 14 0
0 0 94.5294 0 29.3743 a b 0.0726067 14 0
0 0 94.5227 0 29.392 a b 0.0762888 14 0
0 0 94.5194 0 29.4118 a b 0.0756747 14 0
0 0 94.5267 0 29.4372 a b 0.0702516 14 0
0 0 94.5409 0 29.4651 a b 0.062852 14 0
0 0 94.5401 0 29.4945 a b 0.0631425 14 0
0 0 94.5323 0 29.5222 a b 0.0722931 14 0
0 0 94.5387 0 29.551 a b 0.0753188 14 0
0 0 94.545 0 29.5799 a b 0.0693011 14 0
0 0 94.5373 0 29.611 a b 0.0602468 14 0
0 0 94.5288 0 29.6501 a b 0.0620489 14 0
0 0 94.5313 0 29.6861 a b 0.0657273 14 0
0 0 94.538 0 29.7204 a b 0.0655624 14 0
0 0 94.5391 0 29.756 a b 0.0619095 14 0
0 0 94.5367 0 29.7876 a b 0.057693 14 0
0 0 94.5359 0 29.8234 a b 0.0568664 14 0
0 0 94.5388 0 29.861 a b 0.0584473 14 0
0 0 94.5396 0 29.8954 a b 0.0591064 14 0
0 0 94.5415 0 29.9311 a b 0.0574158 14 0
0 0 94.5383 0 29.9637 a b 0.0547551 14 0
0 0 94.5423 0 29.9948 a b 0.0503845 14 0
0 0 94.5479 0 30.0181 a b 0.0500725 14 0
0 0 94.5483 0 30.0456 a b 0.0572491 14 0
0 0 94.5473 0 30.0677 a b 0.0615708 14 0
0 0 94.5467 0 30.0895 a b 0.0578739 14 0
0 0 94.5458 0 30.11 a b 0.0501853 14 0
0 0 94.5457 0 30.1289 a b 0.0428394 14 0
0 0 94.5487 0 30.1448 a b 0.0455935 14 0
0 0 94.5475 0 30.1705 a b 0.0486415 14 0
0 0 94.5466 0 30.2 a b 0.0452542 14 0
0 0 94.5484 0 30.2301 a b 0.0408319 14 0
0 0 94.5443 0 30.2643 a b 0.0384006 14 0
0 0 94.5468 0 30.2989 a b 0.0385141 14 0
0 0 94.5421 0 30.3378 a b 0.0381897 14 0
0 0 94.539 0 30.3748 a b 0.035871 14 0
0 0 94.5384 0 30.4092 a b 0.0337553 14 0
0 0 94.539 0 30.4419 a b 0.0324691 14 0
0 0 94.5432 0 30.4772 a b 0.0306022 14 0
0 0 94.5418 0 30.5152 a b 0.0252653 14 0
0 0 94.5447 0 30.5462 a b 0.030901 14 0
0 0 94.5454 0 30.5705 a b 0.0364771 14 0
0 0 94.5408 0 30.595 a b 0.0367829 14 0
0 0 94.5351 0 30.6185 a b 0.0306775 14 0
0 0 94.5315 0 30.6429 a b 0.0224884 14 0
0 0 94.5337 0 30.6584 a b 0.0203086 14 0
0 0 94.5308 0 30.6742 a b 0.022746 14 0
0 0 94.5295 0 30.702 a b 0.0239441 14 0
0 0 94.532 0 30.73 a b 0.0225223 14 0
0 0 94.529 0 30.7571 a b 0.0221389 14 0
0 0 94.5234 0 30.7881 a b 0.0216611 14 0
0 0 94.5226 0 30.8189 a b 0.0190726 14 0
0 0 94.52 0 30.8493 a b 0.0181635 14 0
0 0 94.5206 0 30.8826 a b 0.0168574 14 0
0 0 94.5223 0 30.9156 a b 0.015356 14 0
0 0 94.5289 0 30.9499 a b 0.0127572 14 0
0 0 94.5307 0 30.9852 a b 0.00962069 14 0
0 0 94.5361 0 31.0195 a b 0.00859852 14 0
0 0 94.5375 0 31.0505 a b 0.00875391 14 0
0 0 94.5337 0 31.0773 a b 0.00837879 14 0
0 0 94.5281 0 31.1009 a b 0.00733264 14 0
0 0 94.5259 0 31.123 a b 0.00647706 14 0
0 0 94.5235 0 31.1471 a b 0.00348219 14 0
0 0 94.5262 0 31.1722 a b 0.000283669 14 0
0 0 94.5298 0 31.1971 a b 0.000165947 14 0
0 0 94.5305 0 31.2227 a b 0.00108759 14 0
0 0 94.5267 0 31.2523 a b 0.000451675 14 0
0 0 94.5209 0 31.2808 a b -0.000740106 14 0
0 0 94.5182 0 31.3097 a b -0.00123433 14 0
0 0 94.5142 0 31.3417 a b -0.00152763 14 0
0 0 94.5123 0 31.3737 a b -0.00235693 14 0
0 0 94.511 0 31.408 a b -0.00474389 14 0
0 0 94.5122 0 31.4447 a b -0.00889757 14 0
0 0 94.5131 0 31.4832 a b -0.00927609 14 0
0 0 94.514 0 31.5225 a b -0.00569628 14 0
0 0 94.5155 0 31.5547 a b -0.00613029 14 0
0 0 94.5105 0 31.5849 a b -0.0109835 14 0
0 0 94.5064 0 31.6139 a b -0.0145076 14 0
0 0 94.5012 0 31.6446 a b -0.0111118 14 0
0 0 94.4994 0 31.67 a b -0.00992724 14 0
0 0 94.5016 0 31.6921 a b -0.0131203 14 0
0 0 94.5027 0 31.7188 a b -0.017203 14 0
0 0 94.5019 0 31.7452 a b -0.0192011 14 0
0 0 94.5001 0 31.7713 a b -0.0184062 14 0
0 0 94.4999 0 31.7924 a b -0.0178643 14 0
0 0 94.4996 0 31.8213 a b -0.0145288 14 0
0 0 94.4983 0 31.8461 a b -0.00799944 14 0
0 0 94.4991 0 31.8713 a b -0.00236468 14 0
0 0 94.4982 0 31.8972 a b 0.00454952 14 0
0 0 94.4985 0 31.9282 a b 0.0108869 14 0
0 0 94.4976 0 31.959 a b 0.0172551 14 0
0 0 94.4977 0 31.9905 a b 0.0252389 14 0
0 0 94.498 0 32.0229 a b 0.0328896 14 0
0 0 94.5003 0 32.0525 a b 0.0395099 14 0
0 0 94.4985 0 32.0809 a b 0.0463586 14 0
0 0 94.4986 0 32.1073 a b 0.0533404 14 0
0 0 94.499 0 32.1313 a b 0.0593335 14 0
0 0 94.4983 0 32.1555 a b 0.0623825 14 0
0 0 94.501 0 32.1801 a b 0.0667709 14 0
0 0 94.5015 0 32.2047 a b 0.0693766 14 0
0 0 94.5047 0 32.2288 a b 0.0693636 14 0
0 0 94.5061 0 32.2575 a b 0.0717884 14 0
0 0 94.5062 0 32.2845 a b 0.0732375 14 0
0 0 94.5105 0 32.3161 a b 0.0738923 14 0
0 0 94.5101 0 32.349 a b 0.0775312 14 0
0 0 94.5115 0 32.3777 a b 0.0795366 14 0
0 0 94.5142 0 32.4104 a b 0.0794916 14 0
0 0 94.5142 0 32.4476 a b 0.08068 14 0
0 0 94.5222 0 32.4812 a b 0.080283 14 0
0 0 94.5249 0 32.5185 a b 0.0811266 14 0
0 0 94.5217 0 32.5511 a b 0.0903586 14 0
0 0 94.5249 0 32.5798 a b 0.0972346 14 0
0 0 94.5302 0 32.6033 a b 0.0951591 14 0
0 0 94.5331 0 32.6264 a b 0.0908019 14 0
0 0 94.5313 0 32.6526 a b 0.0911139 14 0
0 0 94.5295 0 32.6756 a b 0.0927162 14 0
0 0 94.5322 0 32.6991 a b 0.0931443 14 0
0 0 94.5342 0 32.7219 a b 0.094772 14 0
0 0 94.5371 0 32.7492 a b 0.0966033 14 0
0 0 94.5413 0 32.7741 a b 0.0968026 14 0
0 0 94.5409 0 32.8046 a b 0.096674 14 0
0 0 94.545 0 32.8345 a b 0.0936794 14 0
0 0 94.5458 0 32.8645 a b 0.0924029 14 0
0 0 94.5485 0 32.896 a b 0.094625 14 0
0 0 94.5487 0 32.9294 a b 0.0989019 14 0
0 0 94.5569 0 32.9616 a b 0.0967497 14 0
0 0 94.5653 0 32.9929 a b 0.0904163 14 0
0 0 94.5636 0 33.03 a b 0.0938386 14 0
0 0 94.5643 0 33.0595 a b 0.100363 14 0
0 0 94.5655 0 33.0874 a b 0.102517 14 0
0 0 94.564 0 33.1134 a b 0.101113 14 0
0 0 94.5641 0 33.138 a b 0.0991932 14 0
0 0 94.5678 0 33.1638 a b 0.0968567 14 0
0 0 94.5696 0 33.1871 a b 0.0959557 14 0
0 0 94.5715 0 33.2123 a b 0.0965387 14 0
0 0 94.5743 0 33.2401 a b 0.0963563 14 0
0 0 94.5746 0 33.2683 a b 0.0964088 14 0
0 0 94.576 0 33.3001 a b 0.0981738 14 0
0 0 94.5773 0 33.3326 a b 0.0973874 14 0
0 0 94.5812 0 33.3674 a b 0.0943033 14 0
0 0 94.5823 0 33.4002 a b 0.0917165 14 0
0 0 94.5817 0 33.4325 a b 0.0931188 14 0
0 0 94.5891 0 33.4726 a b 0.0937297 14 0
0 0 94.5941 0 33.5089 a b 0.0906421 14 0
0 0 94.5964 0 33.5313 a b 0.0908663 14 0
0 0 94.6004 0 33.5581 a b 0.0944994 14 0
0 0 94.602 0 33.5868 a b 0.0979449 14 0
0 0 94.6003 0 33.6054 a b 0.0989944 14 0
0 0 94.6009 0 33.6304 a b 0.0977769 14 0
0 0 94.6014 0 33.656 a b 0.0933333 14 0
0 0 94.6023 0 33.68 a b 0.0912309 14 0
0 0 94.6031 0 33.7015 a b 0.0931292 14 0
0 0 94.606 0 33.733 a b 0.0953697 14 0
0 0 94.6066 0 33.7633 a b 0.0958281 14 0
0 0 94.6082 0 33.7931 a b 0.0960017 14 0
0 0 94.6104 0 33.826 a b 0.0949276 14 0
0 0 94.6098 0 33.8614 a b 0.0941862 14 0
0 0 94.6131 0 33.8951 a b 0.0930621 14 0
0 0 94.6169 0 33.9275 a b 0.0951098 14 0
0 0 94.6192 0 33.9644 a b 0.0964018 14 0
0 0 94.623 0 33.9989 a b 0.0910479 14 0
0 0 94.6302 0 34.0274 a b 0.0883465 14 0
0 0 94.6365 0 34.0491 a b 0.0935715 14 0
0 0 94.6375 0 34.0749 a b 0.100834 14 0
0 0 94.6316 0 34.1049 a b 0.104638 14 0
0 0 94.6263 0 34.1315 a b 0.101809 14 0
0 0 94.6239 0 34.1578 a b 0.0937314 14 0
0 0 94.6321 0 34.1801 a b 0.0907132 14 0
0 0 94.6377 0 34.2055 a b 0.0960111 14 0
0 0 94.6363 0 34.2338 a b 0.0990748 14 0
0 0 94.6315 0 34.2655 a b 0.0962601 14 0
0 0 94.6339 0 34.2956 a b 0.0920942 14 0
0 0 94.6369 0 34.3271 a b 0.0928804 14 0
0 0 94.6384 0 34.3587 a b 0.0958668 14 0
0 0 94.6391 0 34.3922 a b 0.0962048 14 0
0 0 94.6384 0 34.4251 a b 0.0915146 14 0
0 0 94.6393 0 34.4557 a b 0.0831751 14 0
0 0 94.6471 0 34.4863 a b 0.0751306 14 0
0 0 94.6574 0 34.5143 a b 0.0788767 14 0
0 0 94.6601 0 34.5362 a b 0.0850722 14 0
0 0 94.6534 0 34.5616 a b 0.0854311 14 0
0 0 94.65 0 34.5869 a b 0.0771949 14 0
0 0 94.6487 0 34.6106 a b 0.0698352 14 0
0 0 94.6503 0 34.6339 a b 0.0665407 14 0
0 0 94.6513 0 34.6595 a b 0.0667246 14 0
0 0 94.6517 0 34.6872 a b 0.065216 14 0
0 0 94.653 0 34.7156 a b 0.0608154 14 0
0 0 94.6552 0 34.744 a b 0.0569505 14 0
0 0 94.6537 0 34.77 a b 0.0521809 14 0
0 0 94.6537 0 34.7998 a b 0.0493384 14 0
0 0 94.654 0 34.8302 a b 0.0459048 14 0
0 0 94.6534 0 34.8625 a b 0.0429975 14 0
0 0 94.653 0 34.8945 a b 0.0394238 14 0
0 0 94.6552 0 34.9264 a b 0.0362516 14 0
0 0 94.6568 0 34.9581 a b 0.0330988 14 0
0 0 94.6606 0 34.9873 a b 0.0289284 14 0
0 0 94.6645 0 35.018 a b 0.0278774 14 0
0 0 94.6625 0 35.0438 a b 0.0264475 14 0
0 0 94.6612 0 35.0704 a b 0.0239098 14 0
0 0 94.6589 0 35.0954 a b 0.020466 14 0
0 0 94.6565 0 35.1231 a b 0.0185824 14 0
0 0 94.6563 0 35.1493 a b 0.017001 14 0
0 0 94.6564 0 35.1724 a b 0.0135391 14 0
0 0 94.6557 0 35.2022 a b 0.011377 14 0
0 0 94.6529 0 35.2308 a b 0.00982334 14 0
0 0 94.6508 0 35.2583 a b 0.00866019 14 0
0 0 94.6515 0 35.2859 a b 0.0055039 14 0
0 0 94.6509 0 35.3138 a b 0.00214025 14 0
0 0 94.6512 0 35.347 a b -0.000758467 14 0
0 0 94.6515 0 35.3788 a b -0.00200634 14 0
0 0 94.6512 0 35.4114 a b -0.00286709 14 0
0 0 94.6514 0 35.4434 a b -0.00521599 14 0
0 0 94.6511 0 35.4756 a b -0.00766208 14 0
0 0 94.6481 0 35.5077 a b -0.0107168 14 0
0 0 94.6452 0 35.535 a b -0.014992 14 0
0 0 94.6436 0 35.5607 a b -0.0170044 14 0
0 0 94.6436 0 35.5848 a b -0.0172387 14 0
0 0 94.6398 0 35.6082 a b -0.0174108 14 0
0 0 94.6369 0 35.6335 a b -0.0186925 14 0
0 0 94.635 0 35.6621 a b -0.0205071 14 0
0 0 94.6332 0 35.6894 a b -0.0226504 14 0
0 0 94.6318 0 35.7145 a b -0.0265901 14 0
0 0 94.6278 0 35.7412 a b -0.0269049 14 0
0 0 94.6262 0 35.7672 a b -0.024608 14 0
0 0 94.6253 0 35.7961 a b -0.0224177 14 0
0 0 94.6239 0 35.8242 a b -0.0218774 14 0
0 0 94.6238 0 35.8536 a b -0.022688 14 0
0 0 94.6228 0 35.8816 a b -0.0220587 14 0
0 0 94.6223 0 35.9112 a b -0.0182891 14 0
0 0 94.6228 0 35.9422 a b -0.0166595 14 0
0 0 94.6239 0 35.9661 a b -0.0157922 14 0
0 0 94.6257 0 35.9944 a b -0.0129634 14 0
0 0 94.6229 0 36.0206 a b -0.0116073 14 0
0 0 94.6203 0 36.0442 a b -0.00993605 14 0
0 0 94.6198 0 36.0693 a b -0.00842214 14 0
0 0 94.6198 0 36.0986 a b -0.00589869 14 0
0 0 94.6175 0 36.1272 a b -0.00394385 14 0
0 0 94.6182 0 36.1558 a b -0.00127062 14 0
0 0 94.6141 0 36.1866 a b -0.00018839 14 0
0 0 94.6131 0 36.217 a b 0.00163784 14 0
0 0 94.6143 0 36.2488 a b 0.00501461 14 0
0 0 94.6133 0 36.2791 a b 0.00793247 14 0
0 0 94.6129 0 36.3099 a b 0.00918926 14 0
0 0 94.6105 0 36.3404 a b 0.0108488 14 0
0 0 94.6106 0 36.3725 a b 0.0136907 14 0
0 0 94.6097 0 36.4033 a b 0.0159676 14 0
0 0 94.6103 0 36.4326 a b 0.0178338 14 0
0 0 94.6109 0 36.4583 a b 0.0195673 14 0
0 0 94.6133 0 36.4782 a b 0.0224753 14 0
0 0 94.6136 0 36.5002 a b 0.0220583 14 0
0 0 94.6131 0 36.5235 a b 0.0207481 14 0
0 0 94.6113 0 36.5499 a b 0.0252432 14 0
0 0 94.6112 0 36.577 a b 0.0285747 14 0
0 0 94.6106 0 36.6065 a b 0.0288341 14 0
0 0 94.6122 0 36.6355 a b 0.0281807 14 0
0 0 94.6116 0 36.6686 a b 0.0322956 14 0
0 0 94.6133 0 36.7018 a b 0.0349351 14 0
0 0 94.6136 0 36.7366 a b 0.0373229 14 0
0 0 94.6145 0 36.7706 a b 0.0407668 14 0
0 0 94.6137 0 36.8068 a b 0.0470919 14 0
0 0 94.613 0 36.8405 a b 0.0513817 14 0
0 0 94.6122 0 36.8734 a b 0.0512508 14 0
0 0 94.6128 0 36.9034 a b 0.0500451 14 0
0 0 94.6158 0 36.9374 a b 0.047151 14 0
0 0 94.6192 0 36.9612 a b 0.0496062 14 0
0 0 94.6232 0 36.9863 a b 0.0601835 14 0
0 0 94.6241 0 37.0095 a b 0.0670486 14 0
0 0 94.6233 0 37.0349 a b 0.0633766 14 0
0 0 94.6228 0 37.0573 a b 0.0608305 14 0
0 0 94.62 0 37.0805 a b 0.0598163 14 0
0 0 94.619 0 37.1063 a b 0.0613532 14 0
0 0 94.6198 0 37.1371 a b 0.0644546 14 0
0 0 94.6222 0 37.1712 a b 0.0669929 14 0
0 0 94.6239 0 37.2029 a b 0.0679919 14 0
0 0 94.6231 0 37.2384 a b 0.0707322 14 0
0 0 94.6233 0 37.2711 a b 0.0708589 14 0
0 0 94.6272 0 37.3036 a b 0.070897 14 0
0 0 94.6287 0 37.336 a b 0.074885 14 0
0 0 94.6299 0 37.3711 a b 0.0769348 14 0
0 0 94.6324 0 37.4024 a b 0.0763925 14 0
0 0 94.6343 0 37.4348 a b 0.0766633 14 0
0 0 94.6353 0 37.4605 a b 0.0765177 14 0
0 0 94.6392 0 37.4882 a b 0.0808596 14 0
0 0 94.6371 0 37.5121 a b 0.0809082 14 0
0 0 94.633 0 37.535 a b 0.0738192 14 0
0 0 94.6346 0 37.5557 a b 0.0700856 14 0
0 0 94.6365 0 37.5785 a b 0.0718703 14 0
0 0 94.6361 0 37.6052 a b 0.073002 14 0
0 0 94.6327 0 37.6333 a b 0.0683691 14 0
0 0 94.631 0 37.6633 a b 0.0617829 14 0
0 0 94.6316 0 37.6919 a b 0.0570917 14 0
0 0 94.6325 0 37.7237 a b 0.0584568 14 0
0 0 94.6304 0 37.7582 a b 0.0573405 14 0
0 0 94.6275 0 37.7896 a b 0.0491489 14 0
0 0 94.6272 0 37.8254 a b 0.0378414 14 0
0 0 94.628 0 37.8615 a b 0.0277138 14 0
0 0 94.6274 0 37.8974 a b 0.0225786 14 0
0 0 94.6262 0 37.9296 a b 0.0174875 14 0
0 0 94.627 0 37.9619 a b 0.0116592 14 0
0 0 94.6305 0 37.9874 a b 0.0110053 14 0
0 0 94.63 0 38.0086 a b 0.0123075 14 0
0 0 94.6261 0 38.0281 a b 0.0101142 14 0
0 0 94.6239 0 38.045 a b 0.00175069 14 0
0 0 94.6235 0 38.0667 a b -0.00636303 14 0
0 0 94.6245 0 38.0884 a b -0.00434391 14 0
0 0 94.6238 0 38.1097 a b -0.00183668 14 0
0 0 94.6228 0 38.1329 a b -0.00445888 14 0
0 0 94.6218 0 38.1593 a b -0.0107636 14 0
0 0 94.6191 0 38.19 a b -0.0156543 14 0
0 0 94.6184 0 38.2222 a b -0.0179416 14 0
0 0 94.6167 0 38.2553 a b -0.020765 14 0
0 0 94.6151 0 38.2895 a b -0.0241486 14 0
0 0 94.6132 0 38.3239 a b -0.0279002 14 0
0 0 94.6127 0 38.3612 a b -0.030151 14 0
0 0 94.6088 0 38.3984 a b -0.0325306 14 0
0 0 94.6074 0 38.4333 a b -0.0351693 14 0
0 0 94.6047 0 38.465 a b -0.0415138 14 0
0 0 94.6049 0 38.4928 a b -0.0436205 14 0
0 0 94.6042 0 38.5194 a b -0.042788 14 0
0 0 94.6045 0 38.5422 a b -0.042697 14 0
0 0 94.6016 0 38.564 a b -0.0482323 14 0
0 0 94.6001 0 38.586 a b -0.05285 14 0
0 0 94.5967 0 38.6099 a b -0.0563291 14 0
0 0 94.5949 0 38.6313 a b -0.0599022 14 0
0 0 94.5923 0 38.6578 a b -0.0610809 14 0
0 0 94.5888 0 38.6849 a b -0.0597173 14 0
0 0 94.5857 0 38.7133 a b -0.0632219 14 0
0 0 94.5831 0 38.7486 a b -0.067364 14 0
0 0 94.5783 0 38.7834 a b -0.0688302 14 0
0 0 94.5744 0 38.8165 a b -0.0705826 14 0
0 0 94.5725 0 38.8501 a b -0.0748324 14 0
0 0 94.5718 0 38.8853 a b -0.0749315 14 0
0 0 94.5709 0 38.9205 a b -0.0759082 14 0
0 0 94.5672 0 38.9534 a b -0.0789811 14 0
0 0 94.5626 0 38.9852 a b -0.0806345 14 0
0 0 94.5565 0 39.0146 a b -0.0837306 14 0
0 0 94.5519 0 39.0429 a b -0.0846187 14 0
0 0 94.5485 0 39.0682 a b -0.084558 14 0
0 0 94.5454 0 39.0892 a b -0.0829494 14 0
0 0 94.5422 0 39.1116 a b -0.0769165 14 0
0 0 94.5414 0 39.1312 a b -0.0677524 14 0
0 0 94.5415 0 39.1529 a b -0.0583127 14 0
0 0 94.5408 0 39.1739 a b -0.0534558 14 0
0 0 94.5381 0 39.1983 a b -0.0495128 14 0
0 0 94.5314 0 39.2247 a b -0.0416036 14 0
0 0 94.5328 0 39.2521 a b -0.030227 14 0
0 0 94.5343 0 39.2806 a b -0.0250184 14 0
0 0 94.5364 0 39.313 a b -0.0229575 14 0
0 0 94.5338 0 39.3494 a b -0.0213196 14 0
0 0 94.5327 0 39.3836 a b -0.0171459 14 0
0 0 94.5321 0 39.4209 a b -0.0117824 14 0
0 0 94.5308 0 39.4581 a b -0.00688592 14 0
0 0 94.5285 0 39.499 a b -0.00256199 14 0
0 0 94.529 0 39.5311 a b 0.000265082 14 0
0 0 94.527 0 39.5599 a b 1.1433e-05 14 0
0 0 94.526 0 39.5867 a b 0.00142314 14 0
0 0 94.5274 0 39.613 a b 0.00110464 14 0
0 0 94.5267 0 39.6381 a b 0.00114616 14 0
0 0 94.5263 0 39.6594 a b 0.00233454 14 0
0 0 94.525 0 39.6823 a b 0.00579451 14 0
0 0 94.5229 0 39.7037 a b 0.00774968 14 0
0 0 94.5232 0 39.727 a b 0.00874117 14 0
0 0 94.5202 0 39.7524 a b 0.008845 14 0
0 0 94.5166 0 39.7776 a b 0.0113773 14 0
0 0 94.5174 0 39.8038 a b 0.0148345 14 0
0 0 94.5211 0 39.8322 a b 0.0199383 14 0
0 0 94.5223 0 39.8642 a b 0.0243155 14 0
0 0 94.5215 0 39.8957 a b 0.0277472 14 0
0 0 94.5213 0 39.9284 a b 0.0303961 14 0
0 0 94.522 0 39.963 a b 0.0341112 14 0
0 0 94.5221 0 39.9956 a b 0.0361783 14 0
0 0 94.5219 0 40.0283 a b 0.0370815 14 0
0 0 94.5218 0 40.0603 a b 0.037812 14 0
0 0 94.5217 0 40.0895 a b 0.0396665 14 0
0 0 94.522 0 40.1196 a b 0.0413073 14 0
0 0 94.5236 0 40.1486 a b 0.0412242 14 0
0 0 94.5227 0 40.1757 a b 0.0422953 14 0
0 0 94.521 0 40.2038 a b 0.0442398 14 0
0 0 94.5195 0 40.2315 a b 0.0455041 14 0
0 0 94.5209 0 40.2589 a b 0.0462716 14 0
0 0 94.5217 0 40.2858 a b 0.0477214 14 0
0 0 94.5226 0 40.3138 a b 0.0477248 14 0
0 0 94.5229 0 40.3417 a b 0.0494044 14 0
0 0 94.5226 0 40.3716 a b 0.0510851 14 0
0 0 94.5225 0 40.4028 a b 0.0508909 14 0
0 0 94.5238 0 40.4352 a b 0.0517464 14 0
0 0 94.5242 0 40.4676 a b 0.0535627 14 0
0 0 94.5244 0 40.5035 a b 0.0548181 14 0
0 0 94.5267 0 40.534 a b 0.0552391 14 0
0 0 94.5277 0 40.5649 a b 0.0563875 14 0
0 0 94.5289 0 40.5939 a b 0.0577499 14 0
0 0 94.5301 0 40.6228 a b 0.0582291 14 0
0 0 94.5323 0 40.6482 a b 0.0601803 14 0
0 0 94.5295 0 40.6748 a b 0.0618181 14 0
0 0 94.5274 0 40.7005 a b 0.0607107 14 0
0 0 94.5311 0 40.7254 a b 0.0607734 14 0
0 0 94.5341 0 40.7517 a b 0.0620547 14 0
0 0 94.5331 0 40.7805 a b 0.0624179 14 0
0 0 94.5336 0 40.8085 a b 0.0631305 14 0
0 0 94.5334 0 40.8379 a b 0.0659671 14 0
0 0 94.5319 0 40.8698 a b 0.0681241 14 0
0 0 94.5313 0 40.9009 a b 0.0676065 14 0
0 0 94.5332 0 40.9355 a b 0.0680817 14 0
0 0 94.5337 0 40.9692 a b 0.0704338 14 0
0 0 94.5355 0 41.006 a b 0.0683884 14 0
0 0 94.543 0 41.0399 a b 0.0708574 14 0
0 0 94.5473 0 41.0716 a b 0.0748876 14 0
0 0 94.5463 0 41.1012 a b 0.0759775 14 0
0 0 94.5453 0 41.1315 a b 0.0764839 14 0
0 0 94.5473 0 41.1597 a b 0.0781994 14 0
0 0 94.546 0 41.1856 a b 0.0789478 14 0
0 0 94.5485 0 41.2096 a b 0.078423 14 0
0 0 94.5504 0 41.2365 a b 0.0789115 14 0
0 0 94.5531 0 41.2601 a b 0.0797265 14 0
0 0 94.5539 0 41.2853 a b 0.0810056 14 0
0 0 94.5555 0 41.3111 a b 0.0807468 14 0
0 0 94.5576 0 41.3393 a b 0.081764 14 0
0 0 94.5599 0 41.3675 a b 0.0825996 14 0
0 0 94.563 0 41.3969 a b 0.083238 14 0
0 0 94.5637 0 41.4272 a b 0.0837336 14 0
0 0 94.565 0 41.4554 a b 0.0850731 14 0
0 0 94.5687 0 41.4805 a b 0.0874649 14 0
0 0 94.5685 0 41.5039 a b 0.0891739 14 0
0 0 94.5652 0 41.524 a b 0.0867006 14 0
0 0 94.5617 0 41.5477 a b 0.0809177 14 0
0 0 94.5648 0 41.5747 a b 0.077926 14 0
0 0 94.5649 0 41.5993 a b 0.0781697 14 0
0 0 94.5625 0 41.6272 a b 0.0772476 14 0
0 0 94.5587 0 41.6564 a b 0.0720414 14 0
0 0 94.5617 0 41.6892 a b 0.0650481 14 0
0 0 94.565 0 41.7237 a b 0.0618299 14 0
0 0 94.5685 0 41.7575 a b 0.0597372 14 0
0 0 94.5698 0 41.7901 a b 0.0589321 14 0
0 0 94.569 0 41.8222 a b 0.0563548 14 0
0 0 94.5677 0 41.8532 a b 0.051761 14 0
0 0 94.5701 0 41.8871 a b 0.0469802 14 0
0 0 94.5716 0 41.9212 a b 0.0462901 14 0
0 0 94.5726 0 41.9499 a b 0.0451286 14 0
0 0 94.5738 0 41.978 a b 0.0430046 14 0
0 0 94.5773 0 42.0046 a b 0.0413303 14 0
0 0 94.5775 0 42.028 a b 0.0410656 14 0
0 0 94.5742 0 42.0489 a b 0.0380527 14 0
0 0 94.575 0 42.073 a b 0.0344887 14 0
0 0 94.5774 0 42.0958 a b 0.0319066 14 0
0 0 94.576 0 42.1211 a b 0.0303207 14 0
0 0 94.5745 0 42.1459 a b 0.0296969 14 0
0 0 94.5742 0 42.1728 a b 0.0262122 14 0
0 0 94.5761 0 42.207 a b 0.0228932 14 0
0 0 94.5771 0 42.2426 a b 0.0214829 14 0
0 0 94.5744 0 42.2766 a b 0.0193495 14 0
0 0 94.5752 0 42.3103 a b 0.0166241 14 0
0 0 94.573 0 42.3456 a b 0.0141063 14 0
0 0 94.5686 0 42.381 a b 0.0111139 14 0
0 0 94.5689 0 42.4177 a b 0.00920248 14 0
0 0 94.5704 0 42.4499 a b 0.00614305 14 0
0 0 94.5686 0 42.4845 a b 0.00720825 14 0
0 0 94.5696 0 42.512 a b 0.00994566 14 0
0 0 94.5683 0 42.5367 a b 0.0163573 14 0
0 0 94.5671 0 42.5574 a b 0.0219331 14 0
0 0 94.5684 0 42.5765 a b 0.0291541 14 0
0 0 94.5691 0 42.5961 a b 0.0350698 14 0
0 0 94.5715 0 42.6141 a b 0.0390299 14 0
0 0 94.5709 0 42.6328 a b 0.0453189 14 0
0 0 94.5716 0 42.6548 a b 0.0511542 14 0
0 0 94.5733 0 42.6793 a b 0.0551296 14 0
0 0 94.5768 0 42.7048 a b 0.0563017 14 0
0 0 94.5763 0 42.7356 a b 0.057979 14 0
0 0 94.5766 0 42.7686 a b 0.0591865 14 0
0 0 94.574 0 42.8038 a b 0.0620422 14 0
0 0 94.5746 0 42.8422 a b 0.0670673 14 0
0 0 94.5789 0 42.8802 a b 0.0707458 14 0
0 0 94.5815 0 42.9187 a b 0.0724334 14 0
0 0 94.582 0 42.9587 a b 0.0729478 14 0
0 0 94.5836 0 42.9947 a b 0.0700361 14 0
0 0 94.5809 0 43.0268 a b 0.0718555 14 0
0 0 94.584 0 43.0576 a b 0.0770156 14 0
0 0 94.5873 0 43.0832 a b 0.0798386 14 0
0 0 94.592 0 43.1098 a b 0.0782654 14 0
0 0 94.5951 0 43.1336 a b 0.0738379 14 0
0 0 94.5954 0 43.1563 a b 0.0696838 14 0
0 0 94.5945 0 43.1784 a b 0.0680405 14 0
0 0 94.5907 0 43.2035 a b 0.0703375 14 0
0 0 94.592 0 43.2286 a b 0.0716078 14 0
0 0 94.595 0 43.2555 a b 0.0717596 14 0
0 0 94.597 0 43.2832 a b 0.0686058 14 0
0 0 94.5993 0 43.3124 a b 0.0653799 14 0
0 0 94.601 0 43.3443 a b 0.0667211 14 0
0 0 94.6014 0 43.3808 a b 0.0683685 14 0
0 0 94.6048 0 43.417 a b 0.0672968 14 0
0 0 94.6066 0 43.4515 a b 0.0641544 14 0
0 0 94.6082 0 43.4817 a b 0.063645 14 0
0 0 94.6104 0 43.511 a b 0.0664871 14 0
0 0 94.6134 0 43.5392 a b 0.068328 14 0
0 0 94.6161 0 43.5664 a b 0.0680932 14 0
0 0 94.6156 0 43.593 a b 0.0654796 14 0
0 0 94.6137 0 43.6188 a b 0.0619312 14 0
0 0 94.6145 0 43.6421 a b 0.0601636 14 0
0 0 94.6138 0 43.6658 a b 0.0610875 14 0
0 0 94.613 0 43.6927 a b 0.062887 14 0
0 0 94.6144 0 43.7196 a b 0.0582181 14 0
0 0 94.6174 0 43.7454 a b 0.0509111 14 0
0 0 94.6183 0 43.7708 a b 0.0476157 14 0
0 0 94.617 0 43.7979 a b 0.0474306 14 0
0 0 94.6146 0 43.8318 a b 0.0432384 14 0
0 0 94.6153 0 43.8626 a b 0.0384205 14 0
0 0 94.6155 0 43.894 a b 0.0347432 14 0
0 0 94.6124 0 43.9272 a b 0.0310184 14 0
0 0 94.613 0 43.9641 a b 0.0278169 14 0
0 0 94.6178 0 43.994 a b 0.0249928 14 0
0 0 94.6159 0 44.0247 a b 0.0219386 14 0
0 0 94.6145 0 44.0538 a b 0.0171165 14 0
0 0 94.616 0 44.0825 a b 0.0147243 14 0
0 0 94.6151 0 44.1106 a b 0.0120617 14 0
0 0 94.616 0 44.1391 a b 0.00896031 14 0
0 0 94.6138 0 44.1666 a b 0.00660337 14 0
0 0 94.6109 0 44.1929 a b 0.00293718 14 0
0 0 94.6089 0 44.2217 a b 0.000792957 14 0
0 0 94.6092 0 44.2541 a b -0.00241356 14 0
0 0 94.6088 0 44.2843 a b -0.00474897 14 0
0 0 94.6091 0 44.3143 a b -0.00624889 14 0
0 0 94.6062 0 44.3452 a b -0.0083947 14 0
0 0 94.6041 0 44.3757 a b -0.0121221 14 0
0 0 94.6052 0 44.4071 a b -0.0162105 14 0
0 0 94.6055 0 44.4346 a b -0.0165437 14 0
0 0 94.6056 0 44.4651 a b -0.0143826 14 0
0 0 94.6013 0 44.4908 a b -0.0133769 14 0
0 0 94.5971 0 44.5136 a b -0.0173089 14 0
0 0 94.5933 0 44.5362 a b -0.0249091 14 0
0 0 94.595 0 44.5612 a b -0.0309415 14 0
0 0 94.5941 0 44.5822 a b -0.029813 14 0
0 0 94.5902 0 44.6041 a b -0.0274302 14 0
0 0 94.5868 0 44.6305 a b -0.030133 14 0
0 0 94.5856 0 44.6574 a b -0.0339429 14 0
0 0 94.5829 0 44.6873 a b -0.034414 14 0
0 0 94.5809 0 44.7199 a b -0.0357991 14 0
0 0 94.579 0 44.7537 a b -0.0377752 14 0
0 0 94.5774 0 44.7859 a b -0.0404917 14 0
0 0 94.5776 0 44.8224 a b -0.0421457 14 0
0 0 94.5755 0 44.8577 a b -0.0435944 14 0
0 0 94.5758 0 44.8928 a b -0.0477026 14 0
0 0 94.5777 0 44.9239 a b -0.051839 14 0
0 0 94.5768 0 44.9571 a b -0.0496342 14 0
0 0 94.5721 0 44.9849 a b -0.0466461 14 0
0 0 94.5641 0 45.0054 a b -0.0492343 14 0
0 0 94.5596 0 45.029 a b -0.0552711 14 0
0 0 94.5567 0 45.0505 a b -0.0579003 14 0
0 0 94.5557 0 45.074 a b -0.057863 14 0
0 0 94.5564 0 45.0953 a b -0.058481 14 0
0 0 94.5569 0 45.1201 a b -0.0619298 14 0
0 0 94.5556 0 45.1463 a b -0.0675033 14 0
0 0 94.5536 0 45.1728 a b -0.0676844 14 0
0 0 94.5498 0 45.1988 a b -0.0651958 14 0
0 0 94.5445 0 45.2282 a b -0.0634685 14 0
0 0 94.5429 0 45.2593 a b -0.0668184 14 0
0 0 94.5422 0 45.2926 a b -0.066763 14 0
0 0 94.5409 0 45.3261 a b -0.0631331 14 0
0 0 94.538 0 45.3575 a b -0.0586129 14 0
0 0 94.5342 0 45.3915 a b -0.0577088 14 0
0 0 94.5321 0 45.4239 a b -0.055129 14 0
0 0 94.5312 0 45.4511 a b -0.0482049 14 0
0 0 94.5271 0 45.4731 a b -0.0491804 14 0
0 0 94.5234 0 45.4959 a b -0.0483066 14 0
0 0 94.5232 0 45.5175 a b -0.0446046 14 0
0 0 94.5226 0 45.54 a b -0.045602 14 0
0 0 94.5202 0 45.565 a b -0.0457776 14 0
0 0 94.5189 0 45.5925 a b -0.0426765 14 0
0 0 94.5173 0 45.6187 a b -0.0393822 14 0
0 0 94.5158 0 45.6471 a b -0.0369672 14 0
0 0 94.5137 0 45.674 a b -0.0334346 14 0
0 0 94.5121 0 45.7013 a b -0.0288123 14 0
0 0 94.508 0 45.7307 a b -0.0251054 14 0
0 0 94.5031 0 45.7655 a b -0.0195084 14 0
0 0 94.5035 0 45.7996 a b -0.0115415 14 0
0 0 94.5019 0 45.8345 a b -0.00524037 14 0
0 0 94.5019 0 45.8663 a b -0.000468026 14 0
0 0 94.4986 0 45.9008 a b 0.0079567 14 0
0 0 94.5008 0 45.9348 a b 0.012456 14 0
0 0 94.4981 0 45.9718 a b 0.0182821 14 0
0 0 94.4996 0 45.9992 a b 0.0249472 14 0
0 0 94.4991 0 46.0263 a b 0.0297353 14 0
0 0 94.501 0 46.0488 a b 0.029014 14 0
0 0 94.4992 0 46.0691 a b 0.0286864 14 0
0 0 94.5017 0 46.0903 a b 0.0300146 14 0
0 0 94.5024 0 46.1148 a b 0.0324641 14 0
0 0 94.5012 0 46.14 a b 0.0356798 14 0
0 0 94.5026 0 46.1681 a b 0.0387751 14 0
0 0 94.5004 0 46.1945 a b 0.0397271 14 0
0 0 94.5025 0 46.2253 a b 0.0406454 14 0
0 0 94.5044 0 46.2581 a b 0.0439887 14 0
0 0 94.5042 0 46.2896 a b 0.0450518 14 0
0 0 94.5032 0 46.3235 a b 0.0497061 14 0
0 0 94.5042 0 46.3578 a b 0.0520731 14 0
0 0 94.5085 0 46.3922 a b 0.0515815 14 0
0 0 94.5089 0 46.4268 a b 0.0536908 14 0
0 0 94.51 0 46.4602 a b 0.060634 14 0
0 0 94.5121 0 46.4907 a b 0.0698976 14 0
0 0 94.5162 0 46.5187 a b 0.0722727 14 0
0 0 94.517 0 46.5493 a b 0.0660708 14 0
0 0 94.5155 0 46.5756 a b 0.0580145 14 0
0 0 94.5143 0 46.5974 a b 0.0612342 14 0
0 0 94.5163 0 46.6197 a b 0.0655112 14 0
0 0 94.5175 0 46.6459 a b 0.0658119 14 0
0 0 94.5175 0 46.6732 a b 0.0640212 14 0
0 0 94.5185 0 46.6972 a b 0.0650371 14 0
0 0 94.5185 0 46.7239 a b 0.0673303 14 0
0 0 94.521 0 46.7547 a b 0.0678361 14 0
0 0 94.5237 0 46.7823 a b 0.0660073 14 0
0 0 94.526 0 46.8151 a b 0.0679583 14 0
0 0 94.5262 0 46.8493 a b 0.0699631 14 0
0 0 94.527 0 46.8848 a b 0.0700452 14 0
0 0 94.53 0 46.9219 a b 0.0709587 14 0
0 0 94.5349 0 46.9591 a b 0.0706493 14 0
0 0 94.539 0 46.9912 a b 0.0733336 14 0
0 0 94.5416 0 47.0216 a b 0.0784823 14 0
0 0 94.5409 0 47.0522 a b 0.0798876 14 0
0 0 94.5398 0 47.0789 a b 0.0771294 14 0
0 0 94.5416 0 47.1015 a b 0.0783656 14 0
0 0 94.5416 0 47.1258 a b 0.0806451 14 0
0 0 94.5445 0 47.1499 a b 0.0805527 14 0
0 0 94.5453 0 47.1738 a b 0.0797377 14 0
0 0 94.545 0 47.2018 a b 0.0823459 14 0
0 0 94.5459 0 47.227 a b 0.0838764 14 0
0 0 94.5448 0 47.2561 a b 0.0848346 14 0
0 0 94.5462 0 47.2838 a b 0.0838764 14 0
0 0 94.5508 0 47.3123 a b 0.0845238 14 0
0 0 94.5512 0 47.3451 a b 0.0846924 14 0
0 0 94.553 0 47.3811 a b 0.0863637 14 0
0 0 94.5493 0 47.4111 a b 0.0872032 14 0
0 0 94.5502 0 47.4458 a b 0.0865193 14 0
0 0 94.5518 0 47.4765 a b 0.0859768 14 0
0 0 94.5535 0 47.5083 a b 0.0895561 14 0
0 0 94.5576 0 47.5393 a b 0.0934034 14 0
0 0 94.5606 0 47.571 a b 0.0949308 14 0
0 0 94.5638 0 47.5989 a b 0.0957572 14 0
0 0 94.5635 0 47.6189 a b 0.0933425 14 0
0 0 94.5638 0 47.6403 a b 0.093255 14 0
0 0 94.5651 0 47.6614 a b 0.0957046 14 0
0 0 94.567 0 47.6829 a b 0.0980863 14 0
0 0 94.5695 0 47.7075 a b 0.0993836 14 0
0 0 94.5704 0 47.7312 a b 0.0954271 14 0
0 0 94.5702 0 47.7599 a b 0.0907865 14 0
0 0 94.5684 0 47.7921 a b 0.0865342 14 0
0 0 94.5695 0 47.8251 a b 0.0825814 14 0
0 0 94.573 0 47.8595 a b 0.0780735 14 0
0 0 94.5734 0 47.8922 a b 0.07516 14 0
0 0 94.5739 0 47.9224 a b 0.07082 14 0
0 0 94.5774 0 47.9522 a b 0.0635591 14 0
0 0 94.5832 0 47.9855 a b 0.0612875 14 0
0 0 94.5911 0 48.0162 a b 0.0649869 14 0
0 0 94.5907 0 48.0426 a b 0.0645597 14 0
0 0 94.5893 0 48.0663 a b 0.0617594 14 0
0 0 94.5869 0 48.0908 a b 0.056517 14 0
0 0 94.5875 0 48.1143 a b 0.0502937 14 0
0 0 94.5879 0 48.1403 a b 0.0507564 14 0
0 0 94.5875 0 48.1633 a b 0.0515394 14 0
0 0 94.5874 0 48.1869 a b 0.0489007 14 0
0 0 94.5881 0 48.2156 a b 0.0478062 14 0
0 0 94.5875 0 48.2479 a b 0.041654 14 0
0 0 94.5892 0 48.2808 a b 0.0384382 14 0
0 0 94.5904 0 48.3113 a b 0.0369503 14 0
0 0 94.5897 0 48.3467 a b 0.0356057 14 0
0 0 94.5908 0 48.3848 a b 0.0342493 14 0
0 0 94.5914 0 48.4164 a b 0.0331138 14 0
0 0 94.5887 0 48.4481 a b 0.0256393 14 0
0 0 94.5884 0 48.4823 a b 0.0191001 14 0
0 0 94.5902 0 48.517 a b 0.020916 14 0
0 0 94.5911 0 48.5439 a b 0.0271953 14 0
0 0 94.5933 0 48.5642 a b 0.0279514 14 0
0 0 94.5945 0 48.5882 a b 0.0207938 14 0
0 0 94.5938 0 48.6099 a b 0.014314 14 0
0 0 94.595 0 48.6333 a b 0.0136097 14 0
0 0 94.5927 0 48.6599 a b 0.0141802 14 0
0 0 94.5886 0 48.6858 a b 0.0130734 14 0
0 0 94.5883 0 48.7127 a b 0.0113814 14 0
0 0 94.5895 0 48.7467 a b 0.00906268 14 0
0 0 94.5879 0 48.7812 a b 0.00507498 14 0
0 0 94.5865 0 48.8168 a b 0.00226146 14 0
0 0 94.5844 0 48.8506 a b -0.000777264 14 0
0 0 94.585 0 48.8803 a b -0.00130496 14 0
0 0 94.5855 0 48.9126 a b -0.00527737 14 0
0 0 94.5861 0 48.9406 a b -0.00920558 14 0
0 0 94.5843 0 48.9691 a b -0.0112488 14 0
0 0 94.587 0 48.9964 a b -0.00862606 14 0
0 0 94.5879 0 49.0161 a b -0.00954887 14 0
0 0 94.5853 0 49.0396 a b -0.0132798 14 0
0 0 94.5818 0 49.0598 a b -0.0164387 14 0
0 0 94.5833 0 49.0807 a b -0.0157275 14 0
0 0 94.5813 0 49.1054 a b -0.0185376 14 0
0 0 94.5809 0 49.1319 a b -0.0205394 14 0
0 0 94.5818 0 49.1656 a b -0.0197101 14 0
0 0 94.5812 0 49.1961 a b -0.0216683 14 0
0 0 94.5802 0 49.2329 a b -0.0231862 14 0
0 0 94.5772 0 49.2718 a b -0.0245974 14 0
0 0 94.5752 0 49.3071 a b -0.0251966 14 0
0 0 94.5712 0 49.3377 a b -0.0297058 14 0
0 0 94.5671 0 49.3765 a b -0.0322523 14 0
0 0 94.5647 0 49.4141 a b -0.0349404 14 0
0 0 94.5659 0 49.449 a b -0.0375428 14 0
0 0 94.5604 0 49.4804 a b -0.0375627 14 0
0 0 94.5604 0 49.5125 a b -0.034785 14 0
0 0 94.5599 0 49.5396 a b -0.0367528 14 0
0 0 94.5588 0 49.5602 a b -0.0400925 14 0
0 0 94.5604 0 49.5857 a b -0.0439929 14 0
0 0 94.5561 0 49.603 a b -0.0472333 14 0
0 0 94.5527 0 49.626 a b -0.0445152 14 0
0 0 94.5554 0 49.6554 a b -0.0452633 14 0
0 0 94.5571 0 49.684 a b -0.0514106 14 0
0 0 94.5498 0 49.7032 a b -0.0567128 14 0
0 0 94.546 0 49.7266 a b -0.0561775 14 0
0 0 94.543 0 49.7563 a b -0.0541874 14 0
0 0 94.5413 0 49.7888 a b -0.0556556 14 0
0 0 94.5415 0 49.8262 a b -0.0593389 14 0
0 0 94.5379 0 49.8604 a b -0.0644511 14 0
0 0 94.5328 0 49.8957 a b -0.0662449 14 0
0 0 94.5286 0 49.9322 a b -0.0676627 14 0
0 0 94.5271 0 49.9666 a b -0.0703552 14 0
0 0 94.5233 0 50.0033 a b -0.0674526 14 0
0 0 94.5221 0 50.0374 a b -0.0674162 14 0
0 0 94.5185 0 50.0643 a b -0.0713184 14 0
0 0 94.5152 0 50.0868 a b -0.0745977 14 0
0 0 94.5105 0 50.1059 a b -0.0744197 14 0
0 0 94.5091 0 50.1254 a b -0.074186 14 0
0 0 94.5104 0 50.1482 a b -0.0747434 14 0
0 0 94.5093 0 50.1699 a b -0.0781872 14 0
0 0 94.5079 0 50.1905 a b -0.0800964 14 0
0 0 94.5057 0 50.2117 a b -0.0828531 14 0
0 0 94.4994 0 50.2403 a b -0.0837957 14 0
0 0 94.4942 0 50.2672 a b -0.0840213 14 0
0 0 94.492 0 50.2964 a b -0.0839625 14 0
0 0 94.4883 0 50.3317 a b -0.0852566 14 0
0 0 94.4831 0 50.3694 a b -0.08856 14 0
0 0 94.4788 0 50.4085 a b -0.0886544 14 0
0 0 94.4783 0 50.4472 a b -0.0905159 14 0
0 0 94.4735 0 50.4842 a b -0.0955569 14 0
0 0 94.4751 0 50.5177 a b -0.0975859 14 0
0 0 94.4802 0 50.5464 a b -0.0879195 14 0
0 0 94.4794 0 50.5684 a b -0.0734341 14 0
0 0 94.4748 0 50.5897 a b -0.0630222 14 0
0 0 94.4688 0 50.6104 a b -0.0567855 14 0
0 0 94.4643 0 50.6308 a b -0.0568514 14 0
0 0 94.4643 0 50.6493 a b -0.0573802 14 0
0 0 94.4641 0 50.6704 a b -0.0531779 14 0
0 0 94.4638 0 50.694 a b -0.0448297 14 0
0 0 94.4612 0 50.7198 a b -0.0406508 14 0
0 0 94.4614 0 50.7461 a b -0.0352426 14 0
0 0 94.4618 0 50.7734 a b -0.0283901 14 0
0 0 94.4625 0 50.8049 a b -0.0205475 14 0
0 0 94.4561 0 50.8412 a b -0.0119655 14 0
0 0 94.4554 0 50.8773 a b -0.00317095 14 0
0 0 94.4532 0 50.9121 a b 0.00403335 14 0
0 0 94.4563 0 50.9494 a b 0.00875061 14 0
0 0 94.4578 0 50.9923 a b 0.013751 14 0
0 0 94.4639 0 51.0241 a b 0.0231524 14 0
0 0 94.4598 0 51.0555 a b 0.0299164 14 0
0 0 94.4544 0 51.0817 a b 0.0324401 14 0
0 0 94.4551 0 51.1083 a b 0.0340549 14 0
0 0 94.4577 0 51.1329 a b 0.0387266 14 0
0 0 94.4587 0 51.1574 a b 0.0427401 14 0
0 0 94.4573 0 51.1794 a b 0.042887 14 0
0 0 94.4567 0 51.2073 a b 0.0443294 14 0
0 0 94.4555 0 51.2285 a b 0.0470733 14 0
0 0 94.4559 0 51.2562 a b 0.0499554 14 0
0 0 94.4623 0 51.2846 a b 0.053971 14 0
0 0 94.4604 0 51.313 a b 0.0571807 14 0
0 0 94.4566 0 51.3432 a b 0.0604192 14 0
0 0 94.4597 0 51.3757 a b 0.0618381 14 0
0 0 94.4605 0 51.411 a b 0.0671665 14 0
0 0 94.4579 0 51.4377 a b 0.0674329 14 0
0 0 94.4661 0 51.4756 a b 0.0662778 14 0
0 0 94.4718 0 51.5088 a b 0.0736157 14 0
0 0 94.467 0 51.528 a b 0.0792692 14 0
0 0 94.4642 0 51.5468 a b 0.0770211 14 0
0 0 94.4628 0 51.5669 a b 0.0713663 14 0
0 0 94.4677 0 51.5924 a b 0.0677159 14 0
0 0 94.4722 0 51.6202 a b 0.070735 14 0
0 0 94.474 0 51.6441 a b 0.0765362 14 0
0 0 94.4692 0 51.6623 a b 0.0785095 14 0
0 0 94.472 0 51.6897 a b 0.0782157 14 0
0 0 94.4754 0 51.7156 a b 0.0743428 14 0
0 0 94.4772 0 51.7515 a b 0.0763451 14 0
0 0 94.4796 0 51.7833 a b 0.0815516 14 0
0 0 94.4816 0 51.8135 a b 0.0832922 14 0
0 0 94.4786 0 51.846 a b 0.0804693 14 0
0 0 94.4793 0 51.8862 a b 0.0796526 14 0
0 0 94.4798 0 51.9199 a b 0.0805767 14 0
0 0 94.4847 0 51.9583 a b 0.079764 14 0
0 0 94.4913 0 52.001 a b 0.0791539 14 0
0 0 94.4953 0 52.0319 a b 0.0856886 14 0
0 0 94.4945 0 52.0561 a b 0.0901616 14 0
0 0 94.485 0 52.076 a b 0.0870252 14 0
0 0 94.4841 0 52.103 a b 0.0838528 14 0
0 0 94.4841 0 52.1329 a b 0.0856574 14 0
0 0 94.4884 0 52.1555 a b 0.0889684 14 0
0 0 94.4888 0 52.1752 a b 0.0883331 14 0
0 0 94.4903 0 52.2055 a b 0.0871634 14 0
0 0 94.4914 0 52.236 a b 0.0869899 14 0
0 0 94.4946 0 52.2649 a b 0.0881652 14 0
0 0 94.4993 0 52.2986 a b 0.090383 14 0
0 0 94.4988 0 52.3286 a b 0.0899241 14 0
0 0 94.4992 0 52.3612 a b 0.0894399 14 0
0 0 94.5022 0 52.3942 a b 0.091603 14 0
0 0 94.5027 0 52.4315 a b 0.0921884 14 0
0 0 94.5106 0 52.4716 a b 0.0905681 14 0
0 0 94.5102 0 52.5104 a b 0.0882341 14 0
0 0 94.5113 0 52.5435 a b 0.0902351 14 0
0 0 94.5162 0 52.5751 a b 0.0940613 14 0
0 0 94.5171 0 52.6012 a b 0.0947757 14 0
0 0 94.5166 0 52.6269 a b 0.0943394 14 0
0 0 94.5112 0 52.6478 a b 0.0922385 14 0
0 0 94.512 0 52.6726 a b 0.0957882 14 0
0 0 94.5145 0 52.695 a b 0.101159 14 0
0 0 94.5249 0 52.7261 a b 0.0997682 14 0
0 0 94.5334 0 52.7594 a b 0.0926079 14 0
0 0 94.531 0 52.7837 a b 0.0814618 14 0
0 0 94.5294 0 52.81 a b 0.0763742 14 0
0 0 94.5289 0 52.8398 a b 0.0741334 14 0
0 0 94.5285 0 52.8751 a b 0.0697882 14 0
0 0 94.5319 0 52.9083 a b 0.0657964 14 0
0 0 94.5364 0 52.9391 a b 0.0602901 14 0
0 0 94.5327 0 52.9593 a b 0.0540418 14 0
0 0 94.5382 0 52.988 a b 0.0580871 14 0
0 0 94.5374 0 53.0158 a b 0.0558957 14 0
0 0 94.5438 0 53.0439 a b 0.0476618 14 0
0 0 94.5409 0 53.0626 a b 0.0391522 14 0
0 0 94.5316 0 53.0821 a b 0.0394902 14 0
0 0 94.5287 0 53.1072 a b 0.0390641 14 0
0 0 94.5361 0 53.1352 a b 0.0354285 14 0
0 0 94.5373 0 53.1581 a b 0.0306026 14 0
0 0 94.5364 0 53.1818 a b 0.0282162 14 0
0 0 94.5324 0 53.2127 a b 0.0270367 14 0
0 0 94.538 0 53.2497 a b 0.0274845 14 0
0 0 94.5416 0 53.2817 a b 0.0236636 14 0
0 0 94.541 0 53.3144 a b 0.0182522 14 0
0 0 94.5374 0 53.3421 a b 0.0159456 14 0
0 0 94.5363 0 53.377 a b 0.0144457 14 0
0 0 94.5374 0 53.4148 a b 0.0125291 14 0
0 0 94.5374 0 53.4496 a b 0.00653645 14 0
0 0 94.5413 0 53.4738 a b 0.00504615 14 0
0 0 94.5409 0 53.5006 a b 0.00723158 14 0
0 0 94.5413 0 53.5291 a b 0.00392964 14 0
0 0 94.5383 0 53.5528 a b 0.000643068 14 0
0 0 94.5377 0 53.5775 a b 0.000523268 14 0
0 0 94.5399 0 53.6055 a b -0.00278991 14 0
0 0 94.5364 0 53.6267 a b -0.00761855 14 0
0 0 94.5368 0 53.6559 a b -0.00836271 14 0
0 0 94.5389 0 53.6829 a b -0.0112692 14 0
0 0 94.5355 0 53.7082 a b -0.0127391 14 0
0 0 94.5317 0 53.7333 a b -0.0143299 14 0
0 0 94.5335 0 53.7685 a b -0.0165866 14 0
0 0 94.5315 0 53.8011 a b -0.0204646 14 0
0 0 94.5277 0 53.8273 a b -0.0221893 14 0
0 0 94.527 0 53.8576 a b -0.0246211 14 0
0 0 94.526 0 53.8929 a b -0.0257757 14 0
0 0 94.5243 0 53.9249 a b -0.0278243 14 0
0 0 94.5251 0 53.9502 a b -0.0318727 14 0
0 0 94.5162 0 53.9979 a b -0.0328994 14 0
0 0 94.5113 0 54.0212 a b -0.0340538 14 0
0 0 94.5126 0 54.044 a b -0.0343382 14 0
0 0 94.5133 0 54.0661 a b -0.036625 14 0
0 0 94.5113 0 54.0937 a b -0.0371608 14 0
0 0 94.5119 0 54.1115 a b -0.0357832 14 0
0 0 94.51 0 54.1403 a b -0.0391136 14 0
0 0 94.5025 0 54.1568 a b -0.0399653 14 0
0 0 94.5018 0 54.1873 a b -0.044187 14 0
0 0 94.4943 0 54.2169 a b -0.0455157 14 0
0 0 94.4987 0 54.2483 a b -0.0478141 14 0
0 0 94.4938 0 54.2755 a b -0.0477527 14 0
0 0 94.4933 0 54.3174 a b -0.0494893 14 0
0 0 94.487 0 54.3515 a b -0.0494913 14 0
0 0 94.4773 0 54.3838 a b -0.0535342 14 0
0 0 94.478 0 54.4181 a b -0.0584199 14 0
0 0 94.4758 0 54.4547 a b -0.0587733 14 0
0 0 94.4792 0 54.4842 a b -0.0559403 14 0
0 0 94.4728 0 54.5136 a b -0.0538182 14 0
0 0 94.4725 0 54.5425 a b -0.0541841 14 0
0 0 94.474 0 54.5648 a b -0.0484716 14 0
0 0 94.4717 0 54.5824 a b -0.0424406 14 0
0 0 94.4675 0 54.6018 a b -0.0396765 14 0
0 0 94.4578 0 54.6225 a b -0.0365921 14 0
0 0 94.4596 0 54.641 a b -0.0371089 14 0
0 0 94.4638 0 54.6625 a b -0.0343711 14 0
0 0 94.4639 0 54.6884 a b -0.029279 14 0
0 0 94.4589 0 54.7185 a b -0.0239269 14 0
0 0 94.458 0 54.7505 a b -0.0188585 14 0
0 0 94.4594 0 54.7801 a b -0.0116623 14 0
0 0 94.458 0 54.8138 a b -0.00623346 14 0
0 0 94.454 0 54.8471 a b -0.00243477 14 0
0 0 94.4561 0 54.8864 a b 0.00446244 14 0
0 0 94.466 0 54.9224 a b 0.0116248 14 0
0 0 94.468 0 54.9558 a b 0.0156693 14 0
0 0 94.4634 0 54.9906 a b 0.0213569 14 0
0 0 94.4659 0 55.0181 a b 0.0282935 14 0
0 0 94.4668 0 55.0484 a b 0.0327179 14 0
0 0 94.4638 0 55.0717 a b 0.0359757 14 0
0 0 94.4627 0 55.0952 a b 0.0378782 14 0
0 0 94.4697 0 55.1186 a b 0.0416814 14 0
0 0 94.4658 0 55.1408 a b 0.0439145 14 0
0 0 94.4571 0 55.1642 a b 0.0461973 14 0
0 0 94.4593 0 55.1959 a b 0.0468382 14 0
0 0 94.4616 0 55.2223 a b 0.0490453 14 0
0 0 94.4668 0 55.2499 a b 0.0524899 14 0
0 0 94.4686 0 55.2815 a b 0.0529998 14 0
0 0 94.4686 0 55.3133 a b 0.05409 14 0
0 0 94.4728 0 55.3438 a b 0.0564294 14 0
0 0 94.471 0 55.3815 a b 0.0560374 14 0
0 0 94.4789 0 55.4228 a b 0.0561039 14 0
0 0 94.4816 0 55.4584 a b 0.0523793 14 0
0 0 94.4661 0 55.4859 a b 0.0596606 14 0
0 0 94.4677 0 55.5178 a b 0.0740922 14 0
0 0 94.4773 0 55.5552 a b 0.0762263 14 0
0 0 94.483 0 55.5777 a b 0.0733742 14 0
0 0 94.4744 0 55.5992 a b 0.0722415 14 0
0 0 94.4703 0 55.6205 a b 0.0693049 14 0
0 0 94.4714 0 55.6445 a b 0.0663464 14 0
0 0 94.4663 0 55.6707 a b 0.0661572 14 0
0 0 94.4703 0 55.6957 a b 0.0712488 14 0
0 0 94.4748 0 55.7299 a b 0.0752018 14 0
0 0 94.4811 0 55.7601 a b 0.0771766 14 0
0 0 94.4824 0 55.792 a b 0.0753028 14 0
0 0 94.4834 0 55.8224 a b 0.0740307 14 0
0 0 94.4872 0 55.8627 a b 0.0755581 14 0
0 0 94.4887 0 55.8983 a b 0.075711 14 0
0 0 94.4974 0 55.9362 a b 0.0733955 14 0
0 0 94.507 0 55.972 a b 0.0620631 14 0
0 0 94.4964 0 55.997 a b 0.0645189 14 0
0 0 94.4878 0 56.0177 a b 0.0830467 14 0
0 0 94.506 0 56.0478 a b 0.0861132 14 0
0 0 94.5131 0 56.0698 a b 0.0785329 14 0
0 0 94.5062 0 56.0965 a b 0.0736091 14 0
0 0 94.4981 0 56.1201 a b 0.073108 14 0
0 0 94.4992 0 56.1422 a b 0.0752958 14 0
0 0 94.5091 0 56.1718 a b 0.0732385 14 0
0 0 94.5094 0 56.1972 a b 0.0718771 14 0
0 0 94.5154 0 56.2266 a b 0.0713136 14 0
0 0 94.5087 0 56.2509 a b 0.0750213 14 0
0 0 94.5076 0 56.2793 a b 0.0782516 14 0
0 0 94.5113 0 56.3131 a b 0.0792686 14 0
0 0 94.515 0 56.3558 a b 0.0788058 14 0
0 0 94.5136 0 56.3925 a b 0.0793225 14 0
0 0 94.5101 0 56.4314 a b 0.0777992 14 0
0 0 94.5102 0 56.4791 a b 0.0680102 14 0
0 0 94.5128 0 56.5211 a b 0.0632871 14 0
0 0 94.5137 0 56.5384 a b 0.0699922 14 0
0 0 94.5239 0 56.5581 a b 0.0791176 14 0
0 0 94.5347 0 56.591 a b 0.0777869 14 0
0 0 94.5331 0 56.615 a b 0.0720347 14 0
0 0 94.5223 0 56.6384 a b 0.072046 14 0
0 0 94.5214 0 56.6652 a b 0.0784831 14 0
0 0 94.5316 0 56.6872 a b 0.0837551 14 0
0 0 94.5361 0 56.7083 a b 0.0805506 14 0
0 0 94.5345 0 56.7241 a b 0.0777645 14 0
0 0 94.5316 0 56.749 a b 0.0807072 14 0
0 0 94.5358 0 56.7816 a b 0.0832381 14 0
0 0 94.5354 0 56.8191 a b 0.0820229 14 0
0 0 94.5376 0 56.8507 a b 0.0818637 14 0
0 0 94.5358 0 56.8811 a b 0.0815351 14 0
0 0 94.5355 0 56.9143 a b 0.0837621 14 0
0 0 94.5393 0 56.9469 a b 0.0842517 14 0
0 0 94.542 0 56.9798 a b 0.0850697 14 0
0 0 94.5489 0 57.0237 a b 0.0755161 14 0
0 0 94.5442 0 57.0628 a b 0.0613046 14 0
0 0 94.546 0 57.0925 a b 0.0466616 14 0
0 0 94.5393 0 57.1114 a b 0.0361156 14 0
0 0 94.5413 0 57.1306 a b 0.025622 14 0
0 0 94.5352 0 57.1554 a b 0.015448 14 0
0 0 94.5283 0 57.1802 a b 0.00434029 14 0
0 0 94.5272 0 57.2005 a b -0.00408835 14 0
0 0 94.5215 0 57.2257 a b -0.0133274 14 0
0 0 94.5297 0 57.2501 a b -0.0196596 14 0
0 0 94.5319 0 57.28 a b -0.0207534 14 0
0 0 94.5289 0 57.3081 a b -0.0210581 14 0
0 0 94.5217 0 57.3381 a b -0.0245817 14 0
0 0 94.5212 0 57.3704 a b -0.0297743 14 0
0 0 94.5189 0 57.4057 a b -0.0363446 14 0
0 0 94.5185 0 57.4368 a b -0.0393889 14 0
0 0 94.5151 0 57.4684 a b -0.0430616 14 0
0 0 94.5188 0 57.4974 a b -0.0425116 14 0
0 0 94.5181 0 57.5355 a b -0.0416312 14 0
0 0 94.5137 0 57.5678 a b -0.0472642 14 0
0 0 94.5112 0 57.5927 a b -0.0504669 14 0
0 0 94.5115 0 57.6173 a b -0.0523059 14 0
0 0 94.5069 0 57.6394 a b -0.0496271 14 0
0 0 94.5032 0 57.6604 a b -0.0474357 14 0
0 0 94.4998 0 57.6823 a b -0.0451046 14 0
0 0 94.4989 0 57.7064 a b -0.0449125 14 0
0 0 94.503 0 57.73 a b -0.0473455 14 0
0 0 94.5008 0 57.7566 a b -0.0468992 14 0
0 0 94.4928 0 57.7927 a b -0.0452365 14 0
0 0 94.493 0 57.8212 a b -0.0426217 14 0
0 0 94.4906 0 57.8455 a b -0.0391406 14 0
0 0 94.485 0 57.8679 a b -0.035809 14 0
0 0 94.4883 0 57.9095 a b -0.0335164 14 0
0 0 94.4893 0 57.9397 a b -0.028313 14 0
0 0 94.4872 0 57.9694 a b -0.0234939 14 0
0 0 94.4859 0 58.0022 a b -0.0194218 14 0
0 0 94.4818 0 58.0346 a b -0.0152091 14 0
0 0 94.4855 0 58.0599 a b -0.0113466 14 0
0 0 94.485 0 58.0871 a b -0.00644217 14 0
0 0 94.4802 0 58.109 a b -0.00410419 14 0
0 0 94.4753 0 58.1317 a b -0.00433541 14 0
0 0 94.4754 0 58.1581 a b -0.00379574 14 0
0 0 94.4755 0 58.1875 a b -0.00256392 14 0
0 0 94.4741 0 58.2159 a b 0.000436351 14 0
0 0 94.4788 0 58.244 a b 0.00182265 14 0
0 0 94.4767 0 58.2694 a b 0.0030293 14 0
0 0 94.4716 0 58.3016 a b 0.00358459 14 0
0 0 94.4731 0 58.3351 a b 0.00732492 14 0
0 0 94.4783 0 58.3647 a b 0.00885633 14 0
0 0 94.4776 0 58.3972 a b 0.0103859 14 0
0 0 94.4775 0 58.4307 a b 0.0134598 14 0
0 0 94.48 0 58.4627 a b 0.0173945 14 0
0 0 94.4828 0 58.4895 a b 0.0170709 14 0
0 0 94.4756 0 58.5172 a b 0.0144857 14 0
0 0 94.4792 0 58.5498 a b 0.0158283 14 0
0 0 94.4787 0 58.5763 a b 0.0195222 14 0
0 0 94.4766 0 58.6022 a b 0.0245681 14 0
0 0 94.4773 0 58.6249 a b 0.0249702 14 0
0 0 94.4776 0 58.6511 a b 0.0240976 14 0
0 0 94.4774 0 58.6754 a b 0.0226429 14 0
0 0 94.4731 0 58.7109 a b 0.0221802 14 0
0 0 94.4725 0 58.7386 a b 0.0271488 14 0
0 0 94.4709 0 58.7688 a b 0.0304509 14 0
0 0 94.4742 0 58.7997 a b 0.0297574 14 0
0 0 94.4766 0 58.833 a b 0.0296118 14 0
0 0 94.4722 0 58.8649 a b 0.0294323 14 0
0 0 94.4711 0 58.8972 a b 0.0343082 14 0
0 0 94.4659 0 58.9282 a b 0.0358682 14 0
0 0 94.4646 0 58.9631 a b 0.0368141 14 0
0 0 94.4682 0 58.9951 a b 0.0315402 14 0
0 0 94.4713 0 59.0186 a b 0.0261783 14 0
0 0 94.4758 0 59.0478 a b 0.0289724 14 0
0 0 94.4758 0 59.0702 a b 0.036522 14 0
0 0 94.478 0 59.1005 a b 0.041635 14 0
0 0 94.4788 0 59.1209 a b 0.0421636 14 0
0 0 94.4804 0 59.1431 a b 0.0367784 14 0
0 0 94.4761 0 59.1678 a b 0.030268 14 0
0 0 94.4703 0 59.1973 a b 0.0296127 14 0
0 0 94.4681 0 59.2266 a b 0.0356671 14 0
0 0 94.4727 0 59.2559 a b 0.0405984 14 0
0 0 94.4741 0 59.2864 a b 0.0403928 14 0
0 0 94.4806 0 59.3126 a b 0.037741 14 0
0 0 94.4759 0 59.3441 a b 0.0351703 14 0
0 0 94.4741 0 59.3862 a b 0.0349109 14 0
0 0 94.4679 0 59.4248 a b 0.0364976 14 0
0 0 94.4727 0 59.4543 a b 0.0408338 14 0
0 0 94.4814 0 59.4808 a b 0.0380819 14 0
0 0 94.4829 0 59.5215 a b 0.0319372 14 0
0 0 94.4721 0 59.5681 a b 0.0316507 14 0
0 0 94.4698 0 59.5939 a b 0.0389959 14 0
0 0 94.4694 0 59.6186 a b 0.0457046 14 0
0 0 94.4774 0 59.6469 a b 0.042918 14 0
0 0 94.4813 0 59.6698 a b 0.0407644 14 0
0 0 94.4848 0 59.6953 a b 0.0366633 14 0
0 0 94.4799 0 59.7237 a b 0.0351857 14 0
0 0 94.4762 0 59.7391 a b 0.0359538 14 0
0 0 94.4755 0 59.7611 a b 0.0387657 14 0
0 0 94.4734 0 59.7839 a b 0.0448165 14 0
0 0 94.4749 0 59.8136 a b 0.0482115 14 0
0 0 94.4788 0 59.842 a b 0.0464135 14 0
0 0 94.4793 0 59.8725 a b 0.0433922 14 0
0 0 94.4745 0 59.9004 a b 0.0462814 14 0
0 0 94.4744 0 59.9342 a b 0.0481014 14 0
0 0 94.4771 0 59.9709 a b 0.0487968 14 0
0 0 94.4774 0 60.0087 a b 0.0481334 14 0
0 0 94.4856 0 60.0374 a b 0.0498771 14 0
0 0 94.4915 0 60.0669 a b 0.0493269 14 0
0 0 94.4894 0 60.0939 a b 0.0474259 14 0
0 0 94.4831 0 60.1206 a b 0.0462449 14 0
0 0 94.4859 0 60.1465 a b 0.0453145 14 0
0 0 94.4875 0 60.1638 a b 0.0468754 14 0
0 0 94.4861 0 60.1823 a b 0.0482849 14 0
0 0 94.4894 0 60.2076 a b 0.0500933 14 0
0 0 94.4877 0 60.2375 a b 0.0513893 14 0
0 0 94.4908 0 60.261 a b 0.0528932 14 0
0 0 94.4908 0 60.2917 a b 0.0528789 14 0
0 0 94.4923 0 60.3247 a b 0.0537535 14 0
0 0 94.4918 0 60.3554 a b 0.0540681 14 0
0 0 94.4905 0 60.3868 a b 0.0545944 14 0
0 0 94.4859 0 60.4269 a b 0.0549898 14 0
0 0 94.4865 0 60.467 a b 0.0551287 14 0
0 0 94.4957 0 60.5009 a b 0.0522367 14 0
0 0 94.4927 0 60.5319 a b 0.0511365 14 0
0 0 94.4902 0 60.5658 a b 0.047592 14 0
0 0 94.4859 0 60.5939 a b 0.0393046 14 0
0 0 94.4801 0 60.6193 a b 0.0300129 14 0
0 0 94.4836 0 60.6369 a b 0.0239398 14 0
0 0 94.4906 0 60.656 a b 0.0226462 14 0
0 0 94.4864 0 60.6842 a b 0.0193328 14 0
0 0 94.482 0 60.7118 a b 0.0157805 14 0
0 0 94.4831 0 60.7408 a b 0.0101861 14 0
0 0 94.4797 0 60.7681 a b 0.00538518 14 0
0 0 94.4806 0 60.7993 a b 0.00454395 14 0
0 0 94.4797 0 60.8273 a b 0.00210684 14 0
0 0 94.4711 0 60.8596 a b -0.00214108 14 0
0 0 94.4716 0 60.8915 a b -0.00738995 14 0
0 0 94.4743 0 60.925 a b -0.010029 14 0
0 0 94.4717 0 60.9548 a b -0.0128391 14 0
0 0 94.4666 0 60.9941 a b -0.0168428 14 0
0 0 94.4568 0 61.0474 a b -0.0173046 14 0
0 0 94.4556 0 61.0844 a b -0.0214871 14 0
0 0 94.4538 0 61.1095 a b -0.0224415 14 0
0 0 94.4483 0 61.1416 a b -0.0254849 14 0
0 0 94.4418 0 61.1643 a b -0.0277767 14 0
0 0 94.4373 0 61.1858 a b -0.0284485 14 0
0 0 94.4405 0 61.2074 a b -0.0293935 14 0
0 0 94.4348 0 61.2371 a b -0.0325957 14 0
0 0 94.4307 0 61.2593 a b -0.0356355 14 0
0 0 94.4352 0 61.2936 a b -0.0419527 14 0
0 0 94.4376 0 61.3201 a b -0.0444263 14 0
0 0 94.433 0 61.347 a b -0.0453988 14 0
0 0 94.434 0 61.3723 a b -0.0419122 14 0
0 0 94.4302 0 61.3845 a b -0.0421156 14 0
0 0 94.4282 0 61.4099 a b -0.0495609 14 0
0 0 94.4313 0 61.443 a b -0.0547236 14 0
0 0 94.4331 0 61.4543 a b -0.0545195 14 0
0 0 94.4353 0 61.4851 a b -0.0543964 14 0
0 0 94.4299 0 61.528 a b -0.0474384 14 0
0 0 94.4242 0 61.563 a b -0.0410846 14 0
0 0 94.4194 0 61.5881 a b -0.037045 14 0
0 0 94.4244 0 61.6113 a b -0.0302017 14 0
0 0 94.4297 0 61.6381 a b -0.0280441 14 0
0 0 94.4328 0 61.6719 a b -0.0263147 14 0
0 0 94.4322 0 61.6953 a b -0.0241309 14 0
0 0 94.4332 0 61.7245 a b -0.0222585 14 0
0 0 94.4266 0 61.7476 a b -0.0165886 14 0
0 0 94.4355 0 61.7717 a b -0.0175392 14 0
0 0 94.4322 0 61.7958 a b -0.0136744 14 0
0 0 94.4289 0 61.8281 a b -0.0124342 14 0
0 0 94.431 0 61.8552 a b -0.0127875 14 0
0 0 94.4287 0 61.8784 a b -0.0074065 14 0
0 0 94.4254 0 61.9037 a b -0.00460971 14 0
0 0 94.423 0 61.927 a b -0.00361184 14 0
0 0 94.4229 0 61.9604 a b -0.0016231 14 0
0 0 94.4219 0 61.9899 a b 0.00209988 14 0
0 0 94.4121 0 62.0232 a b 0.00384219 14 0
0 0 94.4057 0 62.0542 a b 0.00573964 14 0
0 0 94.4127 0 62.083 a b 0.00922091 14 0
0 0 94.4164 0 62.1159 a b 0.0123614 14 0
0 0 94.4125 0 62.1499 a b 0.011636 14 0
0 0 94.4124 0 62.1917 a b 0.0151246 14 0
0 0 94.4141 0 62.2259 a b 0.0152112 14 0
0 0 94.4111 0 62.253 a b 0.01665 14 0
0 0 94.4142 0 62.2661 a b 0.0107679 14 0
0 0 94.4084 0 62.2758 a b 0.00203659 14 0
