0 0 94.4953 0 62.3396 a b -1.63397 14 0
0 0 94.4834 0 62.3415 a b -1.62266 14 0
0 0 94.4583 0 62.3424 a b -1.62791 14 0
0 0 94.428 0 62.3389 a b -1.62801 14 0
0 0 94.3923 0 62.3342 a b -1.62099 14 0
0 0 94.3621 0 62.3306 a b -1.62876 14 0
0 0 94.331 0 62.3168 a b -1.63278 14 0
0 0 94.2924 0 62.3054 a b -1.61868 14 0
0 0 94.2474 0 62.3142 a b -1.60652 14 0
0 0 94.2114 0 62.3118 a b -1.59525 14 0
0 0 94.1753 0 62.32 a b -1.59095 14 0
0 0 94.1367 0 62.3123 a b -1.58308 14 0
0 0 94.1031 0 62.3034 a b -1.56854 14 0
0 0 94.0684 0 62.3123 a b -1.55803 14 0
0 0 94.0386 0 62.3209 a b -1.55244 14 0
0 0 94.0082 0 62.3238 a b -1.55099 14 0
0 0 93.9829 0 62.3228 a b -1.55 14 0
0 0 93.9594 0 62.3229 a b -1.54661 14 0
0 0 93.9322 0 62.3247 a b -1.54517 14 0
0 0 93.911 0 62.3251 a b -1.54399 14 0
0 0 93.8883 0 62.3249 a b -1.54233 14 0
0 0 93.8742 0 62.3269 a b -1.53888 14 0
0 0 93.8495 0 62.3296 a b -1.53579 14 0
0 0 93.8209 0 62.3288 a b -1.53777 14 0
0 0 93.7977 0 62.3282 a b -1.54862 14 0
0 0 93.7778 0 62.3257 a b -1.5603 14 0
0 0 93.7554 0 62.3271 a b -1.56798 14 0
0 0 93.7249 0 62.3281 a b -1.57485 14 0
0 0 93.696 0 62.3238 a b -1.58435 14 0
0 0 93.6667 0 62.3203 a b -1.59034 14 0
0 0 93.6332 0 62.3189 a b -1.59252 14 0
0 0 93.5914 0 62.3173 a b -1.59649 14 0
0 0 93.5543 0 62.3204 a b -1.60212 14 0
0 0 93.525 0 62.3197 a b -1.60825 14 0
0 0 93.491 0 62.3159 a b -1.61251 14 0
0 0 93.4541 0 62.3178 a b -1.61586 14 0
0 0 93.423 0 62.3183 a b -1.6193 14 0
0 0 93.3908 0 62.3121 a b -1.61631 14 0
0 0 93.357 0 62.3028 a b -1.61547 14 0
0 0 93.3264 0 62.2926 a b -1.62157 14 0
0 0 93.3072 0 62.2904 a b -1.62934 14 0
0 0 93.2969 0 62.2949 a b -1.63337 14 0
0 0 93.2816 0 62.3023 a b -1.6361 14 0
0 0 93.2618 0 62.2996 a b -1.63688 14 0
0 0 93.2433 0 62.3002 a b -1.64071 14 0
0 0 93.2159 0 62.2976 a b -1.63334 14 0
0 0 93.1891 0 62.2949 a b -1.63023 14 0
0 0 93.1536 0 62.2911 a b -1.63072 14 0
0 0 93.1238 0 62.2903 a b -1.63038 14 0
0 0 93.0942 0 62.2933 a b -1.62616 14 0
0 0 93.0561 0 62.2865 a b -1.62157 14 0
0 0 93.0158 0 62.2899 a b -1.62003 14 0
0 0 92.984 0 62.2878 a b -1.61621 14 0
0 0 92.9492 0 62.2872 a b -1.61171 14 0
0 0 92.9071 0 62.2899 a b -1.6069 14 0
0 0 92.8755 0 62.2936 a b -1.60095 14 0
0 0 92.8553 0 62.2856 a b -1.59896 14 0
0 0 92.8293 0 62.2819 a b -1.59442 14 0
0 0 92.8024 0 62.282 a b -1.58905 14 0
0 0 92.7761 0 62.2787 a b -1.59014 14 0
0 0 92.7536 0 62.2809 a b -1.59275 14 0
0 0 92.7298 0 62.2832 a b -1.58993 14 0
0 0 92.7085 0 62.2802 a b -1.58644 14 0
0 0 92.683 0 62.2762 a b -1.58321 14 0
0 0 92.6566 0 62.2752 a b -1.58522 14 0
0 0 92.6234 0 62.2714 a b -1.58542 14 0
0 0 92.5891 0 62.2731 a b -1.5825 14 0
0 0 92.5465 0 62.2782 a b -1.58012 14 0
0 0 92.5096 0 62.2781 a b -1.57915 14 0
0 0 92.4701 0 62.2773 a b -1.57937 14 0
0 0 92.4332 0 62.2782 a b -1.5767 14 0
0 0 92.3956 0 62.2811 a b -1.56982 14 0
0 0 92.3612 0 62.2819 a b -1.55969 14 0
0 0 92.3354 0 62.2767 a b -1.55791 14 0
0 0 92.3164 0 62.2696 a b -1.56184 14 0
0 0 92.2974 0 62.2676 a b -1.57011 14 0
0 0 92.2703 0 62.2691 a b -1.57259 14 0
0 0 92.2478 0 62.272 a b -1.56757 14 0
0 0 92.2298 0 62.2709 a b -1.56227 14 0
0 0 92.2152 0 62.2726 a b -1.56146 14 0
0 0 92.1956 0 62.2696 a b -1.56753 14 0
0 0 92.1654 0 62.2674 a b -1.57256 14 0
0 0 92.134 0 62.2662 a b -1.57059 14 0
0 0 92.1062 0 62.2649 a b -1.56581 14 0
0 0 92.0747 0 62.2617 a b -1.56454 14 0
0 0 92.0446 0 62.2624 a b -1.56787 14 0
0 0 92.0076 0 62.2671 a b -1.56832 14 0
0 0 91.9703 0 62.2635 a b -1.5682 14 0
0 0 91.9244 0 62.2635 a b -1.56593 14 0
0 0 91.8747 0 62.2704 a b -1.56197 14 0
0 0 91.8428 0 62.2738 a b -1.55733 14 0
0 0 91.8219 0 62.2706 a b -1.55918 14 0
0 0 91.8021 0 62.2616 a b -1.56573 14 0
0 0 91.7835 0 62.2535 a b -1.57089 14 0
0 0 91.7647 0 62.2526 a b -1.57168 14 0
0 0 91.7462 0 62.253 a b -1.57106 14 0
0 0 91.7195 0 62.2558 a b -1.56938 14 0
0 0 91.6944 0 62.2594 a b -1.5694 14 0
0 0 91.6724 0 62.2584 a b -1.57188 14 0
0 0 91.6484 0 62.2525 a b -1.57237 14 0
0 0 91.6174 0 62.2483 a b -1.57212 14 0
0 0 91.5859 0 62.2475 a b -1.57255 14 0
0 0 91.5557 0 62.2516 a b -1.57459 14 0
0 0 91.5172 0 62.2569 a b -1.57619 14 0
0 0 91.4823 0 62.26 a b -1.57598 14 0
0 0 91.4445 0 62.2575 a b -1.57371 14 0
0 0 91.3967 0 62.259 a b -1.57187 14 0
0 0 91.3541 0 62.2652 a b -1.5705 14 0
0 0 91.3157 0 62.2633 a b -1.57177 14 0
0 0 91.2743 0 62.259 a b -1.57122 14 0
0 0 91.2491 0 62.2563 a b -1.574 14 0
0 0 91.2259 0 62.2584 a b -1.57724 14 0
0 0 91.206 0 62.2614 a b -1.57694 14 0
0 0 91.1734 0 62.26 a b -1.57655 14 0
0 0 91.1493 0 62.2578 a b -1.57991 14 0
0 0 91.1227 0 62.2599 a b -1.58251 14 0
0 0 91.0975 0 62.2615 a b -1.58167 14 0
0 0 91.0728 0 62.2581 a b -1.58143 14 0
0 0 91.045 0 62.257 a b -1.58275 14 0
0 0 91.0153 0 62.2547 a b -1.58582 14 0
0 0 90.9819 0 62.2566 a b -1.58478 14 0
0 0 90.9579 0 62.2546 a b -1.58496 14 0
0 0 90.9353 0 62.2552 a b -1.58789 14 0
0 0 90.9016 0 62.249 a b -1.58316 14 0
0 0 90.8841 0 62.2441 a b -1.57994 14 0
0 0 90.8691 0 62.2385 a b -1.583 14 0
0 0 90.8575 0 62.2364 a b -1.59635 14 0
0 0 90.8281 0 62.2287 a b -1.60283 14 0
0 0 90.7974 0 62.222 a b -1.60219 14 0
0 0 90.7718 0 62.2318 a b -1.59724 14 0
0 0 90.7485 0 62.2409 a b -1.59848 14 0
0 0 90.7199 0 62.2386 a b -1.5989 14 0
0 0 90.6844 0 62.2293 a b -1.59919 14 0
0 0 90.6582 0 62.2278 a b -1.60044 14 0
0 0 90.6276 0 62.2272 a b -1.60348 14 0
0 0 90.5992 0 62.2252 a b -1.60675 14 0
0 0 90.5661 0 62.2228 a b -1.606 14 0
0 0 90.5266 0 62.2263 a b -1.6057 14 0
0 0 90.4914 0 62.2292 a b -1.60533 14 0
0 0 90.448 0 62.2327 a b -1.60405 14 0
0 0 90.401 0 62.2287 a b -1.59682 14 0
0 0 90.3526 0 62.2301 a b -1.58945 14 0
0 0 90.3247 0 62.2316 a b -1.5857 14 0
0 0 90.2978 0 62.23 a b -1.58839 14 0
0 0 90.2751 0 62.2254 a b -1.59574 14 0
0 0 90.2533 0 62.212 a b -1.60168 14 0
0 0 90.2364 0 62.2112 a b -1.60484 14 0
0 0 90.2148 0 62.2167 a b -1.601 14 0
0 0 90.1924 0 62.2267 a b -1.60009 14 0
0 0 90.1691 0 62.2291 a b -1.59884 14 0
0 0 90.1427 0 62.2192 a b -1.59742 14 0
0 0 90.1081 0 62.217 a b -1.59624 14 0
0 0 90.0803 0 62.2087 a b -1.59526 14 0
0 0 90.0481 0 62.2055 a b -1.59182 14 0
0 0 90.0125 0 62.2119 a b -1.58697 14 0
0 0 89.9734 0 62.2126 a b -1.58389 14 0
0 0 89.9401 0 62.2153 a b -1.5818 14 0
0 0 89.907 0 62.2125 a b -1.57766 14 0
0 0 89.8684 0 62.215 a b -1.57175 14 0
0 0 89.8265 0 62.2198 a b -1.5654 14 0
0 0 89.7936 0 62.2178 a b -1.56247 14 0
0 0 89.778 0 62.2183 a b -1.56133 14 0
0 0 89.7577 0 62.2199 a b -1.55734 14 0
0 0 89.7376 0 62.2195 a b -1.55762 14 0
0 0 89.7231 0 62.2226 a b -1.55873 14 0
0 0 89.7099 0 62.2286 a b -1.55626 14 0
0 0 89.6954 0 62.2301 a b -1.5545 14 0
0 0 89.6758 0 62.2269 a b -1.54987 14 0
0 0 89.6519 0 62.2267 a b -1.54521 14 0
0 0 89.6282 0 62.2256 a b -1.54435 14 0
0 0 89.6055 0 62.2248 a b -1.54189 14 0
0 0 89.5755 0 62.222 a b -1.53745 14 0
0 0 89.5411 0 62.223 a b -1.53217 14 0
0 0 89.5047 0 62.2227 a b -1.52641 14 0
0 0 89.4702 0 62.2265 a b -1.52212 14 0
0 0 89.4363 0 62.2302 a b -1.51607 14 0
0 0 89.3785 0 62.2361 a b -1.51144 14 0
0 0 89.329 0 62.2433 a b -1.51196 14 0
0 0 89.297 0 62.2476 a b -1.50722 14 0
0 0 89.2674 0 62.2479 a b -1.49959 14 0
0 0 89.2417 0 62.2476 a b -1.4962 14 0
0 0 89.213 0 62.2477 a b -1.49764 14 0
0 0 89.1915 0 62.2483 a b -1.50149 14 0
0 0 89.1736 0 62.2508 a b -1.49939 14 0
0 0 89.1531 0 62.2504 a b -1.49523 14 0
0 0 89.1324 0 62.2553 a b -1.49183 14 0
0 0 89.1071 0 62.2566 a b -1.49157 14 0
0 0 89.0811 0 62.2552 a b -1.48989 14 0
0 0 89.0573 0 62.2547 a b -1.48942 14 0
0 0 89.0267 0 62.2519 a b -1.48878 14 0
0 0 88.9994 0 62.2529 a b -1.48686 14 0
0 0 88.9661 0 62.2546 a b -1.48479 14 0
0 0 88.9288 0 62.2563 a b -1.48119 14 0
0 0 88.8911 0 62.2547 a b -1.48 14 0
0 0 88.8536 0 62.264 a b -1.48355 14 0
0 0 88.8143 0 62.282 a b -1.4836 14 0
0 0 88.7814 0 62.2868 a b -1.47955 14 0
0 0 88.7491 0 62.286 a b -1.4777 14 0
0 0 88.7267 0 62.28 a b -1.47838 14 0
0 0 88.7021 0 62.2771 a b -1.47829 14 0
0 0 88.6786 0 62.2706 a b -1.47801 14 0
0 0 88.6568 0 62.2702 a b -1.48009 14 0
0 0 88.6353 0 62.2748 a b -1.47888 14 0
0 0 88.6079 0 62.2724 a b -1.47765 14 0
0 0 88.5811 0 62.2734 a b -1.47744 14 0
0 0 88.5522 0 62.2745 a b -1.4786 14 0
0 0 88.52 0 62.2812 a b -1.48129 14 0
0 0 88.4885 0 62.2831 a b -1.47831 14 0
0 0 88.4553 0 62.2852 a b -1.47725 14 0
0 0 88.4209 0 62.2897 a b -1.48117 14 0
0 0 88.3839 0 62.2963 a b -1.48206 14 0
0 0 88.3558 0 62.3036 a b -1.47826 14 0
0 0 88.332 0 62.3063 a b -1.47402 14 0
0 0 88.3067 0 62.3093 a b -1.4725 14 0
0 0 88.2847 0 62.3096 a b -1.47466 14 0
0 0 88.2576 0 62.2985 a b -1.47988 14 0
0 0 88.2358 0 62.2907 a b -1.48234 14 0
0 0 88.207 0 62.2917 a b -1.4787 14 0
0 0 88.1835 0 62.2957 a b -1.4772 14 0
0 0 88.1559 0 62.298 a b -1.4788 14 0
0 0 88.1249 0 62.2974 a b -1.4792 14 0
0 0 88.0925 0 62.296 a b -1.4802 14 0
0 0 88.0605 0 62.3018 a b -1.4797 14 0
0 0 88.0275 0 62.3065 a b -1.48085 14 0
0 0 87.9929 0 62.3125 a b -1.48065 14 0
0 0 87.9557 0 62.3163 a b -1.48011 14 0
0 0 87.9206 0 62.3221 a b -1.48236 14 0
0 0 87.8847 0 62.3257 a b -1.48691 14 0
0 0 87.8452 0 62.3284 a b -1.48494 14 0
0 0 87.8166 0 62.3302 a b -1.47394 14 0
0 0 87.7945 0 62.3365 a b -1.46663 14 0
0 0 87.7724 0 62.335 a b -1.46756 14 0
0 0 87.7582 0 62.3313 a b -1.48093 14 0
0 0 87.7322 0 62.3253 a b -1.48849 14 0
0 0 87.7017 0 62.3266 a b -1.48362 14 0
0 0 87.681 0 62.3345 a b -1.47987 14 0
0 0 87.6582 0 62.3378 a b -1.48175 14 0
0 0 87.6323 0 62.3374 a b -1.48596 14 0
0 0 87.5947 0 62.3394 a b -1.48745 14 0
0 0 87.5692 0 62.3427 a b -1.48712 14 0
0 0 87.5407 0 62.3446 a b -1.48918 14 0
0 0 87.506 0 62.3472 a b -1.48959 14 0
0 0 87.4703 0 62.3459 a b -1.49082 14 0
0 0 87.4347 0 62.3492 a b -1.49374 14 0
0 0 87.401 0 62.3567 a b -1.49568 14 0
0 0 87.3655 0 62.3615 a b -1.49615 14 0
0 0 87.334 0 62.3649 a b -1.49778 14 0
0 0 87.302 0 62.371 a b -1.49476 14 0
0 0 87.2735 0 62.3749 a b -1.48772 14 0
0 0 87.2506 0 62.3797 a b -1.48882 14 0
0 0 87.2239 0 62.3805 a b -1.49711 14 0
0 0 87.1993 0 62.3756 a b -1.50415 14 0
0 0 87.1723 0 62.372 a b -1.50513 14 0
0 0 87.146 0 62.3766 a b -1.50264 14 0
0 0 87.1204 0 62.3816 a b -1.50383 14 0
0 0 87.0966 0 62.3835 a b -1.50634 14 0
0 0 87.0656 0 62.3791 a b -1.50706 14 0
0 0 87.0344 0 62.3759 a b -1.50666 14 0
0 0 86.9991 0 62.3796 a b -1.50777 14 0
0 0 86.9687 0 62.386 a b -1.50799 14 0
0 0 86.9324 0 62.3806 a b -1.51009 14 0
0 0 86.8982 0 62.3817 a b -1.50784 14 0
0 0 86.8641 0 62.3894 a b -1.50908 14 0
0 0 86.836 0 62.3918 a b -1.51371 14 0
0 0 86.8085 0 62.3879 a b -1.50797 14 0
0 0 86.7796 0 62.3923 a b -1.50301 14 0
0 0 86.7522 0 62.3995 a b -1.50307 14 0
0 0 86.729 0 62.404 a b -1.5089 14 0
0 0 86.7068 0 62.4024 a b -1.51508 14 0
0 0 86.6817 0 62.3948 a b -1.5164 14 0
0 0 86.6609 0 62.3949 a b -1.51784 14 0
0 0 86.6357 0 62.3998 a b -1.52258 14 0
0 0 86.6082 0 62.3996 a b -1.52566 14 0
0 0 86.5793 0 62.4009 a b -1.52612 14 0
0 0 86.5506 0 62.3963 a b -1.52835 14 0
0 0 86.5209 0 62.3941 a b -1.53048 14 0
0 0 86.484 0 62.3965 a b -1.53412 14 0
0 0 86.4526 0 62.3971 a b -1.53997 14 0
0 0 86.4194 0 62.4 a b -1.54449 14 0
0 0 86.383 0 62.4016 a b -1.54849 14 0
0 0 86.3482 0 62.4062 a b -1.55209 14 0
0 0 86.3211 0 62.4104 a b -1.55202 14 0
0 0 86.296 0 62.4075 a b -1.5531 14 0
0 0 86.2677 0 62.4055 a b -1.55677 14 0
0 0 86.2472 0 62.4046 a b -1.55933 14 0
0 0 86.2288 0 62.4056 a b -1.56324 14 0
0 0 86.2057 0 62.4002 a b -1.56702 14 0
0 0 86.1843 0 62.4001 a b -1.56933 14 0
0 0 86.1578 0 62.4011 a b -1.57111 14 0
0 0 86.131 0 62.3996 a b -1.5728 14 0
0 0 86.103 0 62.4015 a b -1.57576 14 0
0 0 86.0692 0 62.4007 a b -1.57848 14 0
0 0 86.0379 0 62.3972 a b -1.58032 14 0
0 0 86.0046 0 62.3978 a b -1.58289 14 0
0 0 85.9711 0 62.399 a b -1.58424 14 0
0 0 85.9369 0 62.3988 a b -1.58505 14 0
0 0 85.8947 0 62.3956 a b -1.58737 14 0
0 0 85.8483 0 62.3979 a b -1.59122 14 0
0 0 85.8118 0 62.391 a b -1.59056 14 0
0 0 85.7852 0 62.3864 a b -1.59229 14 0
0 0 85.7614 0 62.3901 a b -1.59583 14 0
0 0 85.7372 0 62.3888 a b -1.59867 14 0
0 0 85.7166 0 62.3881 a b -1.60028 14 0
0 0 85.6919 0 62.3875 a b -1.60163 14 0
0 0 85.6658 0 62.3853 a b -1.60657 14 0
0 0 85.639 0 62.3826 a b -1.60843 14 0
0 0 85.6125 0 62.3792 a b -1.61189 14 0
0 0 85.5883 0 62.3809 a b -1.6115 14 0
0 0 85.5603 0 62.3807 a b -1.61461 14 0
0 0 85.5264 0 62.3739 a b -1.62032 14 0
0 0 85.4933 0 62.3749 a b -1.62511 14 0
0 0 85.4644 0 62.3775 a b -1.62351 14 0
0 0 85.4303 0 62.3729 a b -1.62321 14 0
0 0 85.3915 0 62.3678 a b -1.62793 14 0
0 0 85.3637 0 62.3644 a b -1.63161 14 0
0 0 85.3363 0 62.3589 a b -1.62721 14 0
0 0 85.3063 0 62.3532 a b -1.63182 14 0
0 0 85.2824 0 62.3506 a b -1.63816 14 0
0 0 85.257 0 62.3532 a b -1.63868 14 0
0 0 85.2347 0 62.3531 a b -1.63923 14 0
0 0 85.209 0 62.3505 a b -1.6419 14 0
0 0 85.1894 0 62.3486 a b -1.64073 14 0
0 0 85.1639 0 62.3425 a b -1.64216 14 0
0 0 85.1409 0 62.3346 a b -1.64381 14 0
0 0 85.1128 0 62.3324 a b -1.64635 14 0
0 0 85.0864 0 62.3325 a b -1.64622 14 0
0 0 85.0603 0 62.3264 a b -1.65072 14 0
0 0 85.0266 0 62.3265 a b -1.65098 14 0
0 0 84.9915 0 62.3242 a b -1.65461 14 0
0 0 84.9574 0 62.319 a b -1.65431 14 0
0 0 84.9211 0 62.3159 a b -1.65618 14 0
0 0 84.8793 0 62.3143 a b -1.65725 14 0
0 0 84.8351 0 62.3104 a b -1.65458 14 0
0 0 84.8081 0 62.3057 a b -1.65766 14 0
0 0 84.7888 0 62.3107 a b -1.65867 14 0
0 0 84.7684 0 62.3082 a b -1.66121 14 0
0 0 84.7401 0 62.3015 a b -1.66625 14 0
0 0 84.7083 0 62.2968 a b -1.66704 14 0
0 0 84.6846 0 62.2871 a b -1.66557 14 0
0 0 84.6677 0 62.286 a b -1.66563 14 0
0 0 84.645 0 62.2815 a b -1.66712 14 0
0 0 84.618 0 62.2725 a b -1.6694 14 0
0 0 84.589 0 62.2646 a b -1.67234 14 0
0 0 84.5653 0 62.2599 a b -1.67255 14 0
0 0 84.5432 0 62.2644 a b -1.67263 14 0
0 0 84.5141 0 62.2588 a b -1.67564 14 0
0 0 84.4846 0 62.2543 a b -1.67793 14 0
0 0 84.4499 0 62.2539 a b -1.68179 14 0
0 0 84.4089 0 62.2548 a b -1.68534 14 0
0 0 84.3599 0 62.251 a b -1.67961 14 0
0 0 84.3264 0 62.2437 a b -1.67046 14 0
0 0 84.298 0 62.2312 a b -1.66669 14 0
0 0 84.2737 0 62.2266 a b -1.66381 14 0
0 0 84.247 0 62.2236 a b -1.65895 14 0
0 0 84.2206 0 62.2258 a b -1.65187 14 0
0 0 84.1979 0 62.2266 a b -1.64578 14 0
0 0 84.1737 0 62.2305 a b -1.63955 14 0
0 0 84.1491 0 62.225 a b -1.63462 14 0
0 0 84.1285 0 62.2175 a b -1.63046 14 0
0 0 84.1021 0 62.2111 a b -1.62253 14 0
0 0 84.072 0 62.2176 a b -1.61769 14 0
0 0 84.0437 0 62.2194 a b -1.61616 14 0
0 0 84.0147 0 62.2146 a b -1.61332 14 0
0 0 83.9853 0 62.2108 a b -1.60929 14 0
0 0 83.9538 0 62.2068 a b -1.60874 14 0
0 0 83.913 0 62.2079 a b -1.60996 14 0
0 0 83.8769 0 62.2109 a b -1.60609 14 0
0 0 83.835 0 62.2036 a b -1.59881 14 0
0 0 83.7966 0 62.2023 a b -1.58982 14 0
0 0 83.7745 0 62.204 a b -1.58621 14 0
0 0 83.7529 0 62.2002 a b -1.59073 14 0
0 0 83.7265 0 62.1953 a b -1.59778 14 0
0 0 83.6961 0 62.1842 a b -1.59774 14 0
0 0 83.6678 0 62.1852 a b -1.5915 14 0
0 0 83.6526 0 62.1921 a b -1.58749 14 0
0 0 83.6343 0 62.199 a b -1.59092 14 0
0 0 83.6071 0 62.1988 a b -1.59407 14 0
0 0 83.5786 0 62.1958 a b -1.59262 14 0
0 0 83.5583 0 62.1838 a b -1.58901 14 0
0 0 83.5313 0 62.1829 a b -1.58765 14 0
0 0 83.4971 0 62.1801 a b -1.58876 14 0
0 0 83.4675 0 62.1809 a b -1.59147 14 0
0 0 83.4325 0 62.1812 a b -1.58911 14 0
0 0 83.3944 0 62.1801 a b -1.5855 14 0
0 0 83.3632 0 62.174 a b -1.57923 14 0
0 0 83.3269 0 62.1677 a b -1.57817 14 0
0 0 83.3047 0 62.1607 a b -1.58012 14 0
0 0 83.2792 0 62.1614 a b -1.58035 14 0
0 0 83.2512 0 62.16 a b -1.57733 14 0
0 0 83.2214 0 62.1604 a b -1.57727 14 0
0 0 83.1932 0 62.1603 a b -1.57975 14 0
0 0 83.1665 0 62.161 a b -1.584 14 0
0 0 83.1452 0 62.1582 a b -1.58742 14 0
0 0 83.1211 0 62.1576 a b -1.58468 14 0
0 0 83.0891 0 62.1542 a b -1.58094 14 0
0 0 83.0499 0 62.15 a b -1.5828 14 0
0 0 83.0187 0 62.1524 a b -1.58688 14 0
0 0 82.9901 0 62.152 a b -1.58914 14 0
0 0 82.9571 0 62.1554 a b -1.5883 14 0
0 0 82.9181 0 62.152 a b -1.58744 14 0
0 0 82.8706 0 62.1612 a b -1.58411 14 0
0 0 82.8306 0 62.1614 a b -1.58639 14 0
0 0 82.816 0 62.1541 a b -1.58681 14 0
0 0 82.7865 0 62.158 a b -1.58419 14 0
0 0 82.7571 0 62.1484 a b -1.58433 14 0
0 0 82.7402 0 62.1383 a b -1.58818 14 0
0 0 82.7207 0 62.1237 a b -1.59182 14 0
0 0 82.7028 0 62.1317 a b -1.59571 14 0
0 0 82.6792 0 62.1378 a b -1.59547 14 0
0 0 82.6555 0 62.1371 a b -1.59677 14 0
0 0 82.6204 0 62.1351 a b -1.59777 14 0
0 0 82.5928 0 62.1379 a b -1.59945 14 0
0 0 82.5653 0 62.1336 a b -1.59987 14 0
0 0 82.5304 0 62.1312 a b -1.60087 14 0
0 0 82.4982 0 62.1339 a b -1.60343 14 0
0 0 82.4606 0 62.1326 a b -1.60394 14 0
0 0 82.4207 0 62.1264 a b -1.60537 14 0
0 0 82.383 0 62.1238 a b -1.6061 14 0
0 0 82.3324 0 62.1283 a b -1.6049 14 0
0 0 82.3062 0 62.1179 a b -1.60395 14 0
0 0 82.2901 0 62.1229 a b -1.60272 14 0
0 0 82.265 0 62.1187 a b -1.6017 14 0
0 0 82.24 0 62.1107 a b -1.60222 14 0
0 0 82.2193 0 62.1057 a b -1.60304 14 0
0 0 82.2063 0 62.1009 a b -1.60716 14 0
0 0 82.183 0 62.1011 a b -1.61052 14 0
0 0 82.1614 0 62.1052 a b -1.6127 14 0
0 0 82.1404 0 62.1025 a b -1.61331 14 0
0 0 82.1112 0 62.1053 a b -1.6136 14 0
0 0 82.0844 0 62.1 a b -1.61445 14 0
0 0 82.0545 0 62.091 a b -1.61647 14 0
0 0 82.0244 0 62.0966 a b -1.61786 14 0
0 0 81.9899 0 62.0934 a b -1.61758 14 0
0 0 81.9503 0 62.0934 a b -1.61605 14 0
0 0 81.9109 0 62.0888 a b -1.61631 14 0
0 0 81.8752 0 62.0901 a b -1.61817 14 0
0 0 81.8171 0 62.0881 a b -1.61281 14 0
0 0 81.808 0 62.0831 a b -1.60974 14 0
0 0 81.7901 0 62.0747 a b -1.61073 14 0
0 0 81.7664 0 62.0682 a b -1.61422 14 0
0 0 81.7441 0 62.071 a b -1.62117 14 0
0 0 81.7262 0 62.0723 a b -1.62284 14 0
0 0 81.7095 0 62.075 a b -1.62049 14 0
0 0 81.688 0 62.0775 a b -1.61619 14 0
0 0 81.6624 0 62.0748 a b -1.61169 14 0
0 0 81.6431 0 62.0692 a b -1.61479 14 0
0 0 81.6111 0 62.065 a b -1.61742 14 0
0 0 81.5798 0 62.0664 a b -1.61806 14 0
0 0 81.5607 0 62.0698 a b -1.61048 14 0
0 0 81.5364 0 62.0673 a b -1.60262 14 0
0 0 81.5046 0 62.0667 a b -1.60078 14 0
0 0 81.4637 0 62.0642 a b -1.59925 14 0
0 0 81.4254 0 62.0706 a b -1.58832 14 0
0 0 81.389 0 62.0693 a b -1.57726 14 0
0 0 81.3176 0 62.0732 a b -1.56931 14 0
0 0 81.2319 0 62.0917 a b -1.5588 14 0
0 0 81.1812 0 62.086 a b -1.54698 14 0
0 0 81.1521 0 62.0841 a b -1.53859 14 0
0 0 81.136 0 62.0801 a b -1.53241 14 0
0 0 81.1086 0 62.074 a b -1.52043 14 0
0 0 81.0828 0 62.0714 a b -1.51213 14 0
0 0 81.0627 0 62.0735 a b -1.5088 14 0
0 0 81.0382 0 62.0698 a b -1.50566 14 0
0 0 81.0113 0 62.0759 a b -1.50094 14 0
0 0 80.9925 0 62.0869 a b -1.49764 14 0
0 0 80.9658 0 62.0818 a b -1.49122 14 0
0 0 80.9339 0 62.0684 a b -1.48342 14 0
0 0 80.8959 0 62.0651 a b -1.47866 14 0
0 0 80.868 0 62.062 a b -1.47641 14 0
0 0 80.8303 0 62.0589 a b -1.47261 14 0
0 0 80.7919 0 62.0655 a b -1.47119 14 0
0 0 80.75 0 62.0665 a b -1.46638 14 0
0 0 80.7223 0 62.0688 a b -1.46766 14 0
0 0 80.6855 0 62.0856 a b -1.46543 14 0
0 0 80.6509 0 62.1174 a b -1.46159 14 0
0 0 80.6207 0 62.1216 a b -1.45326 14 0
0 0 80.5949 0 62.1272 a b -1.45807 14 0
0 0 80.5739 0 62.1076 a b -1.45683 14 0
0 0 80.5519 0 62.0946 a b -1.45197 14 0
0 0 80.5311 0 62.0959 a b -1.44722 14 0
0 0 80.5118 0 62.105 a b -1.44726 14 0
0 0 80.4912 0 62.11 a b -1.45189 14 0
0 0 80.4682 0 62.1114 a b -1.45174 14 0
0 0 80.4473 0 62.1073 a b -1.44795 14 0
0 0 80.4297 0 62.0988 a b -1.44833 14 0
0 0 80.4322 0 62.0857 a b -1.45535 14 0
0 0 80.416 0 62.088 a b -1.45559 14 0
0 0 80.3847 0 62.0921 a b -1.4573 14 0
0 0 80.3438 0 62.1073 a b -1.45726 14 0
0 0 80.3044 0 62.1216 a b -1.46417 14 0
0 0 80.2589 0 62.145 a b -1.45906 14 0
0 0 80.2317 0 62.1543 a b -1.45589 14 0
0 0 80.218 0 62.1552 a b -1.45663 14 0
0 0 80.1999 0 62.1478 a b -1.46484 14 0
0 0 80.1884 0 62.1348 a b -1.47185 14 0
0 0 80.1584 0 62.1301 a b -1.47324 14 0
0 0 80.1247 0 62.1323 a b -1.474 14 0
0 0 80.0937 0 62.1357 a b -1.47638 14 0
0 0 80.0635 0 62.1431 a b -1.48123 14 0
0 0 80.0318 0 62.1526 a b -1.48593 14 0
0 0 79.9929 0 62.1508 a b -1.48691 14 0
0 0 79.9549 0 62.1362 a b -1.49019 14 0
0 0 79.9197 0 62.1291 a b -1.49517 14 0
0 0 79.8834 0 62.1275 a b -1.50277 14 0
0 0 79.8554 0 62.125 a b -1.51328 14 0
0 0 79.82 0 62.1265 a b -1.51776 14 0
0 0 79.7644 0 62.1316 a b -1.5204 14 0
0 0 79.7112 0 62.1339 a b -1.51728 14 0
0 0 79.6716 0 62.1324 a b -1.51487 14 0
0 0 79.6488 0 62.1374 a b -1.51854 14 0
0 0 79.6262 0 62.1406 a b -1.52562 14 0
0 0 79.6035 0 62.136 a b -1.53412 14 0
0 0 79.5801 0 62.128 a b -1.53885 14 0
0 0 79.5662 0 62.123 a b -1.54091 14 0
0 0 79.5471 0 62.1285 a b -1.54634 14 0
0 0 79.5192 0 62.1297 a b -1.55085 14 0
0 0 79.4824 0 62.1296 a b -1.55314 14 0
0 0 79.4464 0 62.1295 a b -1.55623 14 0
0 0 79.4139 0 62.1315 a b -1.56102 14 0
0 0 79.3817 0 62.1301 a b -1.56184 14 0
0 0 79.3334 0 62.1298 a b -1.56049 14 0
0 0 79.2905 0 62.1311 a b -1.56181 14 0
0 0 79.2604 0 62.1297 a b -1.56852 14 0
0 0 79.221 0 62.128 a b -1.57249 14 0
0 0 79.1789 0 62.1155 a b -1.57775 14 0
0 0 79.138 0 62.1132 a b -1.57798 14 0
0 0 79.1128 0 62.1195 a b -1.56631 14 0
0 0 79.0912 0 62.1254 a b -1.5556 14 0
0 0 79.069 0 62.1273 a b -1.5516 14 0
0 0 79.0537 0 62.1272 a b -1.55039 14 0
0 0 79.0383 0 62.1281 a b -1.54993 14 0
0 0 79.0278 0 62.1302 a b -1.54674 14 0
0 0 79.0176 0 62.1255 a b -1.54423 14 0
0 0 78.9961 0 62.1285 a b -1.54267 14 0
0 0 78.9867 0 62.1213 a b -1.54472 14 0
0 0 78.9594 0 62.117 a b -1.54288 14 0
0 0 78.9278 0 62.1198 a b -1.53817 14 0
0 0 78.8928 0 62.1251 a b -1.53615 14 0
0 0 78.8562 0 62.1291 a b -1.53279 14 0
0 0 78.8193 0 62.1254 a b -1.5313 14 0
0 0 78.7755 0 62.1261 a b -1.53206 14 0
0 0 78.7164 0 62.1299 a b -1.52652 14 0
0 0 78.677 0 62.1324 a b -1.52252 14 0
0 0 78.6451 0 62.1378 a b -1.51967 14 0
0 0 78.6194 0 62.1394 a b -1.51881 14 0
0 0 78.5944 0 62.1384 a b -1.51727 14 0
0 0 78.5712 0 62.1382 a b -1.51664 14 0
0 0 78.5495 0 62.1287 a b -1.51748 14 0
0 0 78.5283 0 62.1258 a b -1.51911 14 0
0 0 78.502 0 62.1263 a b -1.51578 14 0
0 0 78.4759 0 62.1277 a b -1.51279 14 0
0 0 78.4546 0 62.1229 a b -1.51522 14 0
0 0 78.4284 0 62.1271 a b -1.51458 14 0
0 0 78.3914 0 62.1277 a b -1.51312 14 0
0 0 78.3565 0 62.1212 a b -1.50874 14 0
0 0 78.338 0 62.1147 a b -1.50683 14 0
0 0 78.3011 0 62.1233 a b -1.50611 14 0
0 0 78.2427 0 62.1317 a b -1.50132 14 0
0 0 78.1962 0 62.1363 a b -1.50024 14 0
0 0 78.162 0 62.1424 a b -1.49719 14 0
0 0 78.1359 0 62.1468 a b -1.49493 14 0
0 0 78.1111 0 62.1442 a b -1.49646 14 0
0 0 78.0809 0 62.1439 a b -1.49669 14 0
0 0 78.0582 0 62.1426 a b -1.4973 14 0
0 0 78.0407 0 62.1452 a b -1.49609 14 0
0 0 78.018 0 62.145 a b -1.49396 14 0
0 0 77.9946 0 62.1435 a b -1.49443 14 0
0 0 77.9798 0 62.1428 a b -1.49797 14 0
0 0 77.9623 0 62.1414 a b -1.50174 14 0
0 0 77.9384 0 62.1369 a b -1.50339 14 0
0 0 77.909 0 62.1365 a b -1.50379 14 0
0 0 77.8713 0 62.1331 a b -1.50464 14 0
0 0 77.8391 0 62.1417 a b -1.50337 14 0
0 0 77.7917 0 62.1448 a b -1.50124 14 0
0 0 77.7477 0 62.1541 a b -1.502 14 0
0 0 77.7128 0 62.1593 a b -1.50023 14 0
0 0 77.6748 0 62.1636 a b -1.49918 14 0
0 0 77.6454 0 62.164 a b -1.50331 14 0
0 0 77.6167 0 62.1698 a b -1.50528 14 0
0 0 77.589 0 62.1708 a b -1.50482 14 0
0 0 77.5663 0 62.173 a b -1.50426 14 0
0 0 77.5403 0 62.1704 a b -1.50431 14 0
0 0 77.5198 0 62.1713 a b -1.50557 14 0
0 0 77.5031 0 62.1771 a b -1.507 14 0
0 0 77.4772 0 62.1727 a b -1.50528 14 0
0 0 77.4586 0 62.1666 a b -1.50786 14 0
0 0 77.4422 0 62.1644 a b -1.50904 14 0
0 0 77.4144 0 62.1563 a b -1.51026 14 0
0 0 77.3856 0 62.1542 a b -1.51915 14 0
0 0 77.3588 0 62.1565 a b -1.53352 14 0
0 0 77.3284 0 62.1527 a b -1.54486 14 0
0 0 77.2821 0 62.1582 a b -1.54681 14 0
0 0 77.2267 0 62.1634 a b -1.54424 14 0
0 0 77.1963 0 62.1609 a b -1.54552 14 0
0 0 77.1782 0 62.1505 a b -1.5531 14 0
0 0 77.1698 0 62.1425 a b -1.55709 14 0
0 0 77.1495 0 62.1441 a b -1.55812 14 0
0 0 77.1265 0 62.1439 a b -1.56288 14 0
0 0 77.1 0 62.1462 a b -1.56737 14 0
0 0 77.0748 0 62.1503 a b -1.57306 14 0
0 0 77.0523 0 62.1508 a b -1.57498 14 0
0 0 77.0176 0 62.1457 a b -1.57736 14 0
0 0 76.9883 0 62.1444 a b -1.57963 14 0
0 0 76.9623 0 62.142 a b -1.58338 14 0
0 0 76.9289 0 62.1433 a b -1.587 14 0
0 0 76.8944 0 62.1431 a b -1.58972 14 0
0 0 76.8587 0 62.1378 a b -1.59238 14 0
0 0 76.8203 0 62.1345 a b -1.59562 14 0
0 0 76.7807 0 62.128 a b -1.5953 14 0
0 0 76.7372 0 62.1245 a b -1.59229 14 0
0 0 76.6894 0 62.138 a b -1.58699 14 0
0 0 76.6562 0 62.1452 a b -1.58698 14 0
0 0 76.6318 0 62.1387 a b -1.58983 14 0
0 0 76.6103 0 62.1218 a b -1.5926 14 0
0 0 76.6017 0 62.1144 a b -1.59769 14 0
0 0 76.589 0 62.1135 a b -1.59796 14 0
0 0 76.5583 0 62.126 a b -1.60314 14 0
0 0 76.5263 0 62.1324 a b -1.60439 14 0
0 0 76.4996 0 62.1228 a b -1.60345 14 0
0 0 76.4657 0 62.1189 a b -1.60331 14 0
0 0 76.4369 0 62.119 a b -1.60374 14 0
0 0 76.4025 0 62.1175 a b -1.60307 14 0
0 0 76.3696 0 62.1142 a b -1.59953 14 0
0 0 76.3304 0 62.113 a b -1.59652 14 0
0 0 76.2895 0 62.1182 a b -1.59875 14 0
0 0 76.2483 0 62.1133 a b -1.59676 14 0
0 0 76.2092 0 62.12 a b -1.59266 14 0
0 0 76.1804 0 62.1259 a b -1.58558 14 0
0 0 76.1309 0 62.1196 a b -1.5732 14 0
0 0 76.0921 0 62.1156 a b -1.56833 14 0
0 0 76.0717 0 62.1162 a b -1.57101 14 0
0 0 76.0562 0 62.1073 a b -1.57372 14 0
0 0 76.0416 0 62.1123 a b -1.57625 14 0
0 0 76.0229 0 62.1117 a b -1.57455 14 0
0 0 75.9945 0 62.1087 a b -1.57517 14 0
0 0 75.9626 0 62.1089 a b -1.57656 14 0
0 0 75.9389 0 62.1046 a b -1.57478 14 0
0 0 75.9186 0 62.1084 a b -1.57353 14 0
0 0 75.8861 0 62.1048 a b -1.56811 14 0
0 0 75.8555 0 62.1004 a b -1.56609 14 0
0 0 75.8232 0 62.1023 a b -1.56627 14 0
0 0 75.7937 0 62.1068 a b -1.56609 14 0
0 0 75.7572 0 62.1031 a b -1.56252 14 0
0 0 75.7236 0 62.1001 a b -1.56853 14 0
0 0 75.6851 0 62.1084 a b -1.56543 14 0
0 0 75.657 0 62.1171 a b -1.5589 14 0
0 0 75.6343 0 62.1213 a b -1.55387 14 0
0 0 75.6091 0 62.1152 a b -1.55655 14 0
0 0 75.5902 0 62.1069 a b -1.56101 14 0
0 0 75.5753 0 62.1019 a b -1.56471 14 0
0 0 75.5573 0 62.0949 a b -1.56388 14 0
0 0 75.533 0 62.0924 a b -1.56027 14 0
0 0 75.5115 0 62.0945 a b -1.56075 14 0
0 0 75.4922 0 62.0958 a b -1.56526 14 0
0 0 75.4622 0 62.1012 a b -1.56237 14 0
0 0 75.429 0 62.0996 a b -1.55933 14 0
0 0 75.3914 0 62.0976 a b -1.55802 14 0
0 0 75.3515 0 62.0945 a b -1.55878 14 0
0 0 75.3113 0 62.0963 a b -1.55656 14 0
0 0 75.2737 0 62.0978 a b -1.55493 14 0
0 0 75.2392 0 62.0942 a b -1.5567 14 0
0 0 75.2177 0 62.0983 a b -1.55658 14 0
0 0 75.1938 0 62.1074 a b -1.55297 14 0
0 0 75.1719 0 62.1065 a b -1.55232 14 0
0 0 75.1526 0 62.1007 a b -1.55597 14 0
0 0 75.1257 0 62.0988 a b -1.5576 14 0
0 0 75.1046 0 62.0991 a b -1.55503 14 0
0 0 75.0818 0 62.1045 a b -1.55094 14 0
0 0 75.0567 0 62.0982 a b -1.54937 14 0
0 0 75.0209 0 62.0975 a b -1.55102 14 0
0 0 74.9843 0 62.0951 a b -1.55083 14 0
0 0 74.9553 0 62.0895 a b -1.54968 14 0
0 0 74.9233 0 62.0926 a b -1.54751 14 0
0 0 74.8846 0 62.0919 a b -1.5464 14 0
0 0 74.8486 0 62.0936 a b -1.54822 14 0
0 0 74.81 0 62.0952 a b -1.54787 14 0
0 0 74.7766 0 62.0983 a b -1.54963 14 0
0 0 74.7309 0 62.1019 a b -1.55075 14 0
0 0 74.6843 0 62.11 a b -1.54612 14 0
0 0 74.6494 0 62.112 a b -1.5429 14 0
0 0 74.6201 0 62.1132 a b -1.54098 14 0
0 0 74.5946 0 62.1127 a b -1.54185 14 0
0 0 74.571 0 62.123 a b -1.54202 14 0
0 0 74.5563 0 62.1151 a b -1.54313 14 0
0 0 74.5372 0 62.1114 a b -1.54241 14 0
0 0 74.5125 0 62.1079 a b -1.53915 14 0
0 0 74.4926 0 62.1025 a b -1.54027 14 0
0 0 74.4673 0 62.1024 a b -1.54369 14 0
0 0 74.4388 0 62.1035 a b -1.54357 14 0
0 0 74.4023 0 62.1104 a b -1.54148 14 0
0 0 74.3706 0 62.1085 a b -1.53974 14 0
0 0 74.3417 0 62.1029 a b -1.54068 14 0
0 0 74.3138 0 62.102 a b -1.54034 14 0
0 0 74.2844 0 62.1031 a b -1.53552 14 0
0 0 74.2458 0 62.1078 a b -1.53482 14 0
0 0 74.2185 0 62.106 a b -1.53299 14 0
0 0 74.1918 0 62.1076 a b -1.53839 14 0
0 0 74.1716 0 62.1101 a b -1.5375 14 0
0 0 74.1471 0 62.1106 a b -1.53669 14 0
0 0 74.1229 0 62.1091 a b -1.53619 14 0
0 0 74.0985 0 62.1051 a b -1.53586 14 0
0 0 74.0794 0 62.1044 a b -1.5353 14 0
0 0 74.0526 0 62.1018 a b -1.53572 14 0
0 0 74.0256 0 62.0945 a b -1.5351 14 0
0 0 73.9944 0 62.0973 a b -1.53668 14 0
0 0 73.9644 0 62.0918 a b -1.53554 14 0
0 0 73.932 0 62.096 a b -1.53676 14 0
0 0 73.8962 0 62.1068 a b -1.53758 14 0
0 0 73.8567 0 62.1122 a b -1.5413 14 0
0 0 73.824 0 62.1076 a b -1.54764 14 0
0 0 73.7812 0 62.1025 a b -1.55288 14 0
0 0 73.7476 0 62.1064 a b -1.55501 14 0
0 0 73.7236 0 62.0988 a b -1.55969 14 0
0 0 73.6897 0 62.0942 a b -1.56512 14 0
0 0 73.6599 0 62.1022 a b -1.56463 14 0
0 0 73.6397 0 62.1072 a b -1.56637 14 0
0 0 73.6159 0 62.1085 a b -1.56878 14 0
0 0 73.5908 0 62.1104 a b -1.57261 14 0
0 0 73.5639 0 62.1019 a b -1.57806 14 0
0 0 73.5408 0 62.0943 a b -1.58083 14 0
0 0 73.5162 0 62.0947 a b -1.58051 14 0
0 0 73.4918 0 62.0977 a b -1.58405 14 0
0 0 73.4634 0 62.0979 a b -1.58863 14 0
0 0 73.435 0 62.0964 a b -1.59366 14 0
0 0 73.401 0 62.0929 a b -1.59363 14 0
0 0 73.3688 0 62.0911 a b -1.59832 14 0
0 0 73.3366 0 62.0875 a b -1.60106 14 0
0 0 73.3057 0 62.0914 a b -1.60584 14 0
0 0 73.2709 0 62.0921 a b -1.61019 14 0
0 0 73.2305 0 62.0896 a b -1.61283 14 0
0 0 73.1929 0 62.0823 a b -1.61482 14 0
0 0 73.1649 0 62.0803 a b -1.61749 14 0
0 0 73.1385 0 62.0774 a b -1.6209 14 0
0 0 73.1108 0 62.0729 a b -1.62098 14 0
0 0 73.0873 0 62.0776 a b -1.62531 14 0
0 0 73.0689 0 62.0836 a b -1.6276 14 0
0 0 73.0424 0 62.0742 a b -1.62611 14 0
0 0 73.0161 0 62.0697 a b -1.62938 14 0
0 0 72.994 0 62.07 a b -1.63129 14 0
0 0 72.9662 0 62.0723 a b -1.63412 14 0
0 0 72.9397 0 62.0661 a b -1.63774 14 0
0 0 72.9081 0 62.0607 a b -1.63811 14 0
0 0 72.8749 0 62.0592 a b -1.64216 14 0
0 0 72.8392 0 62.0479 a b -1.64332 14 0
0 0 72.7989 0 62.0467 a b -1.64535 14 0
0 0 72.7681 0 62.0472 a b -1.64778 14 0
0 0 72.7343 0 62.0451 a b -1.64919 14 0
0 0 72.6966 0 62.0382 a b -1.64976 14 0
0 0 72.6605 0 62.0187 a b -1.64916 14 0
0 0 72.6279 0 62.0152 a b -1.64732 14 0
0 0 72.6025 0 62.0194 a b -1.64651 14 0
0 0 72.5799 0 62.0242 a b -1.6438 14 0
0 0 72.5596 0 62.0345 a b -1.63713 14 0
0 0 72.5427 0 62.0319 a b -1.62908 14 0
0 0 72.5268 0 62.0256 a b -1.62579 14 0
0 0 72.5081 0 62.0197 a b -1.62548 14 0
0 0 72.4832 0 62.0174 a b -1.62624 14 0
0 0 72.461 0 62.0211 a b -1.62092 14 0
0 0 72.4398 0 62.0155 a b -1.61091 14 0
0 0 72.4113 0 62.0122 a b -1.60629 14 0
0 0 72.3785 0 62.0073 a b -1.60013 14 0
0 0 72.3506 0 62.0101 a b -1.59278 14 0
0 0 72.3203 0 62.0108 a b -1.5845 14 0
0 0 72.2829 0 62.0068 a b -1.57539 14 0
0 0 72.2508 0 62.0088 a b -1.5675 14 0
0 0 72.2108 0 62.0011 a b -1.55916 14 0
0 0 72.1738 0 61.996 a b -1.54984 14 0
0 0 72.1511 0 62.0012 a b -1.54314 14 0
0 0 72.125 0 62.0104 a b -1.53967 14 0
0 0 72.0955 0 62.0097 a b -1.53751 14 0
0 0 72.0596 0 62.0039 a b -1.53352 14 0
0 0 72.0352 0 62.0021 a b -1.53146 14 0
0 0 72.0141 0 62 a b -1.52988 14 0
0 0 71.9881 0 62 a b -1.53038 14 0
0 0 71.9534 0 62.0004 a b -1.5282 14 0
0 0 71.925 0 61.996 a b -1.52673 14 0
0 0 71.8965 0 62.0022 a b -1.52145 14 0
0 0 71.8755 0 62.003 a b -1.51822 14 0
0 0 71.8412 0 61.9987 a b -1.51611 14 0
0 0 71.807 0 61.9962 a b -1.51316 14 0
0 0 71.7769 0 62.0008 a b -1.51212 14 0
0 0 71.7447 0 62.0023 a b -1.50891 14 0
0 0 71.7099 0 61.9973 a b -1.50663 14 0
0 0 71.6773 0 61.9991 a b -1.50562 14 0
0 0 71.6533 0 61.9988 a b -1.50555 14 0
0 0 71.6309 0 62.0041 a b -1.50546 14 0
0 0 71.6069 0 62.0052 a b -1.50127 14 0
0 0 71.5826 0 62.0064 a b -1.4998 14 0
0 0 71.5569 0 62.0003 a b -1.5007 14 0
0 0 71.5306 0 61.998 a b -1.50649 14 0
0 0 71.5039 0 62.0041 a b -1.50726 14 0
0 0 71.4725 0 62.0057 a b -1.50929 14 0
0 0 71.4422 0 62.0062 a b -1.5143 14 0
0 0 71.414 0 62.0028 a b -1.51643 14 0
0 0 71.3766 0 62.0004 a b -1.5175 14 0
0 0 71.3475 0 62.003 a b -1.5212 14 0
0 0 71.3141 0 62.0029 a b -1.52665 14 0
0 0 71.2825 0 62.0026 a b -1.53055 14 0
0 0 71.2485 0 62.0082 a b -1.53068 14 0
0 0 71.2197 0 62 a b -1.53022 14 0
0 0 71.1943 0 61.9943 a b -1.5314 14 0
0 0 71.1628 0 61.9981 a b -1.53647 14 0
0 0 71.1407 0 61.9958 a b -1.53701 14 0
0 0 71.1167 0 62.0013 a b -1.53731 14 0
0 0 71.0993 0 61.997 a b -1.53681 14 0
0 0 71.0807 0 62.0011 a b -1.53975 14 0
0 0 71.0542 0 62.0001 a b -1.54141 14 0
0 0 71.0277 0 62.0022 a b -1.54316 14 0
0 0 71.006 0 62.0023 a b -1.54615 14 0
0 0 70.9752 0 62.0012 a b -1.54625 14 0
0 0 70.9459 0 61.9986 a b -1.54575 14 0
0 0 70.9128 0 61.9982 a b -1.546 14 0
0 0 70.881 0 61.9982 a b -1.55272 14 0
0 0 70.8507 0 61.9987 a b -1.5578 14 0
0 0 70.8046 0 61.9944 a b -1.55585 14 0
0 0 70.7697 0 61.9917 a b -1.55573 14 0
0 0 70.7272 0 61.993 a b -1.55847 14 0
0 0 70.6927 0 61.9822 a b -1.56417 14 0
0 0 70.6552 0 61.9863 a b -1.56774 14 0
0 0 70.6343 0 61.9809 a b -1.56605 14 0
0 0 70.6131 0 61.9789 a b -1.56262 14 0
0 0 70.59 0 61.9748 a b -1.56225 14 0
0 0 70.5702 0 61.9831 a b -1.56484 14 0
0 0 70.543 0 61.9824 a b -1.56917 14 0
0 0 70.512 0 61.9756 a b -1.56669 14 0
0 0 70.4936 0 61.9742 a b -1.56974 14 0
0 0 70.4735 0 61.977 a b -1.57503 14 0
0 0 70.436 0 61.9725 a b -1.57439 14 0
0 0 70.4112 0 61.972 a b -1.57787 14 0
0 0 70.3789 0 61.9719 a b -1.57724 14 0
0 0 70.3468 0 61.9694 a b -1.57915 14 0
0 0 70.3131 0 61.9622 a b -1.58099 14 0
0 0 70.2655 0 61.9554 a b -1.5809 14 0
0 0 70.227 0 61.966 a b -1.58245 14 0
0 0 70.1793 0 61.9591 a b -1.58311 14 0
0 0 70.1416 0 61.9485 a b -1.58273 14 0
0 0 70.1158 0 61.9368 a b -1.58375 14 0
0 0 70.0864 0 61.9358 a b -1.57723 14 0
0 0 70.065 0 61.9405 a b -1.57236 14 0
0 0 70.0488 0 61.9456 a b -1.56936 14 0
0 0 70.0291 0 61.9471 a b -1.56869 14 0
0 0 70.0097 0 61.9476 a b -1.56822 14 0
0 0 69.992 0 61.9496 a b -1.56948 14 0
0 0 69.9738 0 61.9505 a b -1.57062 14 0
0 0 69.9486 0 61.9508 a b -1.56986 14 0
0 0 69.9219 0 61.9531 a b -1.56664 14 0
0 0 69.8924 0 61.9509 a b -1.56343 14 0
0 0 69.8557 0 61.9449 a b -1.56178 14 0
0 0 69.8196 0 61.9449 a b -1.5588 14 0
0 0 69.7878 0 61.9503 a b -1.55942 14 0
0 0 69.7559 0 61.9519 a b -1.55601 14 0
0 0 69.7198 0 61.953 a b -1.55068 14 0
0 0 69.6759 0 61.9382 a b -1.54292 14 0
0 0 69.6407 0 61.9374 a b -1.53823 14 0
0 0 69.6135 0 61.9462 a b -1.54099 14 0
0 0 69.5807 0 61.9429 a b -1.54387 14 0
0 0 69.5617 0 61.9392 a b -1.54504 14 0
0 0 69.5453 0 61.9379 a b -1.54364 14 0
0 0 69.527 0 61.9426 a b -1.53994 14 0
0 0 69.499 0 61.9417 a b -1.53929 14 0
0 0 69.4708 0 61.9435 a b -1.53992 14 0
0 0 69.4443 0 61.9401 a b -1.54301 14 0
0 0 69.415 0 61.9396 a b -1.54053 14 0
0 0 69.3852 0 61.9398 a b -1.53668 14 0
0 0 69.3555 0 61.9409 a b -1.5362 14 0
0 0 69.3251 0 61.9457 a b -1.53749 14 0
0 0 69.2921 0 61.9537 a b -1.53873 14 0
0 0 69.2611 0 61.9513 a b -1.53932 14 0
0 0 69.2203 0 61.9566 a b -1.53585 14 0
0 0 69.1736 0 61.9482 a b -1.53296 14 0
0 0 69.138 0 61.9368 a b -1.52984 14 0
0 0 69.1092 0 61.9389 a b -1.52917 14 0
0 0 69.0844 0 61.9416 a b -1.52982 14 0
0 0 69.0604 0 61.9367 a b -1.53045 14 0
0 0 69.0356 0 61.9351 a b -1.5262 14 0
0 0 69.0136 0 61.938 a b -1.52451 14 0
0 0 68.9966 0 61.9402 a b -1.52723 14 0
0 0 68.9693 0 61.9357 a b -1.52867 14 0
0 0 68.9428 0 61.9325 a b -1.52696 14 0
0 0 68.9209 0 61.935 a b -1.52454 14 0
0 0 68.8954 0 61.9333 a b -1.52472 14 0
0 0 68.8583 0 61.9379 a b -1.52192 14 0
0 0 68.8251 0 61.9339 a b -1.52215 14 0
0 0 68.8007 0 61.9336 a b -1.52149 14 0
0 0 68.7744 0 61.9353 a b -1.52056 14 0
0 0 68.7402 0 61.9421 a b -1.51739 14 0
0 0 68.7033 0 61.9374 a b -1.5167 14 0
0 0 68.6562 0 61.9312 a b -1.51499 14 0
0 0 68.6289 0 61.9306 a b -1.51511 14 0
0 0 68.6029 0 61.9355 a b -1.51541 14 0
0 0 68.5763 0 61.9431 a b -1.51637 14 0
0 0 68.5541 0 61.9438 a b -1.51693 14 0
0 0 68.5262 0 61.9405 a b -1.51613 14 0
0 0 68.508 0 61.9329 a b -1.51638 14 0
0 0 68.4792 0 61.9325 a b -1.51245 14 0
0 0 68.457 0 61.9398 a b -1.5125 14 0
0 0 68.4297 0 61.9416 a b -1.51125 14 0
0 0 68.4114 0 61.9412 a b -1.51149 14 0
0 0 68.3807 0 61.9379 a b -1.51008 14 0
0 0 68.3467 0 61.9425 a b -1.50882 14 0
0 0 68.323 0 61.9444 a b -1.5108 14 0
0 0 68.2952 0 61.947 a b -1.5123 14 0
0 0 68.2539 0 61.9439 a b -1.50793 14 0
0 0 68.2135 0 61.9441 a b -1.5041 14 0
0 0 68.1793 0 61.943 a b -1.50528 14 0
0 0 68.146 0 61.9462 a b -1.50444 14 0
0 0 68.1201 0 61.95 a b -1.50308 14 0
0 0 68.0948 0 61.9516 a b -1.5042 14 0
0 0 68.0728 0 61.9517 a b -1.50648 14 0
0 0 68.0481 0 61.9538 a b -1.50943 14 0
0 0 68.0237 0 61.955 a b -1.50852 14 0
0 0 68.0008 0 61.9614 a b -1.50668 14 0
0 0 67.9748 0 61.9581 a b -1.50353 14 0
0 0 67.938 0 61.9546 a b -1.50395 14 0
0 0 67.9144 0 61.9582 a b -1.50755 14 0
0 0 67.8848 0 61.9582 a b -1.50818 14 0
0 0 67.8547 0 61.9633 a b -1.50745 14 0
0 0 67.8214 0 61.9602 a b -1.5098 14 0
0 0 67.7836 0 61.9548 a b -1.5093 14 0
0 0 67.746 0 61.9561 a b -1.50786 14 0
0 0 67.7096 0 61.9635 a b -1.5086 14 0
0 0 67.6614 0 61.9727 a b -1.51346 14 0
0 0 67.6253 0 61.9821 a b -1.51435 14 0
0 0 67.6025 0 61.9842 a b -1.50712 14 0
0 0 67.571 0 61.9831 a b -1.50729 14 0
0 0 67.5582 0 61.9826 a b -1.51496 14 0
0 0 67.5429 0 61.9794 a b -1.51687 14 0
0 0 67.5228 0 61.9737 a b -1.51722 14 0
0 0 67.5002 0 61.9787 a b -1.51892 14 0
0 0 67.4612 0 61.9751 a b -1.5195 14 0
0 0 67.4373 0 61.968 a b -1.52325 14 0
0 0 67.4163 0 61.9685 a b -1.5242 14 0
0 0 67.3833 0 61.9649 a b -1.52505 14 0
0 0 67.3441 0 61.9682 a b -1.52632 14 0
0 0 67.3082 0 61.9744 a b -1.52774 14 0
0 0 67.2685 0 61.9799 a b -1.52853 14 0
0 0 67.2383 0 61.9816 a b -1.53341 14 0
0 0 67.2125 0 61.9825 a b -1.52872 14 0
0 0 67.1924 0 61.9758 a b -1.52274 14 0
0 0 67.1611 0 61.985 a b -1.52231 14 0
0 0 67.1382 0 61.9828 a b -1.52862 14 0
0 0 67.1132 0 61.9839 a b -1.53643 14 0
0 0 67.0925 0 61.9825 a b -1.54204 14 0
0 0 67.073 0 61.9774 a b -1.54378 14 0
0 0 67.0516 0 61.9812 a b -1.5414 14 0
0 0 67.0281 0 61.9842 a b -1.54404 14 0
0 0 67.001 0 61.9873 a b -1.54838 14 0
0 0 66.9773 0 61.9857 a b -1.55017 14 0
0 0 66.9488 0 61.9832 a b -1.55168 14 0
0 0 66.9186 0 61.9874 a b -1.5532 14 0
0 0 66.8861 0 61.9902 a b -1.55496 14 0
0 0 66.8462 0 61.9897 a b -1.55657 14 0
0 0 66.8126 0 61.9901 a b -1.55829 14 0
0 0 66.7756 0 61.9932 a b -1.56177 14 0
0 0 66.7265 0 61.9969 a b -1.56676 14 0
0 0 66.6952 0 61.9879 a b -1.5725 14 0
0 0 66.6695 0 61.9785 a b -1.56805 14 0
0 0 66.6456 0 61.9819 a b -1.5613 14 0
0 0 66.6154 0 61.9902 a b -1.56346 14 0
0 0 66.5865 0 61.9915 a b -1.57348 14 0
0 0 66.5598 0 61.9857 a b -1.57821 14 0
0 0 66.5413 0 61.9758 a b -1.57698 14 0
0 0 66.5079 0 61.9785 a b -1.57223 14 0
0 0 66.4807 0 61.9858 a b -1.57531 14 0
0 0 66.4588 0 61.9821 a b -1.5825 14 0
0 0 66.4335 0 61.9787 a b -1.58331 14 0
0 0 66.4047 0 61.9774 a b -1.58367 14 0
0 0 66.3711 0 61.9777 a b -1.5852 14 0
0 0 66.3394 0 61.9809 a b -1.58929 14 0
0 0 66.3081 0 61.9775 a b -1.59414 14 0
0 0 66.2784 0 61.9777 a b -1.59579 14 0
0 0 66.2457 0 61.9725 a b -1.59573 14 0
0 0 66.2115 0 61.9694 a b -1.59905 14 0
0 0 66.1744 0 61.9736 a b -1.6035 14 0
0 0 66.1499 0 61.9636 a b -1.60415 14 0
0 0 66.13 0 61.9584 a b -1.60364 14 0
0 0 66.1046 0 61.9591 a b -1.60596 14 0
0 0 66.081 0 61.9605 a b -1.61125 14 0
0 0 66.0602 0 61.9609 a b -1.61506 14 0
0 0 66.0347 0 61.9573 a b -1.61721 14 0
0 0 66.0087 0 61.9554 a b -1.61766 14 0
0 0 65.9761 0 61.9606 a b -1.61855 14 0
0 0 65.9445 0 61.9663 a b -1.62255 14 0
0 0 65.9162 0 61.9575 a b -1.62762 14 0
0 0 65.8793 0 61.9545 a b -1.62919 14 0
0 0 65.845 0 61.9541 a b -1.63044 14 0
0 0 65.8066 0 61.9545 a b -1.63332 14 0
0 0 65.7709 0 61.9533 a b -1.63579 14 0
0 0 65.7325 0 61.9521 a b -1.63874 14 0
0 0 65.6966 0 61.9421 a b -1.64176 14 0
0 0 65.6583 0 61.9282 a b -1.64429 14 0
0 0 65.626 0 61.9206 a b -1.64769 14 0
0 0 65.5975 0 61.9196 a b -1.64973 14 0
0 0 65.5736 0 61.9111 a b -1.64982 14 0
0 0 65.5513 0 61.9089 a b -1.65041 14 0
0 0 65.53 0 61.911 a b -1.65462 14 0
0 0 65.5083 0 61.9063 a b -1.65838 14 0
0 0 65.4807 0 61.9048 a b -1.65986 14 0
0 0 65.4544 0 61.907 a b -1.65807 14 0
0 0 65.4324 0 61.9007 a b -1.65651 14 0
0 0 65.4074 0 61.9003 a b -1.65789 14 0
0 0 65.3765 0 61.9007 a b -1.6582 14 0
0 0 65.3455 0 61.9023 a b -1.6541 14 0
0 0 65.318 0 61.8982 a b -1.65177 14 0
0 0 65.2856 0 61.8964 a b -1.648 14 0
0 0 65.2594 0 61.8858 a b -1.64579 14 0
0 0 65.2311 0 61.8834 a b -1.64739 14 0
0 0 65.1962 0 61.8873 a b -1.64383 14 0
0 0 65.1645 0 61.8856 a b -1.64083 14 0
0 0 65.1354 0 61.884 a b -1.63582 14 0
0 0 65.1068 0 61.8888 a b -1.62807 14 0
0 0 65.0826 0 61.8878 a b -1.62071 14 0
0 0 65.0592 0 61.8838 a b -1.61596 14 0
0 0 65.0333 0 61.8875 a b -1.61145 14 0
0 0 65.008 0 61.8888 a b -1.60489 14 0
0 0 64.9873 0 61.884 a b -1.59912 14 0
0 0 64.9509 0 61.8811 a b -1.59428 14 0
0 0 64.9277 0 61.8755 a b -1.58948 14 0
0 0 64.9029 0 61.8696 a b -1.5861 14 0
0 0 64.874 0 61.8749 a b -1.58612 14 0
0 0 64.8426 0 61.8757 a b -1.58275 14 0
0 0 64.8119 0 61.8714 a b -1.57779 14 0
0 0 64.7797 0 61.868 a b -1.5754 14 0
0 0 64.7478 0 61.8624 a b -1.57615 14 0
0 0 64.7143 0 61.8647 a b -1.57295 14 0
0 0 64.6865 0 61.8694 a b -1.56685 14 0
0 0 64.6668 0 61.8687 a b -1.5648 14 0
0 0 64.6468 0 61.8612 a b -1.56721 14 0
0 0 64.6194 0 61.8596 a b -1.56832 14 0
0 0 64.5982 0 61.8563 a b -1.5649 14 0
0 0 64.574 0 61.8543 a b -1.56535 14 0
0 0 64.5474 0 61.8575 a b -1.56638 14 0
0 0 64.5176 0 61.8584 a b -1.56692 14 0
0 0 64.4876 0 61.8588 a b -1.56358 14 0
0 0 64.4583 0 61.851 a b -1.56234 14 0
0 0 64.4277 0 61.8486 a b -1.56302 14 0
0 0 64.3933 0 61.8476 a b -1.56285 14 0
0 0 64.3573 0 61.8401 a b -1.56158 14 0
0 0 64.322 0 61.8404 a b -1.56179 14 0
0 0 64.2879 0 61.8413 a b -1.56109 14 0
0 0 64.2457 0 61.8439 a b -1.56134 14 0
0 0 64.2046 0 61.8526 a b -1.56701 14 0
0 0 64.1659 0 61.8577 a b -1.5687 14 0
0 0 64.1372 0 61.8609 a b -1.56815 14 0
0 0 64.107 0 61.865 a b -1.56942 14 0
0 0 64.0851 0 61.8566 a b -1.57496 14 0
0 0 64.0605 0 61.8501 a b -1.57822 14 0
0 0 64.0338 0 61.8452 a b -1.57547 14 0
0 0 64.0087 0 61.8461 a b -1.57014 14 0
0 0 63.9843 0 61.8427 a b -1.56883 14 0
0 0 63.9596 0 61.8416 a b -1.57061 14 0
0 0 63.9336 0 61.8435 a b -1.57202 14 0
0 0 63.9081 0 61.8381 a b -1.57055 14 0
0 0 63.8791 0 61.8347 a b -1.5722 14 0
0 0 63.8471 0 61.8378 a b -1.56953 14 0
0 0 63.8157 0 61.8389 a b -1.56091 14 0
0 0 63.7872 0 61.8424 a b -1.55191 14 0
0 0 63.7573 0 61.8421 a b -1.54691 14 0
0 0 63.7251 0 61.843 a b -1.54071 14 0
0 0 63.6943 0 61.8444 a b -1.53178 14 0
0 0 63.666 0 61.8506 a b -1.52254 14 0
0 0 63.6486 0 61.8501 a b -1.52054 14 0
0 0 63.6217 0 61.8505 a b -1.52463 14 0
0 0 63.5896 0 61.8495 a b -1.52179 14 0
0 0 63.5686 0 61.8486 a b -1.51444 14 0
0 0 63.5393 0 61.8514 a b -1.51033 14 0
0 0 63.5156 0 61.85 a b -1.50982 14 0
0 0 63.4883 0 61.8492 a b -1.51026 14 0
0 0 63.4557 0 61.8505 a b -1.50984 14 0
0 0 63.4292 0 61.8518 a b -1.50661 14 0
0 0 63.3937 0 61.8532 a b -1.50148 14 0
0 0 63.3571 0 61.8607 a b -1.49937 14 0
0 0 63.3234 0 61.8635 a b -1.49618 14 0
0 0 63.2951 0 61.8651 a b -1.49537 14 0
0 0 63.2575 0 61.8683 a b -1.49465 14 0
0 0 63.2274 0 61.8733 a b -1.49744 14 0
0 0 63.2085 0 61.8681 a b -1.49921 14 0
0 0 63.1858 0 61.8613 a b -1.48851 14 0
0 0 63.1638 0 61.8613 a b -1.47966 14 0
0 0 63.1385 0 61.8668 a b -1.48089 14 0
0 0 63.1142 0 61.8692 a b -1.49155 14 0
0 0 63.0952 0 61.86 a b -1.49782 14 0
0 0 63.0729 0 61.8537 a b -1.49079 14 0
0 0 63.0418 0 61.8651 a b -1.48404 14 0
0 0 63.007 0 61.8784 a b -1.48344 14 0
0 0 62.9772 0 61.8823 a b -1.4887 14 0
0 0 62.951 0 61.8737 a b -1.48856 14 0
0 0 62.9221 0 61.8699 a b -1.48217 14 0
0 0 62.8844 0 61.8735 a b -1.47876 14 0
0 0 62.8447 0 61.8812 a b -1.48108 14 0
0 0 62.8121 0 61.8804 a b -1.48203 14 0
0 0 62.7726 0 61.8861 a b -1.47901 14 0
0 0 62.735 0 61.895 a b -1.47917 14 0
0 0 62.7063 0 61.8932 a b -1.47912 14 0
0 0 62.6774 0 61.8967 a b -1.47752 14 0
0 0 62.6524 0 61.8962 a b -1.47405 14 0
0 0 62.6254 0 61.8983 a b -1.47172 14 0
0 0 62.5998 0 61.9013 a b -1.47203 14 0
0 0 62.5758 0 61.9022 a b -1.47342 14 0
0 0 62.5542 0 61.9012 a b -1.47256 14 0
0 0 62.5329 0 61.9025 a b -1.47178 14 0
0 0 62.5054 0 61.9028 a b -1.47257 14 0
0 0 62.4811 0 61.9068 a b -1.47279 14 0
0 0 62.4524 0 61.909 a b -1.47281 14 0
0 0 62.4204 0 61.9143 a b -1.47242 14 0
0 0 62.3864 0 61.9169 a b -1.47235 14 0
0 0 62.3515 0 61.9228 a b -1.47152 14 0
0 0 62.3147 0 61.9241 a b -1.47114 14 0
0 0 62.2829 0 61.9275 a b -1.47223 14 0
0 0 62.2519 0 61.9279 a b -1.47113 14 0
0 0 62.2195 0 61.9264 a b -1.46709 14 0
0 0 62.1792 0 61.9279 a b -1.47058 14 0
0 0 62.1462 0 61.9452 a b -1.47183 14 0
0 0 62.1171 0 61.9494 a b -1.46545 14 0
0 0 62.091 0 61.9485 a b -1.45873 14 0
0 0 62.0629 0 61.9369 a b -1.45924 14 0
0 0 62.0358 0 61.9271 a b -1.46531 14 0
0 0 62.0088 0 61.929 a b -1.47096 14 0
0 0 61.9834 0 61.9343 a b -1.46266 14 0
0 0 61.9605 0 61.9385 a b -1.45709 14 0
0 0 61.9392 0 61.9355 a b -1.46168 14 0
0 0 61.9147 0 61.9338 a b -1.47846 14 0
0 0 61.8905 0 61.9353 a b -1.49745 14 0
0 0 61.8555 0 61.9316 a b -1.50878 14 0
0 0 61.8212 0 61.9313 a b -1.51651 14 0
0 0 61.7917 0 61.9297 a b -1.52665 14 0
0 0 61.7532 0 61.9304 a b -1.54033 14 0
0 0 61.7231 0 61.9286 a b -1.55164 14 0
0 0 61.696 0 61.9291 a b -1.55164 14 0
0 0 61.6726 0 61.927 a b -1.55573 14 0
0 0 61.6494 0 61.9265 a b -1.56162 14 0
0 0 61.6191 0 61.9334 a b -1.55908 14 0
0 0 61.5977 0 61.9409 a b -1.54781 14 0
0 0 61.5789 0 61.9385 a b -1.53835 14 0
0 0 61.5589 0 61.9365 a b -1.52903 14 0
0 0 61.543 0 61.9334 a b -1.51851 14 0
0 0 61.5144 0 61.9417 a b -1.5086 14 0
0 0 61.4865 0 61.9439 a b -1.50264 14 0
0 0 61.455 0 61.942 a b -1.50346 14 0
0 0 61.4206 0 61.9407 a b -1.50586 14 0
0 0 61.3835 0 61.944 a b -1.50375 14 0
0 0 61.3457 0 61.9472 a b -1.50071 14 0
0 0 61.3027 0 61.9483 a b -1.49701 14 0
0 0 61.2669 0 61.9497 a b -1.49527 14 0
0 0 61.2381 0 61.9471 a b -1.50738 14 0
0 0 61.1944 0 61.9538 a b -1.52476 14 0
0 0 61.1637 0 61.9566 a b -1.52877 14 0
0 0 61.1405 0 61.9601 a b -1.53474 14 0
0 0 61.1223 0 61.9538 a b -1.54498 14 0
0 0 61.1014 0 61.9501 a b -1.55937 14 0
0 0 61.0735 0 61.9516 a b -1.56519 14 0
0 0 61.0527 0 61.9556 a b -1.56195 14 0
0 0 61.0291 0 61.9544 a b -1.55991 14 0
0 0 61.0073 0 61.9563 a b -1.55465 14 0
0 0 60.9916 0 61.9444 a b -1.54482 14 0
0 0 60.9884 0 61.9573 a b -1.54105 14 0
