0 0 108.112 0 26.8447 a b 0.0362999 16 0
0 0 108.112 0 26.8548 a b 0.0352604 16 0
0 0 108.112 0 26.8648 a b 0.034936 16 0
0 0 108.118 0 26.8813 a b 0.031835 16 0
0 0 108.118 0 26.9 a b 0.0293252 16 0
0 0 108.115 0 26.9298 a b 0.0291879 16 0
0 0 108.115 0 26.9664 a b 0.0284224 16 0
0 0 108.115 0 27.0037 a b 0.0269396 16 0
0 0 108.114 0 27.0416 a b 0.030568 16 0
0 0 108.112 0 27.0871 a b 0.034379 16 0
0 0 108.114 0 27.1335 a b 0.0328446 16 0
0 0 108.107 0 27.1789 a b 0.0345599 16 0
0 0 108.108 0 27.219 a b 0.0349079 16 0
0 0 108.109 0 27.2555 a b 0.0342948 16 0
0 0 108.107 0 27.2912 a b 0.0353684 16 0
0 0 108.101 0 27.3256 a b 0.035612 16 0
0 0 108.102 0 27.3541 a b 0.035248 16 0
0 0 108.108 0 27.3844 a b 0.0341515 16 0
0 0 108.117 0 27.4105 a b 0.0366925 16 0
0 0 108.118 0 27.4348 a b 0.0397919 16 0
0 0 108.12 0 27.4577 a b 0.0441508 16 0
0 0 108.113 0 27.4736 a b 0.0485833 16 0
0 0 108.109 0 27.4959 a b 0.0516484 16 0
0 0 108.109 0 27.5125 a b 0.0545593 16 0
0 0 108.113 0 27.53 a b 0.0560418 16 0
0 0 108.109 0 27.5427 a b 0.0585802 16 0
0 0 108.109 0 27.5584 a b 0.0613118 16 0
0 0 108.111 0 27.5823 a b 0.0652246 16 0
0 0 108.113 0 27.6056 a b 0.0726391 16 0
0 0 108.115 0 27.6357 a b 0.0792266 16 0
0 0 108.118 0 27.6676 a b 0.086233 16 0
0 0 108.118 0 27.7045 a b 0.0943703 16 0
0 0 108.12 0 27.746 a b 0.101805 16 0
0 0 108.121 0 27.7857 a b 0.114034 16 0
0 0 108.119 0 27.8263 a b 0.122987 16 0
0 0 108.105 0 27.8641 a b 0.131061 16 0
0 0 108.118 0 27.9099 a b 0.1325 16 0
0 0 108.129 0 27.9569 a b 0.138648 16 0
0 0 108.145 0 28.0034 a b 0.15211 16 0
0 0 108.143 0 28.0348 a b 0.159454 16 0
0 0 108.154 0 28.0741 a b 0.154433 16 0
0 0 108.163 0 28.1059 a b 0.17235 16 0
0 0 108.16 0 28.1218 a b 0.171666 16 0
0 0 108.162 0 28.1459 a b 0.163646 16 0
0 0 108.167 0 28.1663 a b 0.171311 16 0
0 0 108.167 0 28.1784 a b 0.175094 16 0
0 0 108.164 0 28.1905 a b 0.173859 16 0
0 0 108.171 0 28.2032 a b 0.17292 16 0
0 0 108.176 0 28.2216 a b 0.172447 16 0
0 0 108.173 0 28.2389 a b 0.171053 16 0
0 0 108.179 0 28.2651 a b 0.167877 16 0
0 0 108.183 0 28.2929 a b 0.170044 16 0
0 0 108.182 0 28.3243 a b 0.180294 16 0
0 0 108.171 0 28.3546 a b 0.176424 16 0
0 0 108.171 0 28.3793 a b 0.15703 16 0
0 0 108.179 0 28.4235 a b 0.150536 16 0
0 0 108.202 0 28.4732 a b 0.152749 16 0
0 0 108.218 0 28.5006 a b 0.157594 16 0
0 0 108.23 0 28.5196 a b 0.144624 16 0
0 0 108.226 0 28.5566 a b 0.130449 16 0
0 0 108.219 0 28.5883 a b 0.122086 16 0
0 0 108.216 0 28.6204 a b 0.116946 16 0
0 0 108.221 0 28.6421 a b 0.118599 16 0
0 0 108.222 0 28.6599 a b 0.11494 16 0
0 0 108.222 0 28.6777 a b 0.105879 16 0
0 0 108.225 0 28.7005 a b 0.0956468 16 0
0 0 108.229 0 28.7246 a b 0.0890372 16 0
0 0 108.23 0 28.7518 a b 0.0874379 16 0
0 0 108.231 0 28.7725 a b 0.0851242 16 0
0 0 108.229 0 28.7989 a b 0.0792209 16 0
0 0 108.223 0 28.8236 a b 0.0705729 16 0
0 0 108.221 0 28.8534 a b 0.0628552 16 0
0 0 108.223 0 28.8856 a b 0.0580772 16 0
0 0 108.225 0 28.9165 a b 0.0563768 16 0
0 0 108.225 0 28.9463 a b 0.0520932 16 0
0 0 108.225 0 28.976 a b 0.0471636 16 0
0 0 108.226 0 29.0026 a b 0.0422561 16 0
0 0 108.229 0 29.0332 a b 0.0386605 16 0
0 0 108.228 0 29.0585 a b 0.0362199 16 0
0 0 108.226 0 29.084 a b 0.0366492 16 0
0 0 108.224 0 29.1089 a b 0.0312104 16 0
0 0 108.224 0 29.1352 a b 0.0275762 16 0
0 0 108.229 0 29.1665 a b 0.0229927 16 0
0 0 108.232 0 29.1982 a b 0.0180359 16 0
0 0 108.23 0 29.2261 a b 0.0150358 16 0
0 0 108.231 0 29.2599 a b 0.0197702 16 0
0 0 108.23 0 29.288 a b 0.0265082 16 0
0 0 108.23 0 29.3213 a b 0.0330722 16 0
0 0 108.234 0 29.3456 a b 0.0384827 16 0
0 0 108.236 0 29.3708 a b 0.0423581 16 0
0 0 108.242 0 29.3977 a b 0.0466478 16 0
0 0 108.248 0 29.417 a b 0.0490645 16 0
0 0 108.249 0 29.4403 a b 0.0470072 16 0
0 0 108.251 0 29.4677 a b 0.0485241 16 0
0 0 108.251 0 29.4928 a b 0.0521357 16 0
0 0 108.253 0 29.519 a b 0.0564753 16 0
0 0 108.249 0 29.5412 a b 0.0588359 16 0
0 0 108.251 0 29.5683 a b 0.0586081 16 0
0 0 108.253 0 29.5994 a b 0.0604649 16 0
0 0 108.254 0 29.6315 a b 0.0625082 16 0
0 0 108.255 0 29.6599 a b 0.0631573 16 0
0 0 108.254 0 29.6913 a b 0.0622314 16 0
0 0 108.257 0 29.728 a b 0.0665696 16 0
0 0 108.262 0 29.7659 a b 0.0714727 16 0
0 0 108.265 0 29.7966 a b 0.0685348 16 0
0 0 108.265 0 29.8288 a b 0.066709 16 0
0 0 108.272 0 29.8604 a b 0.0670743 16 0
0 0 108.274 0 29.8936 a b 0.0686882 16 0
0 0 108.276 0 29.9223 a b 0.0676917 16 0
0 0 108.278 0 29.9483 a b 0.067021 16 0
0 0 108.278 0 29.9748 a b 0.0678456 16 0
0 0 108.282 0 30.0052 a b 0.069456 16 0
0 0 108.288 0 30.0373 a b 0.0718205 16 0
0 0 108.288 0 30.0685 a b 0.0720307 16 0
0 0 108.293 0 30.0996 a b 0.0696945 16 0
0 0 108.297 0 30.1268 a b 0.0694372 16 0
0 0 108.298 0 30.1604 a b 0.0704628 16 0
0 0 108.3 0 30.1922 a b 0.0700242 16 0
0 0 108.3 0 30.2189 a b 0.0703773 16 0
0 0 108.299 0 30.2477 a b 0.0737995 16 0
0 0 108.3 0 30.2894 a b 0.0735065 16 0
0 0 108.303 0 30.3293 a b 0.067169 16 0
0 0 108.304 0 30.3623 a b 0.0555402 16 0
0 0 108.305 0 30.3949 a b 0.0422915 16 0
0 0 108.305 0 30.4156 a b 0.0315401 16 0
0 0 108.305 0 30.4343 a b 0.029393 16 0
0 0 108.303 0 30.4561 a b 0.0298434 16 0
0 0 108.303 0 30.4851 a b 0.0279611 16 0
0 0 108.299 0 30.5172 a b 0.023175 16 0
0 0 108.295 0 30.5417 a b 0.0186565 16 0
0 0 108.298 0 30.569 a b 0.0147565 16 0
0 0 108.303 0 30.6025 a b 0.00832724 16 0
0 0 108.306 0 30.6332 a b -0.000113222 16 0
0 0 108.306 0 30.6625 a b -0.0082301 16 0
0 0 108.304 0 30.6886 a b -0.0142057 16 0
0 0 108.304 0 30.7142 a b -0.0134082 16 0
0 0 108.303 0 30.7444 a b -0.0115821 16 0
0 0 108.296 0 30.7739 a b -0.0147445 16 0
0 0 108.293 0 30.8014 a b -0.0231559 16 0
0 0 108.295 0 30.8295 a b -0.0285188 16 0
0 0 108.296 0 30.8549 a b -0.0271211 16 0
0 0 108.294 0 30.8841 a b -0.0274139 16 0
0 0 108.291 0 30.9112 a b -0.0351978 16 0
0 0 108.289 0 30.9406 a b -0.0460231 16 0
0 0 108.294 0 30.9632 a b -0.0442217 16 0
0 0 108.291 0 30.9868 a b -0.0369991 16 0
0 0 108.283 0 31.0181 a b -0.0420732 16 0
0 0 108.277 0 31.0501 a b -0.0579968 16 0
0 0 108.289 0 31.0843 a b -0.0606848 16 0
0 0 108.284 0 31.1165 a b -0.04848 16 0
0 0 108.272 0 31.1451 a b -0.0504215 16 0
0 0 108.272 0 31.1765 a b -0.0641905 16 0
0 0 108.275 0 31.2066 a b -0.0663821 16 0
0 0 108.274 0 31.2338 a b -0.0598868 16 0
0 0 108.264 0 31.2614 a b -0.0652401 16 0
0 0 108.266 0 31.2866 a b -0.0752818 16 0
0 0 108.269 0 31.317 a b -0.075532 16 0
0 0 108.265 0 31.3439 a b -0.0700643 16 0
0 0 108.256 0 31.3632 a b -0.0748556 16 0
0 0 108.254 0 31.3938 a b -0.0872839 16 0
0 0 108.26 0 31.4298 a b -0.0843321 16 0
0 0 108.254 0 31.454 a b -0.0744427 16 0
0 0 108.245 0 31.4746 a b -0.0790223 16 0
0 0 108.24 0 31.5018 a b -0.0918026 16 0
0 0 108.247 0 31.5381 a b -0.0942688 16 0
0 0 108.246 0 31.5719 a b -0.0790886 16 0
0 0 108.243 0 31.5947 a b -0.0649215 16 0
0 0 108.237 0 31.6132 a b -0.067089 16 0
0 0 108.235 0 31.642 a b -0.0721293 16 0
0 0 108.239 0 31.6769 a b -0.0631438 16 0
0 0 108.234 0 31.7066 a b -0.0484007 16 0
0 0 108.231 0 31.7293 a b -0.0409001 16 0
0 0 108.231 0 31.7577 a b -0.0363503 16 0
0 0 108.233 0 31.7902 a b -0.0254817 16 0
0 0 108.234 0 31.8191 a b -0.0142842 16 0
0 0 108.233 0 31.846 a b -0.00488619 16 0
0 0 108.232 0 31.8798 a b 0.00525377 16 0
0 0 108.232 0 31.9098 a b 0.0146436 16 0
0 0 108.233 0 31.9441 a b 0.0232523 16 0
0 0 108.232 0 31.9772 a b 0.0330038 16 0
0 0 108.232 0 32.0077 a b 0.0475596 16 0
0 0 108.23 0 32.0286 a b 0.0522062 16 0
0 0 108.229 0 32.0521 a b 0.0492581 16 0
0 0 108.231 0 32.0795 a b 0.0472043 16 0
0 0 108.234 0 32.1064 a b 0.0507197 16 0
0 0 108.233 0 32.1279 a b 0.0531133 16 0
0 0 108.233 0 32.1483 a b 0.0522274 16 0
0 0 108.234 0 32.1733 a b 0.0489818 16 0
0 0 108.235 0 32.2077 a b 0.0500496 16 0
0 0 108.236 0 32.2391 a b 0.0562687 16 0
0 0 108.237 0 32.2702 a b 0.057005 16 0
0 0 108.238 0 32.3002 a b 0.0557228 16 0
0 0 108.241 0 32.3351 a b 0.0560284 16 0
0 0 108.243 0 32.3688 a b 0.060797 16 0
0 0 108.246 0 32.398 a b 0.0641822 16 0
0 0 108.248 0 32.4294 a b 0.0649087 16 0
0 0 108.252 0 32.4616 a b 0.0624987 16 0
0 0 108.249 0 32.4971 a b 0.0649984 16 0
0 0 108.25 0 32.5311 a b 0.0674876 16 0
0 0 108.25 0 32.5586 a b 0.0707474 16 0
0 0 108.249 0 32.5885 a b 0.0733218 16 0
0 0 108.25 0 32.6141 a b 0.0740694 16 0
0 0 108.249 0 32.6365 a b 0.0750464 16 0
0 0 108.251 0 32.6612 a b 0.0746542 16 0
0 0 108.252 0 32.6879 a b 0.0749856 16 0
0 0 108.255 0 32.7156 a b 0.0729504 16 0
0 0 108.257 0 32.7421 a b 0.0707865 16 0
0 0 108.257 0 32.7666 a b 0.0683171 16 0
0 0 108.259 0 32.7965 a b 0.0683058 16 0
0 0 108.26 0 32.8265 a b 0.0715072 16 0
0 0 108.261 0 32.8498 a b 0.0713459 16 0
0 0 108.263 0 32.8782 a b 0.0666386 16 0
0 0 108.263 0 32.9096 a b 0.0655896 16 0
0 0 108.26 0 32.9422 a b 0.0705993 16 0
0 0 108.264 0 32.9707 a b 0.0718946 16 0
0 0 108.268 0 33.0002 a b 0.0663067 16 0
0 0 108.27 0 33.0301 a b 0.0604891 16 0
0 0 108.27 0 33.0633 a b 0.0575261 16 0
0 0 108.272 0 33.0973 a b 0.0557911 16 0
0 0 108.277 0 33.1233 a b 0.0561684 16 0
0 0 108.279 0 33.1533 a b 0.0588521 16 0
0 0 108.279 0 33.1861 a b 0.063146 16 0
0 0 108.282 0 33.2185 a b 0.0617791 16 0
0 0 108.283 0 33.2459 a b 0.0545964 16 0
0 0 108.281 0 33.2752 a b 0.0497309 16 0
0 0 108.281 0 33.3062 a b 0.0487094 16 0
0 0 108.281 0 33.3355 a b 0.0523962 16 0
0 0 108.283 0 33.3636 a b 0.0552797 16 0
0 0 108.286 0 33.3926 a b 0.0560353 16 0
0 0 108.291 0 33.4246 a b 0.0500756 16 0
0 0 108.293 0 33.4533 a b 0.0443232 16 0
0 0 108.293 0 33.4754 a b 0.043976 16 0
0 0 108.292 0 33.5044 a b 0.046001 16 0
0 0 108.292 0 33.5311 a b 0.0482954 16 0
0 0 108.293 0 33.5645 a b 0.0465648 16 0
0 0 108.294 0 33.5937 a b 0.0437288 16 0
0 0 108.296 0 33.6219 a b 0.042157 16 0
0 0 108.297 0 33.6493 a b 0.0418918 16 0
0 0 108.298 0 33.6772 a b 0.0421906 16 0
0 0 108.298 0 33.7021 a b 0.0413296 16 0
0 0 108.297 0 33.7282 a b 0.0421802 16 0
0 0 108.298 0 33.7553 a b 0.0426063 16 0
0 0 108.297 0 33.7884 a b 0.0423041 16 0
0 0 108.298 0 33.8171 a b 0.0379788 16 0
0 0 108.3 0 33.8442 a b 0.0343612 16 0
0 0 108.297 0 33.869 a b 0.0359125 16 0
0 0 108.299 0 33.8987 a b 0.0368069 16 0
0 0 108.301 0 33.9313 a b 0.0355296 16 0
0 0 108.301 0 33.9561 a b 0.0330067 16 0
0 0 108.302 0 33.9786 a b 0.032336 16 0
0 0 108.305 0 34.0053 a b 0.0311479 16 0
0 0 108.304 0 34.0335 a b 0.0324674 16 0
0 0 108.302 0 34.061 a b 0.0318132 16 0
0 0 108.303 0 34.093 a b 0.0291275 16 0
0 0 108.303 0 34.1241 a b 0.0296342 16 0
0 0 108.304 0 34.1508 a b 0.0301104 16 0
0 0 108.304 0 34.1807 a b 0.028536 16 0
0 0 108.306 0 34.2098 a b 0.0251215 16 0
0 0 108.305 0 34.2384 a b 0.0285118 16 0
0 0 108.302 0 34.2682 a b 0.0311732 16 0
0 0 108.303 0 34.2981 a b 0.0289896 16 0
0 0 108.304 0 34.3275 a b 0.0249273 16 0
0 0 108.306 0 34.3602 a b 0.0240064 16 0
0 0 108.307 0 34.3888 a b 0.0252855 16 0
0 0 108.307 0 34.4193 a b 0.0244514 16 0
0 0 108.305 0 34.4529 a b 0.02444 16 0
0 0 108.304 0 34.4866 a b 0.0218823 16 0
0 0 108.304 0 34.5132 a b 0.0219825 16 0
0 0 108.303 0 34.5407 a b 0.0212005 16 0
0 0 108.302 0 34.5695 a b 0.0227495 16 0
0 0 108.299 0 34.5957 a b 0.0236885 16 0
0 0 108.297 0 34.6276 a b 0.0200466 16 0
0 0 108.298 0 34.6536 a b 0.016132 16 0
0 0 108.298 0 34.6823 a b 0.0143571 16 0
0 0 108.301 0 34.7131 a b 0.0162113 16 0
0 0 108.301 0 34.7454 a b 0.0173345 16 0
0 0 108.299 0 34.7773 a b 0.0161848 16 0
0 0 108.299 0 34.815 a b 0.00890887 16 0
0 0 108.301 0 34.8549 a b 0.010983 16 0
0 0 108.301 0 34.8872 a b 0.0177043 16 0
0 0 108.296 0 34.9089 a b 0.0213033 16 0
0 0 108.293 0 34.9271 a b 0.0174384 16 0
0 0 108.293 0 34.9467 a b 0.0148064 16 0
0 0 108.294 0 34.9596 a b 0.0124756 16 0
0 0 108.296 0 34.976 a b 0.0101496 16 0
0 0 108.298 0 34.9981 a b 0.010569 16 0
0 0 108.299 0 35.0213 a b 0.0133346 16 0
0 0 108.296 0 35.0427 a b 0.0183176 16 0
0 0 108.291 0 35.0673 a b 0.0189207 16 0
0 0 108.288 0 35.0938 a b 0.0126395 16 0
0 0 108.288 0 35.1276 a b 0.0069348 16 0
0 0 108.285 0 35.165 a b 0.0133206 16 0
0 0 108.284 0 35.1989 a b 0.0184702 16 0
0 0 108.281 0 35.2341 a b 0.0189077 16 0
0 0 108.28 0 35.2725 a b 0.0202954 16 0
0 0 108.281 0 35.309 a b 0.020311 16 0
0 0 108.279 0 35.3511 a b 0.0236102 16 0
0 0 108.28 0 35.3878 a b 0.0309283 16 0
0 0 108.279 0 35.4179 a b 0.0448367 16 0
0 0 108.286 0 35.4386 a b 0.0515237 16 0
0 0 108.287 0 35.4526 a b 0.0577818 16 0
0 0 108.288 0 35.4688 a b 0.0621466 16 0
0 0 108.289 0 35.4879 a b 0.0683252 16 0
0 0 108.291 0 35.5068 a b 0.0757859 16 0
0 0 108.293 0 35.5297 a b 0.0809336 16 0
0 0 108.295 0 35.5579 a b 0.0847304 16 0
0 0 108.294 0 35.5909 a b 0.0885057 16 0
0 0 108.294 0 35.6265 a b 0.0936375 16 0
0 0 108.293 0 35.6632 a b 0.0932009 16 0
0 0 108.294 0 35.7045 a b 0.0913995 16 0
0 0 108.294 0 35.7443 a b 0.090684 16 0
0 0 108.297 0 35.7825 a b 0.0920789 16 0
0 0 108.298 0 35.8172 a b 0.0908358 16 0
0 0 108.299 0 35.85 a b 0.0878494 16 0
0 0 108.3 0 35.8808 a b 0.0842072 16 0
0 0 108.302 0 35.9138 a b 0.082457 16 0
0 0 108.305 0 35.9464 a b 0.0815408 16 0
0 0 108.306 0 35.9806 a b 0.0822378 16 0
0 0 108.306 0 36.0098 a b 0.0816907 16 0
0 0 108.309 0 36.0396 a b 0.0767521 16 0
0 0 108.312 0 36.0727 a b 0.0679166 16 0
0 0 108.314 0 36.1116 a b 0.0731298 16 0
0 0 108.32 0 36.1243 a b 0.089344 16 0
0 0 108.315 0 36.1417 a b 0.0691734 16 0
0 0 108.309 0 36.1611 a b 0.0670567 16 0
0 0 108.31 0 36.1817 a b 0.0688766 16 0
0 0 108.312 0 36.2022 a b 0.0667267 16 0
0 0 108.314 0 36.2295 a b 0.0632843 16 0
0 0 108.314 0 36.262 a b 0.0658436 16 0
0 0 108.317 0 36.2927 a b 0.0646766 16 0
0 0 108.319 0 36.3283 a b 0.0592967 16 0
0 0 108.32 0 36.3654 a b 0.0543603 16 0
0 0 108.32 0 36.4031 a b 0.0559448 16 0
0 0 108.323 0 36.4409 a b 0.0598761 16 0
0 0 108.327 0 36.4736 a b 0.055842 16 0
0 0 108.327 0 36.51 a b 0.0470867 16 0
0 0 108.33 0 36.5523 a b 0.04314 16 0
0 0 108.328 0 36.5875 a b 0.044926 16 0
0 0 108.327 0 36.6182 a b 0.0479688 16 0
0 0 108.326 0 36.6414 a b 0.0490313 16 0
0 0 108.327 0 36.663 a b 0.0465019 16 0
0 0 108.323 0 36.6832 a b 0.0451248 16 0
0 0 108.321 0 36.7046 a b 0.0450723 16 0
0 0 108.323 0 36.7271 a b 0.0415456 16 0
0 0 108.322 0 36.7486 a b 0.0422071 16 0
0 0 108.323 0 36.7703 a b 0.0409891 16 0
0 0 108.324 0 36.7925 a b 0.0372233 16 0
0 0 108.323 0 36.8162 a b 0.0340849 16 0
0 0 108.323 0 36.8451 a b 0.0320392 16 0
0 0 108.323 0 36.8754 a b 0.0278057 16 0
0 0 108.323 0 36.9024 a b 0.0253588 16 0
0 0 108.322 0 36.9346 a b 0.0250266 16 0
0 0 108.322 0 36.9743 a b 0.0225767 16 0
0 0 108.323 0 37.0073 a b 0.0201476 16 0
0 0 108.324 0 37.036 a b 0.0223833 16 0
0 0 108.323 0 37.0638 a b 0.026432 16 0
0 0 108.321 0 37.1012 a b 0.0250417 16 0
0 0 108.32 0 37.134 a b 0.0211735 16 0
0 0 108.319 0 37.1598 a b 0.0212902 16 0
0 0 108.316 0 37.1894 a b 0.0225807 16 0
0 0 108.317 0 37.218 a b 0.0218973 16 0
0 0 108.317 0 37.2426 a b 0.0213184 16 0
0 0 108.314 0 37.2701 a b 0.022009 16 0
0 0 108.314 0 37.2974 a b 0.0205804 16 0
0 0 108.313 0 37.3241 a b 0.0192093 16 0
0 0 108.312 0 37.3538 a b 0.0219898 16 0
0 0 108.31 0 37.3852 a b 0.0226825 16 0
0 0 108.307 0 37.415 a b 0.0193425 16 0
0 0 108.305 0 37.4435 a b 0.0203374 16 0
0 0 108.304 0 37.4759 a b 0.0212072 16 0
0 0 108.304 0 37.5066 a b 0.0199929 16 0
0 0 108.304 0 37.5339 a b 0.0217516 16 0
0 0 108.301 0 37.5608 a b 0.0183341 16 0
0 0 108.303 0 37.5832 a b 0.0167411 16 0
0 0 108.302 0 37.6068 a b 0.0186382 16 0
0 0 108.298 0 37.6344 a b 0.017154 16 0
0 0 108.298 0 37.6665 a b 0.0109083 16 0
0 0 108.304 0 37.6944 a b 0.013309 16 0
0 0 108.302 0 37.7247 a b 0.0181383 16 0
0 0 108.298 0 37.7571 a b 0.0125819 16 0
0 0 108.298 0 37.791 a b 0.0111879 16 0
0 0 108.297 0 37.8239 a b 0.0142184 16 0
0 0 108.291 0 37.8558 a b 0.0127516 16 0
0 0 108.287 0 37.8903 a b 0.0077963 16 0
0 0 108.291 0 37.924 a b 0.00786771 16 0
0 0 108.292 0 37.9562 a b 0.00946809 16 0
0 0 108.288 0 37.986 a b 0.00563394 16 0
0 0 108.291 0 38.0167 a b 0.00353513 16 0
0 0 108.289 0 38.0401 a b 0.00688981 16 0
0 0 108.285 0 38.0665 a b 0.00682584 16 0
0 0 108.284 0 38.0904 a b 0.00436027 16 0
0 0 108.286 0 38.1156 a b 0.0038839 16 0
0 0 108.284 0 38.1419 a b 0.00512542 16 0
0 0 108.28 0 38.1704 a b 0.00424137 16 0
0 0 108.279 0 38.2005 a b 0.00540218 16 0
0 0 108.279 0 38.2312 a b 0.0105362 16 0
0 0 108.276 0 38.2577 a b 0.0135144 16 0
0 0 108.276 0 38.2897 a b 0.0146161 16 0
0 0 108.277 0 38.3227 a b 0.0210536 16 0
0 0 108.276 0 38.3497 a b 0.0277798 16 0
0 0 108.273 0 38.3759 a b 0.0272678 16 0
0 0 108.275 0 38.4087 a b 0.0222806 16 0
0 0 108.279 0 38.443 a b 0.0285581 16 0
0 0 108.274 0 38.4719 a b 0.0392667 16 0
0 0 108.274 0 38.4978 a b 0.041251 16 0
0 0 108.277 0 38.5258 a b 0.0401959 16 0
0 0 108.283 0 38.5528 a b 0.0470953 16 0
0 0 108.284 0 38.5789 a b 0.0554557 16 0
0 0 108.282 0 38.6067 a b 0.0623389 16 0
0 0 108.282 0 38.6346 a b 0.0621164 16 0
0 0 108.283 0 38.6681 a b 0.0581207 16 0
0 0 108.283 0 38.7064 a b 0.0621586 16 0
0 0 108.285 0 38.7412 a b 0.0698769 16 0
0 0 108.283 0 38.773 a b 0.072953 16 0
0 0 108.286 0 38.8012 a b 0.0747002 16 0
0 0 108.286 0 38.829 a b 0.0742429 16 0
0 0 108.288 0 38.8529 a b 0.0706844 16 0
0 0 108.291 0 38.8816 a b 0.066043 16 0
0 0 108.295 0 38.9194 a b 0.072264 16 0
0 0 108.294 0 38.9427 a b 0.0844972 16 0
0 0 108.292 0 38.9589 a b 0.0859998 16 0
0 0 108.29 0 38.9813 a b 0.0748846 16 0
0 0 108.289 0 39.0188 a b 0.0682168 16 0
0 0 108.292 0 39.0612 a b 0.0755071 16 0
0 0 108.293 0 39.0895 a b 0.0849573 16 0
0 0 108.293 0 39.1142 a b 0.0827695 16 0
0 0 108.295 0 39.1442 a b 0.0804501 16 0
0 0 108.297 0 39.1778 a b 0.08147 16 0
0 0 108.3 0 39.2077 a b 0.0849419 16 0
0 0 108.302 0 39.2335 a b 0.0852402 16 0
0 0 108.303 0 39.2626 a b 0.0843551 16 0
0 0 108.305 0 39.2931 a b 0.087046 16 0
0 0 108.305 0 39.3216 a b 0.0867295 16 0
0 0 108.307 0 39.3473 a b 0.0839841 16 0
0 0 108.309 0 39.3731 a b 0.0878436 16 0
0 0 108.311 0 39.3952 a b 0.08781 16 0
0 0 108.309 0 39.4169 a b 0.0871107 16 0
0 0 108.307 0 39.4438 a b 0.0909274 16 0
0 0 108.311 0 39.4648 a b 0.0948372 16 0
0 0 108.317 0 39.486 a b 0.0920934 16 0
0 0 108.312 0 39.5105 a b 0.092042 16 0
0 0 108.318 0 39.5412 a b 0.095358 16 0
0 0 108.319 0 39.5717 a b 0.0934266 16 0
0 0 108.318 0 39.6068 a b 0.096522 16 0
0 0 108.327 0 39.6434 a b 0.100226 16 0
0 0 108.333 0 39.676 a b 0.095164 16 0
0 0 108.327 0 39.7109 a b 0.0967117 16 0
0 0 108.322 0 39.743 a b 0.106397 16 0
0 0 108.326 0 39.7717 a b 0.11916 16 0
0 0 108.339 0 39.8012 a b 0.118436 16 0
0 0 108.342 0 39.8246 a b 0.107142 16 0
0 0 108.333 0 39.8518 a b 0.106 16 0
0 0 108.336 0 39.8772 a b 0.109134 16 0
0 0 108.344 0 39.9034 a b 0.107 16 0
0 0 108.343 0 39.9246 a b 0.106852 16 0
0 0 108.344 0 39.9475 a b 0.112526 16 0
0 0 108.342 0 39.971 a b 0.117673 16 0
0 0 108.343 0 39.9999 a b 0.121407 16 0
0 0 108.353 0 40.0311 a b 0.115305 16 0
0 0 108.352 0 40.0583 a b 0.111437 16 0
0 0 108.352 0 40.0869 a b 0.118339 16 0
0 0 108.355 0 40.1263 a b 0.127743 16 0
0 0 108.367 0 40.166 a b 0.121695 16 0
0 0 108.367 0 40.1977 a b 0.113178 16 0
0 0 108.363 0 40.2288 a b 0.118762 16 0
0 0 108.368 0 40.2665 a b 0.122949 16 0
0 0 108.374 0 40.2997 a b 0.120527 16 0
0 0 108.375 0 40.3308 a b 0.120369 16 0
0 0 108.373 0 40.3555 a b 0.126742 16 0
0 0 108.375 0 40.3956 a b 0.126515 16 0
0 0 108.378 0 40.4295 a b 0.118359 16 0
0 0 108.383 0 40.4534 a b 0.11265 16 0
0 0 108.384 0 40.4776 a b 0.110349 16 0
0 0 108.382 0 40.5074 a b 0.104652 16 0
0 0 108.382 0 40.5306 a b 0.0934897 16 0
0 0 108.377 0 40.5479 a b 0.0895544 16 0
0 0 108.375 0 40.5701 a b 0.0895134 16 0
0 0 108.376 0 40.5994 a b 0.0843654 16 0
0 0 108.383 0 40.6323 a b 0.0697761 16 0
0 0 108.389 0 40.6489 a b 0.0586507 16 0
0 0 108.391 0 40.6698 a b 0.0601431 16 0
0 0 108.39 0 40.7019 a b 0.0620398 16 0
0 0 108.391 0 40.7465 a b 0.0528697 16 0
0 0 108.394 0 40.7758 a b 0.0395476 16 0
0 0 108.392 0 40.7995 a b 0.0388203 16 0
0 0 108.389 0 40.8364 a b 0.0400399 16 0
0 0 108.39 0 40.8767 a b 0.0328384 16 0
0 0 108.393 0 40.907 a b 0.0274258 16 0
0 0 108.394 0 40.934 a b 0.0271341 16 0
0 0 108.392 0 40.9668 a b 0.0246815 16 0
0 0 108.391 0 40.9954 a b 0.0223349 16 0
0 0 108.389 0 41.0224 a b 0.0173032 16 0
0 0 108.391 0 41.0478 a b 0.0118935 16 0
0 0 108.389 0 41.0719 a b 0.00871064 16 0
0 0 108.39 0 41.0984 a b 0.00359216 16 0
0 0 108.394 0 41.1212 a b 0.00385553 16 0
0 0 108.392 0 41.1455 a b 0.0046258 16 0
0 0 108.389 0 41.1733 a b 0.000263612 16 0
0 0 108.387 0 41.202 a b -0.00634419 16 0
0 0 108.389 0 41.2279 a b -0.0105389 16 0
0 0 108.39 0 41.2564 a b -0.0103265 16 0
0 0 108.387 0 41.2896 a b -0.0134224 16 0
0 0 108.389 0 41.322 a b -0.014243 16 0
0 0 108.386 0 41.352 a b -0.014171 16 0
0 0 108.385 0 41.3822 a b -0.0174907 16 0
0 0 108.383 0 41.4136 a b -0.0227566 16 0
0 0 108.384 0 41.4429 a b -0.0239335 16 0
0 0 108.382 0 41.4712 a b -0.0247717 16 0
0 0 108.379 0 41.4973 a b -0.028153 16 0
0 0 108.38 0 41.5264 a b -0.0336211 16 0
0 0 108.385 0 41.5509 a b -0.0299167 16 0
0 0 108.376 0 41.5787 a b -0.0306382 16 0
0 0 108.374 0 41.6031 a b -0.0366524 16 0
0 0 108.378 0 41.6293 a b -0.0395431 16 0
0 0 108.378 0 41.6538 a b -0.0370623 16 0
0 0 108.37 0 41.6764 a b -0.0376754 16 0
0 0 108.368 0 41.7038 a b -0.0422144 16 0
0 0 108.37 0 41.7341 a b -0.0411459 16 0
0 0 108.373 0 41.7663 a b -0.0357991 16 0
0 0 108.37 0 41.7976 a b -0.0279188 16 0
0 0 108.367 0 41.8284 a b -0.0269118 16 0
0 0 108.365 0 41.8619 a b -0.0279002 16 0
0 0 108.365 0 41.9038 a b -0.0259903 16 0
0 0 108.358 0 41.9371 a b -0.0168566 16 0
0 0 108.356 0 41.9661 a b -0.0144531 16 0
0 0 108.358 0 41.9997 a b -0.0150144 16 0
0 0 108.358 0 42.0391 a b -0.00945532 16 0
0 0 108.36 0 42.0673 a b -0.0022645 16 0
0 0 108.361 0 42.0888 a b 0.00081655 16 0
0 0 108.357 0 42.1158 a b -0.000202129 16 0
0 0 108.358 0 42.1496 a b 0.00332239 16 0
0 0 108.357 0 42.1757 a b 0.0105535 16 0
0 0 108.355 0 42.1921 a b 0.0186482 16 0
0 0 108.354 0 42.2128 a b 0.0200938 16 0
0 0 108.356 0 42.2338 a b 0.0238052 16 0
0 0 108.356 0 42.2526 a b 0.0261325 16 0
0 0 108.353 0 42.2729 a b 0.0255744 16 0
0 0 108.354 0 42.3029 a b 0.0270678 16 0
0 0 108.355 0 42.3315 a b 0.0321872 16 0
0 0 108.355 0 42.355 a b 0.0381863 16 0
0 0 108.351 0 42.3839 a b 0.0366003 16 0
0 0 108.348 0 42.4198 a b 0.0357779 16 0
0 0 108.349 0 42.4607 a b 0.0406024 16 0
0 0 108.353 0 42.4936 a b 0.0440508 16 0
0 0 108.352 0 42.5279 a b 0.0451013 16 0
0 0 108.353 0 42.5645 a b 0.0459465 16 0
0 0 108.356 0 42.5964 a b 0.0486442 16 0
0 0 108.357 0 42.6257 a b 0.0504908 16 0
0 0 108.354 0 42.6559 a b 0.0521832 16 0
0 0 108.354 0 42.6858 a b 0.0555305 16 0
0 0 108.357 0 42.7113 a b 0.0570792 16 0
0 0 108.356 0 42.7408 a b 0.0591895 16 0
0 0 108.36 0 42.766 a b 0.0580958 16 0
0 0 108.362 0 42.7903 a b 0.0546988 16 0
0 0 108.359 0 42.8169 a b 0.0548649 16 0
0 0 108.36 0 42.8435 a b 0.0555976 16 0
0 0 108.361 0 42.8721 a b 0.056133 16 0
0 0 108.36 0 42.8998 a b 0.0569226 16 0
0 0 108.361 0 42.9307 a b 0.0580709 16 0
0 0 108.362 0 42.9622 a b 0.0590021 16 0
0 0 108.362 0 42.9899 a b 0.0589789 16 0
0 0 108.364 0 43.0197 a b 0.0599715 16 0
0 0 108.366 0 43.0493 a b 0.059444 16 0
0 0 108.365 0 43.0799 a b 0.0579349 16 0
0 0 108.365 0 43.1068 a b 0.0587616 16 0
0 0 108.367 0 43.1345 a b 0.0601248 16 0
0 0 108.364 0 43.1638 a b 0.0624392 16 0
0 0 108.367 0 43.1937 a b 0.0623831 16 0
0 0 108.365 0 43.2226 a b 0.0617973 16 0
0 0 108.368 0 43.2511 a b 0.0632927 16 0
0 0 108.374 0 43.2793 a b 0.0618018 16 0
0 0 108.374 0 43.3066 a b 0.0582723 16 0
0 0 108.372 0 43.3348 a b 0.060565 16 0
0 0 108.374 0 43.3625 a b 0.0657009 16 0
0 0 108.374 0 43.395 a b 0.0669373 16 0
0 0 108.376 0 43.4276 a b 0.0625198 16 0
0 0 108.376 0 43.4553 a b 0.0617886 16 0
0 0 108.376 0 43.4828 a b 0.0664842 16 0
0 0 108.376 0 43.5143 a b 0.0702543 16 0
0 0 108.383 0 43.5497 a b 0.0651636 16 0
0 0 108.386 0 43.5751 a b 0.0605241 16 0
0 0 108.388 0 43.5988 a b 0.0653481 16 0
0 0 108.384 0 43.6271 a b 0.0709996 16 0
0 0 108.385 0 43.6588 a b 0.0718296 16 0
0 0 108.389 0 43.6876 a b 0.067194 16 0
0 0 108.388 0 43.7109 a b 0.0652743 16 0
0 0 108.387 0 43.7383 a b 0.0665436 16 0
0 0 108.393 0 43.7684 a b 0.0626454 16 0
0 0 108.397 0 43.7899 a b 0.0628062 16 0
0 0 108.402 0 43.8153 a b 0.0693589 16 0
0 0 108.401 0 43.843 a b 0.0756293 16 0
0 0 108.399 0 43.8731 a b 0.0768112 16 0
0 0 108.399 0 43.9061 a b 0.0668939 16 0
0 0 108.402 0 43.9274 a b 0.0594394 16 0
0 0 108.403 0 43.9449 a b 0.0663918 16 0
0 0 108.402 0 43.9697 a b 0.0757483 16 0
0 0 108.403 0 44.0064 a b 0.0737061 16 0
0 0 108.407 0 44.0391 a b 0.062703 16 0
0 0 108.41 0 44.0619 a b 0.0600814 16 0
0 0 108.41 0 44.0915 a b 0.0683359 16 0
0 0 108.412 0 44.129 a b 0.0725506 16 0
0 0 108.413 0 44.1636 a b 0.0723539 16 0
0 0 108.414 0 44.1936 a b 0.0690242 16 0
0 0 108.413 0 44.2233 a b 0.0652127 16 0
0 0 108.416 0 44.2553 a b 0.059086 16 0
0 0 108.42 0 44.2836 a b 0.058928 16 0
0 0 108.424 0 44.3138 a b 0.063086 16 0
0 0 108.425 0 44.3503 a b 0.0672403 16 0
0 0 108.424 0 44.3803 a b 0.0649274 16 0
0 0 108.426 0 44.408 a b 0.0584993 16 0
0 0 108.43 0 44.4342 a b 0.0539667 16 0
0 0 108.434 0 44.4569 a b 0.0588738 16 0
0 0 108.432 0 44.4837 a b 0.0635496 16 0
0 0 108.433 0 44.5097 a b 0.064395 16 0
0 0 108.434 0 44.5379 a b 0.0610179 16 0
0 0 108.434 0 44.5663 a b 0.0581723 16 0
0 0 108.432 0 44.5965 a b 0.0560225 16 0
0 0 108.432 0 44.6265 a b 0.0569964 16 0
0 0 108.43 0 44.662 a b 0.0597344 16 0
0 0 108.427 0 44.6948 a b 0.0589458 16 0
0 0 108.433 0 44.7338 a b 0.0520636 16 0
0 0 108.439 0 44.7698 a b 0.0492793 16 0
0 0 108.443 0 44.8019 a b 0.0510109 16 0
0 0 108.449 0 44.8363 a b 0.0583175 16 0
0 0 108.443 0 44.8625 a b 0.0664983 16 0
0 0 108.436 0 44.8791 a b 0.0632055 16 0
0 0 108.434 0 44.8957 a b 0.0479463 16 0
0 0 108.444 0 44.9124 a b 0.0429812 16 0
0 0 108.451 0 44.9229 a b 0.0524472 16 0
0 0 108.442 0 44.9388 a b 0.0477488 16 0
0 0 108.444 0 44.9676 a b 0.0428577 16 0
0 0 108.443 0 44.9979 a b 0.044136 16 0
0 0 108.44 0 45.0324 a b 0.0401667 16 0
0 0 108.439 0 45.0753 a b 0.0308661 16 0
0 0 108.439 0 45.1245 a b 0.0211134 16 0
0 0 108.436 0 45.1746 a b 0.0149993 16 0
0 0 108.437 0 45.2234 a b 0.00384447 16 0
0 0 108.442 0 45.271 a b -0.00539883 16 0
0 0 108.441 0 45.3205 a b -0.00910774 16 0
0 0 108.435 0 45.3562 a b -0.0154922 16 0
0 0 108.43 0 45.3839 a b -0.0207587 16 0
0 0 108.425 0 45.406 a b -0.0284533 16 0
0 0 108.428 0 45.4252 a b -0.0317827 16 0
0 0 108.432 0 45.435 a b -0.0305823 16 0
0 0 108.436 0 45.4528 a b -0.0287314 16 0
0 0 108.43 0 45.479 a b -0.0384116 16 0
0 0 108.427 0 45.5117 a b -0.0454406 16 0
0 0 108.426 0 45.5523 a b -0.046677 16 0
0 0 108.425 0 45.5901 a b -0.0475174 16 0
0 0 108.422 0 45.6275 a b -0.0486517 16 0
0 0 108.418 0 45.6712 a b -0.0506042 16 0
0 0 108.414 0 45.7161 a b -0.0559541 16 0
0 0 108.411 0 45.7594 a b -0.0629821 16 0
0 0 108.41 0 45.8071 a b -0.0663627 16 0
0 0 108.408 0 45.8487 a b -0.0710109 16 0
0 0 108.406 0 45.8897 a b -0.0787167 16 0
0 0 108.404 0 45.9301 a b -0.0823226 16 0
0 0 108.4 0 45.9717 a b -0.081931 16 0
0 0 108.395 0 46.0101 a b -0.0803779 16 0
0 0 108.388 0 46.0467 a b -0.0764451 16 0
0 0 108.384 0 46.0791 a b -0.0677668 16 0
0 0 108.384 0 46.1105 a b -0.0554765 16 0
0 0 108.386 0 46.1298 a b -0.0533315 16 0
0 0 108.386 0 46.1412 a b -0.0528994 16 0
0 0 108.384 0 46.1609 a b -0.0411548 16 0
0 0 108.385 0 46.1715 a b -0.0352333 16 0
0 0 108.387 0 46.1818 a b -0.0341324 16 0
0 0 108.386 0 46.1956 a b -0.0350884 16 0
0 0 108.384 0 46.2101 a b -0.0357444 16 0
0 0 108.379 0 46.2297 a b -0.0350344 16 0
0 0 108.375 0 46.2585 a b -0.0235552 16 0
0 0 108.378 0 46.2936 a b -0.0105484 16 0
0 0 108.381 0 46.3294 a b -0.000831844 16 0
0 0 108.381 0 46.3692 a b 0.0126118 16 0
0 0 108.382 0 46.4076 a b 0.0275124 16 0
0 0 108.384 0 46.4473 a b 0.0368117 16 0
0 0 108.388 0 46.4851 a b 0.0388871 16 0
0 0 108.388 0 46.5264 a b 0.0420164 16 0
0 0 108.389 0 46.5732 a b 0.0437525 16 0
0 0 108.391 0 46.6128 a b 0.041929 16 0
0 0 108.393 0 46.6447 a b 0.0489618 16 0
0 0 108.394 0 46.673 a b 0.0557172 16 0
0 0 108.392 0 46.7003 a b 0.0601822 16 0
0 0 108.391 0 46.7278 a b 0.0605826 16 0
0 0 108.39 0 46.7478 a b 0.0589769 16 0
0 0 108.391 0 46.7661 a b 0.0573902 16 0
0 0 108.391 0 46.7794 a b 0.057394 16 0
0 0 108.392 0 46.7943 a b 0.0578032 16 0
0 0 108.393 0 46.812 a b 0.0585011 16 0
0 0 108.395 0 46.829 a b 0.0576182 16 0
0 0 108.398 0 46.8468 a b 0.0603075 16 0
0 0 108.397 0 46.8669 a b 0.0633659 16 0
0 0 108.396 0 46.8946 a b 0.059105 16 0
0 0 108.396 0 46.9204 a b 0.0524521 16 0
0 0 108.4 0 46.9446 a b 0.0521359 16 0
0 0 108.399 0 46.9717 a b 0.0634395 16 0
0 0 108.4 0 47.0096 a b 0.0721853 16 0
0 0 108.4 0 47.0524 a b 0.067816 16 0
0 0 108.4 0 47.0879 a b 0.0602416 16 0
0 0 108.403 0 47.1193 a b 0.0570133 16 0
0 0 108.404 0 47.1498 a b 0.061209 16 0
0 0 108.403 0 47.1781 a b 0.0693633 16 0
0 0 108.404 0 47.2127 a b 0.077382 16 0
0 0 108.405 0 47.2484 a b 0.0776226 16 0
0 0 108.403 0 47.2862 a b 0.0676636 16 0
0 0 108.407 0 47.3122 a b 0.0566508 16 0
0 0 108.407 0 47.3324 a b 0.0576489 16 0
0 0 108.405 0 47.3602 a b 0.0655462 16 0
0 0 108.406 0 47.3973 a b 0.0650571 16 0
0 0 108.409 0 47.4261 a b 0.0589313 16 0
0 0 108.416 0 47.4518 a b 0.0577899 16 0
0 0 108.419 0 47.474 a b 0.0618256 16 0
0 0 108.415 0 47.5025 a b 0.0741035 16 0
0 0 108.412 0 47.5347 a b 0.0778301 16 0
0 0 108.41 0 47.5616 a b 0.0694595 16 0
0 0 108.411 0 47.5862 a b 0.0559092 16 0
0 0 108.415 0 47.6066 a b 0.0529026 16 0
0 0 108.417 0 47.6318 a b 0.0575639 16 0
0 0 108.422 0 47.6567 a b 0.0638368 16 0
0 0 108.421 0 47.6886 a b 0.0668817 16 0
0 0 108.421 0 47.7215 a b 0.0669723 16 0
0 0 108.418 0 47.7541 a b 0.066248 16 0
0 0 108.417 0 47.7902 a b 0.0634395 16 0
0 0 108.418 0 47.8269 a b 0.0603797 16 0
0 0 108.419 0 47.8603 a b 0.0597722 16 0
0 0 108.42 0 47.8935 a b 0.061295 16 0
0 0 108.423 0 47.9259 a b 0.0637713 16 0
0 0 108.424 0 47.9557 a b 0.0673645 16 0
0 0 108.423 0 47.9824 a b 0.0694046 16 0
0 0 108.422 0 48.0051 a b 0.066727 16 0
0 0 108.423 0 48.0317 a b 0.0632276 16 0
0 0 108.423 0 48.0566 a b 0.0608614 16 0
0 0 108.424 0 48.0803 a b 0.0599707 16 0
0 0 108.427 0 48.1065 a b 0.058512 16 0
0 0 108.429 0 48.1337 a b 0.0628382 16 0
0 0 108.429 0 48.1581 a b 0.066537 16 0
0 0 108.429 0 48.1877 a b 0.0660346 16 0
0 0 108.427 0 48.2201 a b 0.0618775 16 0
0 0 108.428 0 48.2567 a b 0.0587741 16 0
0 0 108.421 0 48.2894 a b 0.0601645 16 0
0 0 108.423 0 48.3171 a b 0.062671 16 0
0 0 108.423 0 48.3512 a b 0.0598097 16 0
0 0 108.425 0 48.386 a b 0.0621311 16 0
0 0 108.427 0 48.4127 a b 0.0628526 16 0
0 0 108.427 0 48.4356 a b 0.0598605 16 0
0 0 108.426 0 48.4648 a b 0.0560397 16 0
0 0 108.425 0 48.4938 a b 0.0562096 16 0
0 0 108.422 0 48.5211 a b 0.0561916 16 0
0 0 108.423 0 48.5468 a b 0.057453 16 0
0 0 108.425 0 48.5698 a b 0.0547605 16 0
0 0 108.423 0 48.5951 a b 0.0468359 16 0
0 0 108.424 0 48.6257 a b 0.0453245 16 0
0 0 108.422 0 48.6569 a b 0.0487337 16 0
0 0 108.422 0 48.6817 a b 0.0515193 16 0
0 0 108.421 0 48.7041 a b 0.0491077 16 0
0 0 108.422 0 48.7319 a b 0.0465498 16 0
0 0 108.422 0 48.7604 a b 0.0439353 16 0
0 0 108.422 0 48.7936 a b 0.0401471 16 0
0 0 108.424 0 48.831 a b 0.0401205 16 0
0 0 108.425 0 48.8657 a b 0.0438962 16 0
0 0 108.422 0 48.894 a b 0.0441481 16 0
0 0 108.421 0 48.9236 a b 0.0391763 16 0
0 0 108.419 0 48.9603 a b 0.0378987 16 0
0 0 108.415 0 48.9929 a b 0.0391896 16 0
0 0 108.415 0 49.0237 a b 0.0375797 16 0
0 0 108.415 0 49.0573 a b 0.0342645 16 0
0 0 108.417 0 49.0889 a b 0.0347472 16 0
0 0 108.415 0 49.1191 a b 0.0374742 16 0
0 0 108.414 0 49.1496 a b 0.0430948 16 0
0 0 108.413 0 49.1788 a b 0.0452245 16 0
0 0 108.414 0 49.2048 a b 0.0410184 16 0
0 0 108.415 0 49.2289 a b 0.0348868 16 0
0 0 108.412 0 49.2587 a b 0.0300808 16 0
0 0 108.409 0 49.2887 a b 0.0277153 16 0
0 0 108.41 0 49.3163 a b 0.0335167 16 0
0 0 108.41 0 49.3437 a b 0.041321 16 0
0 0 108.411 0 49.377 a b 0.0421165 16 0
0 0 108.413 0 49.4112 a b 0.034019 16 0
0 0 108.411 0 49.4439 a b 0.0290813 16 0
0 0 108.412 0 49.4675 a b 0.0298809 16 0
0 0 108.41 0 49.4922 a b 0.0321513 16 0
0 0 108.408 0 49.5171 a b 0.0335378 16 0
0 0 108.406 0 49.5487 a b 0.0337364 16 0
0 0 108.405 0 49.5784 a b 0.0319953 16 0
0 0 108.405 0 49.6043 a b 0.0305316 16 0
0 0 108.402 0 49.6318 a b 0.0320663 16 0
0 0 108.404 0 49.6558 a b 0.0338751 16 0
0 0 108.406 0 49.683 a b 0.0325685 16 0
0 0 108.406 0 49.7139 a b 0.0298606 16 0
0 0 108.402 0 49.7444 a b 0.0316425 16 0
0 0 108.404 0 49.7751 a b 0.0333069 16 0
0 0 108.407 0 49.8095 a b 0.03181 16 0
0 0 108.403 0 49.8384 a b 0.0323158 16 0
0 0 108.401 0 49.8736 a b 0.0332901 16 0
0 0 108.398 0 49.9071 a b 0.030098 16 0
0 0 108.4 0 49.9367 a b 0.0299609 16 0
0 0 108.403 0 49.9711 a b 0.0259128 16 0
0 0 108.405 0 50.0042 a b 0.0231528 16 0
0 0 108.409 0 50.0304 a b 0.0225935 16 0
0 0 108.412 0 50.0593 a b 0.0218115 16 0
0 0 108.406 0 50.0872 a b 0.0193272 16 0
0 0 108.405 0 50.1148 a b 0.0203909 16 0
0 0 108.406 0 50.1436 a b 0.0257393 16 0
0 0 108.403 0 50.1711 a b 0.0240001 16 0
0 0 108.404 0 50.1967 a b 0.0154699 16 0
0 0 108.406 0 50.2177 a b 0.0166205 16 0
0 0 108.405 0 50.2416 a b 0.021861 16 0
0 0 108.405 0 50.2713 a b 0.0236197 16 0
0 0 108.403 0 50.2978 a b 0.0211889 16 0
0 0 108.402 0 50.324 a b 0.0214765 16 0
0 0 108.398 0 50.3607 a b 0.0164386 16 0
0 0 108.393 0 50.3905 a b 0.00837381 16 0
0 0 108.392 0 50.4172 a b 0.00959997 16 0
0 0 108.392 0 50.447 a b 0.0111482 16 0
0 0 108.394 0 50.4751 a b 0.00980803 16 0
0 0 108.395 0 50.5067 a b 0.00871945 16 0
0 0 108.393 0 50.5408 a b 0.00512399 16 0
0 0 108.394 0 50.5721 a b 0.00588242 16 0
0 0 108.393 0 50.602 a b 0.012309 16 0
0 0 108.392 0 50.6302 a b 0.0167742 16 0
0 0 108.388 0 50.6595 a b 0.0151608 16 0
0 0 108.386 0 50.6825 a b 0.00620019 16 0
0 0 108.386 0 50.7025 a b 0.000769967 16 0
0 0 108.384 0 50.723 a b 0.00684911 16 0
0 0 108.384 0 50.7488 a b 0.0106998 16 0
0 0 108.385 0 50.7748 a b 0.00611853 16 0
0 0 108.385 0 50.8052 a b 0.0105843 16 0
0 0 108.384 0 50.8352 a b 0.0109899 16 0
0 0 108.381 0 50.8638 a b 0.0109244 16 0
0 0 108.375 0 50.8895 a b 0.0137569 16 0
0 0 108.369 0 50.9197 a b 0.0124394 16 0
0 0 108.366 0 50.9492 a b 0.0118335 16 0
0 0 108.365 0 50.9764 a b 0.0112598 16 0
0 0 108.365 0 51.0084 a b 0.0133208 16 0
0 0 108.361 0 51.0433 a b 0.0102341 16 0
0 0 108.362 0 51.0733 a b 0.0112298 16 0
0 0 108.362 0 51.1034 a b 0.0115167 16 0
0 0 108.365 0 51.1349 a b 0.00818109 16 0
0 0 108.366 0 51.1576 a b 0.0121889 16 0
0 0 108.362 0 51.1803 a b 0.0206821 16 0
0 0 108.357 0 51.2126 a b 0.0256317 16 0
0 0 108.357 0 51.2394 a b 0.0256699 16 0
0 0 108.356 0 51.27 a b 0.0204445 16 0
0 0 108.357 0 51.2907 a b 0.0201102 16 0
0 0 108.358 0 51.3135 a b 0.028993 16 0
0 0 108.359 0 51.3469 a b 0.0310141 16 0
0 0 108.361 0 51.3738 a b 0.0329288 16 0
0 0 108.36 0 51.4 a b 0.0407621 16 0
0 0 108.36 0 51.4284 a b 0.0441306 16 0
0 0 108.359 0 51.4586 a b 0.0490636 16 0
0 0 108.361 0 51.4897 a b 0.05963 16 0
0 0 108.363 0 51.5144 a b 0.0706453 16 0
0 0 108.369 0 51.5386 a b 0.0822926 16 0
0 0 108.369 0 51.5609 a b 0.0927143 16 0
0 0 108.372 0 51.5841 a b 0.100337 16 0
0 0 108.377 0 51.609 a b 0.107306 16 0
0 0 108.379 0 51.6317 a b 0.111045 16 0
0 0 108.381 0 51.6603 a b 0.116255 16 0
0 0 108.381 0 51.6881 a b 0.119195 16 0
0 0 108.386 0 51.7195 a b 0.119065 16 0
0 0 108.39 0 51.7553 a b 0.121973 16 0
0 0 108.391 0 51.7908 a b 0.129381 16 0
0 0 108.396 0 51.8101 a b 0.13387 16 0
0 0 108.403 0 51.8319 a b 0.126219 16 0
0 0 108.409 0 51.8799 a b 0.116357 16 0
0 0 108.411 0 51.9176 a b 0.115611 16 0
0 0 108.406 0 51.9366 a b 0.115942 16 0
0 0 108.403 0 51.9561 a b 0.106006 16 0
0 0 108.403 0 51.9899 a b 0.0929644 16 0
0 0 108.404 0 52.0255 a b 0.0891818 16 0
0 0 108.411 0 52.05 a b 0.088793 16 0
0 0 108.412 0 52.0774 a b 0.0844989 16 0
0 0 108.413 0 52.1069 a b 0.0806107 16 0
0 0 108.413 0 52.1339 a b 0.0805707 16 0
0 0 108.413 0 52.1542 a b 0.0801734 16 0
0 0 108.414 0 52.1742 a b 0.0732506 16 0
0 0 108.416 0 52.2077 a b 0.066577 16 0
0 0 108.419 0 52.2477 a b 0.0688012 16 0
0 0 108.424 0 52.2797 a b 0.0730939 16 0
0 0 108.425 0 52.3084 a b 0.0744278 16 0
0 0 108.421 0 52.3325 a b 0.0690087 16 0
0 0 108.413 0 52.3629 a b 0.0612985 16 0
0 0 108.415 0 52.3932 a b 0.0547307 16 0
0 0 108.412 0 52.4284 a b 0.0570157 16 0
0 0 108.412 0 52.4568 a b 0.0645945 16 0
0 0 108.418 0 52.4801 a b 0.0626247 16 0
0 0 108.418 0 52.5092 a b 0.0521092 16 0
0 0 108.411 0 52.5412 a b 0.0482201 16 0
0 0 108.406 0 52.5702 a b 0.0525514 16 0
0 0 108.411 0 52.6025 a b 0.0533542 16 0
0 0 108.417 0 52.63 a b 0.0503068 16 0
0 0 108.415 0 52.6532 a b 0.0484623 16 0
0 0 108.415 0 52.6868 a b 0.0504285 16 0
0 0 108.418 0 52.7177 a b 0.0500701 16 0
0 0 108.417 0 52.7413 a b 0.0449462 16 0
0 0 108.414 0 52.7691 a b 0.0429379 16 0
0 0 108.415 0 52.802 a b 0.0412281 16 0
0 0 108.417 0 52.8255 a b 0.036086 16 0
0 0 108.418 0 52.8556 a b 0.0333551 16 0
0 0 108.423 0 52.8966 a b 0.0348931 16 0
0 0 108.426 0 52.9315 a b 0.0389282 16 0
0 0 108.427 0 52.9605 a b 0.0352171 16 0
0 0 108.429 0 52.9854 a b 0.0319859 16 0
0 0 108.432 0 53.0105 a b 0.0323352 16 0
0 0 108.431 0 53.0387 a b 0.0323216 16 0
0 0 108.427 0 53.0676 a b 0.0287109 16 0
0 0 108.424 0 53.0903 a b 0.0296838 16 0
0 0 108.42 0 53.1158 a b 0.0339503 16 0
0 0 108.418 0 53.1445 a b 0.0305318 16 0
0 0 108.419 0 53.1686 a b 0.0254265 16 0
0 0 108.422 0 53.1928 a b 0.027624 16 0
0 0 108.425 0 53.2245 a b 0.0300528 16 0
0 0 108.429 0 53.2516 a b 0.0265607 16 0
0 0 108.429 0 53.2822 a b 0.0222344 16 0
0 0 108.423 0 53.3103 a b 0.020723 16 0
0 0 108.419 0 53.344 a b 0.0247595 16 0
0 0 108.417 0 53.3805 a b 0.0241656 16 0
0 0 108.415 0 53.4195 a b 0.0187696 16 0
0 0 108.417 0 53.4503 a b 0.0166831 16 0
0 0 108.417 0 53.4834 a b 0.0184535 16 0
0 0 108.421 0 53.5145 a b 0.021721 16 0
0 0 108.421 0 53.5465 a b 0.0208749 16 0
0 0 108.424 0 53.5765 a b 0.011234 16 0
0 0 108.419 0 53.5986 a b 0.00307497 16 0
0 0 108.419 0 53.6172 a b 0.0138691 16 0
0 0 108.416 0 53.6467 a b 0.0254383 16 0
0 0 108.417 0 53.679 a b 0.0246366 16 0
0 0 108.412 0 53.7061 a b 0.0204972 16 0
0 0 108.411 0 53.7439 a b 0.0200832 16 0
0 0 108.403 0 53.7737 a b 0.0200471 16 0
0 0 108.402 0 53.804 a b 0.0209147 16 0
0 0 108.409 0 53.8343 a b 0.0214361 16 0
0 0 108.414 0 53.8641 a b 0.0255417 16 0
0 0 108.408 0 53.8996 a b 0.0280578 16 0
0 0 108.4 0 53.9294 a b 0.0239153 16 0
0 0 108.4 0 53.9602 a b 0.0210551 16 0
0 0 108.404 0 53.9832 a b 0.0215 16 0
0 0 108.413 0 54.0087 a b 0.0282672 16 0
0 0 108.413 0 54.0387 a b 0.0329238 16 0
0 0 108.402 0 54.0564 a b 0.0327394 16 0
0 0 108.4 0 54.0788 a b 0.0292127 16 0
0 0 108.41 0 54.1034 a b 0.0284799 16 0
0 0 108.425 0 54.1282 a b 0.03348 16 0
0 0 108.417 0 54.148 a b 0.0438426 16 0
0 0 108.405 0 54.1757 a b 0.0480967 16 0
0 0 108.401 0 54.2018 a b 0.0436512 16 0
0 0 108.402 0 54.232 a b 0.0383227 16 0
0 0 108.413 0 54.2594 a b 0.0417226 16 0
0 0 108.413 0 54.2949 a b 0.0477424 16 0
0 0 108.402 0 54.3256 a b 0.0518297 16 0
0 0 108.407 0 54.3564 a b 0.0551118 16 0
0 0 108.409 0 54.3826 a b 0.0579714 16 0
0 0 108.401 0 54.4079 a b 0.0594366 16 0
0 0 108.397 0 54.4334 a b 0.0581456 16 0
0 0 108.408 0 54.462 a b 0.056783 16 0
0 0 108.417 0 54.4852 a b 0.0609537 16 0
0 0 108.411 0 54.5156 a b 0.0641004 16 0
0 0 108.405 0 54.5443 a b 0.0666707 16 0
0 0 108.405 0 54.575 a b 0.0658496 16 0
0 0 108.408 0 54.6095 a b 0.0665003 16 0
0 0 108.414 0 54.6447 a b 0.0687612 16 0
0 0 108.416 0 54.6755 a b 0.0720099 16 0
0 0 108.412 0 54.7079 a b 0.0727653 16 0
0 0 108.425 0 54.732 a b 0.0727337 16 0
0 0 108.426 0 54.7601 a b 0.0732498 16 0
0 0 108.431 0 54.7878 a b 0.0764616 16 0
0 0 108.425 0 54.813 a b 0.0828984 16 0
0 0 108.415 0 54.8483 a b 0.0868881 16 0
0 0 108.416 0 54.8765 a b 0.0828239 16 0
0 0 108.425 0 54.8995 a b 0.0807023 16 0
0 0 108.43 0 54.9243 a b 0.0815199 16 0
0 0 108.427 0 54.9484 a b 0.0847592 16 0
0 0 108.432 0 54.9763 a b 0.0860166 16 0
0 0 108.444 0 55.0069 a b 0.0849167 16 0
0 0 108.446 0 55.0375 a b 0.0898601 16 0
0 0 108.445 0 55.0642 a b 0.0906289 16 0
0 0 108.449 0 55.0936 a b 0.0882955 16 0
0 0 108.47 0 55.1285 a b 0.0904023 16 0
0 0 108.481 0 55.1653 a b 0.097406 16 0
0 0 108.472 0 55.19 a b 0.0990225 16 0
0 0 108.448 0 55.2111 a b 0.093656 16 0
0 0 108.46 0 55.2391 a b 0.0890977 16 0
0 0 108.474 0 55.29 a b 0.0945119 16 0
0 0 108.475 0 55.316 a b 0.10462 16 0
0 0 108.464 0 55.343 a b 0.103483 16 0
0 0 108.46 0 55.3777 a b 0.103989 16 0
0 0 108.46 0 55.3929 a b 0.102308 16 0
0 0 108.468 0 55.4207 a b 0.0977996 16 0
0 0 108.488 0 55.4541 a b 0.0978888 16 0
0 0 108.487 0 55.4712 a b 0.102537 16 0
0 0 108.486 0 55.493 a b 0.109587 16 0
0 0 108.471 0 55.5173 a b 0.112985 16 0
0 0 108.473 0 55.5431 a b 0.104459 16 0
0 0 108.477 0 55.5732 a b 0.0974779 16 0
0 0 108.482 0 55.6061 a b 0.0969696 16 0
0 0 108.477 0 55.6446 a b 0.100913 16 0
0 0 108.493 0 55.6868 a b 0.0973294 16 0
0 0 108.503 0 55.7296 a b 0.0854656 16 0
0 0 108.5 0 55.7566 a b 0.0734059 16 0
0 0 108.484 0 55.7961 a b 0.0661473 16 0
0 0 108.481 0 55.8241 a b 0.0594931 16 0
0 0 108.483 0 55.8555 a b 0.0560366 16 0
0 0 108.49 0 55.8882 a b 0.0493181 16 0
0 0 108.497 0 55.9198 a b 0.0391724 16 0
0 0 108.487 0 55.9429 a b 0.0336556 16 0
0 0 108.486 0 55.9671 a b 0.0335558 16 0
0 0 108.489 0 55.9948 a b 0.0321794 16 0
0 0 108.49 0 56.017 a b 0.028622 16 0
0 0 108.48 0 56.0294 a b 0.0278916 16 0
0 0 108.477 0 56.0568 a b 0.0281994 16 0
0 0 108.496 0 56.0915 a b 0.0201446 16 0
0 0 108.502 0 56.1267 a b 0.0108195 16 0
0 0 108.483 0 56.145 a b 0.00856059 16 0
0 0 108.48 0 56.1694 a b 0.0109147 16 0
0 0 108.481 0 56.2037 a b 0.0117267 16 0
0 0 108.494 0 56.2333 a b 0.00864915 16 0
0 0 108.503 0 56.2656 a b 0.00161575 16 0
0 0 108.488 0 56.3046 a b -0.00510204 16 0
0 0 108.47 0 56.3374 a b -0.00305346 16 0
0 0 108.477 0 56.3573 a b -0.001778 16 0
0 0 108.489 0 56.3891 a b -0.00653567 16 0
0 0 108.486 0 56.4259 a b -0.0114423 16 0
0 0 108.479 0 56.4484 a b -0.011091 16 0
0 0 108.472 0 56.4646 a b -0.00709166 16 0
0 0 108.472 0 56.4946 a b -7.62733e-05 16 0
0 0 108.475 0 56.518 a b 0.00568195 16 0
0 0 108.478 0 56.5501 a b 0.00606948 16 0
0 0 108.483 0 56.5744 a b 0.00446073 16 0
0 0 108.475 0 56.599 a b 0.00634668 16 0
0 0 108.476 0 56.6238 a b 0.0118721 16 0
0 0 108.477 0 56.6553 a b 0.0122899 16 0
0 0 108.481 0 56.6853 a b 0.017519 16 0
0 0 108.488 0 56.711 a b 0.0211175 16 0
0 0 108.485 0 56.7366 a b 0.0232361 16 0
0 0 108.485 0 56.771 a b 0.0200977 16 0
0 0 108.487 0 56.806 a b 0.0167313 16 0
0 0 108.487 0 56.8365 a b 0.0169895 16 0
0 0 108.49 0 56.8743 a b 0.0211812 16 0
0 0 108.484 0 56.9098 a b 0.0232984 16 0
0 0 108.484 0 56.9422 a b 0.0228234 16 0
0 0 108.486 0 56.9653 a b 0.0230607 16 0
0 0 108.49 0 56.9952 a b 0.0289568 16 0
0 0 108.487 0 57.0207 a b 0.0304103 16 0
0 0 108.485 0 57.0506 a b 0.0283144 16 0
0 0 108.487 0 57.0752 a b 0.0264869 16 0
0 0 108.491 0 57.1046 a b 0.0290675 16 0
0 0 108.494 0 57.1301 a b 0.0326953 16 0
0 0 108.485 0 57.1624 a b 0.0317928 16 0
0 0 108.489 0 57.1926 a b 0.0303485 16 0
0 0 108.487 0 57.2208 a b 0.0334459 16 0
0 0 108.485 0 57.2513 a b 0.0354913 16 0
0 0 108.482 0 57.2814 a b 0.0356486 16 0
0 0 108.49 0 57.3052 a b 0.0336023 16 0
0 0 108.486 0 57.3482 a b 0.035689 16 0
0 0 108.488 0 57.3908 a b 0.0378148 16 0
0 0 108.49 0 57.4169 a b 0.0392091 16 0
0 0 108.486 0 57.434 a b 0.03911 16 0
0 0 108.493 0 57.4577 a b 0.0357418 16 0
0 0 108.5 0 57.4916 a b 0.0356887 16 0
0 0 108.5 0 57.5157 a b 0.0401256 16 0
0 0 108.497 0 57.53 a b 0.039264 16 0
0 0 108.5 0 57.5647 a b 0.0338021 16 0
0 0 108.499 0 57.6126 a b 0.0347451 16 0
0 0 108.513 0 57.6589 a b 0.0391484 16 0
0 0 108.504 0 57.6955 a b 0.0482629 16 0
0 0 108.485 0 57.7197 a b 0.0480944 16 0
0 0 108.477 0 57.7474 a b 0.0427129 16 0
0 0 108.486 0 57.7755 a b 0.0389807 16 0
0 0 108.499 0 57.7854 a b 0.0417084 16 0
0 0 108.509 0 57.8188 a b 0.0510316 16 0
0 0 108.497 0 57.8516 a b 0.0519774 16 0
0 0 108.474 0 57.8772 a b 0.0488705 16 0
0 0 108.46 0 57.9166 a b 0.041062 16 0
0 0 108.474 0 57.9594 a b 0.0356023 16 0
0 0 108.49 0 57.9875 a b 0.0403989 16 0
0 0 108.483 0 58.0072 a b 0.047133 16 0
0 0 108.475 0 58.0292 a b 0.0399421 16 0
0 0 108.471 0 58.0471 a b 0.032512 16 0
0 0 108.49 0 58.0721 a b 0.0321318 16 0
0 0 108.504 0 58.1038 a b 0.0387436 16 0
0 0 108.5 0 58.1403 a b 0.041052 16 0
0 0 108.493 0 58.1758 a b 0.045103 16 0
0 0 108.48 0 58.2193 a b 0.0394363 16 0
0 0 108.477 0 58.2448 a b 0.0323433 16 0
0 0 108.48 0 58.2776 a b 0.0298858 16 0
0 0 108.482 0 58.3115 a b 0.0276128 16 0
0 0 108.501 0 58.3465 a b 0.0317335 16 0
0 0 108.507 0 58.3735 a b 0.0324562 16 0
0 0 108.5 0 58.3921 a b 0.0328341 16 0
0 0 108.489 0 58.4279 a b 0.0303355 16 0
0 0 108.484 0 58.4608 a b 0.0254572 16 0
0 0 108.48 0 58.487 a b 0.0225619 16 0
0 0 108.492 0 58.5169 a b 0.0201801 16 0
0 0 108.493 0 58.5407 a b 0.0190072 16 0
0 0 108.497 0 58.5632 a b 0.0250481 16 0
0 0 108.5 0 58.5791 a b 0.0257281 16 0
0 0 108.492 0 58.6059 a b 0.0245942 16 0
0 0 108.475 0 58.6293 a b 0.0199196 16 0
0 0 108.467 0 58.6519 a b 0.0162112 16 0
0 0 108.477 0 58.6827 a b 0.014749 16 0
0 0 108.496 0 58.715 a b 0.0133076 16 0
0 0 108.503 0 58.7563 a b 0.0160569 16 0
0 0 108.51 0 58.7865 a b 0.0153421 16 0
0 0 108.518 0 58.8079 a b 0.0102932 16 0
0 0 108.509 0 58.8411 a b 0.00376631 16 0
0 0 108.495 0 58.8726 a b 0.00454026 16 0
0 0 108.488 0 58.8998 a b 0.00430621 16 0
0 0 108.487 0 58.9303 a b 0.00729767 16 0
0 0 108.497 0 58.9582 a b 0.00613696 16 0
0 0 108.5 0 58.9918 a b 0.00229685 16 0
0 0 108.503 0 59.0191 a b -0.00395588 16 0
0 0 108.505 0 59.038 a b -0.00481254 16 0
0 0 108.499 0 59.0609 a b -0.00376663 16 0
0 0 108.493 0 59.0824 a b -0.00244908 16 0
0 0 108.488 0 59.1056 a b -0.00323537 16 0
0 0 108.486 0 59.1295 a b -0.00826051 16 0
0 0 108.479 0 59.1582 a b -0.00849337 16 0
0 0 108.487 0 59.1931 a b -0.00411219 16 0
0 0 108.5 0 59.2347 a b -0.00699984 16 0
0 0 108.496 0 59.2751 a b -0.0113999 16 0
0 0 108.488 0 59.3019 a b -0.0142037 16 0
0 0 108.473 0 59.3277 a b -0.00929786 16 0
0 0 108.477 0 59.3655 a b -0.00821799 16 0
0 0 108.477 0 59.4019 a b -0.0147384 16 0
0 0 108.465 0 59.4249 a b -0.0178366 16 0
0 0 108.458 0 59.457 a b -0.0149054 16 0
0 0 108.46 0 59.4856 a b -0.0117659 16 0
0 0 108.46 0 59.5111 a b -0.0199759 16 0
0 0 108.459 0 59.5424 a b -0.0258142 16 0
0 0 108.451 0 59.5672 a b -0.0223874 16 0
0 0 108.454 0 59.5957 a b -0.0139335 16 0
0 0 108.462 0 59.6363 a b -0.0199431 16 0
0 0 108.466 0 59.6648 a b -0.0314507 16 0
0 0 108.463 0 59.6924 a b -0.0390207 16 0
0 0 108.453 0 59.7196 a b -0.0267878 16 0
0 0 108.452 0 59.7535 a b -0.0121253 16 0
0 0 108.445 0 59.781 a b -0.00292956 16 0
0 0 108.443 0 59.8081 a b 0.00404742 16 0
0 0 108.441 0 59.8421 a b 0.0160397 16 0
0 0 108.452 0 59.8688 a b 0.0317122 16 0
0 0 108.463 0 59.8974 a b 0.0394219 16 0
0 0 108.462 0 59.9263 a b 0.0503467 16 0
0 0 108.46 0 59.9488 a b 0.0629801 16 0
0 0 108.463 0 59.9816 a b 0.0745185 16 0
0 0 108.472 0 60.0188 a b 0.0800801 16 0
0 0 108.474 0 60.0433 a b 0.0836575 16 0
0 0 108.474 0 60.0822 a b 0.0882574 16 0
0 0 108.475 0 60.1226 a b 0.0871734 16 0
0 0 108.475 0 60.1522 a b 0.0863421 16 0
0 0 108.475 0 60.1877 a b 0.0851272 16 0
0 0 108.477 0 60.2173 a b 0.0870274 16 0
0 0 108.478 0 60.242 a b 0.0927243 16 0
0 0 108.492 0 60.272 a b 0.0938268 16 0
0 0 108.501 0 60.2913 a b 0.0910483 16 0
0 0 108.503 0 60.3033 a b 0.0920773 16 0
0 0 108.495 0 60.319 a b 0.0967478 16 0
0 0 108.499 0 60.3447 a b 0.0992587 16 0
0 0 108.499 0 60.3809 a b 0.093427 16 0
0 0 108.497 0 60.4152 a b 0.0851106 16 0
0 0 108.509 0 60.4382 a b 0.0805513 16 0
0 0 108.527 0 60.4599 a b 0.0775297 16 0
0 0 108.535 0 60.4915 a b 0.0712548 16 0
0 0 108.538 0 60.514 a b 0.063419 16 0
0 0 108.536 0 60.5412 a b 0.0588588 16 0
0 0 108.527 0 60.572 a b 0.0531819 16 0
0 0 108.517 0 60.607 a b 0.0498853 16 0
0 0 108.519 0 60.6364 a b 0.0435937 16 0
0 0 108.52 0 60.6706 a b 0.0372271 16 0
0 0 108.523 0 60.6989 a b 0.0316168 16 0
0 0 108.524 0 60.7285 a b 0.0265619 16 0
0 0 108.523 0 60.759 a b 0.0210679 16 0
0 0 108.523 0 60.781 a b 0.0216127 16 0
0 0 108.523 0 60.8064 a b 0.0249013 16 0
0 0 108.518 0 60.8334 a b 0.022237 16 0
0 0 108.515 0 60.8496 a b 0.0111132 16 0
0 0 108.529 0 60.8672 a b -0.000453875 16 0
0 0 108.534 0 60.9061 a b 0.00259312 16 0
0 0 108.536 0 60.9449 a b 0.00947794 16 0
0 0 108.518 0 60.991 a b 0.0152404 16 0
0 0 108.509 0 61.0339 a b 0.0122268 16 0
0 0 108.512 0 61.0689 a b 0.0127156 16 0
0 0 108.521 0 61.0989 a b 0.0181682 16 0
0 0 108.525 0 61.1251 a b 0.0233939 16 0
0 0 108.511 0 61.1514 a b 0.0260479 16 0
0 0 108.5 0 61.1823 a b 0.0304896 16 0
0 0 108.504 0 61.21 a b 0.0311274 16 0
0 0 108.512 0 61.2408 a b 0.0290843 16 0
0 0 108.524 0 61.2682 a b 0.0286501 16 0
0 0 108.526 0 61.2934 a b 0.0330028 16 0
0 0 108.523 0 61.3234 a b 0.0380048 16 0
0 0 108.521 0 61.3523 a b 0.0419481 16 0
0 0 108.52 0 61.3748 a b 0.043827 16 0
0 0 108.529 0 61.3937 a b 0.0465503 16 0
0 0 108.543 0 61.4176 a b 0.048464 16 0
0 0 108.549 0 61.4447 a b 0.0493066 16 0
0 0 108.541 0 61.4729 a b 0.0569641 16 0
0 0 108.528 0 61.4982 a b 0.0584077 16 0
0 0 108.527 0 61.5225 a b 0.0558602 16 0
0 0 108.528 0 61.5602 a b 0.0566548 16 0
0 0 108.544 0 61.6069 a b 0.056218 16 0
0 0 108.561 0 61.6415 a b 0.0600089 16 0
0 0 108.564 0 61.6665 a b 0.0639119 16 0
0 0 108.572 0 61.6962 a b 0.0676844 16 0
0 0 108.561 0 61.709 a b 0.0702693 16 0
0 0 108.54 0 61.7341 a b 0.0675976 16 0
0 0 108.527 0 61.7648 a b 0.0700224 16 0
0 0 108.529 0 61.7968 a b 0.0699475 16 0
0 0 108.547 0 61.8291 a b 0.0702975 16 0
0 0 108.579 0 61.8631 a b 0.0652322 16 0
0 0 108.588 0 61.8921 a b 0.0616417 16 0
0 0 108.58 0 61.9233 a b 0.0626289 16 0
0 0 108.56 0 61.9479 a b 0.071957 16 0
0 0 108.554 0 61.9747 a b 0.0743401 16 0
0 0 108.559 0 61.9999 a b 0.0685761 16 0
0 0 108.563 0 62.0243 a b 0.0647169 16 0
0 0 108.574 0 62.0577 a b 0.064448 16 0
0 0 108.595 0 62.0884 a b 0.0666201 16 0
0 0 108.61 0 62.1154 a b 0.0645633 16 0
0 0 108.612 0 62.1422 a b 0.0614518 16 0
0 0 108.598 0 62.1778 a b 0.068298 16 0
0 0 108.583 0 62.1997 a b 0.0727019 16 0
0 0 108.567 0 62.2212 a b 0.0738965 16 0
0 0 108.562 0 62.2464 a b 0.0725928 16 0
0 0 108.565 0 62.2816 a b 0.072673 16 0
0 0 108.574 0 62.3144 a b 0.0717289 16 0
0 0 108.585 0 62.3414 a b 0.0693967 16 0
0 0 108.588 0 62.3739 a b 0.0682882 16 0
0 0 108.586 0 62.4107 a b 0.0719959 16 0
0 0 108.581 0 62.4403 a b 0.0728587 16 0
0 0 108.577 0 62.4721 a b 0.0721138 16 0
0 0 108.582 0 62.5054 a b 0.0711493 16 0
0 0 108.595 0 62.5328 a b 0.0633433 16 0
0 0 108.599 0 62.5601 a b 0.058664 16 0
0 0 108.609 0 62.5838 a b 0.0596898 16 0
0 0 108.612 0 62.6049 a b 0.0632711 16 0
0 0 108.608 0 62.6284 a b 0.0649599 16 0
0 0 108.608 0 62.6459 a b 0.0626368 16 0
0 0 108.606 0 62.6675 a b 0.0619477 16 0
0 0 108.604 0 62.6866 a b 0.0569466 16 0
0 0 108.599 0 62.7134 a b 0.0587474 16 0
0 0 108.597 0 62.7471 a b 0.0576932 16 0
0 0 108.596 0 62.7737 a b 0.0550267 16 0
0 0 108.6 0 62.8046 a b 0.0513351 16 0
0 0 108.602 0 62.8322 a b 0.0503378 16 0
0 0 108.606 0 62.8692 a b 0.0470583 16 0
0 0 108.605 0 62.903 a b 0.0493121 16 0
0 0 108.598 0 62.9399 a b 0.0517308 16 0
0 0 108.606 0 62.9784 a b 0.0518746 16 0
0 0 108.603 0 63.0016 a b 0.0439123 16 0
0 0 108.586 0 63.0394 a b 0.0400924 16 0
0 0 108.583 0 63.0779 a b 0.0418485 16 0
0 0 108.587 0 63.109 a b 0.0430297 16 0
0 0 108.59 0 63.1211 a b 0.0374213 16 0
0 0 108.598 0 63.1368 a b 0.0327737 16 0
0 0 108.61 0 63.1555 a b 0.0321017 16 0
0 0 108.626 0 63.1776 a b 0.0307064 16 0
0 0 108.628 0 63.1983 a b 0.0306298 16 0
0 0 108.627 0 63.2247 a b 0.0260967 16 0
0 0 108.636 0 63.2542 a b 0.0287134 16 0
0 0 108.641 0 63.2906 a b 0.0234788 16 0
0 0 108.637 0 63.3132 a b 0.0163614 16 0
0 0 108.651 0 63.3539 a b 0.00729547 16 0
0 0 108.655 0 63.3818 a b 0.0139649 16 0
0 0 108.663 0 63.4149 a b 0.0144257 16 0
0 0 108.66 0 63.4473 a b 0.0189945 16 0
0 0 108.658 0 63.4771 a b 0.0111783 16 0
0 0 108.673 0 63.5107 a b 0.000353078 16 0
0 0 108.687 0 63.5424 a b 0.00148751 16 0
0 0 108.704 0 63.5913 a b 0.00718951 16 0
0 0 108.724 0 63.616 a b 0.00165909 16 0
0 0 108.731 0 63.6544 a b -0.00979823 16 0
0 0 108.731 0 63.6692 a b -0.0148549 16 0
0 0 108.716 0 63.6815 a b -0.00918653 16 0
0 0 108.695 0 63.7063 a b 0.00752914 16 0
0 0 108.693 0 63.7471 a b 0.0124737 16 0
0 0 108.686 0 63.7751 a b 0.00437796 16 0
0 0 108.7 0 63.8085 a b 4.99489e-05 16 0
0 0 108.715 0 63.8405 a b -0.00258234 16 0
0 0 108.717 0 63.8737 a b 0.000893955 16 0
0 0 108.716 0 63.8951 a b 0.00432049 16 0
0 0 108.725 0 63.9396 a b -0.00131088 16 0
0 0 108.726 0 63.9709 a b -0.0024462 16 0
0 0 108.702 0 63.998 a b -0.00195786 16 0
0 0 108.667 0 64.0434 a b 0.00509858 16 0
0 0 108.568 0 64.1373 a b 0.0152515 16 0
0 0 108.485 0 64.1796 a b 0.0296098 16 0
0 0 108.447 0 64.1675 a b 0.0339273 16 0
0 0 108.43 0 64.2157 a b 0.0330982 16 0
0 0 108.462 0 64.257 a b 0.0379665 16 0
0 0 108.512 0 64.2704 a b 0.0319159 16 0
0 0 108.517 0 64.3133 a b 0.024164 16 0
0 0 108.499 0 64.3453 a b 0.016737 16 0
0 0 108.484 0 64.3753 a b 0.0139048 16 0
0 0 108.473 0 64.402 a b 0.017894 16 0
0 0 108.481 0 64.4154 a b 0.0198096 16 0
0 0 108.481 0 64.4467 a b 0.0163693 16 0
0 0 108.487 0 64.4845 a b 0.00942184 16 0
0 0 108.491 0 64.5139 a b 0.00557737 16 0
0 0 108.5 0 64.5483 a b 0.00649487 16 0
0 0 108.495 0 64.5921 a b 0.0123476 16 0
0 0 108.494 0 64.6227 a b 0.0205237 16 0
0 0 108.484 0 64.6696 a b 0.0260872 16 0
0 0 108.463 0 64.7268 a b 0.0245886 16 0
0 0 108.454 0 64.7378 a b 0.0084658 16 0
0 0 108.452 0 64.7646 a b 0.00402783 16 0
0 0 108.445 0 64.8052 a b 0.0156584 16 0
0 0 108.459 0 64.8285 a b 0.0209962 16 0
0 0 108.47 0 64.855 a b 0.0189298 16 0
0 0 108.471 0 64.8891 a b 0.00750593 16 0
0 0 108.46 0 64.9061 a b -0.00195906 16 0
0 0 108.454 0 64.9235 a b -0.00477172 16 0
0 0 108.449 0 64.9452 a b -0.0018608 16 0
0 0 108.448 0 64.9724 a b 0.00352076 16 0
0 0 108.448 0 64.9969 a b 0.00342098 16 0
0 0 108.447 0 65.0101 a b -0.000637397 16 0
0 0 108.453 0 65.0364 a b -0.00298045 16 0
0 0 108.448 0 65.0638 a b -0.000413104 16 0
0 0 108.439 0 65.0905 a b 0.00253886 16 0
0 0 108.433 0 65.1215 a b 0.0124758 16 0
0 0 108.433 0 65.1487 a b 0.0249769 16 0
0 0 108.436 0 65.1765 a b 0.0340297 16 0
0 0 108.444 0 65.209 a b 0.043679 16 0
0 0 108.453 0 65.2393 a b 0.0544178 16 0
0 0 108.457 0 65.2624 a b 0.0652147 16 0
0 0 108.458 0 65.2835 a b 0.0733433 16 0
0 0 108.459 0 65.3095 a b 0.0783614 16 0
0 0 108.464 0 65.3414 a b 0.0806565 16 0
0 0 108.462 0 65.3693 a b 0.0818209 16 0
0 0 108.459 0 65.3996 a b 0.0850604 16 0
0 0 108.456 0 65.4267 a b 0.0859668 16 0
0 0 108.461 0 65.4574 a b 0.0867428 16 0
0 0 108.464 0 65.4867 a b 0.0864576 16 0
0 0 108.467 0 65.5196 a b 0.0882182 16 0
0 0 108.469 0 65.5508 a b 0.0911038 16 0
0 0 108.473 0 65.5823 a b 0.0941878 16 0
0 0 108.476 0 65.6122 a b 0.0964969 16 0
0 0 108.483 0 65.6422 a b 0.0955561 16 0
0 0 108.486 0 65.6664 a b 0.0940828 16 0
0 0 108.489 0 65.6997 a b 0.0944513 16 0
0 0 108.492 0 65.7311 a b 0.0949348 16 0
0 0 108.496 0 65.7664 a b 0.0961439 16 0
0 0 108.498 0 65.7902 a b 0.0952331 16 0
0 0 108.499 0 65.8163 a b 0.0970701 16 0
0 0 108.501 0 65.8455 a b 0.0967822 16 0
0 0 108.504 0 65.8758 a b 0.097536 16 0
0 0 108.504 0 65.9003 a b 0.0976595 16 0
0 0 108.504 0 65.9296 a b 0.0966177 16 0
0 0 108.509 0 65.9593 a b 0.0961471 16 0
0 0 108.51 0 65.9848 a b 0.0969648 16 0
0 0 108.512 0 66.0137 a b 0.0971112 16 0
0 0 108.514 0 66.0472 a b 0.0962571 16 0
0 0 108.515 0 66.0765 a b 0.0957547 16 0
0 0 108.515 0 66.1055 a b 0.0956433 16 0
0 0 108.518 0 66.1355 a b 0.0940548 16 0
0 0 108.518 0 66.1633 a b 0.0936211 16 0
0 0 108.515 0 66.1941 a b 0.0937185 16 0
0 0 108.516 0 66.225 a b 0.0951289 16 0
0 0 108.521 0 66.253 a b 0.0931531 16 0
0 0 108.521 0 66.2809 a b 0.0916587 16 0
0 0 108.517 0 66.3128 a b 0.0922708 16 0
0 0 108.521 0 66.3449 a b 0.0931905 16 0
0 0 108.525 0 66.3756 a b 0.0921812 16 0
0 0 108.529 0 66.4035 a b 0.0904694 16 0
0 0 108.532 0 66.435 a b 0.0905543 16 0
0 0 108.536 0 66.4693 a b 0.0903186 16 0
0 0 108.539 0 66.4999 a b 0.0930409 16 0
0 0 108.544 0 66.5291 a b 0.0930166 16 0
0 0 108.554 0 66.5377 a b 0.0827817 16 0
