0 0 108.554 0 66.5377 a b -3.05881 16 0
0 0 108.544 0 66.5291 a b -3.04858 16 0
0 0 108.539 0 66.4999 a b -3.04855 16 0
0 0 108.536 0 66.4693 a b -3.05127 16 0
0 0 108.532 0 66.435 a b -3.05104 16 0
0 0 108.529 0 66.4035 a b -3.05112 16 0
0 0 108.525 0 66.3756 a b -3.04941 16 0
0 0 108.521 0 66.3449 a b -3.0484 16 0
0 0 108.517 0 66.3128 a b -3.04932 16 0
0 0 108.521 0 66.2809 a b -3.04993 16 0
0 0 108.521 0 66.253 a b -3.04844 16 0
0 0 108.516 0 66.225 a b -3.04646 16 0
0 0 108.515 0 66.1941 a b -3.04787 16 0
0 0 108.518 0 66.1633 a b -3.04797 16 0
0 0 108.518 0 66.1355 a b -3.04754 16 0
0 0 108.515 0 66.1055 a b -3.04595 16 0
0 0 108.515 0 66.0765 a b -3.04584 16 0
0 0 108.514 0 66.0472 a b -3.04534 16 0
0 0 108.512 0 66.0137 a b -3.04448 16 0
0 0 108.51 0 65.9848 a b -3.04463 16 0
0 0 108.509 0 65.9593 a b -3.04545 16 0
0 0 108.504 0 65.9296 a b -3.04497 16 0
0 0 108.504 0 65.9003 a b -3.04393 16 0
0 0 108.504 0 65.8758 a b -3.04406 16 0
0 0 108.501 0 65.8455 a b -3.04481 16 0
0 0 108.499 0 65.8163 a b -3.04452 16 0
0 0 108.498 0 65.7902 a b -3.04636 16 0
0 0 108.496 0 65.7664 a b -3.04545 16 0
0 0 108.492 0 65.7311 a b -3.04666 16 0
0 0 108.489 0 65.6997 a b -3.04714 16 0
0 0 108.486 0 65.6664 a b -3.04751 16 0
0 0 108.483 0 65.6422 a b -3.04604 16 0
0 0 108.476 0 65.6122 a b -3.0451 16 0
0 0 108.473 0 65.5823 a b -3.0474 16 0
0 0 108.469 0 65.5508 a b -3.05049 16 0
0 0 108.467 0 65.5196 a b -3.05337 16 0
0 0 108.464 0 65.4867 a b -3.05514 16 0
0 0 108.461 0 65.4574 a b -3.05485 16 0
0 0 108.456 0 65.4267 a b -3.05563 16 0
0 0 108.459 0 65.3996 a b -3.05653 16 0
0 0 108.462 0 65.3693 a b -3.05977 16 0
0 0 108.464 0 65.3414 a b -3.06094 16 0
0 0 108.459 0 65.3095 a b -3.06323 16 0
0 0 108.458 0 65.2835 a b -3.06825 16 0
0 0 108.457 0 65.2624 a b -3.07638 16 0
0 0 108.453 0 65.2393 a b -3.08717 16 0
0 0 108.444 0 65.209 a b -3.09791 16 0
0 0 108.436 0 65.1765 a b -3.10756 16 0
0 0 108.433 0 65.1487 a b -3.11662 16 0
0 0 108.433 0 65.1215 a b -3.12912 16 0
0 0 108.439 0 65.0905 a b -3.13905 16 0
0 0 108.448 0 65.0638 a b 3.14118 16 0
0 0 108.453 0 65.0364 a b 3.13861 16 0
0 0 108.447 0 65.0101 a b 3.14096 16 0
0 0 108.448 0 64.9969 a b -3.13817 16 0
0 0 108.448 0 64.9724 a b -3.13807 16 0
0 0 108.449 0 64.9452 a b 3.13973 16 0
0 0 108.454 0 64.9235 a b 3.13682 16 0
0 0 108.46 0 64.9061 a b 3.13963 16 0
0 0 108.471 0 64.8891 a b -3.13409 16 0
0 0 108.47 0 64.855 a b -3.12266 16 0
0 0 108.459 0 64.8285 a b -3.1206 16 0
0 0 108.445 0 64.8052 a b -3.12593 16 0
0 0 108.452 0 64.7646 a b -3.13756 16 0
0 0 108.454 0 64.7378 a b -3.13313 16 0
0 0 108.463 0 64.7268 a b -3.117 16 0
0 0 108.484 0 64.6696 a b -3.11551 16 0
0 0 108.494 0 64.6227 a b -3.12107 16 0
0 0 108.495 0 64.5921 a b -3.12925 16 0
0 0 108.5 0 64.5483 a b -3.1351 16 0
0 0 108.491 0 64.5139 a b -3.13602 16 0
0 0 108.487 0 64.4845 a b -3.13217 16 0
0 0 108.481 0 64.4467 a b -3.12522 16 0
0 0 108.481 0 64.4154 a b -3.12178 16 0
0 0 108.473 0 64.402 a b -3.1237 16 0
0 0 108.484 0 64.3753 a b -3.12769 16 0
0 0 108.499 0 64.3453 a b -3.12486 16 0
0 0 108.517 0 64.3133 a b -3.11743 16 0
0 0 108.512 0 64.2704 a b -3.10968 16 0
0 0 108.462 0 64.257 a b -3.10363 16 0
0 0 108.43 0 64.2157 a b -3.10849 16 0
0 0 108.447 0 64.1675 a b -3.10767 16 0
0 0 108.485 0 64.1796 a b -3.11198 16 0
0 0 108.568 0 64.1373 a b -3.12634 16 0
0 0 108.667 0 64.0434 a b -3.13649 16 0
0 0 108.702 0 63.998 a b 3.13963 16 0
0 0 108.726 0 63.9709 a b 3.13915 16 0
0 0 108.725 0 63.9396 a b 3.14028 16 0
0 0 108.716 0 63.8951 a b -3.13727 16 0
0 0 108.717 0 63.8737 a b -3.1407 16 0
0 0 108.715 0 63.8405 a b 3.13901 16 0
0 0 108.7 0 63.8085 a b -3.14154 16 0
0 0 108.686 0 63.7751 a b -3.13721 16 0
0 0 108.693 0 63.7471 a b -3.12912 16 0
0 0 108.695 0 63.7063 a b -3.13406 16 0
0 0 108.716 0 63.6815 a b 3.13241 16 0
0 0 108.731 0 63.6692 a b 3.12674 16 0
0 0 108.731 0 63.6544 a b 3.13179 16 0
0 0 108.724 0 63.616 a b -3.13993 16 0
0 0 108.704 0 63.5913 a b -3.1344 16 0
0 0 108.687 0 63.5424 a b -3.14011 16 0
0 0 108.673 0 63.5107 a b -3.14124 16 0
0 0 108.658 0 63.4771 a b -3.13041 16 0
0 0 108.66 0 63.4473 a b -3.1226 16 0
0 0 108.663 0 63.4149 a b -3.12717 16 0
0 0 108.655 0 63.3818 a b -3.12763 16 0
0 0 108.651 0 63.3539 a b -3.1343 16 0
0 0 108.637 0 63.3132 a b -3.12523 16 0
0 0 108.641 0 63.2906 a b -3.11811 16 0
0 0 108.636 0 63.2542 a b -3.11288 16 0
0 0 108.627 0 63.2247 a b -3.1155 16 0
0 0 108.628 0 63.1983 a b -3.11096 16 0
0 0 108.626 0 63.1776 a b -3.11089 16 0
0 0 108.61 0 63.1555 a b -3.10949 16 0
0 0 108.598 0 63.1368 a b -3.10882 16 0
0 0 108.59 0 63.1211 a b -3.10417 16 0
0 0 108.587 0 63.109 a b -3.09856 16 0
0 0 108.583 0 63.0779 a b -3.09974 16 0
0 0 108.586 0 63.0394 a b -3.1015 16 0
0 0 108.603 0 63.0016 a b -3.09768 16 0
0 0 108.606 0 62.9784 a b -3.08972 16 0
0 0 108.598 0 62.9399 a b -3.08986 16 0
0 0 108.605 0 62.903 a b -3.09228 16 0
0 0 108.606 0 62.8692 a b -3.09453 16 0
0 0 108.602 0 62.8322 a b -3.09125 16 0
0 0 108.6 0 62.8046 a b -3.09026 16 0
0 0 108.596 0 62.7737 a b -3.08657 16 0
0 0 108.597 0 62.7471 a b -3.0839 16 0
0 0 108.599 0 62.7134 a b -3.08285 16 0
0 0 108.604 0 62.6866 a b -3.08465 16 0
0 0 108.606 0 62.6675 a b -3.07964 16 0
0 0 108.608 0 62.6459 a b -3.07896 16 0
0 0 108.608 0 62.6284 a b -3.07663 16 0
0 0 108.612 0 62.6049 a b -3.07832 16 0
0 0 108.609 0 62.5838 a b -3.0819 16 0
0 0 108.599 0 62.5601 a b -3.08293 16 0
0 0 108.595 0 62.5328 a b -3.07825 16 0
0 0 108.582 0 62.5054 a b -3.07044 16 0
0 0 108.577 0 62.4721 a b -3.06948 16 0
0 0 108.581 0 62.4403 a b -3.06873 16 0
0 0 108.586 0 62.4107 a b -3.0696 16 0
0 0 108.588 0 62.3739 a b -3.0733 16 0
0 0 108.585 0 62.3414 a b -3.0722 16 0
0 0 108.574 0 62.3144 a b -3.06986 16 0
0 0 108.565 0 62.2816 a b -3.06892 16 0
0 0 108.562 0 62.2464 a b -3.069 16 0
0 0 108.567 0 62.2212 a b -3.0677 16 0
0 0 108.583 0 62.1997 a b -3.06889 16 0
0 0 108.598 0 62.1778 a b -3.07329 16 0
0 0 108.612 0 62.1422 a b -3.08014 16 0
0 0 108.61 0 62.1154 a b -3.07703 16 0
0 0 108.595 0 62.0884 a b -3.07497 16 0
0 0 108.574 0 62.0577 a b -3.07714 16 0
0 0 108.563 0 62.0243 a b -3.07688 16 0
0 0 108.559 0 61.9999 a b -3.07302 16 0
0 0 108.554 0 61.9747 a b -3.06725 16 0
0 0 108.56 0 61.9479 a b -3.06964 16 0
0 0 108.58 0 61.9233 a b -3.07896 16 0
0 0 108.588 0 61.8921 a b -3.07995 16 0
0 0 108.579 0 61.8631 a b -3.07636 16 0
0 0 108.547 0 61.8291 a b -3.0713 16 0
0 0 108.529 0 61.7968 a b -3.07165 16 0
0 0 108.527 0 61.7648 a b -3.07157 16 0
0 0 108.54 0 61.7341 a b -3.074 16 0
0 0 108.561 0 61.709 a b -3.07132 16 0
0 0 108.572 0 61.6962 a b -3.07391 16 0
0 0 108.564 0 61.6665 a b -3.07768 16 0
0 0 108.561 0 61.6415 a b -3.08158 16 0
0 0 108.544 0 61.6069 a b -3.08537 16 0
0 0 108.528 0 61.5602 a b -3.08494 16 0
0 0 108.527 0 61.5225 a b -3.08573 16 0
0 0 108.528 0 61.4982 a b -3.08319 16 0
0 0 108.541 0 61.4729 a b -3.08463 16 0
0 0 108.549 0 61.4447 a b -3.09229 16 0
0 0 108.543 0 61.4176 a b -3.09313 16 0
0 0 108.529 0 61.3937 a b -3.09504 16 0
0 0 108.52 0 61.3748 a b -3.09777 16 0
0 0 108.521 0 61.3523 a b -3.09964 16 0
0 0 108.523 0 61.3234 a b -3.10359 16 0
0 0 108.526 0 61.2934 a b -3.10859 16 0
0 0 108.524 0 61.2682 a b -3.11294 16 0
0 0 108.512 0 61.2408 a b -3.11251 16 0
0 0 108.504 0 61.21 a b -3.11047 16 0
0 0 108.5 0 61.1823 a b -3.1111 16 0
0 0 108.511 0 61.1514 a b -3.11554 16 0
0 0 108.525 0 61.1251 a b -3.1182 16 0
0 0 108.521 0 61.0989 a b -3.12342 16 0
0 0 108.512 0 61.0689 a b -3.12888 16 0
0 0 108.509 0 61.0339 a b -3.12937 16 0
0 0 108.518 0 60.991 a b -3.12635 16 0
0 0 108.536 0 60.9449 a b -3.13211 16 0
0 0 108.534 0 60.9061 a b -3.139 16 0
0 0 108.529 0 60.8672 a b 3.14114 16 0
0 0 108.515 0 60.8496 a b -3.13048 16 0
0 0 108.518 0 60.8334 a b -3.11936 16 0
0 0 108.523 0 60.8064 a b -3.11669 16 0
0 0 108.523 0 60.781 a b -3.11998 16 0
0 0 108.523 0 60.759 a b -3.12052 16 0
0 0 108.524 0 60.7285 a b -3.11503 16 0
0 0 108.523 0 60.6989 a b -3.10998 16 0
0 0 108.52 0 60.6706 a b -3.10437 16 0
0 0 108.519 0 60.6364 a b -3.098 16 0
0 0 108.517 0 60.607 a b -3.09171 16 0
0 0 108.527 0 60.572 a b -3.08841 16 0
0 0 108.536 0 60.5412 a b -3.08273 16 0
0 0 108.538 0 60.514 a b -3.07817 16 0
0 0 108.535 0 60.4915 a b -3.07034 16 0
0 0 108.527 0 60.4599 a b -3.06406 16 0
0 0 108.509 0 60.4382 a b -3.06104 16 0
0 0 108.497 0 60.4152 a b -3.05648 16 0
0 0 108.499 0 60.3809 a b -3.04817 16 0
0 0 108.499 0 60.3447 a b -3.04233 16 0
0 0 108.495 0 60.319 a b -3.04484 16 0
0 0 108.503 0 60.3033 a b -3.04952 16 0
0 0 108.501 0 60.2913 a b -3.05054 16 0
0 0 108.492 0 60.272 a b -3.04777 16 0
0 0 108.478 0 60.242 a b -3.04887 16 0
0 0 108.477 0 60.2173 a b -3.05457 16 0
0 0 108.475 0 60.1877 a b -3.05647 16 0
0 0 108.475 0 60.1522 a b -3.05525 16 0
0 0 108.475 0 60.1226 a b -3.05442 16 0
0 0 108.474 0 60.0822 a b -3.05334 16 0
0 0 108.474 0 60.0433 a b -3.05794 16 0
0 0 108.472 0 60.0188 a b -3.06151 16 0
0 0 108.463 0 59.9816 a b -3.06707 16 0
0 0 108.46 0 59.9488 a b -3.07861 16 0
0 0 108.462 0 59.9263 a b -3.09125 16 0
0 0 108.463 0 59.8974 a b -3.10217 16 0
0 0 108.452 0 59.8688 a b -3.10988 16 0
0 0 108.441 0 59.8421 a b -3.12555 16 0
0 0 108.443 0 59.8081 a b -3.13755 16 0
0 0 108.445 0 59.781 a b 3.13866 16 0
0 0 108.452 0 59.7535 a b 3.12947 16 0
0 0 108.453 0 59.7196 a b 3.1148 16 0
0 0 108.463 0 59.6924 a b 3.10257 16 0
0 0 108.466 0 59.6648 a b 3.11014 16 0
0 0 108.462 0 59.6363 a b 3.12165 16 0
0 0 108.454 0 59.5957 a b 3.12766 16 0
0 0 108.451 0 59.5672 a b 3.11921 16 0
0 0 108.459 0 59.5424 a b 3.11578 16 0
0 0 108.46 0 59.5111 a b 3.12162 16 0
0 0 108.46 0 59.4856 a b 3.12983 16 0
0 0 108.458 0 59.457 a b 3.12669 16 0
0 0 108.465 0 59.4249 a b 3.12376 16 0
0 0 108.477 0 59.4019 a b 3.12685 16 0
0 0 108.477 0 59.3655 a b 3.13337 16 0
0 0 108.473 0 59.3277 a b 3.13229 16 0
0 0 108.488 0 59.3019 a b 3.12739 16 0
0 0 108.496 0 59.2751 a b 3.13019 16 0
0 0 108.5 0 59.2347 a b 3.13459 16 0
0 0 108.487 0 59.1931 a b 3.13748 16 0
0 0 108.479 0 59.1582 a b 3.1331 16 0
0 0 108.486 0 59.1295 a b 3.13333 16 0
0 0 108.488 0 59.1056 a b 3.13836 16 0
0 0 108.493 0 59.0824 a b 3.13914 16 0
0 0 108.499 0 59.0609 a b 3.13783 16 0
0 0 108.505 0 59.038 a b 3.13678 16 0
0 0 108.503 0 59.0191 a b 3.13764 16 0
0 0 108.5 0 58.9918 a b -3.1393 16 0
0 0 108.497 0 58.9582 a b -3.13546 16 0
0 0 108.487 0 58.9303 a b -3.13429 16 0
0 0 108.488 0 58.8998 a b -3.13729 16 0
0 0 108.495 0 58.8726 a b -3.13705 16 0
0 0 108.509 0 58.8411 a b -3.13783 16 0
0 0 108.518 0 58.8079 a b -3.1313 16 0
0 0 108.51 0 58.7865 a b -3.12625 16 0
0 0 108.503 0 58.7563 a b -3.12554 16 0
0 0 108.496 0 58.715 a b -3.12829 16 0
0 0 108.477 0 58.6827 a b -3.12684 16 0
0 0 108.467 0 58.6519 a b -3.12538 16 0
0 0 108.475 0 58.6293 a b -3.12167 16 0
0 0 108.492 0 58.6059 a b -3.117 16 0
0 0 108.5 0 58.5791 a b -3.11586 16 0
0 0 108.497 0 58.5632 a b -3.11654 16 0
0 0 108.493 0 58.5407 a b -3.12259 16 0
0 0 108.492 0 58.5169 a b -3.12141 16 0
0 0 108.48 0 58.487 a b -3.11903 16 0
0 0 108.484 0 58.4608 a b -3.11614 16 0
0 0 108.489 0 58.4279 a b -3.11126 16 0
0 0 108.5 0 58.3921 a b -3.10876 16 0
0 0 108.507 0 58.3735 a b -3.10914 16 0
0 0 108.501 0 58.3465 a b -3.10986 16 0
0 0 108.482 0 58.3115 a b -3.11398 16 0
0 0 108.48 0 58.2776 a b -3.11171 16 0
0 0 108.477 0 58.2448 a b -3.10925 16 0
0 0 108.48 0 58.2193 a b -3.10216 16 0
0 0 108.493 0 58.1758 a b -3.09649 16 0
0 0 108.5 0 58.1403 a b -3.10054 16 0
0 0 108.504 0 58.1038 a b -3.10285 16 0
0 0 108.49 0 58.0721 a b -3.10946 16 0
0 0 108.471 0 58.0471 a b -3.10908 16 0
0 0 108.475 0 58.0292 a b -3.10165 16 0
0 0 108.483 0 58.0072 a b -3.09446 16 0
0 0 108.49 0 57.9875 a b -3.10119 16 0
0 0 108.474 0 57.9594 a b -3.10599 16 0
0 0 108.46 0 57.9166 a b -3.10053 16 0
0 0 108.474 0 57.8772 a b -3.09272 16 0
0 0 108.497 0 57.8516 a b -3.08962 16 0
0 0 108.509 0 57.8188 a b -3.09056 16 0
0 0 108.499 0 57.7854 a b -3.09988 16 0
0 0 108.486 0 57.7755 a b -3.10261 16 0
0 0 108.477 0 57.7474 a b -3.09888 16 0
0 0 108.485 0 57.7197 a b -3.0935 16 0
0 0 108.504 0 57.6955 a b -3.09333 16 0
0 0 108.513 0 57.6589 a b -3.10244 16 0
0 0 108.499 0 57.6126 a b -3.10685 16 0
0 0 108.5 0 57.5647 a b -3.10779 16 0
0 0 108.497 0 57.53 a b -3.10233 16 0
0 0 108.5 0 57.5157 a b -3.10147 16 0
0 0 108.5 0 57.4916 a b -3.1059 16 0
0 0 108.493 0 57.4577 a b -3.10585 16 0
0 0 108.486 0 57.434 a b -3.10248 16 0
0 0 108.49 0 57.4169 a b -3.10238 16 0
0 0 108.488 0 57.3908 a b -3.10378 16 0
0 0 108.486 0 57.3482 a b -3.1059 16 0
0 0 108.49 0 57.3052 a b -3.10799 16 0
0 0 108.482 0 57.2814 a b -3.10594 16 0
0 0 108.485 0 57.2513 a b -3.1061 16 0
0 0 108.487 0 57.2208 a b -3.10815 16 0
0 0 108.489 0 57.1926 a b -3.11124 16 0
0 0 108.485 0 57.1624 a b -3.1098 16 0
0 0 108.494 0 57.1301 a b -3.1089 16 0
0 0 108.491 0 57.1046 a b -3.11253 16 0
0 0 108.487 0 57.0752 a b -3.11511 16 0
0 0 108.485 0 57.0506 a b -3.11328 16 0
0 0 108.487 0 57.0207 a b -3.11118 16 0
0 0 108.49 0 56.9952 a b -3.11264 16 0
0 0 108.486 0 56.9653 a b -3.11853 16 0
0 0 108.484 0 56.9422 a b -3.11877 16 0
0 0 108.484 0 56.9098 a b -3.11829 16 0
0 0 108.49 0 56.8743 a b -3.12041 16 0
0 0 108.487 0 56.8365 a b -3.1246 16 0
0 0 108.487 0 56.806 a b -3.12486 16 0
0 0 108.485 0 56.771 a b -3.12149 16 0
0 0 108.485 0 56.7366 a b -3.11836 16 0
0 0 108.488 0 56.711 a b -3.12048 16 0
0 0 108.481 0 56.6853 a b -3.12407 16 0
0 0 108.477 0 56.6553 a b -3.1293 16 0
0 0 108.476 0 56.6238 a b -3.12972 16 0
0 0 108.475 0 56.599 a b -3.13525 16 0
0 0 108.483 0 56.5744 a b -3.13713 16 0
0 0 108.478 0 56.5501 a b -3.13552 16 0
0 0 108.475 0 56.518 a b -3.13591 16 0
0 0 108.472 0 56.4946 a b 3.14152 16 0
0 0 108.472 0 56.4646 a b 3.1345 16 0
0 0 108.479 0 56.4484 a b 3.1305 16 0
0 0 108.486 0 56.4259 a b 3.13015 16 0
0 0 108.489 0 56.3891 a b 3.13506 16 0
0 0 108.477 0 56.3573 a b 3.13981 16 0
0 0 108.47 0 56.3374 a b 3.13854 16 0
0 0 108.488 0 56.3046 a b 3.13649 16 0
0 0 108.503 0 56.2656 a b -3.13998 16 0
0 0 108.494 0 56.2333 a b -3.13294 16 0
0 0 108.481 0 56.2037 a b -3.12987 16 0
0 0 108.48 0 56.1694 a b -3.13068 16 0
0 0 108.483 0 56.145 a b -3.13303 16 0
0 0 108.502 0 56.1267 a b -3.13077 16 0
0 0 108.496 0 56.0915 a b -3.12145 16 0
0 0 108.477 0 56.0568 a b -3.11339 16 0
0 0 108.48 0 56.0294 a b -3.1137 16 0
0 0 108.49 0 56.017 a b -3.11297 16 0
0 0 108.489 0 55.9948 a b -3.10941 16 0
0 0 108.486 0 55.9671 a b -3.10804 16 0
0 0 108.487 0 55.9429 a b -3.10794 16 0
0 0 108.497 0 55.9198 a b -3.10242 16 0
0 0 108.49 0 55.8882 a b -3.09227 16 0
0 0 108.483 0 55.8555 a b -3.08556 16 0
0 0 108.481 0 55.8241 a b -3.0821 16 0
0 0 108.484 0 55.7961 a b -3.07545 16 0
0 0 108.5 0 55.7566 a b -3.06819 16 0
0 0 108.503 0 55.7296 a b -3.05613 16 0
0 0 108.493 0 55.6868 a b -3.04426 16 0
0 0 108.477 0 55.6446 a b -3.04068 16 0
0 0 108.482 0 55.6061 a b -3.04462 16 0
0 0 108.477 0 55.5732 a b -3.04411 16 0
0 0 108.473 0 55.5431 a b -3.03713 16 0
0 0 108.471 0 55.5173 a b -3.02861 16 0
0 0 108.486 0 55.493 a b -3.03201 16 0
0 0 108.487 0 55.4712 a b -3.03906 16 0
0 0 108.488 0 55.4541 a b -3.0437 16 0
0 0 108.468 0 55.4207 a b -3.04379 16 0
0 0 108.46 0 55.3929 a b -3.03928 16 0
0 0 108.46 0 55.3777 a b -3.0376 16 0
0 0 108.464 0 55.343 a b -3.03811 16 0
0 0 108.475 0 55.316 a b -3.03697 16 0
0 0 108.474 0 55.29 a b -3.04708 16 0
0 0 108.46 0 55.2391 a b -3.05249 16 0
0 0 108.448 0 55.2111 a b -3.04794 16 0
0 0 108.472 0 55.19 a b -3.04257 16 0
0 0 108.481 0 55.1653 a b -3.04419 16 0
0 0 108.47 0 55.1285 a b -3.05119 16 0
0 0 108.449 0 55.0936 a b -3.0533 16 0
0 0 108.445 0 55.0642 a b -3.05096 16 0
0 0 108.446 0 55.0375 a b -3.05173 16 0
0 0 108.444 0 55.0069 a b -3.05668 16 0
0 0 108.432 0 54.9763 a b -3.05558 16 0
0 0 108.427 0 54.9484 a b -3.05683 16 0
0 0 108.43 0 54.9243 a b -3.06007 16 0
0 0 108.425 0 54.8995 a b -3.06089 16 0
0 0 108.416 0 54.8765 a b -3.05877 16 0
0 0 108.415 0 54.8483 a b -3.0547 16 0
0 0 108.425 0 54.813 a b -3.05869 16 0
0 0 108.431 0 54.7878 a b -3.06513 16 0
0 0 108.426 0 54.7601 a b -3.06834 16 0
0 0 108.425 0 54.732 a b -3.06886 16 0
0 0 108.412 0 54.7079 a b -3.06883 16 0
0 0 108.416 0 54.6755 a b -3.06958 16 0
0 0 108.414 0 54.6447 a b -3.07283 16 0
0 0 108.408 0 54.6095 a b -3.07509 16 0
0 0 108.405 0 54.575 a b -3.07574 16 0
0 0 108.405 0 54.5443 a b -3.07492 16 0
0 0 108.411 0 54.5156 a b -3.07749 16 0
0 0 108.417 0 54.4852 a b -3.08064 16 0
0 0 108.408 0 54.462 a b -3.08481 16 0
0 0 108.397 0 54.4334 a b -3.08345 16 0
0 0 108.401 0 54.4079 a b -3.08216 16 0
0 0 108.409 0 54.3826 a b -3.08362 16 0
0 0 108.407 0 54.3564 a b -3.08648 16 0
0 0 108.402 0 54.3256 a b -3.08976 16 0
0 0 108.413 0 54.2949 a b -3.09385 16 0
0 0 108.413 0 54.2594 a b -3.09987 16 0
0 0 108.402 0 54.232 a b -3.10327 16 0
0 0 108.401 0 54.2018 a b -3.09794 16 0
0 0 108.405 0 54.1757 a b -3.0935 16 0
0 0 108.417 0 54.148 a b -3.09775 16 0
0 0 108.425 0 54.1282 a b -3.10811 16 0
0 0 108.41 0 54.1034 a b -3.11311 16 0
0 0 108.4 0 54.0788 a b -3.11238 16 0
0 0 108.402 0 54.0564 a b -3.10885 16 0
0 0 108.413 0 54.0387 a b -3.10867 16 0
0 0 108.413 0 54.0087 a b -3.11333 16 0
0 0 108.404 0 53.9832 a b -3.12009 16 0
0 0 108.4 0 53.9602 a b -3.12054 16 0
0 0 108.4 0 53.9294 a b -3.11768 16 0
0 0 108.408 0 53.8996 a b -3.11353 16 0
0 0 108.414 0 53.8641 a b -3.11605 16 0
0 0 108.409 0 53.8343 a b -3.12016 16 0
0 0 108.402 0 53.804 a b -3.12068 16 0
0 0 108.403 0 53.7737 a b -3.12155 16 0
0 0 108.411 0 53.7439 a b -3.12151 16 0
0 0 108.412 0 53.7061 a b -3.1211 16 0
0 0 108.417 0 53.679 a b -3.11696 16 0
0 0 108.416 0 53.6467 a b -3.11615 16 0
0 0 108.419 0 53.6172 a b -3.12772 16 0
0 0 108.419 0 53.5986 a b -3.13852 16 0
0 0 108.424 0 53.5765 a b -3.13036 16 0
0 0 108.421 0 53.5465 a b -3.12072 16 0
0 0 108.421 0 53.5145 a b -3.11987 16 0
0 0 108.417 0 53.4834 a b -3.12314 16 0
0 0 108.417 0 53.4503 a b -3.12491 16 0
0 0 108.415 0 53.4195 a b -3.12282 16 0
0 0 108.417 0 53.3805 a b -3.11743 16 0
0 0 108.419 0 53.344 a b -3.11683 16 0
0 0 108.423 0 53.3103 a b -3.12087 16 0
0 0 108.429 0 53.2822 a b -3.11936 16 0
0 0 108.429 0 53.2516 a b -3.11503 16 0
0 0 108.425 0 53.2245 a b -3.11154 16 0
0 0 108.422 0 53.1928 a b -3.11397 16 0
0 0 108.419 0 53.1686 a b -3.11617 16 0
0 0 108.418 0 53.1445 a b -3.11106 16 0
0 0 108.42 0 53.1158 a b -3.10764 16 0
0 0 108.424 0 53.0903 a b -3.11191 16 0
0 0 108.427 0 53.0676 a b -3.11288 16 0
0 0 108.431 0 53.0387 a b -3.10927 16 0
0 0 108.432 0 53.0105 a b -3.10926 16 0
0 0 108.429 0 52.9854 a b -3.10961 16 0
0 0 108.427 0 52.9605 a b -3.10638 16 0
0 0 108.426 0 52.9315 a b -3.10266 16 0
0 0 108.423 0 52.8966 a b -3.1067 16 0
0 0 108.418 0 52.8556 a b -3.10824 16 0
0 0 108.417 0 52.8255 a b -3.10551 16 0
0 0 108.415 0 52.802 a b -3.10036 16 0
0 0 108.414 0 52.7691 a b -3.09865 16 0
0 0 108.417 0 52.7413 a b -3.09665 16 0
0 0 108.418 0 52.7177 a b -3.09152 16 0
0 0 108.415 0 52.6868 a b -3.09116 16 0
0 0 108.415 0 52.6532 a b -3.09313 16 0
0 0 108.417 0 52.63 a b -3.09129 16 0
0 0 108.411 0 52.6025 a b -3.08824 16 0
0 0 108.406 0 52.5702 a b -3.08904 16 0
0 0 108.411 0 52.5412 a b -3.09337 16 0
0 0 108.418 0 52.5092 a b -3.08948 16 0
0 0 108.418 0 52.4801 a b -3.07897 16 0
0 0 108.412 0 52.4568 a b -3.077 16 0
0 0 108.412 0 52.4284 a b -3.08458 16 0
0 0 108.415 0 52.3932 a b -3.08686 16 0
0 0 108.413 0 52.3629 a b -3.08029 16 0
0 0 108.421 0 52.3325 a b -3.07258 16 0
0 0 108.425 0 52.3084 a b -3.06716 16 0
0 0 108.424 0 52.2797 a b -3.0685 16 0
0 0 108.419 0 52.2477 a b -3.07279 16 0
0 0 108.416 0 52.2077 a b -3.07502 16 0
0 0 108.414 0 52.1742 a b -3.06834 16 0
0 0 108.413 0 52.1542 a b -3.06142 16 0
0 0 108.413 0 52.1339 a b -3.06102 16 0
0 0 108.413 0 52.1069 a b -3.06098 16 0
0 0 108.412 0 52.0774 a b -3.05709 16 0
0 0 108.411 0 52.05 a b -3.0528 16 0
0 0 108.404 0 52.0255 a b -3.05241 16 0
0 0 108.403 0 51.9899 a b -3.04863 16 0
0 0 108.403 0 51.9561 a b -3.03559 16 0
0 0 108.406 0 51.9366 a b -3.02565 16 0
0 0 108.411 0 51.9176 a b -3.02598 16 0
0 0 108.409 0 51.8799 a b -3.02524 16 0
0 0 108.403 0 51.8319 a b -3.01537 16 0
0 0 108.396 0 51.8101 a b -3.00772 16 0
0 0 108.391 0 51.7908 a b -3.01221 16 0
0 0 108.39 0 51.7553 a b -3.01962 16 0
0 0 108.386 0 51.7195 a b -3.02253 16 0
0 0 108.381 0 51.6881 a b -3.0224 16 0
0 0 108.381 0 51.6603 a b -3.02534 16 0
0 0 108.379 0 51.6317 a b -3.03055 16 0
0 0 108.377 0 51.609 a b -3.03429 16 0
0 0 108.372 0 51.5841 a b -3.04126 16 0
0 0 108.369 0 51.5609 a b -3.04888 16 0
0 0 108.369 0 51.5386 a b -3.0593 16 0
0 0 108.363 0 51.5144 a b -3.07095 16 0
0 0 108.361 0 51.4897 a b -3.08196 16 0
0 0 108.359 0 51.4586 a b -3.09253 16 0
0 0 108.36 0 51.4284 a b -3.09746 16 0
0 0 108.36 0 51.4 a b -3.10083 16 0
0 0 108.361 0 51.3738 a b -3.10866 16 0
0 0 108.359 0 51.3469 a b -3.11058 16 0
0 0 108.358 0 51.3135 a b -3.1126 16 0
0 0 108.357 0 51.2907 a b -3.12148 16 0
0 0 108.356 0 51.27 a b -3.12115 16 0
0 0 108.357 0 51.2394 a b -3.11592 16 0
0 0 108.357 0 51.2126 a b -3.11596 16 0
0 0 108.362 0 51.1803 a b -3.12091 16 0
0 0 108.366 0 51.1576 a b -3.1294 16 0
0 0 108.365 0 51.1349 a b -3.13341 16 0
0 0 108.362 0 51.1034 a b -3.13008 16 0
0 0 108.362 0 51.0733 a b -3.13036 16 0
0 0 108.361 0 51.0433 a b -3.13136 16 0
0 0 108.365 0 51.0084 a b -3.12827 16 0
0 0 108.365 0 50.9764 a b -3.13033 16 0
0 0 108.366 0 50.9492 a b -3.12976 16 0
0 0 108.369 0 50.9197 a b -3.12915 16 0
0 0 108.375 0 50.8895 a b -3.12784 16 0
0 0 108.381 0 50.8638 a b -3.13067 16 0
0 0 108.384 0 50.8352 a b -3.1306 16 0
0 0 108.385 0 50.8052 a b -3.13101 16 0
0 0 108.385 0 50.7748 a b -3.13547 16 0
0 0 108.384 0 50.7488 a b -3.13089 16 0
0 0 108.384 0 50.723 a b -3.13474 16 0
0 0 108.386 0 50.7025 a b -3.14082 16 0
0 0 108.386 0 50.6825 a b -3.13539 16 0
0 0 108.388 0 50.6595 a b -3.12643 16 0
0 0 108.392 0 50.6302 a b -3.12482 16 0
0 0 108.393 0 50.602 a b -3.12928 16 0
0 0 108.394 0 50.5721 a b -3.13571 16 0
0 0 108.393 0 50.5408 a b -3.13647 16 0
0 0 108.395 0 50.5067 a b -3.13287 16 0
0 0 108.394 0 50.4751 a b -3.13178 16 0
0 0 108.392 0 50.447 a b -3.13044 16 0
0 0 108.392 0 50.4172 a b -3.13199 16 0
0 0 108.393 0 50.3905 a b -3.13322 16 0
0 0 108.398 0 50.3607 a b -3.12515 16 0
0 0 108.402 0 50.324 a b -3.12012 16 0
0 0 108.403 0 50.2978 a b -3.1204 16 0
0 0 108.405 0 50.2713 a b -3.11797 16 0
0 0 108.405 0 50.2416 a b -3.11973 16 0
0 0 108.406 0 50.2177 a b -3.12497 16 0
0 0 108.404 0 50.1967 a b -3.12612 16 0
0 0 108.403 0 50.1711 a b -3.11759 16 0
0 0 108.406 0 50.1436 a b -3.11585 16 0
0 0 108.405 0 50.1148 a b -3.1212 16 0
0 0 108.406 0 50.0872 a b -3.12227 16 0
0 0 108.412 0 50.0593 a b -3.11978 16 0
0 0 108.409 0 50.0304 a b -3.119 16 0
0 0 108.405 0 50.0042 a b -3.11844 16 0
0 0 108.403 0 49.9711 a b -3.11568 16 0
0 0 108.4 0 49.9367 a b -3.11163 16 0
0 0 108.398 0 49.9071 a b -3.11149 16 0
0 0 108.401 0 49.8736 a b -3.1083 16 0
0 0 108.403 0 49.8384 a b -3.10928 16 0
0 0 108.407 0 49.8095 a b -3.10978 16 0
0 0 108.404 0 49.7751 a b -3.10829 16 0
0 0 108.402 0 49.7444 a b -3.10995 16 0
0 0 108.406 0 49.7139 a b -3.11173 16 0
0 0 108.406 0 49.683 a b -3.10902 16 0
0 0 108.404 0 49.6558 a b -3.10772 16 0
0 0 108.402 0 49.6318 a b -3.10953 16 0
0 0 108.405 0 49.6043 a b -3.11106 16 0
0 0 108.405 0 49.5784 a b -3.1096 16 0
0 0 108.406 0 49.5487 a b -3.10786 16 0
0 0 108.408 0 49.5171 a b -3.10805 16 0
0 0 108.41 0 49.4922 a b -3.10944 16 0
0 0 108.412 0 49.4675 a b -3.11171 16 0
0 0 108.411 0 49.4439 a b -3.11251 16 0
0 0 108.413 0 49.4112 a b -3.10757 16 0
0 0 108.411 0 49.377 a b -3.09948 16 0
0 0 108.41 0 49.3437 a b -3.10027 16 0
0 0 108.41 0 49.3163 a b -3.10808 16 0
0 0 108.409 0 49.2887 a b -3.11388 16 0
0 0 108.412 0 49.2587 a b -3.11151 16 0
0 0 108.415 0 49.2289 a b -3.10671 16 0
0 0 108.414 0 49.2048 a b -3.10057 16 0
0 0 108.413 0 49.1788 a b -3.09637 16 0
0 0 108.414 0 49.1496 a b -3.0985 16 0
0 0 108.415 0 49.1191 a b -3.10412 16 0
0 0 108.417 0 49.0889 a b -3.10685 16 0
0 0 108.415 0 49.0573 a b -3.10733 16 0
0 0 108.415 0 49.0237 a b -3.10401 16 0
0 0 108.415 0 48.9929 a b -3.1024 16 0
0 0 108.419 0 48.9603 a b -3.10369 16 0
0 0 108.421 0 48.9236 a b -3.10242 16 0
0 0 108.422 0 48.894 a b -3.09744 16 0
0 0 108.425 0 48.8657 a b -3.0977 16 0
0 0 108.424 0 48.831 a b -3.10147 16 0
0 0 108.422 0 48.7936 a b -3.10145 16 0
0 0 108.422 0 48.7604 a b -3.09766 16 0
0 0 108.422 0 48.7319 a b -3.09504 16 0
0 0 108.421 0 48.7041 a b -3.09248 16 0
0 0 108.422 0 48.6817 a b -3.09007 16 0
0 0 108.422 0 48.6569 a b -3.09286 16 0
0 0 108.424 0 48.6257 a b -3.09627 16 0
0 0 108.423 0 48.5951 a b -3.09476 16 0
0 0 108.425 0 48.5698 a b -3.08683 16 0
0 0 108.423 0 48.5468 a b -3.08414 16 0
0 0 108.422 0 48.5211 a b -3.0854 16 0
0 0 108.425 0 48.4938 a b -3.08538 16 0
0 0 108.426 0 48.4648 a b -3.08555 16 0
0 0 108.427 0 48.4356 a b -3.08173 16 0
0 0 108.427 0 48.4127 a b -3.07874 16 0
0 0 108.425 0 48.386 a b -3.07946 16 0
0 0 108.423 0 48.3512 a b -3.08178 16 0
0 0 108.423 0 48.3171 a b -3.07892 16 0
0 0 108.421 0 48.2894 a b -3.08143 16 0
0 0 108.428 0 48.2567 a b -3.08282 16 0
0 0 108.427 0 48.2201 a b -3.07972 16 0
0 0 108.429 0 48.1877 a b -3.07556 16 0
0 0 108.429 0 48.1581 a b -3.07506 16 0
0 0 108.429 0 48.1337 a b -3.07875 16 0
0 0 108.427 0 48.1065 a b -3.08308 16 0
0 0 108.424 0 48.0803 a b -3.08162 16 0
0 0 108.423 0 48.0566 a b -3.08073 16 0
0 0 108.423 0 48.0317 a b -3.07837 16 0
0 0 108.422 0 48.0051 a b -3.07487 16 0
0 0 108.423 0 47.9824 a b -3.07219 16 0
0 0 108.424 0 47.9557 a b -3.07423 16 0
0 0 108.423 0 47.9259 a b -3.07782 16 0
0 0 108.42 0 47.8935 a b -3.0803 16 0
0 0 108.419 0 47.8603 a b -3.08182 16 0
0 0 108.418 0 47.8269 a b -3.08121 16 0
0 0 108.417 0 47.7902 a b -3.07815 16 0
0 0 108.418 0 47.7541 a b -3.07534 16 0
0 0 108.421 0 47.7215 a b -3.07462 16 0
0 0 108.421 0 47.6886 a b -3.07471 16 0
0 0 108.422 0 47.6567 a b -3.07776 16 0
0 0 108.417 0 47.6318 a b -3.08403 16 0
0 0 108.415 0 47.6066 a b -3.08869 16 0
0 0 108.411 0 47.5862 a b -3.08568 16 0
0 0 108.41 0 47.5616 a b -3.07213 16 0
0 0 108.412 0 47.5347 a b -3.06376 16 0
0 0 108.415 0 47.5025 a b -3.06749 16 0
0 0 108.419 0 47.474 a b -3.07977 16 0
0 0 108.416 0 47.4518 a b -3.0838 16 0
0 0 108.409 0 47.4261 a b -3.08266 16 0
0 0 108.406 0 47.3973 a b -3.07654 16 0
0 0 108.405 0 47.3602 a b -3.07605 16 0
0 0 108.407 0 47.3324 a b -3.08394 16 0
0 0 108.407 0 47.3122 a b -3.08494 16 0
0 0 108.403 0 47.2862 a b -3.07393 16 0
0 0 108.405 0 47.2484 a b -3.06397 16 0
0 0 108.404 0 47.2127 a b -3.06421 16 0
0 0 108.403 0 47.1781 a b -3.07223 16 0
0 0 108.404 0 47.1498 a b -3.08038 16 0
0 0 108.403 0 47.1193 a b -3.08458 16 0
0 0 108.4 0 47.0879 a b -3.08135 16 0
0 0 108.4 0 47.0524 a b -3.07378 16 0
0 0 108.4 0 47.0096 a b -3.06941 16 0
0 0 108.399 0 46.9717 a b -3.07815 16 0
0 0 108.4 0 46.9446 a b -3.08946 16 0
0 0 108.396 0 46.9204 a b -3.08914 16 0
0 0 108.396 0 46.8946 a b -3.08249 16 0
0 0 108.397 0 46.8669 a b -3.07823 16 0
0 0 108.398 0 46.8468 a b -3.08129 16 0
0 0 108.395 0 46.829 a b -3.08397 16 0
0 0 108.393 0 46.812 a b -3.08309 16 0
0 0 108.392 0 46.7943 a b -3.08379 16 0
0 0 108.391 0 46.7794 a b -3.0842 16 0
0 0 108.391 0 46.7661 a b -3.0842 16 0
0 0 108.39 0 46.7478 a b -3.08262 16 0
0 0 108.391 0 46.7278 a b -3.08101 16 0
0 0 108.392 0 46.7003 a b -3.08141 16 0
0 0 108.394 0 46.673 a b -3.08588 16 0
0 0 108.393 0 46.6447 a b -3.09263 16 0
0 0 108.391 0 46.6128 a b -3.09966 16 0
0 0 108.389 0 46.5732 a b -3.09784 16 0
0 0 108.388 0 46.5264 a b -3.09958 16 0
0 0 108.388 0 46.4851 a b -3.10271 16 0
0 0 108.384 0 46.4473 a b -3.10478 16 0
0 0 108.382 0 46.4076 a b -3.11408 16 0
0 0 108.381 0 46.3692 a b -3.12898 16 0
0 0 108.381 0 46.3294 a b 3.14076 16 0
0 0 108.378 0 46.2936 a b 3.13104 16 0
0 0 108.375 0 46.2585 a b 3.11804 16 0
0 0 108.379 0 46.2297 a b 3.10656 16 0
0 0 108.384 0 46.2101 a b 3.10585 16 0
0 0 108.386 0 46.1956 a b 3.1065 16 0
0 0 108.387 0 46.1818 a b 3.10746 16 0
0 0 108.385 0 46.1715 a b 3.10636 16 0
0 0 108.384 0 46.1609 a b 3.10044 16 0
0 0 108.386 0 46.1412 a b 3.08869 16 0
0 0 108.386 0 46.1298 a b 3.08826 16 0
0 0 108.384 0 46.1105 a b 3.08612 16 0
0 0 108.384 0 46.0791 a b 3.07383 16 0
0 0 108.388 0 46.0467 a b 3.06515 16 0
0 0 108.395 0 46.0101 a b 3.06121 16 0
0 0 108.4 0 45.9717 a b 3.05966 16 0
0 0 108.404 0 45.9301 a b 3.05927 16 0
0 0 108.406 0 45.8897 a b 3.06288 16 0
0 0 108.408 0 45.8487 a b 3.07058 16 0
0 0 108.41 0 45.8071 a b 3.07523 16 0
0 0 108.411 0 45.7594 a b 3.07861 16 0
0 0 108.414 0 45.7161 a b 3.08564 16 0
0 0 108.418 0 45.6712 a b 3.09099 16 0
0 0 108.422 0 45.6275 a b 3.09294 16 0
0 0 108.425 0 45.5901 a b 3.09408 16 0
0 0 108.426 0 45.5523 a b 3.09492 16 0
0 0 108.427 0 45.5117 a b 3.09615 16 0
0 0 108.43 0 45.479 a b 3.10318 16 0
0 0 108.436 0 45.4528 a b 3.11286 16 0
0 0 108.432 0 45.435 a b 3.11101 16 0
0 0 108.428 0 45.4252 a b 3.10981 16 0
0 0 108.425 0 45.406 a b 3.11314 16 0
0 0 108.43 0 45.3839 a b 3.12083 16 0
0 0 108.435 0 45.3562 a b 3.1261 16 0
0 0 108.441 0 45.3205 a b 3.13248 16 0
0 0 108.442 0 45.271 a b 3.13619 16 0
0 0 108.437 0 45.2234 a b -3.13775 16 0
0 0 108.436 0 45.1746 a b -3.12659 16 0
0 0 108.439 0 45.1245 a b -3.12048 16 0
0 0 108.439 0 45.0753 a b -3.11073 16 0
0 0 108.44 0 45.0324 a b -3.10143 16 0
0 0 108.443 0 44.9979 a b -3.09746 16 0
0 0 108.444 0 44.9676 a b -3.09873 16 0
0 0 108.442 0 44.9388 a b -3.09384 16 0
0 0 108.451 0 44.9229 a b -3.08915 16 0
0 0 108.444 0 44.9124 a b -3.09861 16 0
0 0 108.434 0 44.8957 a b -3.09365 16 0
0 0 108.436 0 44.8791 a b -3.07839 16 0
0 0 108.443 0 44.8625 a b -3.07509 16 0
0 0 108.449 0 44.8363 a b -3.08328 16 0
0 0 108.443 0 44.8019 a b -3.09058 16 0
0 0 108.439 0 44.7698 a b -3.09231 16 0
0 0 108.433 0 44.7338 a b -3.08953 16 0
0 0 108.427 0 44.6948 a b -3.08265 16 0
0 0 108.43 0 44.662 a b -3.08186 16 0
0 0 108.432 0 44.6265 a b -3.0846 16 0
0 0 108.432 0 44.5965 a b -3.08557 16 0
0 0 108.434 0 44.5663 a b -3.08342 16 0
0 0 108.434 0 44.5379 a b -3.08057 16 0
0 0 108.433 0 44.5097 a b -3.0772 16 0
0 0 108.432 0 44.4837 a b -3.07804 16 0
0 0 108.434 0 44.4569 a b -3.08272 16 0
0 0 108.43 0 44.4342 a b -3.08763 16 0
0 0 108.426 0 44.408 a b -3.08309 16 0
0 0 108.424 0 44.3803 a b -3.07667 16 0
0 0 108.425 0 44.3503 a b -3.07435 16 0
0 0 108.424 0 44.3138 a b -3.07851 16 0
0 0 108.42 0 44.2836 a b -3.08266 16 0
0 0 108.416 0 44.2553 a b -3.08251 16 0
0 0 108.413 0 44.2233 a b -3.07638 16 0
0 0 108.414 0 44.1936 a b -3.07257 16 0
0 0 108.413 0 44.1636 a b -3.06924 16 0
0 0 108.412 0 44.129 a b -3.06904 16 0
0 0 108.41 0 44.0915 a b -3.07326 16 0
0 0 108.41 0 44.0619 a b -3.08151 16 0
0 0 108.407 0 44.0391 a b -3.07889 16 0
0 0 108.403 0 44.0064 a b -3.06789 16 0
0 0 108.402 0 43.9697 a b -3.06584 16 0
0 0 108.403 0 43.9449 a b -3.0752 16 0
0 0 108.402 0 43.9274 a b -3.08215 16 0
0 0 108.399 0 43.9061 a b -3.0747 16 0
0 0 108.399 0 43.8731 a b -3.06478 16 0
0 0 108.401 0 43.843 a b -3.06596 16 0
0 0 108.402 0 43.8153 a b -3.07223 16 0
0 0 108.397 0 43.7899 a b -3.07879 16 0
0 0 108.393 0 43.7684 a b -3.07895 16 0
0 0 108.387 0 43.7383 a b -3.07505 16 0
0 0 108.388 0 43.7109 a b -3.07632 16 0
0 0 108.389 0 43.6876 a b -3.0744 16 0
0 0 108.385 0 43.6588 a b -3.06976 16 0
0 0 108.384 0 43.6271 a b -3.07059 16 0
0 0 108.388 0 43.5988 a b -3.07624 16 0
0 0 108.386 0 43.5751 a b -3.08107 16 0
0 0 108.383 0 43.5497 a b -3.07643 16 0
0 0 108.376 0 43.5143 a b -3.07134 16 0
0 0 108.376 0 43.4828 a b -3.07511 16 0
0 0 108.376 0 43.4553 a b -3.0798 16 0
0 0 108.376 0 43.4276 a b -3.07907 16 0
0 0 108.374 0 43.395 a b -3.07466 16 0
0 0 108.374 0 43.3625 a b -3.07589 16 0
0 0 108.372 0 43.3348 a b -3.08103 16 0
0 0 108.374 0 43.3066 a b -3.08332 16 0
0 0 108.374 0 43.2793 a b -3.07979 16 0
0 0 108.368 0 43.2511 a b -3.0783 16 0
0 0 108.365 0 43.2226 a b -3.0798 16 0
0 0 108.367 0 43.1937 a b -3.07921 16 0
0 0 108.364 0 43.1638 a b -3.07915 16 0
0 0 108.367 0 43.1345 a b -3.08147 16 0
0 0 108.365 0 43.1068 a b -3.08283 16 0
0 0 108.365 0 43.0799 a b -3.08366 16 0
0 0 108.366 0 43.0493 a b -3.08215 16 0
0 0 108.364 0 43.0197 a b -3.08162 16 0
0 0 108.362 0 42.9899 a b -3.08261 16 0
0 0 108.362 0 42.9622 a b -3.08259 16 0
0 0 108.361 0 42.9307 a b -3.08352 16 0
0 0 108.36 0 42.8998 a b -3.08467 16 0
0 0 108.361 0 42.8721 a b -3.08546 16 0
0 0 108.36 0 42.8435 a b -3.086 16 0
0 0 108.359 0 42.8169 a b -3.08673 16 0
0 0 108.362 0 42.7903 a b -3.08689 16 0
0 0 108.36 0 42.766 a b -3.0835 16 0
0 0 108.356 0 42.7408 a b -3.0824 16 0
0 0 108.357 0 42.7113 a b -3.08451 16 0
0 0 108.354 0 42.6858 a b -3.08606 16 0
0 0 108.354 0 42.6559 a b -3.08941 16 0
0 0 108.357 0 42.6257 a b -3.0911 16 0
0 0 108.356 0 42.5964 a b -3.09295 16 0
0 0 108.353 0 42.5645 a b -3.09565 16 0
0 0 108.352 0 42.5279 a b -3.09649 16 0
0 0 108.353 0 42.4936 a b -3.09754 16 0
0 0 108.349 0 42.4607 a b -3.10099 16 0
0 0 108.348 0 42.4198 a b -3.10581 16 0
0 0 108.351 0 42.3839 a b -3.10499 16 0
0 0 108.355 0 42.355 a b -3.10341 16 0
0 0 108.355 0 42.3315 a b -3.10941 16 0
0 0 108.354 0 42.3029 a b -3.11452 16 0
0 0 108.353 0 42.2729 a b -3.11602 16 0
0 0 108.356 0 42.2526 a b -3.11546 16 0
0 0 108.356 0 42.2338 a b -3.11779 16 0
0 0 108.354 0 42.2128 a b -3.1215 16 0
0 0 108.355 0 42.1921 a b -3.12294 16 0
0 0 108.357 0 42.1757 a b -3.13104 16 0
0 0 108.358 0 42.1496 a b -3.13827 16 0
0 0 108.357 0 42.1158 a b 3.14139 16 0
0 0 108.361 0 42.0888 a b -3.14078 16 0
0 0 108.36 0 42.0673 a b 3.13933 16 0
0 0 108.358 0 42.0391 a b 3.13214 16 0
0 0 108.358 0 41.9997 a b 3.12658 16 0
0 0 108.356 0 41.9661 a b 3.12714 16 0
0 0 108.358 0 41.9371 a b 3.12474 16 0
0 0 108.365 0 41.9038 a b 3.1156 16 0
0 0 108.365 0 41.8619 a b 3.11369 16 0
0 0 108.367 0 41.8284 a b 3.11468 16 0
0 0 108.37 0 41.7976 a b 3.11367 16 0
0 0 108.373 0 41.7663 a b 3.10579 16 0
0 0 108.37 0 41.7341 a b 3.10045 16 0
0 0 108.368 0 41.7038 a b 3.09938 16 0
0 0 108.37 0 41.6764 a b 3.10392 16 0
0 0 108.378 0 41.6538 a b 3.10453 16 0
0 0 108.378 0 41.6293 a b 3.10205 16 0
0 0 108.374 0 41.6031 a b 3.10494 16 0
0 0 108.376 0 41.5787 a b 3.11095 16 0
0 0 108.385 0 41.5509 a b 3.11168 16 0
0 0 108.38 0 41.5264 a b 3.10797 16 0
0 0 108.379 0 41.4973 a b 3.11344 16 0
0 0 108.382 0 41.4712 a b 3.11682 16 0
0 0 108.384 0 41.4429 a b 3.11766 16 0
0 0 108.383 0 41.4136 a b 3.11884 16 0
0 0 108.385 0 41.3822 a b 3.1241 16 0
0 0 108.386 0 41.352 a b 3.12742 16 0
0 0 108.389 0 41.322 a b 3.12735 16 0
0 0 108.387 0 41.2896 a b 3.12817 16 0
0 0 108.39 0 41.2564 a b 3.13127 16 0
0 0 108.389 0 41.2279 a b 3.13105 16 0
0 0 108.387 0 41.202 a b 3.13525 16 0
0 0 108.389 0 41.1733 a b -3.14133 16 0
0 0 108.392 0 41.1455 a b -3.13697 16 0
0 0 108.394 0 41.1212 a b -3.13774 16 0
0 0 108.39 0 41.0984 a b -3.138 16 0
0 0 108.389 0 41.0719 a b -3.13288 16 0
0 0 108.391 0 41.0478 a b -3.1297 16 0
0 0 108.389 0 41.0224 a b -3.12429 16 0
0 0 108.391 0 40.9954 a b -3.11926 16 0
0 0 108.392 0 40.9668 a b -3.11691 16 0
0 0 108.394 0 40.934 a b -3.11446 16 0
0 0 108.393 0 40.907 a b -3.11417 16 0
0 0 108.39 0 40.8767 a b -3.10875 16 0
0 0 108.389 0 40.8364 a b -3.10155 16 0
0 0 108.392 0 40.7995 a b -3.10277 16 0
0 0 108.394 0 40.7758 a b -3.10205 16 0
0 0 108.391 0 40.7465 a b -3.08872 16 0
0 0 108.39 0 40.7019 a b -3.07955 16 0
0 0 108.391 0 40.6698 a b -3.08145 16 0
0 0 108.389 0 40.6489 a b -3.08294 16 0
0 0 108.383 0 40.6323 a b -3.07182 16 0
0 0 108.376 0 40.5994 a b -3.05723 16 0
0 0 108.375 0 40.5701 a b -3.05208 16 0
0 0 108.377 0 40.5479 a b -3.05204 16 0
0 0 108.382 0 40.5306 a b -3.0481 16 0
0 0 108.382 0 40.5074 a b -3.03694 16 0
0 0 108.384 0 40.4776 a b -3.03124 16 0
0 0 108.383 0 40.4534 a b -3.02894 16 0
0 0 108.378 0 40.4295 a b -3.02323 16 0
0 0 108.375 0 40.3956 a b -3.01508 16 0
0 0 108.373 0 40.3555 a b -3.01485 16 0
0 0 108.375 0 40.3308 a b -3.02122 16 0
0 0 108.374 0 40.2997 a b -3.02107 16 0
0 0 108.368 0 40.2665 a b -3.01864 16 0
0 0 108.363 0 40.2288 a b -3.02283 16 0
0 0 108.367 0 40.1977 a b -3.02842 16 0
0 0 108.367 0 40.166 a b -3.0199 16 0
0 0 108.355 0 40.1263 a b -3.01385 16 0
0 0 108.352 0 40.0869 a b -3.02325 16 0
0 0 108.352 0 40.0583 a b -3.03016 16 0
0 0 108.353 0 40.0311 a b -3.02629 16 0
0 0 108.343 0 39.9999 a b -3.02019 16 0
0 0 108.342 0 39.971 a b -3.02392 16 0
0 0 108.344 0 39.9475 a b -3.02907 16 0
0 0 108.343 0 39.9246 a b -3.03474 16 0
0 0 108.344 0 39.9034 a b -3.03459 16 0
0 0 108.336 0 39.8772 a b -3.03246 16 0
0 0 108.333 0 39.8518 a b -3.03559 16 0
0 0 108.342 0 39.8246 a b -3.03445 16 0
0 0 108.339 0 39.8012 a b -3.02316 16 0
0 0 108.326 0 39.7717 a b -3.02243 16 0
0 0 108.322 0 39.743 a b -3.0352 16 0
0 0 108.327 0 39.7109 a b -3.04488 16 0
0 0 108.333 0 39.676 a b -3.04643 16 0
0 0 108.327 0 39.6434 a b -3.04137 16 0
0 0 108.318 0 39.6068 a b -3.04507 16 0
0 0 108.319 0 39.5717 a b -3.04817 16 0
0 0 108.318 0 39.5412 a b -3.04623 16 0
0 0 108.312 0 39.5105 a b -3.04955 16 0
0 0 108.317 0 39.486 a b -3.0495 16 0
0 0 108.311 0 39.4648 a b -3.04676 16 0
0 0 108.307 0 39.4438 a b -3.05067 16 0
0 0 108.309 0 39.4169 a b -3.05448 16 0
0 0 108.311 0 39.3952 a b -3.05378 16 0
0 0 108.309 0 39.3731 a b -3.05375 16 0
0 0 108.307 0 39.3473 a b -3.05761 16 0
0 0 108.305 0 39.3216 a b -3.05486 16 0
0 0 108.305 0 39.2931 a b -3.05455 16 0
0 0 108.303 0 39.2626 a b -3.05724 16 0
0 0 108.302 0 39.2335 a b -3.05635 16 0
0 0 108.3 0 39.2077 a b -3.05665 16 0
0 0 108.297 0 39.1778 a b -3.06012 16 0
0 0 108.295 0 39.1442 a b -3.06114 16 0
0 0 108.293 0 39.1142 a b -3.05882 16 0
0 0 108.293 0 39.0895 a b -3.05664 16 0
0 0 108.292 0 39.0612 a b -3.06609 16 0
0 0 108.289 0 39.0188 a b -3.07338 16 0
0 0 108.29 0 38.9813 a b -3.06671 16 0
0 0 108.292 0 38.9589 a b -3.05559 16 0
0 0 108.294 0 38.9427 a b -3.0571 16 0
0 0 108.295 0 38.9194 a b -3.06933 16 0
0 0 108.291 0 38.8816 a b -3.07555 16 0
0 0 108.288 0 38.8529 a b -3.07091 16 0
0 0 108.286 0 38.829 a b -3.06735 16 0
0 0 108.286 0 38.8012 a b -3.06689 16 0
0 0 108.283 0 38.773 a b -3.06864 16 0
0 0 108.285 0 38.7412 a b -3.07172 16 0
0 0 108.283 0 38.7064 a b -3.07943 16 0
0 0 108.283 0 38.6681 a b -3.08347 16 0
0 0 108.282 0 38.6346 a b -3.07948 16 0
0 0 108.282 0 38.6067 a b -3.07925 16 0
0 0 108.284 0 38.5789 a b -3.08614 16 0
0 0 108.283 0 38.5528 a b -3.0945 16 0
0 0 108.277 0 38.5258 a b -3.1014 16 0
0 0 108.274 0 38.4978 a b -3.10034 16 0
0 0 108.274 0 38.4719 a b -3.10233 16 0
0 0 108.279 0 38.443 a b -3.11303 16 0
0 0 108.275 0 38.4087 a b -3.11931 16 0
0 0 108.273 0 38.3759 a b -3.11432 16 0
0 0 108.276 0 38.3497 a b -3.11381 16 0
0 0 108.277 0 38.3227 a b -3.12054 16 0
0 0 108.276 0 38.2897 a b -3.12698 16 0
0 0 108.276 0 38.2577 a b -3.12808 16 0
0 0 108.279 0 38.2312 a b -3.13106 16 0
0 0 108.279 0 38.2005 a b -3.13619 16 0
0 0 108.28 0 38.1704 a b -3.13735 16 0
0 0 108.284 0 38.1419 a b -3.13647 16 0
0 0 108.286 0 38.1156 a b -3.13771 16 0
0 0 108.284 0 38.0904 a b -3.13723 16 0
0 0 108.285 0 38.0665 a b -3.13477 16 0
0 0 108.289 0 38.0401 a b -3.1347 16 0
0 0 108.291 0 38.0167 a b -3.13806 16 0
0 0 108.288 0 37.986 a b -3.13596 16 0
0 0 108.292 0 37.9562 a b -3.13212 16 0
0 0 108.291 0 37.924 a b -3.13372 16 0
0 0 108.287 0 37.8903 a b -3.1338 16 0
0 0 108.291 0 37.8558 a b -3.12884 16 0
0 0 108.297 0 37.8239 a b -3.12737 16 0
0 0 108.298 0 37.791 a b -3.1304 16 0
0 0 108.298 0 37.7571 a b -3.12901 16 0
0 0 108.302 0 37.7247 a b -3.12345 16 0
0 0 108.304 0 37.6944 a b -3.12828 16 0
0 0 108.298 0 37.6665 a b -3.13068 16 0
0 0 108.298 0 37.6344 a b -3.12444 16 0
0 0 108.302 0 37.6068 a b -3.12295 16 0
0 0 108.303 0 37.5832 a b -3.12485 16 0
0 0 108.301 0 37.5608 a b -3.12326 16 0
0 0 108.304 0 37.5339 a b -3.11984 16 0
0 0 108.304 0 37.5066 a b -3.1216 16 0
0 0 108.304 0 37.4759 a b -3.12039 16 0
0 0 108.305 0 37.4435 a b -3.12126 16 0
0 0 108.307 0 37.415 a b -3.12225 16 0
0 0 108.31 0 37.3852 a b -3.11891 16 0
0 0 108.312 0 37.3538 a b -3.1196 16 0
0 0 108.313 0 37.3241 a b -3.12238 16 0
0 0 108.314 0 37.2974 a b -3.12101 16 0
0 0 108.314 0 37.2701 a b -3.11958 16 0
0 0 108.317 0 37.2426 a b -3.12027 16 0
0 0 108.317 0 37.218 a b -3.1197 16 0
0 0 108.316 0 37.1894 a b -3.11901 16 0
0 0 108.319 0 37.1598 a b -3.1203 16 0
0 0 108.32 0 37.134 a b -3.12042 16 0
0 0 108.321 0 37.1012 a b -3.11655 16 0
0 0 108.323 0 37.0638 a b -3.11516 16 0
0 0 108.324 0 37.036 a b -3.11921 16 0
0 0 108.323 0 37.0073 a b -3.12145 16 0
0 0 108.322 0 36.9743 a b -3.11902 16 0
0 0 108.322 0 36.9346 a b -3.11657 16 0
0 0 108.323 0 36.9024 a b -3.11623 16 0
0 0 108.323 0 36.8754 a b -3.11379 16 0
0 0 108.323 0 36.8451 a b -3.10955 16 0
0 0 108.323 0 36.8162 a b -3.10751 16 0
0 0 108.324 0 36.7925 a b -3.10437 16 0
0 0 108.323 0 36.7703 a b -3.1006 16 0
0 0 108.322 0 36.7486 a b -3.09939 16 0
0 0 108.323 0 36.7271 a b -3.10005 16 0
0 0 108.321 0 36.7046 a b -3.09652 16 0
0 0 108.323 0 36.6832 a b -3.09647 16 0
0 0 108.327 0 36.663 a b -3.09509 16 0
0 0 108.326 0 36.6414 a b -3.09256 16 0
0 0 108.327 0 36.6182 a b -3.09362 16 0
0 0 108.328 0 36.5875 a b -3.09667 16 0
0 0 108.33 0 36.5523 a b -3.09845 16 0
0 0 108.327 0 36.51 a b -3.09451 16 0
0 0 108.327 0 36.4736 a b -3.08575 16 0
0 0 108.323 0 36.4409 a b -3.08172 16 0
0 0 108.32 0 36.4031 a b -3.08565 16 0
0 0 108.32 0 36.3654 a b -3.08723 16 0
0 0 108.319 0 36.3283 a b -3.0823 16 0
0 0 108.317 0 36.2927 a b -3.07692 16 0
0 0 108.314 0 36.262 a b -3.07575 16 0
0 0 108.314 0 36.2295 a b -3.07831 16 0
0 0 108.312 0 36.2022 a b -3.07487 16 0
0 0 108.31 0 36.1817 a b -3.07272 16 0
0 0 108.309 0 36.1611 a b -3.07454 16 0
0 0 108.315 0 36.1417 a b -3.07242 16 0
0 0 108.32 0 36.1243 a b -3.05225 16 0
0 0 108.314 0 36.1116 a b -3.06846 16 0
0 0 108.312 0 36.0727 a b -3.07368 16 0
0 0 108.309 0 36.0396 a b -3.06484 16 0
0 0 108.306 0 36.0098 a b -3.0599 16 0
0 0 108.306 0 35.9806 a b -3.05935 16 0
0 0 108.305 0 35.9464 a b -3.06005 16 0
0 0 108.302 0 35.9138 a b -3.05914 16 0
0 0 108.3 0 35.8808 a b -3.05739 16 0
0 0 108.299 0 35.85 a b -3.05374 16 0
0 0 108.298 0 35.8172 a b -3.05076 16 0
0 0 108.297 0 35.7825 a b -3.04951 16 0
0 0 108.294 0 35.7443 a b -3.05091 16 0
0 0 108.294 0 35.7045 a b -3.05019 16 0
0 0 108.293 0 35.6632 a b -3.04839 16 0
0 0 108.294 0 35.6265 a b -3.04796 16 0
0 0 108.294 0 35.5909 a b -3.05309 16 0
0 0 108.295 0 35.5579 a b -3.05686 16 0
0 0 108.293 0 35.5297 a b -3.06066 16 0
0 0 108.291 0 35.5068 a b -3.06581 16 0
0 0 108.289 0 35.4879 a b -3.07327 16 0
0 0 108.288 0 35.4688 a b -3.07945 16 0
0 0 108.287 0 35.4526 a b -3.08381 16 0
0 0 108.286 0 35.4386 a b -3.09007 16 0
0 0 108.279 0 35.4179 a b -3.09676 16 0
0 0 108.28 0 35.3878 a b -3.11066 16 0
0 0 108.279 0 35.3511 a b -3.11798 16 0
0 0 108.281 0 35.309 a b -3.12128 16 0
0 0 108.28 0 35.2725 a b -3.1213 16 0
0 0 108.281 0 35.2341 a b -3.12268 16 0
0 0 108.284 0 35.1989 a b -3.12312 16 0
0 0 108.285 0 35.165 a b -3.12827 16 0
0 0 108.288 0 35.1276 a b -3.13466 16 0
0 0 108.288 0 35.0938 a b -3.12895 16 0
0 0 108.291 0 35.0673 a b -3.12267 16 0
0 0 108.296 0 35.0427 a b -3.12328 16 0
0 0 108.299 0 35.0213 a b -3.12826 16 0
0 0 108.298 0 34.9981 a b -3.13102 16 0
0 0 108.296 0 34.976 a b -3.13144 16 0
0 0 108.294 0 34.9596 a b -3.12912 16 0
0 0 108.293 0 34.9467 a b -3.12679 16 0
0 0 108.293 0 34.9271 a b -3.12415 16 0
0 0 108.296 0 34.9089 a b -3.12029 16 0
0 0 108.301 0 34.8872 a b -3.12389 16 0
0 0 108.301 0 34.8549 a b -3.13061 16 0
0 0 108.299 0 34.815 a b -3.13268 16 0
0 0 108.299 0 34.7773 a b -3.12541 16 0
0 0 108.301 0 34.7454 a b -3.12426 16 0
0 0 108.301 0 34.7131 a b -3.12538 16 0
0 0 108.298 0 34.6823 a b -3.12724 16 0
0 0 108.298 0 34.6536 a b -3.12546 16 0
0 0 108.297 0 34.6276 a b -3.12155 16 0
0 0 108.299 0 34.5957 a b -3.1179 16 0
0 0 108.302 0 34.5695 a b -3.11884 16 0
0 0 108.303 0 34.5407 a b -3.12039 16 0
0 0 108.304 0 34.5132 a b -3.11961 16 0
0 0 108.304 0 34.4866 a b -3.11971 16 0
0 0 108.305 0 34.4529 a b -3.11715 16 0
0 0 108.307 0 34.4193 a b -3.11714 16 0
0 0 108.307 0 34.3888 a b -3.11631 16 0
0 0 108.306 0 34.3602 a b -3.11759 16 0
0 0 108.304 0 34.3275 a b -3.11667 16 0
0 0 108.303 0 34.2981 a b -3.1126 16 0
0 0 108.302 0 34.2682 a b -3.11042 16 0
0 0 108.305 0 34.2384 a b -3.11308 16 0
0 0 108.306 0 34.2098 a b -3.11647 16 0
0 0 108.304 0 34.1807 a b -3.11306 16 0
0 0 108.304 0 34.1508 a b -3.11148 16 0
0 0 108.303 0 34.1241 a b -3.11196 16 0
0 0 108.303 0 34.093 a b -3.11247 16 0
0 0 108.302 0 34.061 a b -3.10978 16 0
0 0 108.304 0 34.0335 a b -3.10913 16 0
0 0 108.305 0 34.0053 a b -3.11044 16 0
0 0 108.302 0 33.9786 a b -3.10926 16 0
0 0 108.301 0 33.9561 a b -3.10859 16 0
0 0 108.301 0 33.9313 a b -3.10606 16 0
0 0 108.299 0 33.8987 a b -3.10479 16 0
0 0 108.297 0 33.869 a b -3.10568 16 0
0 0 108.3 0 33.8442 a b -3.10723 16 0
0 0 108.298 0 33.8171 a b -3.10361 16 0
0 0 108.297 0 33.7884 a b -3.09929 16 0
0 0 108.298 0 33.7553 a b -3.09899 16 0
0 0 108.297 0 33.7282 a b -3.09941 16 0
0 0 108.298 0 33.7021 a b -3.10026 16 0
0 0 108.298 0 33.6772 a b -3.0994 16 0
0 0 108.297 0 33.6493 a b -3.0997 16 0
0 0 108.296 0 33.6219 a b -3.09944 16 0
0 0 108.294 0 33.5937 a b -3.09786 16 0
0 0 108.293 0 33.5645 a b -3.09503 16 0
0 0 108.292 0 33.5311 a b -3.0933 16 0
0 0 108.292 0 33.5044 a b -3.09559 16 0
0 0 108.293 0 33.4754 a b -3.09762 16 0
0 0 108.293 0 33.4533 a b -3.09727 16 0
0 0 108.291 0 33.4246 a b -3.09152 16 0
0 0 108.286 0 33.3926 a b -3.08556 16 0
0 0 108.283 0 33.3636 a b -3.08631 16 0
0 0 108.281 0 33.3355 a b -3.0892 16 0
0 0 108.281 0 33.3062 a b -3.09288 16 0
0 0 108.281 0 33.2752 a b -3.09186 16 0
0 0 108.283 0 33.2459 a b -3.087 16 0
0 0 108.282 0 33.2185 a b -3.07981 16 0
0 0 108.279 0 33.1861 a b -3.07845 16 0
0 0 108.279 0 33.1533 a b -3.08274 16 0
0 0 108.277 0 33.1233 a b -3.08542 16 0
0 0 108.272 0 33.0973 a b -3.0858 16 0
0 0 108.27 0 33.0633 a b -3.08407 16 0
0 0 108.27 0 33.0301 a b -3.0811 16 0
0 0 108.268 0 33.0002 a b -3.07529 16 0
0 0 108.264 0 32.9707 a b -3.0697 16 0
0 0 108.26 0 32.9422 a b -3.07099 16 0
0 0 108.263 0 32.9096 a b -3.076 16 0
0 0 108.263 0 32.8782 a b -3.07495 16 0
0 0 108.261 0 32.8498 a b -3.07025 16 0
0 0 108.26 0 32.8265 a b -3.07009 16 0
0 0 108.259 0 32.7965 a b -3.07329 16 0
0 0 108.257 0 32.7666 a b -3.07328 16 0
0 0 108.257 0 32.7421 a b -3.07081 16 0
0 0 108.255 0 32.7156 a b -3.06864 16 0
0 0 108.252 0 32.6879 a b -3.06661 16 0
0 0 108.251 0 32.6612 a b -3.06694 16 0
0 0 108.249 0 32.6365 a b -3.06655 16 0
0 0 108.25 0 32.6141 a b -3.06752 16 0
0 0 108.249 0 32.5885 a b -3.06827 16 0
0 0 108.25 0 32.5586 a b -3.07085 16 0
0 0 108.25 0 32.5311 a b -3.07411 16 0
0 0 108.249 0 32.4971 a b -3.07659 16 0
0 0 108.252 0 32.4616 a b -3.07909 16 0
0 0 108.248 0 32.4294 a b -3.07668 16 0
0 0 108.246 0 32.398 a b -3.07741 16 0
0 0 108.243 0 32.3688 a b -3.0808 16 0
0 0 108.241 0 32.3351 a b -3.08556 16 0
0 0 108.238 0 32.3002 a b -3.08587 16 0
0 0 108.237 0 32.2702 a b -3.08459 16 0
0 0 108.236 0 32.2391 a b -3.08532 16 0
0 0 108.235 0 32.2077 a b -3.09154 16 0
0 0 108.234 0 32.1733 a b -3.09261 16 0
0 0 108.233 0 32.1483 a b -3.08937 16 0
0 0 108.233 0 32.1279 a b -3.08848 16 0
0 0 108.234 0 32.1064 a b -3.09087 16 0
0 0 108.231 0 32.0795 a b -3.09439 16 0
0 0 108.229 0 32.0521 a b -3.09233 16 0
0 0 108.23 0 32.0286 a b -3.08939 16 0
0 0 108.232 0 32.0077 a b -3.09403 16 0
0 0 108.232 0 31.9772 a b -3.10859 16 0
0 0 108.233 0 31.9441 a b -3.11834 16 0
0 0 108.232 0 31.9098 a b -3.12695 16 0
0 0 108.232 0 31.8798 a b -3.13634 16 0
0 0 108.233 0 31.846 a b 3.13671 16 0
0 0 108.234 0 31.8191 a b 3.12731 16 0
0 0 108.233 0 31.7902 a b 3.11611 16 0
0 0 108.231 0 31.7577 a b 3.10524 16 0
0 0 108.231 0 31.7293 a b 3.10069 16 0
0 0 108.234 0 31.7066 a b 3.09319 16 0
0 0 108.239 0 31.6769 a b 3.07845 16 0
0 0 108.235 0 31.642 a b 3.06946 16 0
0 0 108.237 0 31.6132 a b 3.0745 16 0
0 0 108.243 0 31.5947 a b 3.07667 16 0
0 0 108.246 0 31.5719 a b 3.0625 16 0
0 0 108.247 0 31.5381 a b 3.04732 16 0
0 0 108.24 0 31.5018 a b 3.04979 16 0
0 0 108.245 0 31.4746 a b 3.06257 16 0
0 0 108.254 0 31.454 a b 3.06715 16 0
0 0 108.26 0 31.4298 a b 3.05726 16 0
0 0 108.254 0 31.3938 a b 3.05431 16 0
0 0 108.256 0 31.3632 a b 3.06674 16 0
0 0 108.265 0 31.3439 a b 3.07153 16 0
0 0 108.269 0 31.317 a b 3.06606 16 0
0 0 108.266 0 31.2866 a b 3.06631 16 0
0 0 108.264 0 31.2614 a b 3.07635 16 0
0 0 108.274 0 31.2338 a b 3.08171 16 0
0 0 108.275 0 31.2066 a b 3.07521 16 0
0 0 108.272 0 31.1765 a b 3.0774 16 0
0 0 108.272 0 31.1451 a b 3.09117 16 0
0 0 108.284 0 31.1165 a b 3.09311 16 0
0 0 108.289 0 31.0843 a b 3.08091 16 0
0 0 108.277 0 31.0501 a b 3.0836 16 0
0 0 108.283 0 31.0181 a b 3.09952 16 0
0 0 108.291 0 30.9868 a b 3.10459 16 0
0 0 108.294 0 30.9632 a b 3.09737 16 0
0 0 108.289 0 30.9406 a b 3.09557 16 0
0 0 108.291 0 30.9112 a b 3.10639 16 0
0 0 108.294 0 30.8841 a b 3.11418 16 0
0 0 108.296 0 30.8549 a b 3.11447 16 0
0 0 108.295 0 30.8295 a b 3.11307 16 0
0 0 108.293 0 30.8014 a b 3.11844 16 0
0 0 108.296 0 30.7739 a b 3.12685 16 0
0 0 108.303 0 30.7444 a b 3.13001 16 0
0 0 108.304 0 30.7142 a b 3.12818 16 0
0 0 108.304 0 30.6886 a b 3.12739 16 0
0 0 108.306 0 30.6625 a b 3.13336 16 0
0 0 108.306 0 30.6332 a b 3.14148 16 0
0 0 108.303 0 30.6025 a b -3.13327 16 0
0 0 108.298 0 30.569 a b -3.12684 16 0
0 0 108.295 0 30.5417 a b -3.12294 16 0
0 0 108.299 0 30.5172 a b -3.11842 16 0
0 0 108.303 0 30.4851 a b -3.11363 16 0
0 0 108.303 0 30.4561 a b -3.11175 16 0
0 0 108.305 0 30.4343 a b -3.1122 16 0
0 0 108.305 0 30.4156 a b -3.11005 16 0
0 0 108.305 0 30.3949 a b -3.0993 16 0
0 0 108.304 0 30.3623 a b -3.08605 16 0
0 0 108.303 0 30.3293 a b -3.07442 16 0
0 0 108.3 0 30.2894 a b -3.06809 16 0
0 0 108.299 0 30.2477 a b -3.06779 16 0
0 0 108.3 0 30.2189 a b -3.07122 16 0
0 0 108.3 0 30.1922 a b -3.07157 16 0
0 0 108.298 0 30.1604 a b -3.07113 16 0
0 0 108.297 0 30.1268 a b -3.07216 16 0
0 0 108.293 0 30.0996 a b -3.0719 16 0
0 0 108.288 0 30.0685 a b -3.06956 16 0
0 0 108.288 0 30.0373 a b -3.06977 16 0
0 0 108.282 0 30.0052 a b -3.07214 16 0
0 0 108.278 0 29.9748 a b -3.07375 16 0
0 0 108.278 0 29.9483 a b -3.07457 16 0
0 0 108.276 0 29.9223 a b -3.0739 16 0
0 0 108.274 0 29.8936 a b -3.0729 16 0
0 0 108.272 0 29.8604 a b -3.07452 16 0
0 0 108.265 0 29.8288 a b -3.07488 16 0
0 0 108.265 0 29.7966 a b -3.07306 16 0
0 0 108.262 0 29.7659 a b -3.07012 16 0
0 0 108.257 0 29.728 a b -3.07502 16 0
0 0 108.254 0 29.6913 a b -3.07936 16 0
0 0 108.255 0 29.6599 a b -3.07844 16 0
0 0 108.254 0 29.6315 a b -3.07908 16 0
0 0 108.253 0 29.5994 a b -3.08113 16 0
0 0 108.251 0 29.5683 a b -3.08298 16 0
0 0 108.249 0 29.5412 a b -3.08276 16 0
0 0 108.253 0 29.519 a b -3.08512 16 0
0 0 108.251 0 29.4928 a b -3.08946 16 0
0 0 108.251 0 29.4677 a b -3.09307 16 0
0 0 108.249 0 29.4403 a b -3.09459 16 0
0 0 108.248 0 29.417 a b -3.09253 16 0
0 0 108.242 0 29.3977 a b -3.09494 16 0
0 0 108.236 0 29.3708 a b -3.09923 16 0
0 0 108.234 0 29.3456 a b -3.10311 16 0
0 0 108.23 0 29.3213 a b -3.10852 16 0
0 0 108.23 0 29.288 a b -3.11508 16 0
0 0 108.231 0 29.2599 a b -3.12182 16 0
0 0 108.23 0 29.2261 a b -3.12656 16 0
0 0 108.232 0 29.1982 a b -3.12356 16 0
0 0 108.229 0 29.1665 a b -3.1186 16 0
0 0 108.224 0 29.1352 a b -3.11402 16 0
0 0 108.224 0 29.1089 a b -3.11038 16 0
0 0 108.226 0 29.084 a b -3.10494 16 0
0 0 108.228 0 29.0585 a b -3.10537 16 0
0 0 108.229 0 29.0332 a b -3.10293 16 0
0 0 108.226 0 29.0026 a b -3.09934 16 0
0 0 108.225 0 28.976 a b -3.09443 16 0
0 0 108.225 0 28.9463 a b -3.0895 16 0
0 0 108.225 0 28.9165 a b -3.08522 16 0
0 0 108.223 0 28.8856 a b -3.08352 16 0
0 0 108.221 0 28.8534 a b -3.07874 16 0
0 0 108.223 0 28.8236 a b -3.07102 16 0
0 0 108.229 0 28.7989 a b -3.06237 16 0
0 0 108.231 0 28.7725 a b -3.05647 16 0
0 0 108.23 0 28.7518 a b -3.05415 16 0
0 0 108.229 0 28.7246 a b -3.05256 16 0
0 0 108.225 0 28.7005 a b -3.04595 16 0
0 0 108.222 0 28.6777 a b -3.03571 16 0
0 0 108.222 0 28.6599 a b -3.02665 16 0
0 0 108.221 0 28.6421 a b -3.02299 16 0
0 0 108.216 0 28.6204 a b -3.02465 16 0
0 0 108.219 0 28.5883 a b -3.01951 16 0
0 0 108.226 0 28.5566 a b -3.01114 16 0
0 0 108.23 0 28.5196 a b -2.99697 16 0
0 0 108.218 0 28.5006 a b -2.984 16 0
0 0 108.202 0 28.4732 a b -2.98884 16 0
0 0 108.179 0 28.4235 a b -2.99106 16 0
0 0 108.171 0 28.3793 a b -2.98456 16 0
0 0 108.171 0 28.3546 a b -2.96517 16 0
0 0 108.182 0 28.3243 a b -2.9613 16 0
0 0 108.183 0 28.2929 a b -2.97155 16 0
0 0 108.179 0 28.2651 a b -2.97372 16 0
0 0 108.173 0 28.2389 a b -2.97054 16 0
0 0 108.176 0 28.2216 a b -2.96915 16 0
0 0 108.171 0 28.2032 a b -2.96867 16 0
0 0 108.164 0 28.1905 a b -2.96773 16 0
0 0 108.167 0 28.1784 a b -2.9665 16 0
0 0 108.167 0 28.1663 a b -2.97028 16 0
0 0 108.162 0 28.1459 a b -2.97795 16 0
0 0 108.16 0 28.1218 a b -2.96993 16 0
0 0 108.163 0 28.1059 a b -2.96924 16 0
0 0 108.154 0 28.0741 a b -2.98716 16 0
0 0 108.143 0 28.0348 a b -2.98214 16 0
0 0 108.145 0 28.0034 a b -2.98948 16 0
0 0 108.129 0 27.9569 a b -3.00294 16 0
0 0 108.118 0 27.9099 a b -3.00909 16 0
0 0 108.105 0 27.8641 a b -3.01053 16 0
0 0 108.119 0 27.8263 a b -3.01861 16 0
0 0 108.121 0 27.7857 a b -3.02756 16 0
0 0 108.12 0 27.746 a b -3.03979 16 0
0 0 108.118 0 27.7045 a b -3.04722 16 0
0 0 108.118 0 27.6676 a b -3.05536 16 0
0 0 108.115 0 27.6357 a b -3.06237 16 0
0 0 108.113 0 27.6056 a b -3.06895 16 0
0 0 108.111 0 27.5823 a b -3.07637 16 0
0 0 108.109 0 27.5584 a b -3.08028 16 0
0 0 108.109 0 27.5427 a b -3.08301 16 0
0 0 108.113 0 27.53 a b -3.08555 16 0
0 0 108.109 0 27.5125 a b -3.08703 16 0
0 0 108.109 0 27.4959 a b -3.08994 16 0
0 0 108.113 0 27.4736 a b -3.09301 16 0
0 0 108.12 0 27.4577 a b -3.09744 16 0
0 0 108.118 0 27.4348 a b -3.1018 16 0
0 0 108.117 0 27.4105 a b -3.1049 16 0
0 0 108.108 0 27.3844 a b -3.10744 16 0
0 0 108.102 0 27.3541 a b -3.10634 16 0
0 0 108.101 0 27.3256 a b -3.10598 16 0
0 0 108.107 0 27.2912 a b -3.10622 16 0
0 0 108.109 0 27.2555 a b -3.1073 16 0
0 0 108.108 0 27.219 a b -3.10668 16 0
0 0 108.107 0 27.1789 a b -3.10703 16 0
0 0 108.114 0 27.1335 a b -3.10875 16 0
0 0 108.112 0 27.0871 a b -3.10721 16 0
0 0 108.114 0 27.0416 a b -3.11102 16 0
0 0 108.115 0 27.0037 a b -3.11465 16 0
0 0 108.115 0 26.9664 a b -3.11317 16 0
0 0 108.115 0 26.9298 a b -3.1124 16 0
0 0 108.118 0 26.9 a b -3.11227 16 0
0 0 108.118 0 26.8813 a b -3.10976 16 0
0 0 108.112 0 26.8648 a b -3.10666 16 0
0 0 108.112 0 26.8548 a b -3.10633 16 0
0 0 108.112 0 26.8447 a b -3.10529 16 0
