0 0 115.754 0 66.349 a b 3.06472 17 0
0 0 115.758 0 66.3372 a b 3.0658 17 0
0 0 115.759 0 66.3086 a b 3.06303 17 0
0 0 115.766 0 66.284 a b 3.06373 17 0
0 0 115.773 0 66.2499 a b 3.06539 17 0
0 0 115.776 0 66.213 a b 3.06852 17 0
0 0 115.786 0 66.1785 a b 3.0702 17 0
0 0 115.795 0 66.1543 a b 3.07083 17 0
0 0 115.8 0 66.1231 a b 3.07196 17 0
0 0 115.805 0 66.0897 a b 3.07442 17 0
0 0 115.807 0 66.0632 a b 3.07654 17 0
0 0 115.807 0 66.0304 a b 3.07915 17 0
0 0 115.815 0 65.9982 a b 3.08076 17 0
0 0 115.815 0 65.9598 a b 3.08348 17 0
0 0 115.82 0 65.928 a b 3.08681 17 0
0 0 115.821 0 65.896 a b 3.09131 17 0
0 0 115.819 0 65.8666 a b 3.09549 17 0
0 0 115.817 0 65.8429 a b 3.09964 17 0
0 0 115.818 0 65.8136 a b 3.10246 17 0
0 0 115.822 0 65.785 a b 3.10484 17 0
0 0 115.827 0 65.7561 a b 3.10763 17 0
0 0 115.832 0 65.7264 a b 3.10991 17 0
0 0 115.833 0 65.7044 a b 3.11197 17 0
0 0 115.832 0 65.6807 a b 3.11831 17 0
0 0 115.83 0 65.651 a b 3.12542 17 0
0 0 115.832 0 65.6234 a b 3.13025 17 0
0 0 115.842 0 65.5978 a b 3.1339 17 0
0 0 115.852 0 65.572 a b 3.14046 17 0
0 0 115.849 0 65.5435 a b -3.1299 17 0
0 0 115.847 0 65.5118 a b -3.12048 17 0
0 0 115.846 0 65.4756 a b -3.12049 17 0
0 0 115.848 0 65.4393 a b -3.12495 17 0
0 0 115.853 0 65.4076 a b -3.12794 17 0
0 0 115.852 0 65.3824 a b -3.12981 17 0
0 0 115.853 0 65.3529 a b -3.13124 17 0
0 0 115.841 0 65.3205 a b -3.12881 17 0
0 0 115.845 0 65.2898 a b -3.13027 17 0
0 0 115.854 0 65.268 a b -3.13379 17 0
0 0 115.86 0 65.241 a b -3.13712 17 0
0 0 115.856 0 65.2136 a b -3.13871 17 0
0 0 115.851 0 65.1868 a b -3.13655 17 0
0 0 115.848 0 65.162 a b -3.13655 17 0
0 0 115.842 0 65.1304 a b -3.13413 17 0
0 0 115.84 0 65.1033 a b -3.13634 17 0
0 0 115.836 0 65.0738 a b -3.13875 17 0
0 0 115.84 0 65.0441 a b -3.13844 17 0
0 0 115.84 0 65.0209 a b -3.13964 17 0
0 0 115.843 0 64.9879 a b 3.13755 17 0
0 0 115.85 0 64.9594 a b 3.13416 17 0
0 0 115.856 0 64.9269 a b 3.12929 17 0
0 0 115.854 0 64.8969 a b 3.12422 17 0
0 0 115.854 0 64.8629 a b 3.11908 17 0
0 0 115.856 0 64.8268 a b 3.11415 17 0
0 0 115.855 0 64.798 a b 3.10981 17 0
0 0 115.862 0 64.7668 a b 3.10541 17 0
0 0 115.868 0 64.7346 a b 3.10172 17 0
0 0 115.871 0 64.708 a b 3.09287 17 0
0 0 115.875 0 64.6819 a b 3.09183 17 0
0 0 115.872 0 64.6623 a b 3.09701 17 0
0 0 115.877 0 64.6487 a b 3.09893 17 0
0 0 115.893 0 64.6368 a b 3.09463 17 0
0 0 115.903 0 64.6159 a b 3.08998 17 0
0 0 115.904 0 64.5971 a b 3.08921 17 0
0 0 115.91 0 64.579 a b 3.08646 17 0
0 0 115.907 0 64.5531 a b 3.08623 17 0
0 0 115.903 0 64.5144 a b 3.08281 17 0
0 0 115.897 0 64.4833 a b 3.08391 17 0
0 0 115.912 0 64.4514 a b 3.08457 17 0
0 0 115.928 0 64.4198 a b 3.08988 17 0
0 0 115.934 0 64.3865 a b 3.09018 17 0
0 0 115.94 0 64.3272 a b 3.08456 17 0
0 0 115.942 0 64.287 a b 3.09102 17 0
0 0 115.946 0 64.2588 a b 3.10019 17 0
0 0 115.944 0 64.2283 a b 3.10127 17 0
0 0 115.948 0 64.1973 a b 3.09914 17 0
0 0 115.946 0 64.1699 a b 3.10575 17 0
0 0 115.938 0 64.1472 a b 3.1149 17 0
0 0 115.954 0 64.141 a b 3.11002 17 0
0 0 115.952 0 64.1229 a b 3.11011 17 0
0 0 115.956 0 64.1081 a b 3.11921 17 0
0 0 115.937 0 64.1016 a b 3.12984 17 0
0 0 115.927 0 64.081 a b 3.12891 17 0
0 0 115.934 0 64.0534 a b 3.12418 17 0
0 0 115.954 0 64.0222 a b 3.12716 17 0
0 0 115.966 0 63.997 a b 3.13512 17 0
0 0 115.973 0 63.9817 a b 3.13596 17 0
0 0 115.979 0 63.941 a b 3.129 17 0
0 0 115.991 0 63.8818 a b 3.12879 17 0
0 0 115.987 0 63.8311 a b 3.14088 17 0
0 0 115.995 0 63.791 a b -3.14058 17 0
0 0 115.985 0 63.7441 a b -3.13474 17 0
0 0 115.992 0 63.7132 a b -3.12582 17 0
0 0 115.995 0 63.6958 a b -3.12139 17 0
0 0 115.992 0 63.6649 a b -3.12241 17 0
0 0 115.988 0 63.6319 a b -3.12165 17 0
0 0 115.974 0 63.6 a b -3.11151 17 0
0 0 115.985 0 63.5797 a b -3.10114 17 0
0 0 115.986 0 63.5505 a b -3.1018 17 0
0 0 115.982 0 63.5286 a b -3.1021 17 0
0 0 115.978 0 63.4969 a b -3.096 17 0
0 0 115.974 0 63.4725 a b -3.09 17 0
0 0 115.963 0 63.4321 a b -3.08534 17 0
0 0 115.979 0 63.4093 a b -3.08553 17 0
0 0 115.984 0 63.3959 a b -3.08427 17 0
0 0 115.984 0 63.3664 a b -3.07668 17 0
0 0 115.98 0 63.3329 a b -3.07444 17 0
0 0 115.969 0 63.2919 a b -3.07415 17 0
0 0 115.955 0 63.2617 a b -3.07078 17 0
0 0 115.951 0 63.226 a b -3.06453 17 0
0 0 115.962 0 63.1925 a b -3.05576 17 0
0 0 115.959 0 63.1632 a b -3.05308 17 0
0 0 115.965 0 63.1416 a b -3.05946 17 0
0 0 115.96 0 63.1069 a b -3.04995 17 0
0 0 115.954 0 63.0867 a b -3.04267 17 0
0 0 115.944 0 63.0695 a b -3.04129 17 0
0 0 115.942 0 63.0436 a b -3.04885 17 0
0 0 115.937 0 63.0206 a b -3.05137 17 0
0 0 115.943 0 62.9907 a b -3.04229 17 0
0 0 115.946 0 62.9631 a b -3.03867 17 0
0 0 115.935 0 62.9377 a b -3.04498 17 0
0 0 115.924 0 62.9067 a b -3.04696 17 0
0 0 115.926 0 62.8764 a b -3.04337 17 0
0 0 115.937 0 62.8435 a b -3.03873 17 0
0 0 115.931 0 62.8154 a b -3.04067 17 0
0 0 115.931 0 62.7916 a b -3.04408 17 0
0 0 115.932 0 62.7612 a b -3.04109 17 0
0 0 115.939 0 62.7229 a b -3.03176 17 0
0 0 115.947 0 62.6891 a b -3.03633 17 0
0 0 115.934 0 62.6816 a b -3.04502 17 0
0 0 115.937 0 62.6577 a b -3.04153 17 0
0 0 115.937 0 62.6157 a b -3.02917 17 0
0 0 115.938 0 62.5869 a b -3.03134 17 0
0 0 115.931 0 62.5586 a b -3.04032 17 0
0 0 115.924 0 62.5362 a b -3.04136 17 0
0 0 115.911 0 62.5024 a b -3.03447 17 0
0 0 115.913 0 62.4746 a b -3.03287 17 0
0 0 115.92 0 62.4504 a b -3.03824 17 0
0 0 115.923 0 62.4362 a b -3.04408 17 0
0 0 115.923 0 62.4018 a b -3.04535 17 0
0 0 115.92 0 62.3633 a b -3.04816 17 0
0 0 115.919 0 62.3418 a b -3.04937 17 0
0 0 115.919 0 62.3085 a b -3.04869 17 0
0 0 115.921 0 62.2829 a b -3.04904 17 0
0 0 115.917 0 62.2591 a b -3.04882 17 0
0 0 115.917 0 62.2413 a b -3.05422 17 0
0 0 115.924 0 62.2169 a b -3.05639 17 0
0 0 115.916 0 62.1922 a b -3.06002 17 0
0 0 115.914 0 62.1631 a b -3.06319 17 0
0 0 115.906 0 62.1378 a b -3.06151 17 0
0 0 115.907 0 62.1093 a b -3.06168 17 0
0 0 115.904 0 62.0746 a b -3.0608 17 0
0 0 115.901 0 62.0314 a b -3.06283 17 0
0 0 115.901 0 61.9897 a b -3.06245 17 0
0 0 115.898 0 61.9583 a b -3.06453 17 0
0 0 115.908 0 61.9311 a b -3.06394 17 0
0 0 115.904 0 61.9064 a b -3.06404 17 0
0 0 115.899 0 61.8678 a b -3.07384 17 0
0 0 115.91 0 61.8343 a b -3.08169 17 0
0 0 115.917 0 61.8062 a b -3.0868 17 0
0 0 115.91 0 61.7769 a b -3.09105 17 0
0 0 115.9 0 61.757 a b -3.09708 17 0
0 0 115.901 0 61.7288 a b -3.10457 17 0
0 0 115.902 0 61.6987 a b -3.10643 17 0
0 0 115.91 0 61.6671 a b -3.10875 17 0
0 0 115.91 0 61.652 a b -3.11137 17 0
0 0 115.906 0 61.6269 a b -3.11389 17 0
0 0 115.907 0 61.6023 a b -3.11691 17 0
0 0 115.907 0 61.5666 a b -3.11213 17 0
0 0 115.904 0 61.5389 a b -3.10703 17 0
0 0 115.911 0 61.5044 a b -3.11775 17 0
0 0 115.906 0 61.4784 a b -3.12629 17 0
0 0 115.909 0 61.4471 a b -3.12848 17 0
0 0 115.915 0 61.4141 a b -3.12403 17 0
0 0 115.919 0 61.3863 a b -3.12448 17 0
0 0 115.921 0 61.3615 a b -3.12973 17 0
0 0 115.925 0 61.3263 a b -3.13596 17 0
0 0 115.923 0 61.2898 a b -3.13865 17 0
0 0 115.917 0 61.2552 a b -3.13785 17 0
0 0 115.922 0 61.2243 a b 3.14137 17 0
0 0 115.925 0 61.1999 a b 3.13634 17 0
0 0 115.931 0 61.1796 a b 3.1361 17 0
0 0 115.939 0 61.1591 a b 3.13369 17 0
0 0 115.945 0 61.1268 a b 3.12665 17 0
0 0 115.955 0 61.0987 a b 3.12882 17 0
0 0 115.955 0 61.0795 a b 3.13236 17 0
0 0 115.945 0 61.0456 a b 3.13955 17 0
0 0 115.947 0 61.0112 a b 3.13295 17 0
0 0 115.95 0 60.9849 a b 3.1326 17 0
0 0 115.948 0 60.9509 a b -3.14148 17 0
0 0 115.952 0 60.9319 a b -3.13178 17 0
0 0 115.949 0 60.9011 a b -3.13492 17 0
0 0 115.949 0 60.8675 a b 3.13976 17 0
0 0 115.953 0 60.8258 a b 3.1399 17 0
0 0 115.949 0 60.7974 a b -3.13454 17 0
0 0 115.945 0 60.7698 a b -3.13401 17 0
0 0 115.943 0 60.7427 a b -3.13441 17 0
0 0 115.949 0 60.7182 a b -3.12691 17 0
0 0 115.955 0 60.7017 a b -3.12463 17 0
0 0 115.967 0 60.6784 a b -3.13089 17 0
0 0 115.963 0 60.648 a b -3.12808 17 0
0 0 115.965 0 60.6203 a b -3.12336 17 0
0 0 115.957 0 60.5964 a b -3.1197 17 0
0 0 115.965 0 60.5838 a b -3.11955 17 0
0 0 115.97 0 60.5589 a b -3.1176 17 0
0 0 115.973 0 60.5314 a b -3.11853 17 0
0 0 115.968 0 60.491 a b -3.11398 17 0
0 0 115.968 0 60.4701 a b -3.10981 17 0
0 0 115.972 0 60.4432 a b -3.10523 17 0
0 0 115.973 0 60.4179 a b -3.10586 17 0
0 0 115.973 0 60.3751 a b -3.10452 17 0
0 0 115.966 0 60.3376 a b -3.09473 17 0
0 0 115.963 0 60.3047 a b -3.08001 17 0
0 0 115.962 0 60.2759 a b -3.06537 17 0
0 0 115.962 0 60.2417 a b -3.05698 17 0
0 0 115.954 0 60.2055 a b -3.06067 17 0
0 0 115.951 0 60.1808 a b -3.06567 17 0
0 0 115.956 0 60.1526 a b -3.06592 17 0
0 0 115.954 0 60.129 a b -3.0726 17 0
0 0 115.959 0 60.101 a b -3.08354 17 0
0 0 115.958 0 60.0741 a b -3.09405 17 0
0 0 115.955 0 60.0517 a b -3.10282 17 0
0 0 115.949 0 60.0155 a b -3.10961 17 0
0 0 115.943 0 59.9861 a b -3.11699 17 0
0 0 115.949 0 59.9542 a b -3.12502 17 0
0 0 115.954 0 59.9235 a b -3.13474 17 0
0 0 115.955 0 59.8984 a b -3.13859 17 0
0 0 115.952 0 59.874 a b -3.1361 17 0
0 0 115.938 0 59.8383 a b -3.13138 17 0
0 0 115.931 0 59.8136 a b -3.12843 17 0
0 0 115.934 0 59.784 a b -3.12399 17 0
0 0 115.943 0 59.7492 a b -3.12029 17 0
0 0 115.957 0 59.7169 a b -3.11899 17 0
0 0 115.964 0 59.7026 a b -3.11695 17 0
0 0 115.96 0 59.6728 a b -3.1186 17 0
0 0 115.949 0 59.6408 a b -3.11737 17 0
0 0 115.95 0 59.5897 a b -3.11237 17 0
0 0 115.951 0 59.5485 a b -3.10037 17 0
0 0 115.95 0 59.5242 a b -3.09298 17 0
0 0 115.956 0 59.5163 a b -3.09684 17 0
0 0 115.974 0 59.5029 a b -3.09392 17 0
0 0 115.988 0 59.4808 a b -3.09135 17 0
0 0 115.99 0 59.4541 a b -3.08799 17 0
0 0 115.975 0 59.4384 a b -3.08224 17 0
0 0 115.99 0 59.4313 a b -3.07174 17 0
0 0 116.006 0 59.4066 a b -3.06531 17 0
0 0 116.024 0 59.3752 a b -3.06378 17 0
0 0 116.028 0 59.3376 a b -3.06514 17 0
0 0 116.025 0 59.3223 a b -3.06231 17 0
0 0 116.038 0 59.2893 a b -3.05763 17 0
0 0 116.035 0 59.2687 a b -3.05838 17 0
0 0 116.029 0 59.2513 a b -3.06067 17 0
0 0 116.016 0 59.2396 a b -3.06264 17 0
0 0 115.982 0 59.1667 a b -3.05302 17 0
0 0 115.975 0 59.0989 a b -3.04828 17 0
0 0 115.971 0 59.0548 a b -3.04657 17 0
0 0 115.977 0 59.0146 a b -3.04543 17 0
0 0 115.972 0 58.9706 a b -3.05075 17 0
0 0 115.969 0 58.9593 a b -3.05164 17 0
0 0 115.966 0 58.9319 a b -3.04964 17 0
0 0 115.962 0 58.8962 a b -3.04544 17 0
0 0 115.963 0 58.8669 a b -3.04435 17 0
0 0 115.973 0 58.848 a b -3.04814 17 0
0 0 115.971 0 58.8276 a b -3.05165 17 0
0 0 115.963 0 58.8104 a b -3.04728 17 0
0 0 115.949 0 58.7791 a b -3.04927 17 0
0 0 115.946 0 58.7551 a b -3.05095 17 0
0 0 115.947 0 58.725 a b -3.05123 17 0
0 0 115.944 0 58.6945 a b -3.05088 17 0
0 0 115.938 0 58.6702 a b -3.05111 17 0
0 0 115.934 0 58.6365 a b -3.05493 17 0
0 0 115.921 0 58.6008 a b -3.05249 17 0
0 0 115.915 0 58.5657 a b -3.05192 17 0
0 0 115.906 0 58.5273 a b -3.05183 17 0
0 0 115.908 0 58.4847 a b -3.05304 17 0
0 0 115.92 0 58.4642 a b -3.05676 17 0
0 0 115.919 0 58.4431 a b -3.05609 17 0
0 0 115.924 0 58.4084 a b -3.05992 17 0
0 0 115.924 0 58.3699 a b -3.06428 17 0
0 0 115.94 0 58.3254 a b -3.06805 17 0
0 0 115.956 0 58.2974 a b -3.07185 17 0
0 0 115.946 0 58.2791 a b -3.07907 17 0
0 0 115.933 0 58.2599 a b -3.08014 17 0
0 0 115.92 0 58.2423 a b -3.08 17 0
0 0 115.922 0 58.2167 a b -3.08472 17 0
0 0 115.928 0 58.1872 a b -3.08715 17 0
0 0 115.93 0 58.1615 a b -3.09032 17 0
0 0 115.929 0 58.1356 a b -3.09548 17 0
0 0 115.932 0 58.1237 a b -3.09798 17 0
0 0 115.924 0 58.0918 a b -3.09907 17 0
0 0 115.917 0 58.0668 a b -3.09865 17 0
0 0 115.919 0 58.0244 a b -3.10096 17 0
0 0 115.927 0 57.9742 a b -3.1013 17 0
0 0 115.913 0 57.9243 a b -3.0946 17 0
0 0 115.914 0 57.8799 a b -3.0927 17 0
0 0 115.898 0 57.867 a b -3.09088 17 0
0 0 115.894 0 57.8361 a b -3.09034 17 0
0 0 115.899 0 57.8098 a b -3.08979 17 0
0 0 115.918 0 57.7815 a b -3.09466 17 0
0 0 115.931 0 57.7594 a b -3.09172 17 0
0 0 115.938 0 57.7274 a b -3.08687 17 0
0 0 115.939 0 57.701 a b -3.08916 17 0
0 0 115.915 0 57.6596 a b -3.08761 17 0
0 0 115.884 0 57.6188 a b -3.08596 17 0
0 0 115.903 0 57.6036 a b -3.08715 17 0
0 0 115.956 0 57.59 a b -3.09174 17 0
0 0 115.99 0 57.5638 a b -3.09306 17 0
0 0 115.998 0 57.5387 a b -3.09642 17 0
0 0 115.976 0 57.5387 a b -3.09339 17 0
0 0 115.953 0 57.5299 a b -3.09333 17 0
0 0 115.948 0 57.4639 a b -3.09348 17 0
0 0 115.938 0 57.412 a b -3.08864 17 0
0 0 115.944 0 57.3698 a b -3.09281 17 0
0 0 115.969 0 57.3198 a b -3.09045 17 0
0 0 115.982 0 57.2884 a b -3.08939 17 0
0 0 115.987 0 57.2469 a b -3.08621 17 0
0 0 115.961 0 57.2249 a b -3.08477 17 0
0 0 115.883 0 57.2315 a b -3.07935 17 0
0 0 115.894 0 57.2099 a b -3.08342 17 0
0 0 115.927 0 57.1655 a b -3.08314 17 0
0 0 115.953 0 57.115 a b -3.0815 17 0
0 0 115.973 0 57.0607 a b -3.08785 17 0
0 0 115.984 0 57.0238 a b -3.0908 17 0
0 0 115.982 0 56.9909 a b -3.09063 17 0
0 0 115.983 0 56.9644 a b -3.09016 17 0
0 0 115.985 0 56.9442 a b -3.09346 17 0
0 0 115.973 0 56.9171 a b -3.09394 17 0
0 0 115.957 0 56.8947 a b -3.08892 17 0
0 0 115.965 0 56.8784 a b -3.09224 17 0
0 0 115.971 0 56.8581 a b -3.09303 17 0
0 0 115.97 0 56.8363 a b -3.0897 17 0
0 0 115.978 0 56.7899 a b -3.08904 17 0
0 0 115.995 0 56.7568 a b -3.09047 17 0
0 0 115.989 0 56.7167 a b -3.09423 17 0
0 0 115.988 0 56.6842 a b -3.099 17 0
0 0 115.985 0 56.6677 a b -3.09869 17 0
0 0 115.98 0 56.6449 a b -3.09649 17 0
0 0 115.989 0 56.6152 a b -3.09605 17 0
0 0 115.975 0 56.5865 a b -3.09728 17 0
0 0 115.989 0 56.544 a b -3.09641 17 0
0 0 115.979 0 56.5075 a b -3.09415 17 0
0 0 115.986 0 56.4828 a b -3.08965 17 0
0 0 115.988 0 56.4539 a b -3.09026 17 0
0 0 115.981 0 56.4385 a b -3.09317 17 0
0 0 115.976 0 56.4096 a b -3.09076 17 0
0 0 115.964 0 56.3584 a b -3.08666 17 0
0 0 115.977 0 56.3357 a b -3.0847 17 0
0 0 115.981 0 56.305 a b -3.08091 17 0
0 0 115.977 0 56.2561 a b -3.08201 17 0
0 0 115.955 0 56.205 a b -3.08248 17 0
0 0 115.958 0 56.1729 a b -3.07981 17 0
0 0 115.975 0 56.1492 a b -3.07529 17 0
0 0 115.974 0 56.1228 a b -3.07679 17 0
0 0 115.97 0 56.1044 a b -3.07561 17 0
0 0 115.98 0 56.0722 a b -3.0719 17 0
0 0 115.971 0 56.025 a b -3.07409 17 0
0 0 115.957 0 56.0069 a b -3.0749 17 0
0 0 115.949 0 55.9657 a b -3.06964 17 0
0 0 115.954 0 55.9399 a b -3.06426 17 0
0 0 115.96 0 55.9113 a b -3.06316 17 0
0 0 115.961 0 55.8652 a b -3.06496 17 0
0 0 115.974 0 55.8305 a b -3.07127 17 0
0 0 115.965 0 55.7986 a b -3.073 17 0
0 0 115.953 0 55.7722 a b -3.06687 17 0
0 0 115.961 0 55.7626 a b -3.06205 17 0
0 0 115.963 0 55.7325 a b -3.06592 17 0
0 0 115.966 0 55.6992 a b -3.06844 17 0
0 0 115.959 0 55.6654 a b -3.06547 17 0
0 0 115.959 0 55.639 a b -3.06433 17 0
0 0 115.947 0 55.6165 a b -3.06628 17 0
0 0 115.942 0 55.5949 a b -3.06826 17 0
0 0 115.952 0 55.5602 a b -3.06596 17 0
0 0 115.956 0 55.525 a b -3.06675 17 0
0 0 115.951 0 55.4907 a b -3.06963 17 0
0 0 115.945 0 55.457 a b -3.07212 17 0
0 0 115.95 0 55.4235 a b -3.07773 17 0
0 0 115.955 0 55.3871 a b -3.08154 17 0
0 0 115.946 0 55.3616 a b -3.0832 17 0
0 0 115.939 0 55.33 a b -3.08746 17 0
0 0 115.944 0 55.2863 a b -3.08971 17 0
0 0 115.932 0 55.2636 a b -3.09296 17 0
0 0 115.927 0 55.2253 a b -3.09404 17 0
0 0 115.94 0 55.1939 a b -3.09796 17 0
0 0 115.946 0 55.1529 a b -3.10578 17 0
0 0 115.953 0 55.1299 a b -3.11158 17 0
0 0 115.937 0 55.1114 a b -3.11951 17 0
0 0 115.948 0 55.068 a b -3.12779 17 0
0 0 115.959 0 55.0219 a b -3.1338 17 0
0 0 115.931 0 55.0023 a b -3.13906 17 0
0 0 115.933 0 54.9813 a b 3.13677 17 0
0 0 115.935 0 54.9529 a b 3.12903 17 0
0 0 115.94 0 54.9248 a b 3.12664 17 0
0 0 115.939 0 54.8909 a b 3.12536 17 0
0 0 115.934 0 54.8682 a b 3.1164 17 0
0 0 115.935 0 54.8403 a b 3.11439 17 0
0 0 115.934 0 54.8203 a b 3.11561 17 0
0 0 115.933 0 54.7952 a b 3.11164 17 0
0 0 115.932 0 54.7731 a b 3.10233 17 0
0 0 115.935 0 54.7388 a b 3.09574 17 0
0 0 115.939 0 54.7081 a b 3.09494 17 0
0 0 115.948 0 54.681 a b 3.09856 17 0
0 0 115.958 0 54.6452 a b 3.09796 17 0
0 0 115.955 0 54.6126 a b 3.09265 17 0
0 0 115.943 0 54.5872 a b 3.09207 17 0
0 0 115.95 0 54.5595 a b 3.09778 17 0
0 0 115.955 0 54.5331 a b 3.09807 17 0
0 0 115.974 0 54.4891 a b 3.09669 17 0
0 0 115.967 0 54.4605 a b 3.09896 17 0
0 0 115.958 0 54.4436 a b 3.10106 17 0
0 0 115.961 0 54.4161 a b 3.09924 17 0
0 0 115.956 0 54.3838 a b 3.09817 17 0
0 0 115.961 0 54.3632 a b 3.10267 17 0
0 0 115.962 0 54.336 a b 3.10853 17 0
0 0 115.973 0 54.3077 a b 3.1068 17 0
0 0 115.988 0 54.3028 a b 3.10463 17 0
0 0 115.986 0 54.2695 a b 3.10631 17 0
0 0 115.985 0 54.2504 a b 3.10941 17 0
0 0 115.988 0 54.2112 a b 3.10835 17 0
0 0 115.985 0 54.1532 a b 3.10757 17 0
0 0 115.979 0 54.131 a b 3.10901 17 0
0 0 115.975 0 54.1049 a b 3.11017 17 0
0 0 115.981 0 54.0671 a b 3.1119 17 0
0 0 115.994 0 54.0366 a b 3.11528 17 0
0 0 116.006 0 54.0033 a b 3.12391 17 0
0 0 115.993 0 53.9745 a b 3.1268 17 0
0 0 115.993 0 53.9553 a b 3.12001 17 0
0 0 116.012 0 53.9162 a b 3.1166 17 0
0 0 116.001 0 53.895 a b 3.12674 17 0
0 0 115.984 0 53.8792 a b 3.13649 17 0
0 0 115.985 0 53.847 a b 3.13241 17 0
0 0 115.993 0 53.804 a b 3.12375 17 0
0 0 116.003 0 53.7623 a b 3.12081 17 0
0 0 116.007 0 53.7201 a b 3.13145 17 0
0 0 116.017 0 53.6912 a b 3.13129 17 0
0 0 116.017 0 53.6604 a b 3.1308 17 0
0 0 116.011 0 53.6345 a b 3.1266 17 0
0 0 116.002 0 53.6067 a b 3.12683 17 0
0 0 116 0 53.5772 a b 3.12734 17 0
0 0 116 0 53.5535 a b 3.12758 17 0
0 0 116.002 0 53.5268 a b 3.13205 17 0
0 0 116.004 0 53.4975 a b 3.13735 17 0
0 0 116.008 0 53.4735 a b 3.1346 17 0
0 0 116.006 0 53.4498 a b 3.13296 17 0
0 0 116.006 0 53.4268 a b 3.14003 17 0
0 0 115.999 0 53.4015 a b -3.13822 17 0
0 0 115.997 0 53.3759 a b -3.14109 17 0
0 0 115.998 0 53.3431 a b -3.13952 17 0
0 0 115.999 0 53.3137 a b -3.13887 17 0
0 0 116.015 0 53.2712 a b -3.13904 17 0
0 0 116.023 0 53.2377 a b -3.13676 17 0
0 0 116.018 0 53.1999 a b -3.13287 17 0
0 0 116.022 0 53.1693 a b -3.13178 17 0
0 0 116.02 0 53.134 a b -3.13121 17 0
0 0 116.019 0 53.1055 a b -3.12796 17 0
0 0 116.02 0 53.0682 a b -3.11809 17 0
0 0 116.021 0 53.0417 a b -3.11743 17 0
0 0 116.016 0 53.0227 a b -3.12226 17 0
0 0 116.012 0 52.998 a b -3.12753 17 0
0 0 116.008 0 52.9781 a b -3.1235 17 0
0 0 116.001 0 52.9628 a b -3.11489 17 0
0 0 116 0 52.9381 a b -3.109 17 0
0 0 116.006 0 52.9137 a b -3.11124 17 0
0 0 116.02 0 52.8841 a b -3.11618 17 0
0 0 116.034 0 52.8513 a b -3.12194 17 0
0 0 116.029 0 52.8267 a b -3.11528 17 0
0 0 116.03 0 52.7936 a b -3.10846 17 0
0 0 116.024 0 52.7556 a b -3.11414 17 0
0 0 116.027 0 52.7221 a b -3.12324 17 0
0 0 116.034 0 52.6933 a b -3.12012 17 0
0 0 116.03 0 52.6577 a b -3.11066 17 0
0 0 116.024 0 52.6231 a b -3.11224 17 0
0 0 116.017 0 52.5953 a b -3.11309 17 0
0 0 116.012 0 52.5709 a b -3.11144 17 0
0 0 116.008 0 52.5439 a b -3.11504 17 0
0 0 116.012 0 52.5216 a b -3.11303 17 0
0 0 116.015 0 52.486 a b -3.10718 17 0
0 0 116.024 0 52.4612 a b -3.10157 17 0
0 0 116.029 0 52.4417 a b -3.09728 17 0
0 0 116.021 0 52.4216 a b -3.09759 17 0
0 0 116.023 0 52.3889 a b -3.0996 17 0
0 0 116.026 0 52.3625 a b -3.10998 17 0
0 0 116.025 0 52.3321 a b -3.10715 17 0
0 0 116.019 0 52.3006 a b -3.10003 17 0
0 0 116.018 0 52.2709 a b -3.09775 17 0
0 0 116.025 0 52.2366 a b -3.09847 17 0
0 0 116.027 0 52.2094 a b -3.10224 17 0
0 0 116.028 0 52.1741 a b -3.10109 17 0
0 0 116.023 0 52.1472 a b -3.10217 17 0
0 0 116.012 0 52.1244 a b -3.10386 17 0
0 0 116 0 52.0961 a b -3.10451 17 0
0 0 115.999 0 52.0716 a b -3.10862 17 0
0 0 116.003 0 52.0387 a b -3.10572 17 0
0 0 116.011 0 52.0088 a b -3.10114 17 0
0 0 116.018 0 51.9802 a b -3.09873 17 0
0 0 116.02 0 51.9578 a b -3.10403 17 0
0 0 116.02 0 51.9278 a b -3.10707 17 0
0 0 116.021 0 51.8917 a b -3.11178 17 0
0 0 116.027 0 51.8671 a b -3.11431 17 0
0 0 116.018 0 51.8391 a b -3.11793 17 0
0 0 116.011 0 51.808 a b -3.12003 17 0
0 0 116.014 0 51.7697 a b -3.12045 17 0
0 0 116.01 0 51.7385 a b -3.12247 17 0
0 0 116.006 0 51.7111 a b -3.1258 17 0
0 0 116.013 0 51.6831 a b -3.12664 17 0
0 0 116.016 0 51.651 a b -3.13009 17 0
0 0 116.023 0 51.6182 a b -3.13416 17 0
0 0 116.024 0 51.588 a b -3.13911 17 0
0 0 116.021 0 51.5614 a b 3.13231 17 0
0 0 116.019 0 51.5398 a b 3.12295 17 0
0 0 116.021 0 51.514 a b 3.12252 17 0
0 0 116.016 0 51.4869 a b 3.11124 17 0
0 0 116.013 0 51.4576 a b 3.10006 17 0
0 0 116.016 0 51.4342 a b 3.09998 17 0
0 0 116.021 0 51.4027 a b 3.10187 17 0
0 0 116.027 0 51.3759 a b 3.0998 17 0
0 0 116.028 0 51.3511 a b 3.09768 17 0
0 0 116.029 0 51.3223 a b 3.10013 17 0
0 0 116.029 0 51.2934 a b 3.10355 17 0
0 0 116.028 0 51.2651 a b 3.10178 17 0
0 0 116.025 0 51.2417 a b 3.09765 17 0
0 0 116.017 0 51.2223 a b 3.09865 17 0
0 0 116.019 0 51.1949 a b 3.11254 17 0
0 0 116.026 0 51.1649 a b 3.11989 17 0
0 0 116.033 0 51.1325 a b 3.11892 17 0
0 0 116.034 0 51.1053 a b 3.11871 17 0
0 0 116.034 0 51.0796 a b 3.12456 17 0
0 0 116.036 0 51.052 a b 3.13165 17 0
0 0 116.042 0 51.0193 a b 3.13712 17 0
0 0 116.04 0 50.9892 a b -3.1411 17 0
0 0 116.039 0 50.9625 a b -3.12562 17 0
0 0 116.044 0 50.938 a b -3.1181 17 0
0 0 116.045 0 50.9041 a b -3.11136 17 0
0 0 116.046 0 50.874 a b -3.1075 17 0
0 0 116.045 0 50.8526 a b -3.11274 17 0
0 0 116.038 0 50.8273 a b -3.11315 17 0
0 0 116.038 0 50.8023 a b -3.11305 17 0
0 0 116.041 0 50.775 a b -3.1116 17 0
0 0 116.04 0 50.7509 a b -3.11022 17 0
0 0 116.038 0 50.7265 a b -3.1096 17 0
0 0 116.036 0 50.7027 a b -3.11079 17 0
0 0 116.038 0 50.6755 a b -3.10793 17 0
0 0 116.037 0 50.6474 a b -3.10631 17 0
0 0 116.044 0 50.6126 a b -3.1078 17 0
0 0 116.04 0 50.5844 a b -3.10591 17 0
0 0 116.035 0 50.5577 a b -3.10272 17 0
0 0 116.039 0 50.5256 a b -3.10639 17 0
0 0 116.037 0 50.4883 a b -3.10534 17 0
0 0 116.033 0 50.4605 a b -3.10246 17 0
0 0 116.031 0 50.4315 a b -3.10481 17 0
0 0 116.034 0 50.3932 a b -3.10722 17 0
0 0 116.034 0 50.3569 a b -3.10266 17 0
0 0 116.028 0 50.3336 a b -3.09579 17 0
0 0 116.026 0 50.312 a b -3.09803 17 0
0 0 116.028 0 50.2851 a b -3.10643 17 0
0 0 116.029 0 50.245 a b -3.10403 17 0
0 0 116.026 0 50.2106 a b -3.09737 17 0
0 0 116.029 0 50.1753 a b -3.09648 17 0
0 0 116.023 0 50.1454 a b -3.10058 17 0
0 0 116.023 0 50.1198 a b -3.09841 17 0
0 0 116.021 0 50.089 a b -3.09506 17 0
0 0 116.022 0 50.0581 a b -3.09341 17 0
0 0 116.019 0 50.0312 a b -3.09754 17 0
0 0 116.014 0 50.0044 a b -3.09692 17 0
0 0 116.015 0 49.9704 a b -3.09049 17 0
0 0 116.015 0 49.9409 a b -3.09318 17 0
0 0 116.015 0 49.9134 a b -3.0987 17 0
0 0 116.013 0 49.883 a b -3.09567 17 0
0 0 116.011 0 49.8546 a b -3.09286 17 0
0 0 116.011 0 49.8248 a b -3.09301 17 0
0 0 116.012 0 49.7916 a b -3.09298 17 0
0 0 116.009 0 49.7625 a b -3.09457 17 0
0 0 116.009 0 49.7337 a b -3.09659 17 0
0 0 116.007 0 49.7055 a b -3.10111 17 0
0 0 116.004 0 49.6795 a b -3.10149 17 0
0 0 116.003 0 49.6503 a b -3.09783 17 0
0 0 116.003 0 49.6217 a b -3.0975 17 0
0 0 115.998 0 49.5992 a b -3.09911 17 0
0 0 116.001 0 49.5807 a b -3.1043 17 0
0 0 116 0 49.5568 a b -3.10498 17 0
0 0 116 0 49.5277 a b -3.09706 17 0
0 0 115.998 0 49.4996 a b -3.09419 17 0
0 0 115.994 0 49.4718 a b -3.09774 17 0
0 0 115.995 0 49.444 a b -3.10324 17 0
0 0 115.99 0 49.41 a b -3.10359 17 0
0 0 115.989 0 49.3757 a b -3.09384 17 0
0 0 115.992 0 49.34 a b -3.08741 17 0
0 0 115.992 0 49.3083 a b -3.08811 17 0
0 0 115.99 0 49.2752 a b -3.08866 17 0
0 0 115.987 0 49.2393 a b -3.09184 17 0
0 0 115.986 0 49.2098 a b -3.09522 17 0
0 0 115.984 0 49.1796 a b -3.08964 17 0
0 0 115.983 0 49.1514 a b -3.08563 17 0
0 0 115.985 0 49.1251 a b -3.08574 17 0
0 0 115.984 0 49.1031 a b -3.0902 17 0
0 0 115.982 0 49.0839 a b -3.09427 17 0
0 0 115.982 0 49.0596 a b -3.09229 17 0
0 0 115.982 0 49.0264 a b -3.08695 17 0
0 0 115.982 0 48.9906 a b -3.08957 17 0
0 0 115.98 0 48.9649 a b -3.09917 17 0
0 0 115.974 0 48.9416 a b -3.10073 17 0
0 0 115.973 0 48.9092 a b -3.09063 17 0
0 0 115.973 0 48.8747 a b -3.0834 17 0
0 0 115.972 0 48.8359 a b -3.08771 17 0
0 0 115.977 0 48.8033 a b -3.09794 17 0
0 0 115.976 0 48.7691 a b -3.10501 17 0
0 0 115.973 0 48.7425 a b -3.10834 17 0
0 0 115.971 0 48.7084 a b -3.10418 17 0
0 0 115.97 0 48.6743 a b -3.10352 17 0
0 0 115.97 0 48.6448 a b -3.10833 17 0
0 0 115.972 0 48.6235 a b -3.11463 17 0
0 0 115.976 0 48.5996 a b -3.11569 17 0
0 0 115.976 0 48.5737 a b -3.11387 17 0
0 0 115.977 0 48.5471 a b -3.11319 17 0
0 0 115.978 0 48.5194 a b -3.11568 17 0
0 0 115.975 0 48.4949 a b -3.12094 17 0
0 0 115.972 0 48.4649 a b -3.12933 17 0
0 0 115.972 0 48.4362 a b -3.1362 17 0
0 0 115.973 0 48.4068 a b -3.13709 17 0
0 0 115.973 0 48.3734 a b -3.13811 17 0
0 0 115.975 0 48.34 a b 3.1389 17 0
0 0 115.971 0 48.3054 a b 3.12809 17 0
0 0 115.973 0 48.2764 a b 3.11998 17 0
0 0 115.974 0 48.247 a b 3.11683 17 0
0 0 115.97 0 48.2152 a b 3.11366 17 0
0 0 115.975 0 48.189 a b 3.11422 17 0
0 0 115.976 0 48.1605 a b 3.11491 17 0
0 0 115.977 0 48.1381 a b 3.11543 17 0
0 0 115.979 0 48.1147 a b 3.11764 17 0
0 0 115.984 0 48.0885 a b 3.11855 17 0
0 0 115.985 0 48.0646 a b 3.11727 17 0
0 0 115.987 0 48.0371 a b 3.1185 17 0
0 0 115.986 0 48.0109 a b 3.11926 17 0
0 0 115.988 0 47.979 a b 3.11743 17 0
0 0 115.991 0 47.946 a b 3.11797 17 0
0 0 115.989 0 47.9159 a b 3.12172 17 0
0 0 115.99 0 47.88 a b 3.12582 17 0
0 0 115.99 0 47.8488 a b 3.12428 17 0
0 0 115.991 0 47.821 a b 3.12719 17 0
0 0 115.993 0 47.7958 a b 3.13168 17 0
0 0 115.994 0 47.769 a b 3.13333 17 0
0 0 115.994 0 47.7431 a b 3.13467 17 0
0 0 115.995 0 47.7131 a b 3.13416 17 0
0 0 115.996 0 47.6843 a b 3.13011 17 0
0 0 115.997 0 47.6529 a b 3.1298 17 0
0 0 116 0 47.6257 a b 3.13858 17 0
0 0 115.999 0 47.597 a b 3.14024 17 0
0 0 116 0 47.5704 a b -3.14064 17 0
0 0 116.002 0 47.5432 a b -3.14004 17 0
0 0 116.004 0 47.51 a b -3.13951 17 0
0 0 116.004 0 47.4751 a b -3.13434 17 0
0 0 116.005 0 47.4482 a b -3.13112 17 0
0 0 116.005 0 47.4198 a b -3.1278 17 0
0 0 116.004 0 47.3887 a b -3.12616 17 0
0 0 116.006 0 47.3585 a b -3.12491 17 0
0 0 116.008 0 47.331 a b -3.12184 17 0
0 0 116.011 0 47.3037 a b -3.11837 17 0
0 0 116.014 0 47.2761 a b -3.11355 17 0
0 0 116.018 0 47.2491 a b -3.10707 17 0
0 0 116.017 0 47.2277 a b -3.10312 17 0
0 0 116.015 0 47.1998 a b -3.10235 17 0
0 0 116.016 0 47.1724 a b -3.10697 17 0
0 0 116.014 0 47.1412 a b -3.10584 17 0
0 0 116.015 0 47.1132 a b -3.0994 17 0
0 0 116.02 0 47.0816 a b -3.10248 17 0
0 0 116.02 0 47.0484 a b -3.10172 17 0
0 0 116.017 0 47.0189 a b -3.10227 17 0
0 0 116.017 0 46.9906 a b -3.10514 17 0
0 0 116.014 0 46.9595 a b -3.10599 17 0
0 0 116.012 0 46.9272 a b -3.10326 17 0
0 0 116.01 0 46.899 a b -3.09902 17 0
0 0 116.011 0 46.8691 a b -3.09887 17 0
0 0 116.011 0 46.8436 a b -3.09989 17 0
0 0 116.009 0 46.813 a b -3.09748 17 0
0 0 116.013 0 46.785 a b -3.09705 17 0
0 0 116.015 0 46.7612 a b -3.10357 17 0
0 0 116.009 0 46.7345 a b -3.10625 17 0
0 0 116.008 0 46.7008 a b -3.10088 17 0
0 0 116.012 0 46.6705 a b -3.10032 17 0
0 0 116.01 0 46.6441 a b -3.10332 17 0
0 0 116.005 0 46.6108 a b -3.10183 17 0
0 0 116.004 0 46.5787 a b -3.10249 17 0
0 0 116.002 0 46.5548 a b -3.10205 17 0
0 0 116.005 0 46.5256 a b -3.09861 17 0
0 0 116.01 0 46.4981 a b -3.10226 17 0
0 0 116.01 0 46.4676 a b -3.10537 17 0
0 0 116.009 0 46.4416 a b -3.10716 17 0
0 0 116.009 0 46.4144 a b -3.10902 17 0
0 0 116.01 0 46.3798 a b -3.10875 17 0
0 0 116.011 0 46.3523 a b -3.11014 17 0
0 0 116.008 0 46.3203 a b -3.1092 17 0
0 0 116.006 0 46.2919 a b -3.10849 17 0
0 0 116.008 0 46.2615 a b -3.11195 17 0
0 0 116.009 0 46.2327 a b -3.11343 17 0
0 0 116.006 0 46.204 a b -3.11288 17 0
0 0 116.004 0 46.1725 a b -3.11316 17 0
0 0 116 0 46.1426 a b -3.11768 17 0
0 0 115.997 0 46.1132 a b -3.12177 17 0
0 0 115.998 0 46.0846 a b -3.11705 17 0
0 0 116.002 0 46.0502 a b -3.10942 17 0
0 0 116.001 0 46.0159 a b -3.10939 17 0
0 0 116.002 0 45.989 a b -3.11867 17 0
0 0 116.003 0 45.961 a b -3.12618 17 0
0 0 116.002 0 45.9385 a b -3.12709 17 0
0 0 115.996 0 45.9114 a b -3.12486 17 0
0 0 116 0 45.8799 a b -3.12509 17 0
0 0 116.004 0 45.8542 a b -3.12868 17 0
0 0 116.007 0 45.8263 a b -3.1311 17 0
0 0 116.009 0 45.7979 a b -3.13147 17 0
0 0 116.008 0 45.7706 a b -3.1325 17 0
0 0 116.009 0 45.7431 a b -3.13834 17 0
0 0 116.01 0 45.72 a b 3.138 17 0
0 0 116.011 0 45.6953 a b 3.13688 17 0
0 0 116.009 0 45.6708 a b 3.13534 17 0
0 0 116.01 0 45.6437 a b 3.13286 17 0
0 0 116.01 0 45.6129 a b 3.12791 17 0
0 0 116.011 0 45.585 a b 3.12828 17 0
0 0 116.009 0 45.5569 a b 3.1299 17 0
0 0 116.012 0 45.5254 a b 3.12976 17 0
0 0 116.014 0 45.4956 a b 3.12987 17 0
0 0 116.017 0 45.4689 a b 3.13444 17 0
0 0 116.018 0 45.4396 a b 3.13811 17 0
0 0 116.015 0 45.4091 a b 3.13925 17 0
0 0 116.013 0 45.3781 a b 3.13312 17 0
0 0 116.015 0 45.3456 a b 3.12831 17 0
0 0 116.014 0 45.3177 a b 3.12907 17 0
0 0 116.012 0 45.2894 a b 3.13503 17 0
0 0 116.011 0 45.2573 a b -3.14122 17 0
0 0 116.013 0 45.2271 a b -3.13969 17 0
0 0 116.017 0 45.1915 a b -3.14055 17 0
0 0 116.02 0 45.1642 a b 3.13944 17 0
0 0 116.022 0 45.1338 a b 3.13886 17 0
0 0 116.018 0 45.1037 a b 3.14113 17 0
0 0 116.015 0 45.0707 a b -3.14098 17 0
0 0 116.015 0 45.0398 a b 3.13965 17 0
0 0 116.018 0 45.0106 a b 3.13914 17 0
0 0 116.02 0 44.9848 a b -3.13722 17 0
0 0 116.021 0 44.9592 a b -3.13215 17 0
0 0 116.023 0 44.9335 a b -3.13393 17 0
0 0 116.025 0 44.9059 a b -3.13515 17 0
0 0 116.026 0 44.878 a b -3.13641 17 0
0 0 116.022 0 44.8517 a b -3.13669 17 0
0 0 116.021 0 44.8214 a b -3.13592 17 0
0 0 116.021 0 44.7914 a b -3.13789 17 0
0 0 116.024 0 44.761 a b -3.13483 17 0
0 0 116.023 0 44.7302 a b -3.12818 17 0
0 0 116.021 0 44.7067 a b -3.12542 17 0
0 0 116.023 0 44.6763 a b -3.12324 17 0
0 0 116.024 0 44.6466 a b -3.12202 17 0
0 0 116.025 0 44.6198 a b -3.12252 17 0
0 0 116.024 0 44.5951 a b -3.12326 17 0
0 0 116.023 0 44.5626 a b -3.12282 17 0
0 0 116.022 0 44.5332 a b -3.12282 17 0
0 0 116.025 0 44.503 a b -3.12078 17 0
0 0 116.024 0 44.4721 a b -3.11735 17 0
0 0 116.026 0 44.4452 a b -3.11889 17 0
0 0 116.027 0 44.4166 a b -3.11852 17 0
0 0 116.027 0 44.3944 a b -3.11416 17 0
0 0 116.027 0 44.3695 a b -3.11343 17 0
0 0 116.025 0 44.3419 a b -3.11133 17 0
0 0 116.027 0 44.314 a b -3.1134 17 0
0 0 116.027 0 44.2831 a b -3.11591 17 0
0 0 116.03 0 44.2589 a b -3.11298 17 0
0 0 116.029 0 44.2319 a b -3.10867 17 0
0 0 116.029 0 44.2029 a b -3.10748 17 0
0 0 116.03 0 44.1736 a b -3.10825 17 0
0 0 116.031 0 44.1465 a b -3.11068 17 0
0 0 116.033 0 44.114 a b -3.11029 17 0
0 0 116.034 0 44.0848 a b -3.1092 17 0
0 0 116.033 0 44.0555 a b -3.10733 17 0
0 0 116.028 0 44.0229 a b -3.10535 17 0
0 0 116.025 0 43.996 a b -3.10521 17 0
0 0 116.021 0 43.9659 a b -3.10856 17 0
0 0 116.02 0 43.935 a b -3.10981 17 0
0 0 116.018 0 43.9041 a b -3.10619 17 0
0 0 116.019 0 43.8762 a b -3.10026 17 0
0 0 116.018 0 43.8507 a b -3.09655 17 0
0 0 116.019 0 43.8222 a b -3.097 17 0
0 0 116.019 0 43.7934 a b -3.10037 17 0
0 0 116.017 0 43.7626 a b -3.10209 17 0
0 0 116.016 0 43.7269 a b -3.10185 17 0
0 0 116.013 0 43.6973 a b -3.0994 17 0
0 0 116.012 0 43.6683 a b -3.09803 17 0
0 0 116.012 0 43.6364 a b -3.09832 17 0
0 0 116.007 0 43.5984 a b -3.09959 17 0
0 0 116.001 0 43.5636 a b -3.0999 17 0
0 0 116.002 0 43.5327 a b -3.09525 17 0
0 0 116.002 0 43.5053 a b -3.09236 17 0
0 0 116.004 0 43.478 a b -3.09372 17 0
0 0 116.002 0 43.4542 a b -3.09667 17 0
0 0 115.997 0 43.4271 a b -3.09756 17 0
0 0 115.996 0 43.3979 a b -3.0917 17 0
0 0 116.001 0 43.3719 a b -3.08967 17 0
0 0 116.002 0 43.3438 a b -3.09186 17 0
0 0 115.998 0 43.3147 a b -3.09378 17 0
0 0 115.998 0 43.2846 a b -3.09295 17 0
0 0 115.997 0 43.2541 a b -3.09105 17 0
0 0 115.995 0 43.2238 a b -3.09096 17 0
0 0 115.991 0 43.1914 a b -3.08808 17 0
0 0 115.992 0 43.1583 a b -3.08559 17 0
0 0 115.991 0 43.1255 a b -3.08536 17 0
0 0 115.985 0 43.0935 a b -3.08461 17 0
0 0 115.984 0 43.0669 a b -3.08369 17 0
0 0 115.985 0 43.04 a b -3.0829 17 0
0 0 115.982 0 43.0143 a b -3.08084 17 0
0 0 115.979 0 42.9896 a b -3.0805 17 0
0 0 115.979 0 42.9647 a b -3.08272 17 0
0 0 115.975 0 42.9373 a b -3.08101 17 0
0 0 115.974 0 42.9084 a b -3.0776 17 0
0 0 115.975 0 42.8777 a b -3.07557 17 0
0 0 115.975 0 42.8461 a b -3.07647 17 0
0 0 115.977 0 42.8146 a b -3.07985 17 0
0 0 115.979 0 42.7843 a b -3.08434 17 0
0 0 115.981 0 42.7545 a b -3.08357 17 0
0 0 115.98 0 42.7222 a b -3.0787 17 0
0 0 115.974 0 42.686 a b -3.07608 17 0
0 0 115.971 0 42.6546 a b -3.08353 17 0
0 0 115.973 0 42.63 a b -3.09163 17 0
0 0 115.982 0 42.6072 a b -3.08424 17 0
0 0 115.982 0 42.5798 a b -3.07522 17 0
0 0 115.978 0 42.5474 a b -3.07614 17 0
0 0 115.976 0 42.5198 a b -3.08641 17 0
0 0 115.973 0 42.4994 a b -3.09204 17 0
0 0 115.968 0 42.4768 a b -3.09329 17 0
0 0 115.972 0 42.4581 a b -3.08998 17 0
0 0 115.966 0 42.4304 a b -3.08152 17 0
0 0 115.966 0 42.4042 a b -3.08107 17 0
0 0 115.967 0 42.3699 a b -3.08302 17 0
0 0 115.967 0 42.3362 a b -3.08815 17 0
0 0 115.974 0 42.3044 a b -3.09739 17 0
0 0 115.975 0 42.2754 a b -3.09991 17 0
0 0 115.975 0 42.2433 a b -3.09927 17 0
0 0 115.971 0 42.2127 a b -3.10037 17 0
0 0 115.971 0 42.1801 a b -3.10482 17 0
0 0 115.97 0 42.1531 a b -3.11209 17 0
0 0 115.973 0 42.1234 a b -3.11441 17 0
0 0 115.971 0 42.0931 a b -3.11357 17 0
0 0 115.968 0 42.065 a b -3.12064 17 0
0 0 115.965 0 42.036 a b -3.13411 17 0
0 0 115.965 0 42.0068 a b 3.13929 17 0
0 0 115.965 0 41.9766 a b 3.13195 17 0
0 0 115.962 0 41.9525 a b 3.12462 17 0
0 0 115.963 0 41.9291 a b 3.1158 17 0
0 0 115.962 0 41.9039 a b 3.10551 17 0
0 0 115.968 0 41.8788 a b 3.10144 17 0
0 0 115.968 0 41.8556 a b 3.10264 17 0
0 0 115.967 0 41.8267 a b 3.10318 17 0
0 0 115.972 0 41.7964 a b 3.09804 17 0
0 0 115.976 0 41.7638 a b 3.09732 17 0
0 0 115.986 0 41.7334 a b 3.10082 17 0
0 0 115.985 0 41.701 a b 3.0986 17 0
0 0 115.989 0 41.6694 a b 3.09671 17 0
0 0 115.994 0 41.6375 a b 3.0929 17 0
0 0 115.999 0 41.608 a b 3.09968 17 0
0 0 115.992 0 41.5815 a b 3.10321 17 0
0 0 115.99 0 41.5551 a b 3.10023 17 0
0 0 115.993 0 41.5272 a b 3.10159 17 0
0 0 115.998 0 41.504 a b 3.10649 17 0
0 0 116 0 41.4787 a b 3.1096 17 0
0 0 116 0 41.4543 a b 3.11464 17 0
0 0 115.999 0 41.4295 a b 3.11514 17 0
0 0 115.997 0 41.4062 a b 3.11317 17 0
0 0 115.996 0 41.3821 a b 3.1111 17 0
0 0 115.997 0 41.3555 a b 3.11303 17 0
0 0 115.993 0 41.3281 a b 3.11987 17 0
0 0 115.998 0 41.2997 a b 3.12599 17 0
0 0 116.005 0 41.274 a b 3.13125 17 0
0 0 116.006 0 41.2431 a b 3.13407 17 0
0 0 116.008 0 41.2079 a b 3.13325 17 0
0 0 116.012 0 41.1768 a b 3.12894 17 0
0 0 116.016 0 41.1408 a b 3.12858 17 0
0 0 116.016 0 41.1066 a b 3.13371 17 0
0 0 116.015 0 41.0766 a b 3.13627 17 0
0 0 116.018 0 41.0488 a b 3.14042 17 0
0 0 116.02 0 41.0211 a b -3.14085 17 0
0 0 116.018 0 40.9904 a b -3.1383 17 0
0 0 116.02 0 40.9614 a b -3.13615 17 0
0 0 116.019 0 40.9331 a b -3.13421 17 0
0 0 116.021 0 40.9027 a b -3.13241 17 0
0 0 116.018 0 40.8716 a b -3.13003 17 0
0 0 116.017 0 40.8437 a b -3.12657 17 0
0 0 116.017 0 40.8145 a b -3.12641 17 0
0 0 116.019 0 40.7885 a b -3.12241 17 0
0 0 116.017 0 40.7626 a b -3.11889 17 0
0 0 116.016 0 40.7343 a b -3.11705 17 0
0 0 116.019 0 40.7048 a b -3.11361 17 0
0 0 116.02 0 40.6785 a b -3.10831 17 0
0 0 116.021 0 40.6519 a b -3.10809 17 0
0 0 116.024 0 40.6231 a b -3.10565 17 0
0 0 116.022 0 40.5936 a b -3.10218 17 0
0 0 116.019 0 40.5591 a b -3.10177 17 0
0 0 116.017 0 40.5194 a b -3.09706 17 0
0 0 116.017 0 40.4848 a b -3.09057 17 0
0 0 116.019 0 40.4505 a b -3.08864 17 0
0 0 116.017 0 40.4189 a b -3.08933 17 0
0 0 116.015 0 40.3856 a b -3.08421 17 0
0 0 116.014 0 40.3571 a b -3.08247 17 0
0 0 116.011 0 40.3261 a b -3.07914 17 0
0 0 116.009 0 40.3009 a b -3.07781 17 0
0 0 116.006 0 40.2739 a b -3.07539 17 0
0 0 116.003 0 40.2455 a b -3.06937 17 0
0 0 116.006 0 40.2243 a b -3.06271 17 0
0 0 116.007 0 40.204 a b -3.05915 17 0
0 0 116.008 0 40.1825 a b -3.06146 17 0
0 0 116.005 0 40.1546 a b -3.06129 17 0
0 0 116.003 0 40.1257 a b -3.05379 17 0
0 0 116.008 0 40.0987 a b -3.04944 17 0
0 0 116.006 0 40.0706 a b -3.04858 17 0
0 0 116.003 0 40.0391 a b -3.04756 17 0
0 0 116 0 40.0079 a b -3.05025 17 0
0 0 115.99 0 39.9719 a b -3.05022 17 0
0 0 115.991 0 39.9339 a b -3.04533 17 0
0 0 115.992 0 39.8965 a b -3.04479 17 0
0 0 115.991 0 39.865 a b -3.04828 17 0
0 0 115.984 0 39.836 a b -3.05083 17 0
0 0 115.981 0 39.8083 a b -3.04757 17 0
0 0 115.98 0 39.7776 a b -3.04411 17 0
0 0 115.986 0 39.7482 a b -3.04592 17 0
0 0 115.982 0 39.7247 a b -3.05162 17 0
0 0 115.978 0 39.7058 a b -3.05277 17 0
0 0 115.98 0 39.6821 a b -3.04969 17 0
0 0 115.982 0 39.6594 a b -3.0484 17 0
0 0 115.981 0 39.6366 a b -3.04969 17 0
0 0 115.977 0 39.6114 a b -3.05103 17 0
0 0 115.976 0 39.5757 a b -3.05111 17 0
0 0 115.976 0 39.5465 a b -3.05686 17 0
0 0 115.972 0 39.5219 a b -3.06138 17 0
0 0 115.971 0 39.49 a b -3.06234 17 0
0 0 115.97 0 39.4583 a b -3.06375 17 0
0 0 115.968 0 39.4251 a b -3.06711 17 0
0 0 115.966 0 39.3919 a b -3.06973 17 0
0 0 115.963 0 39.3606 a b -3.07216 17 0
0 0 115.958 0 39.3312 a b -3.07692 17 0
0 0 115.955 0 39.3039 a b -3.07817 17 0
0 0 115.957 0 39.2743 a b -3.078 17 0
0 0 115.955 0 39.2449 a b -3.08178 17 0
0 0 115.952 0 39.2199 a b -3.08593 17 0
0 0 115.949 0 39.1977 a b -3.08739 17 0
0 0 115.948 0 39.1769 a b -3.08345 17 0
0 0 115.948 0 39.1508 a b -3.08595 17 0
0 0 115.953 0 39.1244 a b -3.09649 17 0
0 0 115.956 0 39.0984 a b -3.1029 17 0
0 0 115.957 0 39.0706 a b -3.10835 17 0
0 0 115.953 0 39.0408 a b -3.11349 17 0
0 0 115.954 0 39.0137 a b -3.1177 17 0
0 0 115.952 0 38.9834 a b -3.12324 17 0
0 0 115.955 0 38.9559 a b -3.12718 17 0
0 0 115.952 0 38.9269 a b -3.13689 17 0
0 0 115.957 0 38.8964 a b 3.13737 17 0
0 0 115.96 0 38.868 a b 3.1329 17 0
0 0 115.959 0 38.8406 a b 3.12823 17 0
0 0 115.962 0 38.8084 a b 3.11506 17 0
0 0 115.965 0 38.7762 a b 3.10502 17 0
0 0 115.967 0 38.7452 a b 3.09872 17 0
0 0 115.969 0 38.7154 a b 3.09861 17 0
0 0 115.965 0 38.6853 a b 3.09916 17 0
0 0 115.965 0 38.6579 a b 3.09292 17 0
0 0 115.968 0 38.6297 a b 3.08336 17 0
0 0 115.974 0 38.601 a b 3.07751 17 0
0 0 115.978 0 38.5675 a b 3.07894 17 0
0 0 115.978 0 38.5419 a b 3.08054 17 0
0 0 115.984 0 38.5114 a b 3.08312 17 0
0 0 115.986 0 38.483 a b 3.08608 17 0
0 0 115.99 0 38.4546 a b 3.08687 17 0
0 0 115.997 0 38.4227 a b 3.08538 17 0
0 0 116.003 0 38.3934 a b 3.08702 17 0
0 0 116.007 0 38.3642 a b 3.09226 17 0
0 0 116.004 0 38.3342 a b 3.09202 17 0
0 0 116.004 0 38.301 a b 3.08574 17 0
0 0 116.007 0 38.2669 a b 3.0865 17 0
0 0 116.007 0 38.2351 a b 3.09468 17 0
0 0 116.005 0 38.2095 a b 3.10159 17 0
0 0 116.008 0 38.1835 a b 3.09669 17 0
0 0 116.013 0 38.1531 a b 3.09405 17 0
0 0 116.016 0 38.1203 a b 3.09694 17 0
0 0 116.018 0 38.0933 a b 3.09915 17 0
0 0 116.02 0 38.0655 a b 3.09818 17 0
0 0 116.025 0 38.0343 a b 3.10212 17 0
0 0 116.029 0 38.0079 a b 3.10281 17 0
0 0 116.032 0 37.9789 a b 3.10468 17 0
0 0 116.034 0 37.9529 a b 3.10769 17 0
0 0 116.036 0 37.9267 a b 3.1031 17 0
0 0 116.039 0 37.8991 a b 3.09796 17 0
0 0 116.042 0 37.8684 a b 3.10277 17 0
0 0 116.048 0 37.8357 a b 3.10902 17 0
0 0 116.043 0 37.8069 a b 3.1097 17 0
0 0 116.045 0 37.7801 a b 3.10629 17 0
0 0 116.046 0 37.7467 a b 3.11171 17 0
0 0 116.048 0 37.7235 a b 3.11882 17 0
0 0 116.049 0 37.6942 a b 3.11543 17 0
0 0 116.055 0 37.6684 a b 3.11121 17 0
0 0 116.058 0 37.644 a b 3.11553 17 0
0 0 116.057 0 37.6183 a b 3.11849 17 0
0 0 116.057 0 37.5889 a b 3.12114 17 0
0 0 116.059 0 37.56 a b 3.1234 17 0
0 0 116.058 0 37.5335 a b 3.12351 17 0
0 0 116.061 0 37.5044 a b 3.12049 17 0
0 0 116.066 0 37.4762 a b 3.12301 17 0
0 0 116.066 0 37.4478 a b 3.1316 17 0
0 0 116.065 0 37.418 a b 3.13724 17 0
0 0 116.065 0 37.3912 a b 3.1369 17 0
0 0 116.065 0 37.3624 a b 3.13326 17 0
0 0 116.069 0 37.3316 a b 3.12961 17 0
0 0 116.071 0 37.3012 a b 3.13287 17 0
0 0 116.069 0 37.266 a b 3.13892 17 0
0 0 116.068 0 37.2349 a b 3.13924 17 0
0 0 116.073 0 37.2039 a b 3.13486 17 0
0 0 116.074 0 37.1744 a b -3.13917 17 0
0 0 116.071 0 37.1544 a b -3.13615 17 0
0 0 116.074 0 37.1302 a b -3.13828 17 0
0 0 116.077 0 37.1001 a b -3.13635 17 0
0 0 116.078 0 37.0749 a b -3.13054 17 0
0 0 116.079 0 37.0479 a b -3.12744 17 0
0 0 116.077 0 37.0189 a b -3.12988 17 0
0 0 116.079 0 36.9883 a b -3.12887 17 0
0 0 116.077 0 36.9558 a b -3.12325 17 0
0 0 116.078 0 36.9266 a b -3.11943 17 0
0 0 116.078 0 36.9002 a b -3.11913 17 0
0 0 116.08 0 36.8694 a b -3.11297 17 0
0 0 116.081 0 36.8408 a b -3.10921 17 0
0 0 116.079 0 36.8117 a b -3.11013 17 0
0 0 116.078 0 36.777 a b -3.1078 17 0
0 0 116.077 0 36.7461 a b -3.09899 17 0
0 0 116.075 0 36.7185 a b -3.09549 17 0
0 0 116.07 0 36.6958 a b -3.09825 17 0
0 0 116.067 0 36.665 a b -3.09023 17 0
0 0 116.068 0 36.6396 a b -3.08017 17 0
0 0 116.072 0 36.6176 a b -3.07265 17 0
0 0 116.077 0 36.594 a b -3.07101 17 0
0 0 116.071 0 36.5658 a b -3.07069 17 0
0 0 116.066 0 36.53 a b -3.0626 17 0
0 0 116.067 0 36.4997 a b -3.05234 17 0
0 0 116.069 0 36.4683 a b -3.04545 17 0
0 0 116.067 0 36.4407 a b -3.03915 17 0
0 0 116.066 0 36.4097 a b -3.02861 17 0
0 0 116.069 0 36.3843 a b -3.02291 17 0
0 0 116.072 0 36.3547 a b -3.02475 17 0
0 0 116.063 0 36.3267 a b -3.02939 17 0
0 0 116.063 0 36.2964 a b -3.02854 17 0
0 0 116.06 0 36.2621 a b -3.02846 17 0
0 0 116.055 0 36.2306 a b -3.02994 17 0
0 0 116.053 0 36.2005 a b -3.03056 17 0
0 0 116.049 0 36.172 a b -3.03044 17 0
0 0 116.049 0 36.1508 a b -3.02804 17 0
0 0 116.05 0 36.1244 a b -3.03063 17 0
0 0 116.041 0 36.1009 a b -3.03545 17 0
0 0 116.036 0 36.0737 a b -3.03159 17 0
0 0 116.037 0 36.0462 a b -3.0291 17 0
0 0 116.036 0 36.0218 a b -3.03387 17 0
0 0 116.03 0 35.9954 a b -3.03854 17 0
0 0 116.028 0 35.9682 a b -3.03662 17 0
0 0 116.029 0 35.9367 a b -3.03263 17 0
0 0 116.029 0 35.9069 a b -3.03632 17 0
0 0 116.023 0 35.874 a b -3.04032 17 0
0 0 116.023 0 35.8426 a b -3.04285 17 0
0 0 116.019 0 35.8093 a b -3.04203 17 0
0 0 116.017 0 35.775 a b -3.04066 17 0
0 0 116.014 0 35.7357 a b -3.03824 17 0
0 0 116.011 0 35.6975 a b -3.04435 17 0
0 0 116.011 0 35.6724 a b -3.057 17 0
0 0 116.01 0 35.6477 a b -3.06033 17 0
0 0 116.005 0 35.6171 a b -3.04964 17 0
0 0 116.001 0 35.5848 a b -3.04373 17 0
0 0 116.002 0 35.5539 a b -3.05405 17 0
0 0 115.998 0 35.5292 a b -3.06607 17 0
0 0 115.997 0 35.5039 a b -3.06643 17 0
0 0 115.996 0 35.4805 a b -3.0562 17 0
0 0 115.995 0 35.4509 a b -3.04766 17 0
0 0 115.994 0 35.4248 a b -3.05147 17 0
0 0 115.992 0 35.399 a b -3.06722 17 0
0 0 115.994 0 35.3701 a b -3.07599 17 0
0 0 115.991 0 35.3418 a b -3.07516 17 0
0 0 115.987 0 35.3095 a b -3.07125 17 0
0 0 115.984 0 35.2743 a b -3.06842 17 0
0 0 115.98 0 35.2432 a b -3.07296 17 0
0 0 115.978 0 35.2093 a b -3.08054 17 0
0 0 115.975 0 35.1789 a b -3.0872 17 0
0 0 115.971 0 35.1489 a b -3.08215 17 0
0 0 115.967 0 35.1164 a b -3.07276 17 0
0 0 115.965 0 35.0877 a b -3.07375 17 0
0 0 115.966 0 35.0596 a b -3.08298 17 0
0 0 115.966 0 35.0275 a b -3.08834 17 0
0 0 115.968 0 34.9995 a b -3.08651 17 0
0 0 115.969 0 34.9746 a b -3.08583 17 0
0 0 115.969 0 34.9506 a b -3.08923 17 0
0 0 115.968 0 34.9231 a b -3.09585 17 0
0 0 115.966 0 34.8942 a b -3.10408 17 0
0 0 115.964 0 34.8681 a b -3.10756 17 0
0 0 115.962 0 34.8371 a b -3.10271 17 0
0 0 115.959 0 34.8096 a b -3.09963 17 0
0 0 115.962 0 34.7845 a b -3.1033 17 0
0 0 115.964 0 34.7598 a b -3.11087 17 0
0 0 115.965 0 34.731 a b -3.11467 17 0
0 0 115.964 0 34.7021 a b -3.11666 17 0
0 0 115.962 0 34.6684 a b -3.11899 17 0
0 0 115.963 0 34.6418 a b -3.12059 17 0
0 0 115.962 0 34.6161 a b -3.12211 17 0
0 0 115.963 0 34.5836 a b -3.12256 17 0
0 0 115.964 0 34.5555 a b -3.12122 17 0
0 0 115.965 0 34.5283 a b -3.11975 17 0
0 0 115.968 0 34.5024 a b -3.12081 17 0
0 0 115.971 0 34.4709 a b -3.12141 17 0
0 0 115.975 0 34.4418 a b -3.1205 17 0
0 0 115.972 0 34.4182 a b -3.119 17 0
0 0 115.963 0 34.3868 a b -3.12217 17 0
0 0 115.964 0 34.3568 a b -3.12177 17 0
0 0 115.966 0 34.3302 a b -3.11985 17 0
0 0 115.968 0 34.3032 a b -3.12147 17 0
0 0 115.97 0 34.2812 a b -3.12488 17 0
0 0 115.969 0 34.2517 a b -3.12388 17 0
0 0 115.968 0 34.2171 a b -3.12363 17 0
0 0 115.969 0 34.1811 a b -3.12292 17 0
0 0 115.97 0 34.1506 a b -3.12159 17 0
0 0 115.971 0 34.1234 a b -3.11861 17 0
0 0 115.971 0 34.0945 a b -3.11942 17 0
0 0 115.971 0 34.0632 a b -3.12088 17 0
0 0 115.974 0 34.0318 a b -3.11955 17 0
0 0 115.973 0 34.0022 a b -3.11968 17 0
0 0 115.976 0 33.971 a b -3.12051 17 0
0 0 115.979 0 33.9436 a b -3.12037 17 0
0 0 115.98 0 33.9168 a b -3.12184 17 0
0 0 115.979 0 33.8868 a b -3.12109 17 0
0 0 115.979 0 33.8581 a b -3.12026 17 0
0 0 115.977 0 33.8249 a b -3.11896 17 0
0 0 115.977 0 33.7994 a b -3.11844 17 0
0 0 115.977 0 33.7774 a b -3.11747 17 0
0 0 115.978 0 33.7538 a b -3.11594 17 0
0 0 115.979 0 33.7263 a b -3.11416 17 0
0 0 115.978 0 33.7001 a b -3.11572 17 0
0 0 115.977 0 33.6741 a b -3.11683 17 0
0 0 115.975 0 33.6412 a b -3.11264 17 0
0 0 115.976 0 33.6169 a b -3.11276 17 0
0 0 115.974 0 33.5887 a b -3.11461 17 0
0 0 115.971 0 33.5564 a b -3.11156 17 0
0 0 115.97 0 33.5286 a b -3.10867 17 0
0 0 115.967 0 33.4978 a b -3.10632 17 0
0 0 115.969 0 33.4666 a b -3.10604 17 0
0 0 115.971 0 33.4372 a b -3.106 17 0
0 0 115.97 0 33.4047 a b -3.10687 17 0
0 0 115.97 0 33.3706 a b -3.10605 17 0
0 0 115.971 0 33.3427 a b -3.10515 17 0
0 0 115.972 0 33.311 a b -3.10627 17 0
0 0 115.969 0 33.2816 a b -3.1049 17 0
0 0 115.968 0 33.2509 a b -3.10272 17 0
0 0 115.971 0 33.2237 a b -3.1044 17 0
0 0 115.971 0 33.1969 a b -3.10436 17 0
0 0 115.97 0 33.1689 a b -3.10379 17 0
0 0 115.969 0 33.1415 a b -3.10567 17 0
0 0 115.972 0 33.117 a b -3.10529 17 0
0 0 115.972 0 33.0884 a b -3.1041 17 0
0 0 115.964 0 33.059 a b -3.10226 17 0
0 0 115.965 0 33.0369 a b -3.10011 17 0
0 0 115.968 0 33.0125 a b -3.09854 17 0
0 0 115.968 0 32.9805 a b -3.10013 17 0
0 0 115.969 0 32.9487 a b -3.09977 17 0
0 0 115.969 0 32.9223 a b -3.09936 17 0
0 0 115.97 0 32.8941 a b -3.09896 17 0
0 0 115.972 0 32.8626 a b -3.0988 17 0
0 0 115.973 0 32.8326 a b -3.099 17 0
0 0 115.973 0 32.8026 a b -3.09711 17 0
0 0 115.97 0 32.7685 a b -3.09511 17 0
0 0 115.974 0 32.7401 a b -3.0978 17 0
0 0 115.974 0 32.7121 a b -3.09766 17 0
0 0 115.976 0 32.6845 a b -3.09691 17 0
0 0 115.978 0 32.6558 a b -3.09749 17 0
0 0 115.974 0 32.6229 a b -3.09957 17 0
0 0 115.972 0 32.5895 a b -3.09743 17 0
0 0 115.974 0 32.5581 a b -3.09542 17 0
0 0 115.976 0 32.5266 a b -3.09495 17 0
0 0 115.97 0 32.4961 a b -3.09462 17 0
0 0 115.972 0 32.4714 a b -3.09453 17 0
0 0 115.974 0 32.4415 a b -3.09481 17 0
0 0 115.976 0 32.4139 a b -3.09829 17 0
0 0 115.973 0 32.3914 a b -3.09913 17 0
0 0 115.973 0 32.3587 a b -3.09534 17 0
0 0 115.973 0 32.328 a b -3.09413 17 0
0 0 115.968 0 32.2943 a b -3.09373 17 0
0 0 115.97 0 32.2671 a b -3.09285 17 0
0 0 115.971 0 32.241 a b -3.09223 17 0
0 0 115.965 0 32.204 a b -3.08855 17 0
0 0 115.964 0 32.1697 a b -3.09081 17 0
0 0 115.968 0 32.1408 a b -3.09377 17 0
0 0 115.972 0 32.1132 a b -3.08902 17 0
0 0 115.967 0 32.0796 a b -3.08502 17 0
0 0 115.968 0 32.0562 a b -3.08781 17 0
0 0 115.967 0 32.0272 a b -3.08893 17 0
0 0 115.965 0 32.0004 a b -3.08545 17 0
0 0 115.962 0 31.9717 a b -3.08047 17 0
0 0 115.961 0 31.9401 a b -3.07999 17 0
0 0 115.961 0 31.9144 a b -3.08169 17 0
0 0 115.962 0 31.8907 a b -3.0799 17 0
0 0 115.96 0 31.8569 a b -3.0773 17 0
0 0 115.956 0 31.823 a b -3.07836 17 0
0 0 115.959 0 31.7943 a b -3.07903 17 0
0 0 115.956 0 31.7607 a b -3.0787 17 0
0 0 115.953 0 31.7311 a b -3.07596 17 0
0 0 115.95 0 31.6991 a b -3.07598 17 0
0 0 115.952 0 31.6682 a b -3.07893 17 0
0 0 115.957 0 31.6443 a b -3.08045 17 0
0 0 115.956 0 31.6165 a b -3.07976 17 0
0 0 115.951 0 31.5879 a b -3.08021 17 0
0 0 115.955 0 31.5662 a b -3.08046 17 0
0 0 115.953 0 31.536 a b -3.0752 17 0
0 0 115.951 0 31.5101 a b -3.07281 17 0
0 0 115.948 0 31.4796 a b -3.07401 17 0
0 0 115.951 0 31.4536 a b -3.07738 17 0
0 0 115.951 0 31.4311 a b -3.07495 17 0
0 0 115.949 0 31.4053 a b -3.06812 17 0
0 0 115.947 0 31.3709 a b -3.06306 17 0
0 0 115.944 0 31.343 a b -3.06485 17 0
0 0 115.94 0 31.3117 a b -3.06893 17 0
0 0 115.943 0 31.2841 a b -3.06713 17 0
0 0 115.938 0 31.2575 a b -3.06161 17 0
0 0 115.938 0 31.2293 a b -3.06061 17 0
0 0 115.938 0 31.201 a b -3.05961 17 0
0 0 115.941 0 31.1738 a b -3.05834 17 0
0 0 115.941 0 31.1436 a b -3.06034 17 0
0 0 115.938 0 31.1122 a b -3.06105 17 0
0 0 115.937 0 31.084 a b -3.05907 17 0
0 0 115.934 0 31.0568 a b -3.05859 17 0
0 0 115.932 0 31.028 a b -3.05673 17 0
0 0 115.929 0 31.0033 a b -3.05357 17 0
0 0 115.924 0 30.9776 a b -3.04994 17 0
0 0 115.924 0 30.9477 a b -3.04843 17 0
0 0 115.93 0 30.9189 a b -3.04876 17 0
0 0 115.925 0 30.8892 a b -3.04887 17 0
0 0 115.934 0 30.8633 a b -3.04369 17 0
0 0 115.939 0 30.836 a b -3.04035 17 0
0 0 115.937 0 30.8055 a b -3.03674 17 0
0 0 115.934 0 30.7724 a b -3.03555 17 0
0 0 115.932 0 30.7425 a b -3.03625 17 0
0 0 115.931 0 30.7069 a b -3.02929 17 0
0 0 115.926 0 30.6737 a b -3.01976 17 0
0 0 115.925 0 30.6439 a b -3.01706 17 0
0 0 115.92 0 30.6152 a b -3.02054 17 0
0 0 115.912 0 30.5828 a b -3.03268 17 0
0 0 115.91 0 30.5543 a b -3.04859 17 0
0 0 115.911 0 30.5252 a b -3.06776 17 0
0 0 115.908 0 30.4972 a b -3.08465 17 0
0 0 115.9 0 30.4673 a b -3.10334 17 0
0 0 115.895 0 30.4417 a b -3.12054 17 0
0 0 115.894 0 30.4115 a b -3.12641 17 0
0 0 115.894 0 30.3877 a b -3.13176 17 0
0 0 115.895 0 30.3608 a b 3.14003 17 0
0 0 115.896 0 30.3298 a b 3.13265 17 0
0 0 115.894 0 30.3022 a b 3.12833 17 0
0 0 115.894 0 30.2774 a b 3.12659 17 0
0 0 115.899 0 30.2442 a b 3.12751 17 0
0 0 115.898 0 30.2166 a b 3.12881 17 0
0 0 115.901 0 30.1901 a b 3.13093 17 0
0 0 115.904 0 30.1623 a b 3.13179 17 0
0 0 115.905 0 30.1268 a b 3.13055 17 0
0 0 115.91 0 30.0964 a b 3.13559 17 0
0 0 115.906 0 30.0677 a b 3.13665 17 0
0 0 115.905 0 30.0427 a b 3.13688 17 0
0 0 115.91 0 30.0182 a b 3.13925 17 0
0 0 115.917 0 29.987 a b 3.13923 17 0
0 0 115.919 0 29.9569 a b 3.14051 17 0
0 0 115.92 0 29.9251 a b 3.13991 17 0
0 0 115.919 0 29.8937 a b 3.1414 17 0
0 0 115.918 0 29.8647 a b -3.14096 17 0
0 0 115.918 0 29.8355 a b -3.14069 17 0
0 0 115.923 0 29.8116 a b -3.13962 17 0
0 0 115.927 0 29.7902 a b -3.14068 17 0
0 0 115.923 0 29.7656 a b 3.13854 17 0
0 0 115.918 0 29.7363 a b 3.14157 17 0
0 0 115.921 0 29.7127 a b -3.13735 17 0
0 0 115.921 0 29.6911 a b -3.13808 17 0
0 0 115.914 0 29.6602 a b 3.14077 17 0
0 0 115.912 0 29.6272 a b 3.14159 17 0
0 0 115.919 0 29.5964 a b -3.13594 17 0
0 0 115.927 0 29.5687 a b -3.13089 17 0
0 0 115.929 0 29.5329 a b -3.13083 17 0
0 0 115.926 0 29.5009 a b -3.13646 17 0
0 0 115.91 0 29.4599 a b -3.13583 17 0
0 0 115.909 0 29.4221 a b -3.12959 17 0
0 0 115.913 0 29.3896 a b -3.12117 17 0
0 0 115.922 0 29.3584 a b -3.11739 17 0
0 0 115.929 0 29.3371 a b -3.12237 17 0
0 0 115.925 0 29.3098 a b -3.1267 17 0
0 0 115.926 0 29.2902 a b -3.12688 17 0
0 0 115.923 0 29.2657 a b -3.1242 17 0
0 0 115.925 0 29.2476 a b -3.12196 17 0
0 0 115.931 0 29.2266 a b -3.12148 17 0
0 0 115.931 0 29.2076 a b -3.126 17 0
0 0 115.925 0 29.1732 a b -3.12262 17 0
0 0 115.922 0 29.1478 a b -3.1155 17 0
0 0 115.927 0 29.1141 a b -3.10751 17 0
0 0 115.933 0 29.0863 a b -3.10996 17 0
0 0 115.928 0 29.0531 a b -3.117 17 0
0 0 115.919 0 29.0203 a b -3.11999 17 0
0 0 115.916 0 28.982 a b -3.11073 17 0
0 0 115.92 0 28.9457 a b -3.10392 17 0
0 0 115.92 0 28.9068 a b -3.10168 17 0
0 0 115.929 0 28.8742 a b -3.1036 17 0
0 0 115.922 0 28.8413 a b -3.1047 17 0
0 0 115.916 0 28.8098 a b -3.10305 17 0
0 0 115.919 0 28.7831 a b -3.10501 17 0
0 0 115.926 0 28.7616 a b -3.10537 17 0
0 0 115.923 0 28.737 a b -3.0989 17 0
0 0 115.923 0 28.7082 a b -3.0888 17 0
0 0 115.915 0 28.6762 a b -3.08923 17 0
0 0 115.917 0 28.6459 a b -3.09799 17 0
0 0 115.927 0 28.6324 a b -3.10057 17 0
0 0 115.932 0 28.6121 a b -3.09271 17 0
0 0 115.927 0 28.5877 a b -3.08433 17 0
0 0 115.909 0 28.558 a b -3.08007 17 0
0 0 115.908 0 28.5344 a b -3.0884 17 0
0 0 115.914 0 28.5075 a b -3.09714 17 0
0 0 115.929 0 28.485 a b -3.10125 17 0
0 0 115.942 0 28.4492 a b -3.09472 17 0
0 0 115.938 0 28.4057 a b -3.08751 17 0
0 0 115.936 0 28.3748 a b -3.08863 17 0
0 0 115.93 0 28.3472 a b -3.09239 17 0
0 0 115.923 0 28.3102 a b -3.09177 17 0
0 0 115.924 0 28.2732 a b -3.08218 17 0
0 0 115.917 0 28.2356 a b -3.07764 17 0
0 0 115.923 0 28.2049 a b -3.07954 17 0
0 0 115.921 0 28.1795 a b -3.07709 17 0
0 0 115.923 0 28.1594 a b -3.07628 17 0
0 0 115.914 0 28.135 a b -3.07862 17 0
0 0 115.919 0 28.1167 a b -3.08321 17 0
0 0 115.927 0 28.1048 a b -3.08283 17 0
0 0 115.925 0 28.0884 a b -3.07115 17 0
0 0 115.924 0 28.0648 a b -3.06576 17 0
0 0 115.914 0 28.0427 a b -3.06806 17 0
0 0 115.906 0 28.0186 a b -3.07076 17 0
0 0 115.905 0 27.9961 a b -3.07189 17 0
0 0 115.926 0 27.9756 a b -3.07348 17 0
0 0 115.943 0 27.9442 a b -3.07311 17 0
0 0 115.945 0 27.917 a b -3.07105 17 0
0 0 115.931 0 27.8797 a b -3.06674 17 0
0 0 115.904 0 27.8296 a b -3.07318 17 0
0 0 115.9 0 27.7927 a b -3.07518 17 0
0 0 115.897 0 27.7526 a b -3.06608 17 0
0 0 115.904 0 27.7082 a b -3.06132 17 0
0 0 115.904 0 27.6728 a b -3.05647 17 0
0 0 115.9 0 27.639 a b -3.05395 17 0
0 0 115.897 0 27.6048 a b -3.05765 17 0
0 0 115.897 0 27.5712 a b -3.057 17 0
0 0 115.89 0 27.5354 a b -3.05392 17 0
0 0 115.894 0 27.5068 a b -3.05164 17 0
0 0 115.89 0 27.4774 a b -3.04723 17 0
0 0 115.887 0 27.4533 a b -3.0454 17 0
0 0 115.89 0 27.4325 a b -3.047 17 0
0 0 115.89 0 27.4116 a b -3.0441 17 0
0 0 115.893 0 27.4012 a b -3.0432 17 0
0 0 115.892 0 27.3866 a b -3.04383 17 0
0 0 115.888 0 27.3631 a b -3.04105 17 0
0 0 115.884 0 27.343 a b -3.03984 17 0
0 0 115.885 0 27.3165 a b -3.03867 17 0
0 0 115.882 0 27.2909 a b -3.03799 17 0
0 0 115.883 0 27.2664 a b -3.03718 17 0
0 0 115.878 0 27.2414 a b -3.03761 17 0
0 0 115.874 0 27.2109 a b -3.03396 17 0
0 0 115.873 0 27.1754 a b -3.03314 17 0
0 0 115.875 0 27.1422 a b -3.03171 17 0
0 0 115.875 0 27.1068 a b -3.03275 17 0
0 0 115.864 0 27.0682 a b -3.03258 17 0
0 0 115.864 0 27.0219 a b -3.03086 17 0
0 0 115.865 0 26.9689 a b -3.03193 17 0
0 0 115.859 0 26.9278 a b -3.03321 17 0
0 0 115.854 0 26.8808 a b -3.03733 17 0
0 0 115.85 0 26.841 a b -3.04192 17 0
0 0 115.849 0 26.8057 a b -3.04247 17 0
0 0 115.847 0 26.7715 a b -3.04297 17 0
0 0 115.843 0 26.739 a b -3.04173 17 0
0 0 115.837 0 26.7175 a b -3.03829 17 0
0 0 115.833 0 26.7053 a b -3.03717 17 0
0 0 115.832 0 26.6936 a b -3.03936 17 0
