0 0 -64.998 0 26.2361 a b 0.0583117 2 0
0 0 -64.991 0 26.2371 a b -0.0129189 2 0
0 0 -64.9903 0 26.2363 a b -0.0652986 2 0
0 0 -64.983 0 26.2382 a b -0.0927887 2 0
0 0 -64.9792 0 26.2497 a b -0.0965237 2 0
0 0 -64.9796 0 26.2515 a b -0.0760914 2 0
0 0 -64.979 0 26.2535 a b -0.0568304 2 0
0 0 -64.9794 0 26.2518 a b -0.0294916 2 0
0 0 -64.9767 0 26.2524 a b 0.00341946 2 0
0 0 -64.9774 0 26.2489 a b 0.0366067 2 0
0 0 -64.9847 0 26.2476 a b 0.0650831 2 0
0 0 -64.9934 0 26.2392 a b 0.0868557 2 0
0 0 -64.9893 0 26.248 a b 0.103128 2 0
0 0 -64.9924 0 26.2605 a b 0.105916 2 0
0 0 -64.9901 0 26.2742 a b 0.110187 2 0
0 0 -64.9888 0 26.2844 a b 0.112675 2 0
0 0 -64.9844 0 26.3069 a b 0.0996761 2 0
0 0 -64.976 0 26.3339 a b 0.087988 2 0
0 0 -64.984 0 26.38 a b 0.0766877 2 0
0 0 -64.9833 0 26.4404 a b 0.0670119 2 0
0 0 -64.9804 0 26.5153 a b 0.0538577 2 0
0 0 -64.9737 0 26.5909 a b 0.0450406 2 0
0 0 -64.9756 0 26.6739 a b 0.0386669 2 0
0 0 -64.9787 0 26.7637 a b 0.0358991 2 0
0 0 -64.9834 0 26.8621 a b 0.0342601 2 0
0 0 -64.9777 0 26.9573 a b 0.0318033 2 0
0 0 -64.977 0 27.0434 a b 0.0259049 2 0
0 0 -64.9751 0 27.1276 a b 0.0241651 2 0
0 0 -64.9788 0 27.2004 a b 0.0242102 2 0
0 0 -64.9781 0 27.2641 a b 0.02092 2 0
0 0 -64.9758 0 27.3225 a b 0.0177824 2 0
0 0 -64.982 0 27.3756 a b 0.0155607 2 0
0 0 -64.9819 0 27.4232 a b 0.0123328 2 0
0 0 -64.9859 0 27.4613 a b 0.010219 2 0
0 0 -64.9834 0 27.501 a b 0.00934185 2 0
0 0 -64.9777 0 27.5451 a b 0.00559512 2 0
0 0 -64.9845 0 27.5845 a b 0.00193256 2 0
0 0 -64.9882 0 27.6219 a b -0.00233714 2 0
0 0 -64.9907 0 27.6656 a b -0.00532382 2 0
0 0 -64.9893 0 27.7197 a b -0.00844082 2 0
0 0 -64.9912 0 27.7704 a b -0.011725 2 0
0 0 -64.9917 0 27.8251 a b -0.0162101 2 0
0 0 -64.9932 0 27.8839 a b -0.0223162 2 0
0 0 -64.9955 0 27.9486 a b -0.0268334 2 0
0 0 -64.995 0 28.0127 a b -0.0330872 2 0
0 0 -64.9974 0 28.0824 a b -0.0410591 2 0
0 0 -65.0027 0 28.1533 a b -0.0470411 2 0
0 0 -65.0072 0 28.2268 a b -0.0487809 2 0
0 0 -65.0197 0 28.3003 a b -0.0507445 2 0
0 0 -65.0288 0 28.3741 a b -0.0556428 2 0
0 0 -65.0296 0 28.4381 a b -0.0591804 2 0
0 0 -65.0325 0 28.5059 a b -0.0620279 2 0
0 0 -65.0406 0 28.5662 a b -0.0658387 2 0
0 0 -65.0435 0 28.6254 a b -0.0682999 2 0
0 0 -65.0501 0 28.6784 a b -0.0711026 2 0
0 0 -65.0554 0 28.7321 a b -0.0756728 2 0
0 0 -65.06 0 28.7805 a b -0.0768699 2 0
0 0 -65.0642 0 28.833 a b -0.0790434 2 0
0 0 -65.0674 0 28.88 a b -0.0833647 2 0
0 0 -65.0715 0 28.9277 a b -0.0838037 2 0
0 0 -65.0786 0 28.9762 a b -0.086089 2 0
0 0 -65.08 0 29.0246 a b -0.0889342 2 0
0 0 -65.0828 0 29.071 a b -0.0893877 2 0
0 0 -65.0923 0 29.1244 a b -0.0847542 2 0
0 0 -65.0968 0 29.1761 a b -0.0746752 2 0
0 0 -65.0938 0 29.2289 a b -0.0546454 2 0
0 0 -65.0903 0 29.2848 a b -0.0337701 2 0
0 0 -65.0867 0 29.3462 a b -0.0151089 2 0
0 0 -65.0862 0 29.4093 a b 0.00240849 2 0
0 0 -65.0831 0 29.4687 a b 0.0173517 2 0
0 0 -65.0837 0 29.5322 a b 0.0261281 2 0
0 0 -65.0802 0 29.5991 a b 0.0318416 2 0
0 0 -65.0784 0 29.6659 a b 0.0385665 2 0
0 0 -65.0798 0 29.7277 a b 0.0409678 2 0
0 0 -65.0824 0 29.7937 a b 0.0424531 2 0
0 0 -65.082 0 29.8545 a b 0.045721 2 0
0 0 -65.0797 0 29.9098 a b 0.0481459 2 0
0 0 -65.08 0 29.968 a b 0.0487052 2 0
0 0 -65.0813 0 30.0225 a b 0.0506955 2 0
0 0 -65.0778 0 30.0706 a b 0.0493087 2 0
0 0 -65.0798 0 30.1232 a b 0.0498527 2 0
0 0 -65.0789 0 30.1697 a b 0.0480926 2 0
0 0 -65.0762 0 30.2168 a b 0.0489277 2 0
0 0 -65.0741 0 30.2633 a b 0.0478503 2 0
0 0 -65.075 0 30.3121 a b 0.046058 2 0
0 0 -65.0753 0 30.373 a b 0.0440408 2 0
0 0 -65.0707 0 30.4231 a b 0.0411356 2 0
0 0 -65.0735 0 30.4776 a b 0.0412045 2 0
0 0 -65.0751 0 30.5395 a b 0.0390033 2 0
0 0 -65.0767 0 30.596 a b 0.0386899 2 0
0 0 -65.0753 0 30.653 a b 0.0392559 2 0
0 0 -65.074 0 30.7141 a b 0.0385313 2 0
0 0 -65.0717 0 30.7687 a b 0.0401279 2 0
0 0 -65.074 0 30.8239 a b 0.0391251 2 0
0 0 -65.0714 0 30.8832 a b 0.0388878 2 0
0 0 -65.0706 0 30.9414 a b 0.039443 2 0
0 0 -65.0705 0 31.0068 a b 0.0393545 2 0
0 0 -65.0681 0 31.0689 a b 0.0377687 2 0
0 0 -65.0615 0 31.1304 a b 0.0389865 2 0
0 0 -65.0587 0 31.1954 a b 0.0389709 2 0
0 0 -65.0606 0 31.2615 a b 0.0371581 2 0
0 0 -65.0661 0 31.3282 a b 0.0369872 2 0
0 0 -65.0682 0 31.3891 a b 0.0391043 2 0
0 0 -65.0643 0 31.4468 a b 0.0392323 2 0
0 0 -65.0597 0 31.5028 a b 0.0374709 2 0
0 0 -65.062 0 31.5611 a b 0.0377825 2 0
0 0 -65.0626 0 31.6208 a b 0.0372258 2 0
0 0 -65.0593 0 31.6738 a b 0.0367639 2 0
0 0 -65.0593 0 31.7304 a b 0.0344978 2 0
0 0 -65.0602 0 31.7847 a b 0.0322082 2 0
0 0 -65.0566 0 31.841 a b 0.0284769 2 0
0 0 -65.0529 0 31.9046 a b 0.0269456 2 0
0 0 -65.0552 0 31.9733 a b 0.0266521 2 0
0 0 -65.0525 0 32.0343 a b 0.0263706 2 0
0 0 -65.0499 0 32.0969 a b 0.0264592 2 0
0 0 -65.047 0 32.1588 a b 0.0265674 2 0
0 0 -65.0452 0 32.2222 a b 0.0263809 2 0
0 0 -65.0477 0 32.2903 a b 0.0229227 2 0
0 0 -65.0476 0 32.3533 a b 0.024517 2 0
0 0 -65.0482 0 32.4073 a b 0.0248466 2 0
0 0 -65.0481 0 32.465 a b 0.0251408 2 0
0 0 -65.0484 0 32.5264 a b 0.0244967 2 0
0 0 -65.0473 0 32.5847 a b 0.0211586 2 0
0 0 -65.048 0 32.6411 a b 0.0192481 2 0
0 0 -65.049 0 32.6971 a b 0.0182989 2 0
0 0 -65.0467 0 32.76 a b 0.0182971 2 0
0 0 -65.0482 0 32.8235 a b 0.014809 2 0
0 0 -65.049 0 32.8829 a b 0.0126078 2 0
0 0 -65.0505 0 32.9466 a b 0.0137448 2 0
0 0 -65.0522 0 33.0116 a b 0.0146404 2 0
0 0 -65.0516 0 33.0685 a b 0.0124765 2 0
0 0 -65.0581 0 33.1282 a b 0.0102904 2 0
0 0 -65.0624 0 33.1916 a b 0.010538 2 0
0 0 -65.0628 0 33.2542 a b 0.0100261 2 0
0 0 -65.0649 0 33.3164 a b 0.0104248 2 0
0 0 -65.0655 0 33.3741 a b 0.0101759 2 0
0 0 -65.0666 0 33.4307 a b 0.00775896 2 0
0 0 -65.0695 0 33.4935 a b 0.00819955 2 0
0 0 -65.0694 0 33.5478 a b 0.00921865 2 0
0 0 -65.0689 0 33.6143 a b 0.00893562 2 0
0 0 -65.0647 0 33.6745 a b 0.0079079 2 0
0 0 -65.0613 0 33.732 a b 0.00896929 2 0
0 0 -65.0633 0 33.7973 a b 0.0104913 2 0
0 0 -65.0647 0 33.8587 a b 0.0100193 2 0
0 0 -65.0663 0 33.9198 a b 0.0121675 2 0
0 0 -65.067 0 33.9816 a b 0.0148517 2 0
0 0 -65.068 0 34.0421 a b 0.0165596 2 0
0 0 -65.0647 0 34.1004 a b 0.0167303 2 0
0 0 -65.068 0 34.1633 a b 0.0195806 2 0
0 0 -65.0704 0 34.2252 a b 0.0183226 2 0
0 0 -65.0706 0 34.2796 a b 0.0181926 2 0
0 0 -65.0649 0 34.34 a b 0.0195145 2 0
0 0 -65.0614 0 34.4015 a b 0.0183063 2 0
0 0 -65.0643 0 34.4619 a b 0.0192485 2 0
0 0 -65.0599 0 34.5254 a b 0.0173269 2 0
0 0 -65.0622 0 34.5938 a b 0.0189533 2 0
0 0 -65.0627 0 34.6557 a b 0.0173612 2 0
0 0 -65.0679 0 34.718 a b 0.0184856 2 0
0 0 -65.0729 0 34.786 a b 0.0186006 2 0
0 0 -65.072 0 34.8464 a b 0.0202669 2 0
0 0 -65.0729 0 34.907 a b 0.0218132 2 0
0 0 -65.0758 0 34.9722 a b 0.0219585 2 0
0 0 -65.0737 0 35.0245 a b 0.0223506 2 0
0 0 -65.0717 0 35.0829 a b 0.024588 2 0
0 0 -65.0717 0 35.1406 a b 0.0266227 2 0
0 0 -65.0738 0 35.2021 a b 0.0277504 2 0
0 0 -65.071 0 35.2556 a b 0.0290812 2 0
0 0 -65.0671 0 35.3072 a b 0.0328364 2 0
0 0 -65.065 0 35.3603 a b 0.03345 2 0
0 0 -65.0688 0 35.4182 a b 0.0366147 2 0
0 0 -65.0687 0 35.4759 a b 0.0380056 2 0
0 0 -65.0696 0 35.5342 a b 0.0399808 2 0
0 0 -65.0695 0 35.5882 a b 0.0417293 2 0
0 0 -65.0676 0 35.6446 a b 0.0424307 2 0
0 0 -65.0688 0 35.7048 a b 0.0420256 2 0
0 0 -65.0654 0 35.7637 a b 0.0339522 2 0
0 0 -65.0625 0 35.8207 a b 0.0185492 2 0
0 0 -65.0639 0 35.8806 a b 0.0066745 2 0
0 0 -65.0663 0 35.937 a b 0.000737202 2 0
0 0 -65.0693 0 35.9996 a b -0.00562751 2 0
0 0 -65.0729 0 36.061 a b -0.0120123 2 0
0 0 -65.0745 0 36.1219 a b -0.0199082 2 0
0 0 -65.077 0 36.1805 a b -0.0254067 2 0
0 0 -65.0852 0 36.246 a b -0.0318777 2 0
0 0 -65.09 0 36.3066 a b -0.0374037 2 0
0 0 -65.094 0 36.3662 a b -0.0413203 2 0
0 0 -65.1016 0 36.4222 a b -0.0478151 2 0
0 0 -65.1118 0 36.4789 a b -0.0530104 2 0
0 0 -65.1174 0 36.5342 a b -0.0582675 2 0
0 0 -65.1217 0 36.5922 a b -0.0654187 2 0
0 0 -65.1288 0 36.6458 a b -0.0709858 2 0
0 0 -65.1315 0 36.6999 a b -0.0762162 2 0
0 0 -65.1364 0 36.7537 a b -0.0814926 2 0
0 0 -65.1436 0 36.8064 a b -0.0857699 2 0
0 0 -65.1524 0 36.8661 a b -0.0905694 2 0
0 0 -65.1581 0 36.921 a b -0.095539 2 0
0 0 -65.1666 0 36.9803 a b -0.098524 2 0
0 0 -65.1729 0 37.0336 a b -0.0970481 2 0
0 0 -65.1789 0 37.0922 a b -0.0955878 2 0
0 0 -65.1809 0 37.1505 a b -0.0897245 2 0
0 0 -65.185 0 37.2084 a b -0.0786778 2 0
0 0 -65.1877 0 37.2658 a b -0.0691241 2 0
0 0 -65.1935 0 37.3206 a b -0.0619456 2 0
0 0 -65.1973 0 37.3741 a b -0.052334 2 0
0 0 -65.1999 0 37.4279 a b -0.0437145 2 0
0 0 -65.2015 0 37.4838 a b -0.0368973 2 0
0 0 -65.2057 0 37.5385 a b -0.0340502 2 0
0 0 -65.2085 0 37.6035 a b -0.0327452 2 0
0 0 -65.2109 0 37.6631 a b -0.0278246 2 0
0 0 -65.2114 0 37.7226 a b -0.0226327 2 0
0 0 -65.2142 0 37.7795 a b -0.0196738 2 0
0 0 -65.218 0 37.8413 a b -0.018753 2 0
0 0 -65.2195 0 37.8988 a b -0.0161655 2 0
0 0 -65.2192 0 37.9608 a b -0.0150349 2 0
0 0 -65.2248 0 38.0209 a b -0.0139109 2 0
0 0 -65.2271 0 38.0835 a b -0.0148442 2 0
0 0 -65.23 0 38.1431 a b -0.0148482 2 0
0 0 -65.2344 0 38.2018 a b -0.0174081 2 0
0 0 -65.2332 0 38.2615 a b -0.0157673 2 0
0 0 -65.2319 0 38.3207 a b -0.0154421 2 0
0 0 -65.2343 0 38.3791 a b -0.0148754 2 0
0 0 -65.2376 0 38.435 a b -0.0144688 2 0
0 0 -65.2404 0 38.4938 a b -0.013073 2 0
0 0 -65.2427 0 38.5506 a b -0.0100035 2 0
0 0 -65.2474 0 38.6054 a b -0.00717054 2 0
0 0 -65.2478 0 38.6607 a b -0.00517946 2 0
0 0 -65.2482 0 38.7155 a b -0.000653755 2 0
0 0 -65.2491 0 38.766 a b 0.0013428 2 0
0 0 -65.2516 0 38.8232 a b 0.00481981 2 0
0 0 -65.253 0 38.8798 a b 0.00903989 2 0
0 0 -65.2513 0 38.9375 a b 0.0106639 2 0
0 0 -65.2502 0 38.9933 a b 0.0117114 2 0
0 0 -65.2532 0 39.0496 a b 0.0154794 2 0
0 0 -65.2496 0 39.1121 a b 0.0179267 2 0
0 0 -65.2497 0 39.1763 a b 0.019574 2 0
0 0 -65.251 0 39.2437 a b 0.0221508 2 0
0 0 -65.2523 0 39.3077 a b 0.0272214 2 0
0 0 -65.2508 0 39.3734 a b 0.0298171 2 0
0 0 -65.2498 0 39.4353 a b 0.0284674 2 0
0 0 -65.2532 0 39.4996 a b 0.0266636 2 0
0 0 -65.2543 0 39.5656 a b 0.0296162 2 0
0 0 -65.2513 0 39.6261 a b 0.0296953 2 0
0 0 -65.2502 0 39.689 a b 0.0279045 2 0
0 0 -65.2528 0 39.7473 a b 0.0266014 2 0
0 0 -65.2516 0 39.8053 a b 0.0285928 2 0
0 0 -65.2501 0 39.8621 a b 0.0314373 2 0
0 0 -65.2476 0 39.9185 a b 0.0300414 2 0
0 0 -65.2477 0 39.9685 a b 0.0310865 2 0
0 0 -65.2482 0 40.0274 a b 0.034348 2 0
0 0 -65.2449 0 40.0822 a b 0.0347323 2 0
0 0 -65.2474 0 40.1412 a b 0.0364159 2 0
0 0 -65.2463 0 40.2002 a b 0.0405671 2 0
0 0 -65.2452 0 40.2579 a b 0.0414284 2 0
0 0 -65.2445 0 40.3175 a b 0.0427066 2 0
0 0 -65.2429 0 40.3791 a b 0.0461037 2 0
0 0 -65.2395 0 40.4425 a b 0.0478798 2 0
0 0 -65.2378 0 40.5013 a b 0.0487297 2 0
0 0 -65.2371 0 40.5588 a b 0.0502984 2 0
0 0 -65.2341 0 40.6206 a b 0.0514975 2 0
0 0 -65.2291 0 40.6811 a b 0.050931 2 0
0 0 -65.2249 0 40.7398 a b 0.0501313 2 0
0 0 -65.2237 0 40.8008 a b 0.0518127 2 0
0 0 -65.2201 0 40.8613 a b 0.0529816 2 0
0 0 -65.2189 0 40.92 a b 0.0523409 2 0
0 0 -65.2199 0 40.9775 a b 0.0520343 2 0
0 0 -65.2178 0 41.0388 a b 0.052214 2 0
0 0 -65.218 0 41.0991 a b 0.0517266 2 0
0 0 -65.214 0 41.1523 a b 0.053295 2 0
0 0 -65.2098 0 41.2029 a b 0.0527545 2 0
0 0 -65.2084 0 41.2618 a b 0.0525292 2 0
0 0 -65.2072 0 41.3206 a b 0.05298 2 0
0 0 -65.205 0 41.3809 a b 0.0550314 2 0
0 0 -65.2023 0 41.4415 a b 0.0558848 2 0
0 0 -65.2016 0 41.5008 a b 0.0541986 2 0
0 0 -65.2032 0 41.5569 a b 0.0544964 2 0
0 0 -65.1997 0 41.6238 a b 0.0546868 2 0
0 0 -65.2004 0 41.6831 a b 0.0516893 2 0
0 0 -65.2012 0 41.7408 a b 0.0470726 2 0
0 0 -65.201 0 41.799 a b 0.0383118 2 0
0 0 -65.2033 0 41.8544 a b 0.032589 2 0
0 0 -65.2042 0 41.9078 a b 0.0306665 2 0
0 0 -65.208 0 41.963 a b 0.0282027 2 0
0 0 -65.2074 0 42.0236 a b 0.0207901 2 0
0 0 -65.2084 0 42.0865 a b 0.0155707 2 0
0 0 -65.2096 0 42.1449 a b 0.0120754 2 0
0 0 -65.2115 0 42.2029 a b 0.00673562 2 0
0 0 -65.2141 0 42.2675 a b 0.000485281 2 0
0 0 -65.2151 0 42.3285 a b -0.00585318 2 0
0 0 -65.2173 0 42.3838 a b -0.00953329 2 0
0 0 -65.2206 0 42.4409 a b -0.0155705 2 0
0 0 -65.2222 0 42.4908 a b -0.0191967 2 0
0 0 -65.2228 0 42.548 a b -0.0209418 2 0
0 0 -65.2312 0 42.6037 a b -0.0269857 2 0
0 0 -65.2339 0 42.6634 a b -0.034603 2 0
0 0 -65.2348 0 42.7224 a b -0.0368725 2 0
0 0 -65.2393 0 42.7732 a b -0.038755 2 0
0 0 -65.2471 0 42.8308 a b -0.0405873 2 0
0 0 -65.2505 0 42.8938 a b -0.0459358 2 0
0 0 -65.2547 0 42.9523 a b -0.0492252 2 0
0 0 -65.2561 0 43.0051 a b -0.0496563 2 0
0 0 -65.2628 0 43.0631 a b -0.0509473 2 0
0 0 -65.2689 0 43.1173 a b -0.055007 2 0
0 0 -65.2721 0 43.1709 a b -0.058005 2 0
0 0 -65.2778 0 43.2258 a b -0.0612966 2 0
0 0 -65.2808 0 43.2858 a b -0.0617973 2 0
0 0 -65.2866 0 43.3447 a b -0.0591751 2 0
0 0 -65.2918 0 43.4017 a b -0.0491725 2 0
0 0 -65.2892 0 43.4586 a b -0.0369484 2 0
0 0 -65.2893 0 43.5177 a b -0.0235366 2 0
0 0 -65.2883 0 43.5723 a b -0.00326454 2 0
0 0 -65.2877 0 43.6285 a b 0.0160327 2 0
0 0 -65.2853 0 43.6853 a b 0.0276476 2 0
0 0 -65.2802 0 43.743 a b 0.033134 2 0
0 0 -65.2805 0 43.8037 a b 0.0372182 2 0
0 0 -65.2831 0 43.872 a b 0.0416816 2 0
0 0 -65.2822 0 43.929 a b 0.0473837 2 0
0 0 -65.2759 0 43.9804 a b 0.0481145 2 0
0 0 -65.274 0 44.0397 a b 0.0459218 2 0
0 0 -65.2747 0 44.0996 a b 0.0491355 2 0
0 0 -65.2769 0 44.1525 a b 0.0499476 2 0
0 0 -65.2733 0 44.205 a b 0.0498586 2 0
0 0 -65.27 0 44.2543 a b 0.0504314 2 0
0 0 -65.2715 0 44.3004 a b 0.050173 2 0
0 0 -65.2702 0 44.3423 a b 0.0526125 2 0
0 0 -65.2704 0 44.3847 a b 0.0498933 2 0
0 0 -65.273 0 44.4241 a b 0.0387866 2 0
0 0 -65.2723 0 44.4657 a b 0.0254867 2 0
0 0 -65.272 0 44.5095 a b 0.0195767 2 0
0 0 -65.2729 0 44.5491 a b 0.0155051 2 0
0 0 -65.2752 0 44.5971 a b 0.00830401 2 0
0 0 -65.2732 0 44.6438 a b 0.000470359 2 0
0 0 -65.2751 0 44.6958 a b -0.00322904 2 0
0 0 -65.2766 0 44.746 a b -0.00332158 2 0
0 0 -65.2764 0 44.7958 a b -0.0073339 2 0
0 0 -65.2755 0 44.8441 a b -0.0130955 2 0
0 0 -65.276 0 44.8986 a b -0.0146056 2 0
0 0 -65.2795 0 44.9491 a b -0.0163209 2 0
0 0 -65.2842 0 45.0032 a b -0.0187966 2 0
0 0 -65.289 0 45.0577 a b -0.0184587 2 0
0 0 -65.2944 0 45.1086 a b -0.0172643 2 0
0 0 -65.2941 0 45.158 a b -0.0184546 2 0
0 0 -65.2953 0 45.2077 a b -0.0165805 2 0
0 0 -65.3016 0 45.2589 a b -0.00971245 2 0
0 0 -65.2987 0 45.3024 a b -0.00109754 2 0
0 0 -65.2959 0 45.3452 a b 0.00381404 2 0
0 0 -65.2937 0 45.3873 a b 0.00826135 2 0
0 0 -65.2916 0 45.4357 a b 0.013429 2 0
0 0 -65.2895 0 45.481 a b 0.0145658 2 0
0 0 -65.2924 0 45.5214 a b 0.0168949 2 0
0 0 -65.287 0 45.5666 a b 0.0209971 2 0
0 0 -65.2827 0 45.6148 a b 0.0255616 2 0
0 0 -65.2878 0 45.6717 a b 0.0306202 2 0
0 0 -65.2891 0 45.7234 a b 0.0321999 2 0
0 0 -65.2897 0 45.7768 a b 0.0318006 2 0
0 0 -65.2911 0 45.8361 a b 0.032471 2 0
0 0 -65.2908 0 45.8939 a b 0.0350108 2 0
0 0 -65.2928 0 45.946 a b 0.0420054 2 0
0 0 -65.2911 0 45.9903 a b 0.0420763 2 0
0 0 -65.2973 0 46.0437 a b 0.0407227 2 0
0 0 -65.3031 0 46.0985 a b 0.0401547 2 0
0 0 -65.3045 0 46.1552 a b 0.0439645 2 0
0 0 -65.2972 0 46.1991 a b 0.0426519 2 0
0 0 -65.2944 0 46.2441 a b 0.0423837 2 0
0 0 -65.2901 0 46.289 a b 0.0422449 2 0
0 0 -65.2902 0 46.3437 a b 0.0414971 2 0
0 0 -65.2909 0 46.3916 a b 0.0405227 2 0
0 0 -65.2926 0 46.4332 a b 0.0394362 2 0
0 0 -65.2933 0 46.4706 a b 0.0401105 2 0
0 0 -65.2939 0 46.5196 a b 0.0358008 2 0
0 0 -65.3023 0 46.5652 a b 0.036104 2 0
0 0 -65.3012 0 46.6091 a b 0.038628 2 0
0 0 -65.301 0 46.6546 a b 0.034651 2 0
0 0 -65.2995 0 46.7009 a b 0.0397217 2 0
0 0 -65.2922 0 46.7466 a b 0.0423198 2 0
0 0 -65.285 0 46.7865 a b 0.0397865 2 0
0 0 -65.2789 0 46.8208 a b 0.0444341 2 0
0 0 -65.2716 0 46.8621 a b 0.0477595 2 0
0 0 -65.2691 0 46.9051 a b 0.0492834 2 0
0 0 -65.2758 0 46.9523 a b 0.0492321 2 0
0 0 -65.2842 0 47 a b 0.0519783 2 0
0 0 -65.2853 0 47.0543 a b 0.0576549 2 0
0 0 -65.2789 0 47.1127 a b 0.0581262 2 0
0 0 -65.2688 0 47.1699 a b 0.0547918 2 0
0 0 -65.2629 0 47.2268 a b 0.0542313 2 0
0 0 -65.2545 0 47.2892 a b 0.0505261 2 0
0 0 -65.2506 0 47.3423 a b 0.0500517 2 0
0 0 -65.2498 0 47.3917 a b 0.0518246 2 0
0 0 -65.2432 0 47.4412 a b 0.050863 2 0
0 0 -65.2424 0 47.4847 a b 0.0506117 2 0
0 0 -65.2408 0 47.5323 a b 0.0503987 2 0
0 0 -65.2397 0 47.5763 a b 0.0494935 2 0
0 0 -65.238 0 47.6233 a b 0.0496457 2 0
0 0 -65.2392 0 47.6786 a b 0.0511393 2 0
0 0 -65.2373 0 47.7313 a b 0.0505968 2 0
0 0 -65.2351 0 47.7834 a b 0.0493537 2 0
0 0 -65.2356 0 47.8335 a b 0.0475216 2 0
0 0 -65.2324 0 47.8835 a b 0.0459819 2 0
0 0 -65.2306 0 47.9327 a b 0.0470273 2 0
0 0 -65.2306 0 47.9837 a b 0.0472288 2 0
0 0 -65.2333 0 48.038 a b 0.0452426 2 0
0 0 -65.2325 0 48.0945 a b 0.0411686 2 0
0 0 -65.233 0 48.1446 a b 0.0383043 2 0
0 0 -65.2346 0 48.1915 a b 0.0395647 2 0
0 0 -65.2339 0 48.2392 a b 0.0378176 2 0
0 0 -65.2327 0 48.2862 a b 0.0273535 2 0
0 0 -65.234 0 48.3384 a b 0.0152223 2 0
0 0 -65.2388 0 48.389 a b 0.0021005 2 0
0 0 -65.2391 0 48.4326 a b -0.00439907 2 0
0 0 -65.2366 0 48.4785 a b -0.00868344 2 0
0 0 -65.2392 0 48.5301 a b -0.0168871 2 0
0 0 -65.2404 0 48.5765 a b -0.0253944 2 0
0 0 -65.247 0 48.6258 a b -0.0316643 2 0
0 0 -65.2542 0 48.677 a b -0.0367362 2 0
0 0 -65.2551 0 48.7194 a b -0.0410022 2 0
0 0 -65.2567 0 48.7734 a b -0.0456087 2 0
0 0 -65.2601 0 48.8255 a b -0.0512166 2 0
0 0 -65.2652 0 48.8767 a b -0.0574104 2 0
0 0 -65.2683 0 48.9266 a b -0.0616254 2 0
0 0 -65.2759 0 48.9722 a b -0.063901 2 0
0 0 -65.2777 0 49.0179 a b -0.0680033 2 0
0 0 -65.2781 0 49.0678 a b -0.0738174 2 0
0 0 -65.2862 0 49.1142 a b -0.0762639 2 0
0 0 -65.294 0 49.1635 a b -0.0806573 2 0
0 0 -65.2992 0 49.2075 a b -0.0851499 2 0
0 0 -65.3018 0 49.2555 a b -0.088293 2 0
0 0 -65.3089 0 49.2983 a b -0.0935506 2 0
0 0 -65.3153 0 49.3461 a b -0.0988375 2 0
0 0 -65.321 0 49.3954 a b -0.105343 2 0
0 0 -65.3278 0 49.4427 a b -0.110597 2 0
0 0 -65.3359 0 49.4924 a b -0.114705 2 0
0 0 -65.3418 0 49.5441 a b -0.119469 2 0
0 0 -65.3528 0 49.5974 a b -0.126472 2 0
0 0 -65.3619 0 49.6511 a b -0.130721 2 0
0 0 -65.3695 0 49.7013 a b -0.133911 2 0
0 0 -65.3768 0 49.7505 a b -0.138351 2 0
0 0 -65.3838 0 49.7991 a b -0.142819 2 0
0 0 -65.3909 0 49.8503 a b -0.143737 2 0
0 0 -65.4008 0 49.8903 a b -0.148648 2 0
0 0 -65.4109 0 49.9326 a b -0.153279 2 0
0 0 -65.4197 0 49.9792 a b -0.156334 2 0
0 0 -65.427 0 50.024 a b -0.158244 2 0
0 0 -65.4332 0 50.0711 a b -0.163416 2 0
0 0 -65.441 0 50.1158 a b -0.168545 2 0
0 0 -65.4513 0 50.1616 a b -0.170004 2 0
0 0 -65.4592 0 50.2082 a b -0.169864 2 0
0 0 -65.4655 0 50.2565 a b -0.167638 2 0
0 0 -65.4711 0 50.304 a b -0.16348 2 0
0 0 -65.4765 0 50.3476 a b -0.15878 2 0
0 0 -65.4879 0 50.3902 a b -0.157671 2 0
0 0 -65.4942 0 50.4415 a b -0.15334 2 0
0 0 -65.5014 0 50.492 a b -0.146775 2 0
0 0 -65.5071 0 50.5389 a b -0.140099 2 0
0 0 -65.5107 0 50.5891 a b -0.132166 2 0
0 0 -65.5134 0 50.6345 a b -0.119676 2 0
0 0 -65.5167 0 50.6848 a b -0.110037 2 0
0 0 -65.5218 0 50.7236 a b -0.0989733 2 0
0 0 -65.5259 0 50.7686 a b -0.0868238 2 0
0 0 -65.5312 0 50.8112 a b -0.0766963 2 0
0 0 -65.5341 0 50.8582 a b -0.0704598 2 0
0 0 -65.5385 0 50.9046 a b -0.06383 2 0
0 0 -65.5462 0 50.9516 a b -0.0614833 2 0
0 0 -65.551 0 50.9998 a b -0.0621345 2 0
0 0 -65.5551 0 51.0535 a b -0.0592725 2 0
0 0 -65.5596 0 51.1036 a b -0.0544031 2 0
0 0 -65.5602 0 51.1524 a b -0.0548764 2 0
0 0 -65.5652 0 51.2013 a b -0.0533282 2 0
0 0 -65.5708 0 51.2573 a b -0.0500465 2 0
0 0 -65.5734 0 51.31 a b -0.0439629 2 0
0 0 -65.5742 0 51.3641 a b -0.0388218 2 0
0 0 -65.5785 0 51.4157 a b -0.0314617 2 0
0 0 -65.5783 0 51.4653 a b -0.0270934 2 0
0 0 -65.5837 0 51.5131 a b -0.0262568 2 0
0 0 -65.5877 0 51.5583 a b -0.024478 2 0
0 0 -65.5908 0 51.6057 a b -0.0181599 2 0
0 0 -65.5891 0 51.6556 a b -0.0142453 2 0
0 0 -65.5875 0 51.7013 a b -0.0116955 2 0
0 0 -65.5945 0 51.7521 a b -0.00874601 2 0
0 0 -65.5956 0 51.7909 a b -0.00260648 2 0
0 0 -65.5953 0 51.8366 a b 0.00116825 2 0
0 0 -65.5964 0 51.887 a b 0.00434134 2 0
0 0 -65.5955 0 51.9375 a b 0.0104665 2 0
0 0 -65.5932 0 51.9867 a b 0.0152946 2 0
0 0 -65.5946 0 52.0332 a b 0.0184166 2 0
0 0 -65.5952 0 52.0793 a b 0.0243453 2 0
0 0 -65.5903 0 52.1347 a b 0.0285967 2 0
0 0 -65.591 0 52.185 a b 0.0321191 2 0
0 0 -65.5914 0 52.236 a b 0.0382701 2 0
0 0 -65.5894 0 52.2857 a b 0.0428718 2 0
0 0 -65.5854 0 52.332 a b 0.0436801 2 0
0 0 -65.5876 0 52.3811 a b 0.045859 2 0
0 0 -65.5923 0 52.4302 a b 0.0543976 2 0
0 0 -65.5816 0 52.4856 a b 0.0582981 2 0
0 0 -65.5728 0 52.539 a b 0.0503574 2 0
0 0 -65.5717 0 52.5873 a b 0.0434719 2 0
0 0 -65.5757 0 52.6365 a b 0.0415037 2 0
0 0 -65.5791 0 52.6851 a b 0.0387678 2 0
0 0 -65.5814 0 52.7361 a b 0.0380337 2 0
0 0 -65.5793 0 52.7866 a b 0.0367958 2 0
0 0 -65.5737 0 52.8349 a b 0.0327325 2 0
0 0 -65.5765 0 52.877 a b 0.0323517 2 0
0 0 -65.5781 0 52.927 a b 0.0314272 2 0
0 0 -65.5778 0 52.9738 a b 0.0283827 2 0
0 0 -65.5801 0 53.0171 a b 0.0279781 2 0
0 0 -65.5807 0 53.0668 a b 0.026994 2 0
0 0 -65.5766 0 53.1132 a b 0.0234187 2 0
0 0 -65.576 0 53.1594 a b 0.0206706 2 0
0 0 -65.5768 0 53.2032 a b 0.0218232 2 0
0 0 -65.5773 0 53.2555 a b 0.0187739 2 0
0 0 -65.578 0 53.305 a b 0.0136252 2 0
0 0 -65.5837 0 53.3544 a b 0.0129741 2 0
0 0 -65.5864 0 53.404 a b 0.0113558 2 0
0 0 -65.5863 0 53.4578 a b 0.00795808 2 0
0 0 -65.5875 0 53.5081 a b 0.00612636 2 0
0 0 -65.5872 0 53.5581 a b 0.0032503 2 0
0 0 -65.5919 0 53.607 a b -0.00132888 2 0
0 0 -65.5943 0 53.6514 a b -0.00298068 2 0
0 0 -65.5942 0 53.7033 a b -0.00354891 2 0
0 0 -65.5939 0 53.7526 a b -0.00886295 2 0
0 0 -65.5971 0 53.7965 a b -0.0110432 2 0
0 0 -65.6049 0 53.8441 a b -0.0122749 2 0
0 0 -65.608 0 53.8937 a b -0.0164141 2 0
0 0 -65.6107 0 53.9416 a b -0.0217665 2 0
0 0 -65.6118 0 53.9876 a b -0.0225023 2 0
0 0 -65.6178 0 54.0366 a b -0.0222102 2 0
0 0 -65.6174 0 54.0872 a b -0.0244724 2 0
0 0 -65.6217 0 54.1367 a b -0.0276202 2 0
0 0 -65.6248 0 54.1795 a b -0.0292055 2 0
0 0 -65.6281 0 54.2295 a b -0.0282382 2 0
0 0 -65.6246 0 54.28 a b -0.0278309 2 0
0 0 -65.6224 0 54.3286 a b -0.0274682 2 0
0 0 -65.6259 0 54.3754 a b -0.0272146 2 0
0 0 -65.6313 0 54.4252 a b -0.0262711 2 0
0 0 -65.6313 0 54.4723 a b -0.023941 2 0
0 0 -65.6361 0 54.5235 a b -0.0226913 2 0
0 0 -65.6367 0 54.575 a b -0.0188495 2 0
0 0 -65.6364 0 54.6223 a b -0.0125976 2 0
0 0 -65.6408 0 54.6663 a b -0.00806456 2 0
0 0 -65.6422 0 54.7162 a b -0.00597207 2 0
0 0 -65.644 0 54.7616 a b -0.0034108 2 0
0 0 -65.6416 0 54.8064 a b -0.000771321 2 0
0 0 -65.6461 0 54.8488 a b 0.000636584 2 0
0 0 -65.6488 0 54.8953 a b 0.000513364 2 0
0 0 -65.648 0 54.9409 a b 0.000288932 2 0
0 0 -65.6462 0 54.9885 a b 0.0020492 2 0
0 0 -65.6433 0 55.0401 a b 0.0035516 2 0
0 0 -65.6404 0 55.0894 a b 0.00600185 2 0
0 0 -65.6405 0 55.1404 a b 0.00917887 2 0
0 0 -65.6447 0 55.191 a b 0.0113298 2 0
0 0 -65.648 0 55.2406 a b 0.0160395 2 0
0 0 -65.6496 0 55.2939 a b 0.0180266 2 0
0 0 -65.6507 0 55.3433 a b 0.0193603 2 0
0 0 -65.6486 0 55.3897 a b 0.0198632 2 0
0 0 -65.6501 0 55.4372 a b 0.0227722 2 0
0 0 -65.6564 0 55.4809 a b 0.0212447 2 0
0 0 -65.6582 0 55.5269 a b 0.0198606 2 0
0 0 -65.6555 0 55.5711 a b 0.0189636 2 0
0 0 -65.6562 0 55.6118 a b 0.0202507 2 0
0 0 -65.6544 0 55.6521 a b 0.0208307 2 0
0 0 -65.655 0 55.6985 a b 0.0164877 2 0
0 0 -65.6521 0 55.7429 a b 0.0139949 2 0
0 0 -65.6497 0 55.7892 a b 0.0140676 2 0
0 0 -65.6484 0 55.833 a b 0.0140241 2 0
0 0 -65.6464 0 55.8823 a b 0.0148371 2 0
0 0 -65.6463 0 55.9302 a b 0.012572 2 0
0 0 -65.6489 0 55.9792 a b 0.0123085 2 0
0 0 -65.6486 0 56.0303 a b 0.0152583 2 0
0 0 -65.6486 0 56.081 a b 0.0140189 2 0
0 0 -65.6464 0 56.1246 a b 0.0117849 2 0
0 0 -65.6495 0 56.1768 a b 0.0122495 2 0
0 0 -65.6445 0 56.2208 a b 0.010987 2 0
0 0 -65.6457 0 56.2635 a b 0.00966358 2 0
0 0 -65.645 0 56.3106 a b 0.00990961 2 0
0 0 -65.6447 0 56.3584 a b 0.00977083 2 0
0 0 -65.6457 0 56.4057 a b 0.00871556 2 0
0 0 -65.6453 0 56.4513 a b 0.00708126 2 0
0 0 -65.6519 0 56.5017 a b 0.0056746 2 0
0 0 -65.6496 0 56.5538 a b 0.00749487 2 0
0 0 -65.6485 0 56.604 a b 0.00726438 2 0
0 0 -65.6464 0 56.6564 a b 0.0111 2 0
0 0 -65.6445 0 56.7056 a b 0.0138544 2 0
0 0 -65.6454 0 56.7551 a b 0.0181354 2 0
0 0 -65.6443 0 56.8009 a b 0.0210023 2 0
0 0 -65.6425 0 56.849 a b 0.0217535 2 0
0 0 -65.6433 0 56.8946 a b 0.0222618 2 0
0 0 -65.6412 0 56.9338 a b 0.0241069 2 0
0 0 -65.6427 0 56.9781 a b 0.0257391 2 0
0 0 -65.6403 0 57.0235 a b 0.0253936 2 0
0 0 -65.6379 0 57.0762 a b 0.0235644 2 0
0 0 -65.6392 0 57.1216 a b 0.0254533 2 0
0 0 -65.6341 0 57.1636 a b 0.0291492 2 0
0 0 -65.6287 0 57.2143 a b 0.0282537 2 0
0 0 -65.6285 0 57.2614 a b 0.0239761 2 0
0 0 -65.6328 0 57.3142 a b 0.0222598 2 0
0 0 -65.6344 0 57.3681 a b 0.0230361 2 0
0 0 -65.6267 0 57.4156 a b 0.0244693 2 0
0 0 -65.619 0 57.4623 a b 0.0222777 2 0
0 0 -65.615 0 57.5162 a b 0.0186249 2 0
0 0 -65.6159 0 57.5685 a b 0.0173147 2 0
0 0 -65.6188 0 57.6197 a b 0.0157261 2 0
0 0 -65.6164 0 57.6712 a b 0.0150467 2 0
0 0 -65.6152 0 57.7182 a b 0.0116512 2 0
0 0 -65.6096 0 57.7658 a b 0.0106758 2 0
0 0 -65.61 0 57.8185 a b 0.00675977 2 0
0 0 -65.6131 0 57.87 a b 0.00293454 2 0
0 0 -65.6131 0 57.9162 a b 0.000723519 2 0
0 0 -65.6087 0 57.9593 a b -0.000790205 2 0
0 0 -65.6096 0 58.0072 a b -0.00186187 2 0
0 0 -65.612 0 58.0571 a b -0.00380694 2 0
0 0 -65.6093 0 58.1013 a b -0.00602097 2 0
0 0 -65.6121 0 58.1487 a b -0.00965351 2 0
0 0 -65.6127 0 58.1992 a b -0.0107962 2 0
0 0 -65.6109 0 58.2457 a b -0.0112392 2 0
0 0 -65.6135 0 58.296 a b -0.0120208 2 0
0 0 -65.6153 0 58.3435 a b -0.0146889 2 0
0 0 -65.6188 0 58.3933 a b -0.0164816 2 0
0 0 -65.6143 0 58.4378 a b -0.0182852 2 0
0 0 -65.6153 0 58.4835 a b -0.0182501 2 0
0 0 -65.617 0 58.5288 a b -0.0191729 2 0
0 0 -65.6149 0 58.5769 a b -0.0215072 2 0
0 0 -65.6151 0 58.6223 a b -0.0246425 2 0
0 0 -65.6186 0 58.6664 a b -0.0269837 2 0
0 0 -65.6218 0 58.7076 a b -0.0278923 2 0
0 0 -65.6202 0 58.7543 a b -0.0272474 2 0
0 0 -65.6211 0 58.8034 a b -0.0290363 2 0
0 0 -65.6236 0 58.8455 a b -0.0307107 2 0
0 0 -65.6261 0 58.8908 a b -0.0307083 2 0
0 0 -65.6243 0 58.9375 a b -0.0315963 2 0
0 0 -65.6281 0 58.9846 a b -0.0297384 2 0
0 0 -65.6311 0 59.0299 a b -0.0258589 2 0
0 0 -65.631 0 59.0817 a b -0.025403 2 0
0 0 -65.6316 0 59.1314 a b -0.0222403 2 0
0 0 -65.6335 0 59.1799 a b -0.0192059 2 0
0 0 -65.6344 0 59.2215 a b -0.0166643 2 0
0 0 -65.6315 0 59.2627 a b -0.0108088 2 0
0 0 -65.6317 0 59.3086 a b -0.00478069 2 0
0 0 -65.6316 0 59.3498 a b -0.000582302 2 0
0 0 -65.6253 0 59.3913 a b 0.00318967 2 0
0 0 -65.6191 0 59.4375 a b 0.00847685 2 0
0 0 -65.6169 0 59.4837 a b 0.0158291 2 0
0 0 -65.6143 0 59.5254 a b 0.0218883 2 0
0 0 -65.6127 0 59.568 a b 0.0252465 2 0
0 0 -65.6112 0 59.6134 a b 0.0317019 2 0
0 0 -65.6059 0 59.6605 a b 0.03814 2 0
0 0 -65.6018 0 59.7132 a b 0.0446722 2 0
0 0 -65.5993 0 59.7628 a b 0.0526706 2 0
0 0 -65.5981 0 59.81 a b 0.0592001 2 0
0 0 -65.5968 0 59.8602 a b 0.0679801 2 0
0 0 -65.5969 0 59.9099 a b 0.0743894 2 0
0 0 -65.5904 0 59.9556 a b 0.0827845 2 0
0 0 -65.5901 0 60.0011 a b 0.086839 2 0
0 0 -65.5885 0 60.0497 a b 0.0904794 2 0
0 0 -65.5876 0 60.1001 a b 0.092756 2 0
0 0 -65.5788 0 60.1448 a b 0.0960319 2 0
0 0 -65.5744 0 60.1943 a b 0.0980865 2 0
0 0 -65.5702 0 60.2416 a b 0.104416 2 0
0 0 -65.5689 0 60.2894 a b 0.109693 2 0
0 0 -65.5629 0 60.3393 a b 0.111549 2 0
0 0 -65.5611 0 60.3875 a b 0.110105 2 0
0 0 -65.5544 0 60.4354 a b 0.110366 2 0
0 0 -65.5497 0 60.4853 a b 0.11447 2 0
0 0 -65.5438 0 60.5426 a b 0.119588 2 0
0 0 -65.5436 0 60.588 a b 0.119835 2 0
0 0 -65.5457 0 60.64 a b 0.120135 2 0
0 0 -65.5381 0 60.6903 a b 0.12207 2 0
0 0 -65.5294 0 60.7392 a b 0.123498 2 0
0 0 -65.5223 0 60.7858 a b 0.124519 2 0
0 0 -65.5213 0 60.8282 a b 0.122439 2 0
0 0 -65.5185 0 60.8772 a b 0.120315 2 0
0 0 -65.5125 0 60.9223 a b 0.120288 2 0
0 0 -65.5079 0 60.9693 a b 0.120492 2 0
0 0 -65.4987 0 61.0134 a b 0.122702 2 0
0 0 -65.4911 0 61.0577 a b 0.124875 2 0
0 0 -65.4883 0 61.1003 a b 0.125122 2 0
0 0 -65.4835 0 61.1438 a b 0.125047 2 0
0 0 -65.4894 0 61.1939 a b 0.124586 2 0
0 0 -65.4915 0 61.2387 a b 0.122222 2 0
0 0 -65.4807 0 61.2884 a b 0.122258 2 0
0 0 -65.4717 0 61.3358 a b 0.123216 2 0
0 0 -65.4661 0 61.3789 a b 0.126851 2 0
0 0 -65.4624 0 61.4216 a b 0.123651 2 0
0 0 -65.455 0 61.4667 a b 0.122215 2 0
0 0 -65.449 0 61.5103 a b 0.122041 2 0
0 0 -65.4415 0 61.5571 a b 0.121499 2 0
0 0 -65.4354 0 61.6025 a b 0.123145 2 0
0 0 -65.4342 0 61.6487 a b 0.124636 2 0
0 0 -65.4367 0 61.6916 a b 0.122842 2 0
0 0 -65.4368 0 61.7326 a b 0.123055 2 0
0 0 -65.4286 0 61.7798 a b 0.125588 2 0
0 0 -65.4226 0 61.8296 a b 0.127363 2 0
0 0 -65.4247 0 61.8829 a b 0.128606 2 0
0 0 -65.4228 0 61.9319 a b 0.123921 2 0
0 0 -65.4199 0 61.9964 a b 0.121028 2 0
0 0 -65.4174 0 62.0492 a b 0.125243 2 0
0 0 -65.4001 0 62.1039 a b 0.128274 2 0
0 0 -65.3859 0 62.1566 a b 0.129644 2 0
0 0 -65.3836 0 62.2181 a b 0.125558 2 0
0 0 -65.3879 0 62.2729 a b 0.125197 2 0
0 0 -65.3982 0 62.3304 a b 0.125159 2 0
0 0 -65.4056 0 62.3878 a b 0.127445 2 0
0 0 -65.4213 0 62.4617 a b 0.118761 2 0
0 0 -65.4336 0 62.5159 a b 0.11614 2 0
0 0 -65.4315 0 62.5657 a b 0.117202 2 0
0 0 -65.4224 0 62.6215 a b 0.117693 2 0
0 0 -65.4196 0 62.6702 a b 0.118675 2 0
0 0 -65.4109 0 62.7272 a b 0.116159 2 0
0 0 -65.4066 0 62.7777 a b 0.117221 2 0
0 0 -65.4023 0 62.8298 a b 0.119091 2 0
0 0 -65.397 0 62.8706 a b 0.120662 2 0
0 0 -65.397 0 62.9137 a b 0.121257 2 0
0 0 -65.3949 0 62.9607 a b 0.120226 2 0
0 0 -65.3887 0 63.0064 a b 0.120386 2 0
0 0 -65.3864 0 63.055 a b 0.121329 2 0
0 0 -65.382 0 63.102 a b 0.120507 2 0
0 0 -65.3799 0 63.1548 a b 0.121039 2 0
0 0 -65.374 0 63.1998 a b 0.121802 2 0
0 0 -65.3689 0 63.2528 a b 0.121388 2 0
0 0 -65.3591 0 63.2987 a b 0.120619 2 0
0 0 -65.3531 0 63.3456 a b 0.119978 2 0
0 0 -65.3423 0 63.3982 a b 0.120375 2 0
0 0 -65.34 0 63.4504 a b 0.119926 2 0
0 0 -65.3369 0 63.4981 a b 0.118687 2 0
0 0 -65.3368 0 63.5444 a b 0.119636 2 0
0 0 -65.3358 0 63.5954 a b 0.119834 2 0
0 0 -65.3319 0 63.6431 a b 0.11966 2 0
0 0 -65.3256 0 63.6955 a b 0.11899 2 0
0 0 -65.3224 0 63.7474 a b 0.118687 2 0
0 0 -65.3183 0 63.7967 a b 0.118341 2 0
0 0 -65.3125 0 63.8433 a b 0.119168 2 0
0 0 -65.3051 0 63.8922 a b 0.117643 2 0
0 0 -65.2997 0 63.9406 a b 0.118583 2 0
0 0 -65.2966 0 63.9857 a b 0.119573 2 0
0 0 -65.2935 0 64.0316 a b 0.118795 2 0
0 0 -65.2931 0 64.0814 a b 0.11705 2 0
0 0 -65.2898 0 64.1251 a b 0.119685 2 0
0 0 -65.2787 0 64.1683 a b 0.122217 2 0
0 0 -65.2701 0 64.2189 a b 0.12007 2 0
0 0 -65.2687 0 64.264 a b 0.119434 2 0
0 0 -65.2675 0 64.307 a b 0.120869 2 0
0 0 -65.266 0 64.3515 a b 0.121659 2 0
0 0 -65.2637 0 64.4027 a b 0.12055 2 0
0 0 -65.2539 0 64.452 a b 0.11986 2 0
0 0 -65.248 0 64.4996 a b 0.12048 2 0
0 0 -65.249 0 64.5449 a b 0.121009 2 0
0 0 -65.2445 0 64.5925 a b 0.120619 2 0
0 0 -65.241 0 64.6424 a b 0.119446 2 0
0 0 -65.2365 0 64.6957 a b 0.118444 2 0
0 0 -65.23 0 64.7426 a b 0.118475 2 0
0 0 -65.2208 0 64.7937 a b 0.118309 2 0
0 0 -65.2222 0 64.8402 a b 0.116933 2 0
0 0 -65.2191 0 64.8907 a b 0.11724 2 0
0 0 -65.2113 0 64.94 a b 0.117025 2 0
0 0 -65.2111 0 64.9907 a b 0.117493 2 0
0 0 -65.2111 0 65.0491 a b 0.116286 2 0
0 0 -65.2075 0 65.1016 a b 0.117 2 0
0 0 -65.2062 0 65.1509 a b 0.115258 2 0
0 0 -65.2036 0 65.2016 a b 0.116723 2 0
0 0 -65.1886 0 65.2593 a b 0.113495 2 0
0 0 -65.1811 0 65.3191 a b 0.110209 2 0
0 0 -65.1805 0 65.3798 a b 0.106684 2 0
0 0 -65.1813 0 65.4276 a b 0.106423 2 0
0 0 -65.1717 0 65.4874 a b 0.104951 2 0
0 0 -65.1628 0 65.561 a b 0.1009 2 0
0 0 -65.1655 0 65.6214 a b 0.0988157 2 0
0 0 -65.1673 0 65.6779 a b 0.093604 2 0
0 0 -65.1705 0 65.7274 a b 0.0869706 2 0
0 0 -65.152 0 65.7628 a b 0.077374 2 0
0 0 -65.1327 0 65.7869 a b 0.0664827 2 0
0 0 -65.1408 0 65.7757 a b 0.072214 2 0
0 0 -65.1429 0 65.7551 a b 0.0876978 2 0
0 0 -65.1378 0 65.7356 a b 0.10005 2 0
0 0 -65.1414 0 65.7493 a b 0.115465 2 0
