0 0 -29.728 0 25.3757 a b -1.63973 2 0
0 0 -29.7371 0 25.376 a b -1.60142 2 0
0 0 -29.7352 0 25.3794 a b -1.56719 2 0
0 0 -29.7349 0 25.379 a b -1.54085 2 0
0 0 -29.7303 0 25.3816 a b -1.51601 2 0
0 0 -29.7281 0 25.3805 a b -1.48978 2 0
0 0 -29.7269 0 25.3898 a b -1.46244 2 0
0 0 -29.7373 0 25.3929 a b -1.46519 2 0
0 0 -29.7279 0 25.3899 a b -1.46253 2 0
0 0 -29.7373 0 25.383 a b -1.45927 2 0
0 0 -29.7597 0 25.3832 a b -1.47405 2 0
0 0 -29.729 0 25.3879 a b -1.48515 2 0
0 0 -29.7152 0 25.388 a b -1.49832 2 0
0 0 -29.7149 0 25.3858 a b -1.51577 2 0
0 0 -29.7289 0 25.3771 a b -1.51471 2 0
0 0 -29.7656 0 25.3771 a b -1.50457 2 0
0 0 -29.8161 0 25.3756 a b -1.50473 2 0
0 0 -29.8659 0 25.374 a b -1.50231 2 0
0 0 -29.9107 0 25.375 a b -1.504 2 0
0 0 -29.9658 0 25.3806 a b -1.50447 2 0
0 0 -30.0294 0 25.3802 a b -1.50565 2 0
0 0 -30.0789 0 25.3838 a b -1.50598 2 0
0 0 -30.1302 0 25.386 a b -1.50254 2 0
0 0 -30.1855 0 25.386 a b -1.50463 2 0
0 0 -30.2359 0 25.3864 a b -1.50562 2 0
0 0 -30.2863 0 25.3865 a b -1.50379 2 0
0 0 -30.3342 0 25.3897 a b -1.502 2 0
0 0 -30.3834 0 25.3911 a b -1.50069 2 0
0 0 -30.427 0 25.3915 a b -1.50163 2 0
0 0 -30.4775 0 25.3951 a b -1.50385 2 0
0 0 -30.5227 0 25.3948 a b -1.50395 2 0
0 0 -30.5658 0 25.3922 a b -1.50343 2 0
0 0 -30.6183 0 25.3921 a b -1.50354 2 0
0 0 -30.6676 0 25.3953 a b -1.50548 2 0
0 0 -30.7103 0 25.3957 a b -1.50393 2 0
0 0 -30.7634 0 25.4012 a b -1.50574 2 0
0 0 -30.8113 0 25.4069 a b -1.5044 2 0
0 0 -30.8632 0 25.4192 a b -1.49993 2 0
0 0 -30.9129 0 25.4238 a b -1.50065 2 0
0 0 -30.9677 0 25.4209 a b -1.50183 2 0
0 0 -31.0205 0 25.4226 a b -1.50386 2 0
0 0 -31.0685 0 25.4239 a b -1.50247 2 0
0 0 -31.1169 0 25.4293 a b -1.50407 2 0
0 0 -31.162 0 25.4302 a b -1.5046 2 0
0 0 -31.2101 0 25.4347 a b -1.50709 2 0
0 0 -31.2584 0 25.436 a b -1.51107 2 0
0 0 -31.3098 0 25.4353 a b -1.51474 2 0
0 0 -31.3607 0 25.4314 a b -1.51992 2 0
0 0 -31.4078 0 25.4294 a b -1.52225 2 0
0 0 -31.4563 0 25.4299 a b -1.52343 2 0
0 0 -31.5022 0 25.4307 a b -1.52684 2 0
0 0 -31.5428 0 25.4315 a b -1.5303 2 0
0 0 -31.5849 0 25.4349 a b -1.53691 2 0
0 0 -31.6287 0 25.4367 a b -1.54125 2 0
0 0 -31.6756 0 25.4392 a b -1.54662 2 0
0 0 -31.7265 0 25.4377 a b -1.55285 2 0
0 0 -31.7741 0 25.4421 a b -1.55919 2 0
0 0 -31.8211 0 25.4408 a b -1.55691 2 0
0 0 -31.8719 0 25.4407 a b -1.55677 2 0
0 0 -31.9159 0 25.4387 a b -1.55509 2 0
0 0 -31.9671 0 25.4406 a b -1.55294 2 0
0 0 -32.0123 0 25.4429 a b -1.55238 2 0
0 0 -32.0647 0 25.4409 a b -1.55198 2 0
0 0 -32.1135 0 25.4428 a b -1.54869 2 0
0 0 -32.1664 0 25.4407 a b -1.54708 2 0
0 0 -32.2199 0 25.4392 a b -1.54542 2 0
0 0 -32.2759 0 25.4395 a b -1.54227 2 0
0 0 -32.327 0 25.4361 a b -1.542 2 0
0 0 -32.3773 0 25.4359 a b -1.54112 2 0
0 0 -32.4255 0 25.4397 a b -1.53821 2 0
0 0 -32.4751 0 25.4412 a b -1.53673 2 0
0 0 -32.5251 0 25.4429 a b -1.53513 2 0
0 0 -32.5756 0 25.443 a b -1.53557 2 0
0 0 -32.6252 0 25.4479 a b -1.53007 2 0
0 0 -32.6787 0 25.4477 a b -1.52793 2 0
0 0 -32.7283 0 25.4469 a b -1.52642 2 0
0 0 -32.78 0 25.4489 a b -1.52615 2 0
0 0 -32.8229 0 25.4531 a b -1.52534 2 0
0 0 -32.8679 0 25.4531 a b -1.52451 2 0
0 0 -32.9171 0 25.4518 a b -1.52252 2 0
0 0 -32.9673 0 25.447 a b -1.5207 2 0
0 0 -33.0149 0 25.4493 a b -1.52026 2 0
0 0 -33.0575 0 25.4523 a b -1.51525 2 0
0 0 -33.0984 0 25.4529 a b -1.51493 2 0
0 0 -33.1444 0 25.4564 a b -1.51295 2 0
0 0 -33.1932 0 25.4534 a b -1.51448 2 0
0 0 -33.2378 0 25.4597 a b -1.51458 2 0
0 0 -33.2854 0 25.4633 a b -1.51301 2 0
0 0 -33.3293 0 25.4619 a b -1.51104 2 0
0 0 -33.3755 0 25.4671 a b -1.50976 2 0
0 0 -33.4191 0 25.468 a b -1.50792 2 0
0 0 -33.4652 0 25.4689 a b -1.50674 2 0
0 0 -33.5098 0 25.4704 a b -1.50559 2 0
0 0 -33.5596 0 25.4733 a b -1.50563 2 0
0 0 -33.6103 0 25.4786 a b -1.50554 2 0
0 0 -33.6601 0 25.4765 a b -1.50285 2 0
0 0 -33.709 0 25.478 a b -1.50143 2 0
0 0 -33.7597 0 25.4784 a b -1.50041 2 0
0 0 -33.8086 0 25.4812 a b -1.49804 2 0
0 0 -33.8533 0 25.4843 a b -1.49612 2 0
0 0 -33.9009 0 25.4858 a b -1.49501 2 0
0 0 -33.948 0 25.489 a b -1.49518 2 0
0 0 -33.9974 0 25.4938 a b -1.49355 2 0
0 0 -34.0409 0 25.4928 a b -1.49004 2 0
0 0 -34.0904 0 25.498 a b -1.4906 2 0
0 0 -34.1371 0 25.5035 a b -1.48683 2 0
0 0 -34.1843 0 25.5022 a b -1.48297 2 0
0 0 -34.2369 0 25.5044 a b -1.48354 2 0
0 0 -34.2806 0 25.5132 a b -1.48548 2 0
0 0 -34.3313 0 25.5208 a b -1.48438 2 0
0 0 -34.3864 0 25.5275 a b -1.4847 2 0
0 0 -34.4331 0 25.5217 a b -1.48637 2 0
0 0 -34.4796 0 25.5254 a b -1.48981 2 0
0 0 -34.5249 0 25.5268 a b -1.49047 2 0
0 0 -34.5755 0 25.5254 a b -1.49273 2 0
0 0 -34.6285 0 25.5266 a b -1.49488 2 0
0 0 -34.6795 0 25.5298 a b -1.4981 2 0
0 0 -34.7334 0 25.5295 a b -1.50555 2 0
0 0 -34.7834 0 25.5344 a b -1.50911 2 0
0 0 -34.8309 0 25.5447 a b -1.51027 2 0
0 0 -34.8765 0 25.5483 a b -1.52041 2 0
0 0 -34.9176 0 25.5436 a b -1.53053 2 0
0 0 -34.9647 0 25.5482 a b -1.53955 2 0
0 0 -35.0128 0 25.5529 a b -1.54996 2 0
0 0 -35.0629 0 25.5533 a b -1.56149 2 0
0 0 -35.1123 0 25.5577 a b -1.57115 2 0
0 0 -35.1527 0 25.5557 a b -1.58341 2 0
0 0 -35.1958 0 25.5507 a b -1.59666 2 0
0 0 -35.2354 0 25.5478 a b -1.60393 2 0
0 0 -35.2824 0 25.5495 a b -1.61352 2 0
0 0 -35.3268 0 25.5474 a b -1.62583 2 0
0 0 -35.374 0 25.5362 a b -1.63084 2 0
0 0 -35.4177 0 25.5311 a b -1.63126 2 0
0 0 -35.4657 0 25.5296 a b -1.62955 2 0
0 0 -35.5109 0 25.5281 a b -1.62761 2 0
0 0 -35.558 0 25.527 a b -1.62338 2 0
0 0 -35.6003 0 25.5243 a b -1.62193 2 0
0 0 -35.6406 0 25.5202 a b -1.61715 2 0
0 0 -35.6807 0 25.516 a b -1.61449 2 0
0 0 -35.7209 0 25.5125 a b -1.60839 2 0
0 0 -35.7628 0 25.5143 a b -1.60759 2 0
0 0 -35.8039 0 25.5111 a b -1.60284 2 0
0 0 -35.842 0 25.5086 a b -1.59766 2 0
0 0 -35.8877 0 25.507 a b -1.5937 2 0
0 0 -35.9458 0 25.5034 a b -1.59282 2 0
0 0 -36.0021 0 25.4971 a b -1.59311 2 0
0 0 -36.0605 0 25.49 a b -1.5898 2 0
0 0 -36.1182 0 25.4815 a b -1.58525 2 0
0 0 -36.1772 0 25.4756 a b -1.58326 2 0
0 0 -36.2289 0 25.4699 a b -1.58748 2 0
0 0 -36.2757 0 25.4711 a b -1.5869 2 0
0 0 -36.3165 0 25.4788 a b -1.58266 2 0
0 0 -36.3582 0 25.4827 a b -1.57806 2 0
0 0 -36.3957 0 25.4871 a b -1.57337 2 0
0 0 -36.4334 0 25.4861 a b -1.56538 2 0
0 0 -36.4734 0 25.4776 a b -1.55846 2 0
0 0 -36.514 0 25.477 a b -1.55652 2 0
0 0 -36.5607 0 25.4754 a b -1.5569 2 0
0 0 -36.6066 0 25.4712 a b -1.55414 2 0
0 0 -36.6541 0 25.4701 a b -1.54935 2 0
0 0 -36.7014 0 25.4668 a b -1.54716 2 0
0 0 -36.7478 0 25.4632 a b -1.5437 2 0
0 0 -36.7921 0 25.4643 a b -1.54122 2 0
0 0 -36.8413 0 25.4651 a b -1.53948 2 0
0 0 -36.8866 0 25.4673 a b -1.53593 2 0
0 0 -36.9308 0 25.4679 a b -1.53072 2 0
0 0 -36.9777 0 25.4662 a b -1.52917 2 0
0 0 -37.0337 0 25.4698 a b -1.52919 2 0
0 0 -37.0905 0 25.4718 a b -1.52804 2 0
0 0 -37.135 0 25.4734 a b -1.52428 2 0
0 0 -37.1816 0 25.476 a b -1.52369 2 0
0 0 -37.2246 0 25.4759 a b -1.52109 2 0
0 0 -37.2725 0 25.4737 a b -1.51588 2 0
0 0 -37.3157 0 25.4728 a b -1.5148 2 0
0 0 -37.3598 0 25.4739 a b -1.50977 2 0
0 0 -37.3993 0 25.4752 a b -1.5018 2 0
0 0 -37.4377 0 25.4769 a b -1.4988 2 0
0 0 -37.4841 0 25.4801 a b -1.49541 2 0
0 0 -37.5395 0 25.4853 a b -1.49121 2 0
0 0 -37.598 0 25.492 a b -1.48615 2 0
0 0 -37.6548 0 25.4924 a b -1.47942 2 0
0 0 -37.7099 0 25.491 a b -1.47566 2 0
0 0 -37.7659 0 25.4905 a b -1.47453 2 0
0 0 -37.822 0 25.4947 a b -1.47359 2 0
0 0 -37.88 0 25.5009 a b -1.46996 2 0
0 0 -37.9327 0 25.5048 a b -1.46598 2 0
0 0 -37.983 0 25.5074 a b -1.4631 2 0
0 0 -38.0262 0 25.5122 a b -1.46088 2 0
0 0 -38.0668 0 25.5167 a b -1.45739 2 0
0 0 -38.1132 0 25.5222 a b -1.4557 2 0
0 0 -38.1595 0 25.5235 a b -1.451 2 0
0 0 -38.2062 0 25.5247 a b -1.45117 2 0
0 0 -38.2524 0 25.5333 a b -1.45307 2 0
0 0 -38.3044 0 25.5366 a b -1.45381 2 0
0 0 -38.3576 0 25.5376 a b -1.45571 2 0
0 0 -38.4127 0 25.5399 a b -1.45831 2 0
0 0 -38.4612 0 25.5399 a b -1.45776 2 0
0 0 -38.5049 0 25.5448 a b -1.46239 2 0
0 0 -38.5488 0 25.5489 a b -1.46737 2 0
0 0 -38.5882 0 25.5563 a b -1.4692 2 0
0 0 -38.6297 0 25.558 a b -1.47215 2 0
0 0 -38.6692 0 25.5614 a b -1.4731 2 0
0 0 -38.7111 0 25.5636 a b -1.47515 2 0
0 0 -38.758 0 25.5726 a b -1.47775 2 0
0 0 -38.8079 0 25.5804 a b -1.4783 2 0
0 0 -38.8503 0 25.5832 a b -1.47892 2 0
0 0 -38.8871 0 25.5823 a b -1.48021 2 0
0 0 -38.9258 0 25.5845 a b -1.48119 2 0
0 0 -38.9742 0 25.583 a b -1.48324 2 0
0 0 -39.0299 0 25.5819 a b -1.48985 2 0
0 0 -39.0907 0 25.5879 a b -1.49396 2 0
0 0 -39.1531 0 25.5911 a b -1.49421 2 0
0 0 -39.2177 0 25.5912 a b -1.49167 2 0
0 0 -39.2903 0 25.5929 a b -1.49433 2 0
0 0 -39.3569 0 25.5982 a b -1.49754 2 0
0 0 -39.4202 0 25.6044 a b -1.49717 2 0
0 0 -39.4788 0 25.6088 a b -1.49828 2 0
0 0 -39.5351 0 25.6153 a b -1.49871 2 0
0 0 -39.5711 0 25.618 a b -1.49734 2 0
0 0 -39.6068 0 25.616 a b -1.49983 2 0
0 0 -39.6363 0 25.614 a b -1.50147 2 0
0 0 -39.6657 0 25.6102 a b -1.50441 2 0
0 0 -39.7059 0 25.6097 a b -1.50843 2 0
0 0 -39.7535 0 25.6145 a b -1.5112 2 0
0 0 -39.8056 0 25.6131 a b -1.51779 2 0
0 0 -39.854 0 25.6109 a b -1.52253 2 0
0 0 -39.8988 0 25.6103 a b -1.5276 2 0
0 0 -39.9449 0 25.6171 a b -1.53232 2 0
0 0 -39.9902 0 25.6212 a b -1.54108 2 0
0 0 -40.0397 0 25.6219 a b -1.5492 2 0
0 0 -40.0913 0 25.623 a b -1.5571 2 0
0 0 -40.1384 0 25.6218 a b -1.5685 2 0
0 0 -40.1866 0 25.6208 a b -1.57705 2 0
0 0 -40.2372 0 25.6222 a b -1.58285 2 0
0 0 -40.29 0 25.6239 a b -1.58942 2 0
0 0 -40.342 0 25.6181 a b -1.59911 2 0
0 0 -40.3917 0 25.6171 a b -1.60452 2 0
0 0 -40.439 0 25.6155 a b -1.59983 2 0
0 0 -40.4849 0 25.6128 a b -1.59805 2 0
0 0 -40.5338 0 25.6115 a b -1.59847 2 0
0 0 -40.5808 0 25.6084 a b -1.59714 2 0
0 0 -40.6265 0 25.6034 a b -1.59221 2 0
0 0 -40.6746 0 25.6015 a b -1.58578 2 0
0 0 -40.7185 0 25.6034 a b -1.57958 2 0
0 0 -40.7658 0 25.6046 a b -1.5772 2 0
0 0 -40.8114 0 25.6008 a b -1.57553 2 0
0 0 -40.8594 0 25.5953 a b -1.57101 2 0
0 0 -40.9108 0 25.5886 a b -1.56723 2 0
0 0 -40.9672 0 25.589 a b -1.56161 2 0
0 0 -41.029 0 25.5857 a b -1.55834 2 0
0 0 -41.0892 0 25.5856 a b -1.55667 2 0
0 0 -41.1389 0 25.5854 a b -1.55692 2 0
0 0 -41.1799 0 25.5857 a b -1.55153 2 0
0 0 -41.2242 0 25.5866 a b -1.54607 2 0
0 0 -41.2685 0 25.5874 a b -1.54204 2 0
0 0 -41.3049 0 25.5851 a b -1.53851 2 0
0 0 -41.345 0 25.5853 a b -1.53175 2 0
0 0 -41.3879 0 25.587 a b -1.52645 2 0
0 0 -41.4305 0 25.5883 a b -1.5253 2 0
0 0 -41.4743 0 25.5853 a b -1.52208 2 0
0 0 -41.5196 0 25.5885 a b -1.51768 2 0
0 0 -41.5681 0 25.5871 a b -1.51525 2 0
0 0 -41.6151 0 25.5845 a b -1.51092 2 0
0 0 -41.6648 0 25.5837 a b -1.50687 2 0
0 0 -41.7173 0 25.5859 a b -1.50192 2 0
0 0 -41.7694 0 25.5888 a b -1.50115 2 0
0 0 -41.8207 0 25.5882 a b -1.49697 2 0
0 0 -41.8704 0 25.5904 a b -1.49095 2 0
0 0 -41.9194 0 25.595 a b -1.48553 2 0
0 0 -41.9673 0 25.5964 a b -1.48269 2 0
0 0 -42.0131 0 25.5977 a b -1.47935 2 0
0 0 -42.0574 0 25.5991 a b -1.47559 2 0
0 0 -42.1028 0 25.6049 a b -1.47438 2 0
0 0 -42.1473 0 25.6076 a b -1.47341 2 0
0 0 -42.1908 0 25.6108 a b -1.47204 2 0
0 0 -42.24 0 25.616 a b -1.47177 2 0
0 0 -42.2928 0 25.6168 a b -1.47052 2 0
0 0 -42.3444 0 25.6202 a b -1.47258 2 0
0 0 -42.3977 0 25.6212 a b -1.47505 2 0
0 0 -42.4486 0 25.6257 a b -1.47564 2 0
0 0 -42.496 0 25.6285 a b -1.47492 2 0
0 0 -42.544 0 25.6327 a b -1.47741 2 0
0 0 -42.5882 0 25.6392 a b -1.47865 2 0
0 0 -42.6346 0 25.6445 a b -1.47895 2 0
0 0 -42.6852 0 25.6457 a b -1.47861 2 0
0 0 -42.7381 0 25.6502 a b -1.47928 2 0
0 0 -42.7842 0 25.6541 a b -1.47861 2 0
0 0 -42.8358 0 25.6585 a b -1.47791 2 0
0 0 -42.887 0 25.6608 a b -1.47873 2 0
0 0 -42.9362 0 25.6608 a b -1.47853 2 0
0 0 -42.9837 0 25.6617 a b -1.47861 2 0
0 0 -43.0352 0 25.6646 a b -1.47837 2 0
0 0 -43.08 0 25.6673 a b -1.4773 2 0
0 0 -43.1295 0 25.6696 a b -1.47878 2 0
0 0 -43.1735 0 25.6729 a b -1.47744 2 0
0 0 -43.2194 0 25.6771 a b -1.47677 2 0
0 0 -43.2645 0 25.6802 a b -1.47492 2 0
0 0 -43.3123 0 25.6813 a b -1.47473 2 0
0 0 -43.3583 0 25.6872 a b -1.47619 2 0
0 0 -43.4057 0 25.6897 a b -1.47302 2 0
0 0 -43.4509 0 25.6883 a b -1.47132 2 0
0 0 -43.4997 0 25.6886 a b -1.47037 2 0
0 0 -43.5533 0 25.69 a b -1.46937 2 0
0 0 -43.6036 0 25.6936 a b -1.4704 2 0
0 0 -43.6584 0 25.6976 a b -1.47089 2 0
0 0 -43.7119 0 25.7009 a b -1.46983 2 0
0 0 -43.765 0 25.7024 a b -1.47114 2 0
0 0 -43.8155 0 25.7082 a b -1.47282 2 0
0 0 -43.8653 0 25.712 a b -1.47238 2 0
0 0 -43.9117 0 25.7161 a b -1.47253 2 0
0 0 -43.9606 0 25.7175 a b -1.4726 2 0
0 0 -44.0083 0 25.7209 a b -1.47208 2 0
0 0 -44.0571 0 25.7228 a b -1.47208 2 0
0 0 -44.102 0 25.7224 a b -1.4719 2 0
0 0 -44.1463 0 25.7268 a b -1.47495 2 0
0 0 -44.1959 0 25.7325 a b -1.47344 2 0
0 0 -44.2472 0 25.7324 a b -1.47239 2 0
0 0 -44.2988 0 25.738 a b -1.47316 2 0
0 0 -44.3459 0 25.7434 a b -1.47258 2 0
0 0 -44.3931 0 25.7472 a b -1.47103 2 0
0 0 -44.4402 0 25.7493 a b -1.47035 2 0
0 0 -44.4838 0 25.7515 a b -1.4692 2 0
0 0 -44.53 0 25.7539 a b -1.467 2 0
0 0 -44.5766 0 25.7553 a b -1.46796 2 0
0 0 -44.6255 0 25.7586 a b -1.46659 2 0
0 0 -44.6751 0 25.7582 a b -1.46741 2 0
0 0 -44.7292 0 25.7615 a b -1.46587 2 0
0 0 -44.784 0 25.7658 a b -1.4667 2 0
0 0 -44.834 0 25.7697 a b -1.46725 2 0
0 0 -44.8897 0 25.7747 a b -1.46803 2 0
0 0 -44.9385 0 25.7753 a b -1.47013 2 0
0 0 -44.9905 0 25.78 a b -1.4707 2 0
0 0 -45.0393 0 25.7832 a b -1.46915 2 0
0 0 -45.0899 0 25.787 a b -1.46877 2 0
0 0 -45.1383 0 25.7894 a b -1.4694 2 0
0 0 -45.188 0 25.7919 a b -1.46917 2 0
0 0 -45.235 0 25.791 a b -1.46933 2 0
0 0 -45.283 0 25.7937 a b -1.4709 2 0
0 0 -45.3294 0 25.7962 a b -1.4711 2 0
0 0 -45.3772 0 25.7979 a b -1.47197 2 0
0 0 -45.4262 0 25.8016 a b -1.47229 2 0
0 0 -45.4713 0 25.8024 a b -1.47356 2 0
0 0 -45.5163 0 25.8052 a b -1.47356 2 0
0 0 -45.5642 0 25.8094 a b -1.47272 2 0
0 0 -45.6147 0 25.8102 a b -1.47378 2 0
0 0 -45.6628 0 25.8151 a b -1.47523 2 0
0 0 -45.7155 0 25.8179 a b -1.47618 2 0
0 0 -45.7647 0 25.8227 a b -1.47692 2 0
0 0 -45.8139 0 25.8241 a b -1.47506 2 0
0 0 -45.8663 0 25.8262 a b -1.47254 2 0
0 0 -45.9102 0 25.8256 a b -1.47118 2 0
0 0 -45.9549 0 25.8289 a b -1.4707 2 0
0 0 -46.0051 0 25.833 a b -1.47038 2 0
0 0 -46.0538 0 25.8354 a b -1.47128 2 0
0 0 -46.102 0 25.8392 a b -1.47031 2 0
0 0 -46.1511 0 25.8441 a b -1.47061 2 0
0 0 -46.2013 0 25.8469 a b -1.47275 2 0
0 0 -46.2464 0 25.8506 a b -1.47362 2 0
0 0 -46.2957 0 25.8511 a b -1.47626 2 0
0 0 -46.3434 0 25.8544 a b -1.47619 2 0
0 0 -46.3899 0 25.856 a b -1.47728 2 0
0 0 -46.4363 0 25.8574 a b -1.47923 2 0
0 0 -46.4879 0 25.864 a b -1.48162 2 0
0 0 -46.538 0 25.8682 a b -1.48677 2 0
0 0 -46.5866 0 25.8662 a b -1.4878 2 0
0 0 -46.6309 0 25.8698 a b -1.4881 2 0
0 0 -46.68 0 25.8741 a b -1.48975 2 0
0 0 -46.7282 0 25.8812 a b -1.49384 2 0
0 0 -46.7783 0 25.8855 a b -1.50152 2 0
0 0 -46.8247 0 25.8881 a b -1.50673 2 0
0 0 -46.8711 0 25.893 a b -1.51067 2 0
0 0 -46.9193 0 25.8931 a b -1.51613 2 0
0 0 -46.969 0 25.8915 a b -1.51947 2 0
0 0 -47.0151 0 25.8903 a b -1.51805 2 0
0 0 -47.0567 0 25.889 a b -1.51783 2 0
0 0 -47.1057 0 25.887 a b -1.51308 2 0
0 0 -47.1513 0 25.888 a b -1.5084 2 0
0 0 -47.1982 0 25.8884 a b -1.50676 2 0
0 0 -47.2485 0 25.8894 a b -1.50332 2 0
0 0 -47.2968 0 25.8911 a b -1.49874 2 0
0 0 -47.3436 0 25.8903 a b -1.49234 2 0
0 0 -47.3889 0 25.8931 a b -1.48494 2 0
0 0 -47.4375 0 25.8948 a b -1.47876 2 0
0 0 -47.4855 0 25.8984 a b -1.4729 2 0
0 0 -47.5288 0 25.9015 a b -1.46431 2 0
0 0 -47.5773 0 25.9031 a b -1.45718 2 0
0 0 -47.6244 0 25.8986 a b -1.44418 2 0
0 0 -47.6673 0 25.9058 a b -1.42816 2 0
0 0 -47.7078 0 25.9188 a b -1.41854 2 0
0 0 -47.7584 0 25.9267 a b -1.41575 2 0
0 0 -47.8089 0 25.9319 a b -1.41502 2 0
0 0 -47.8559 0 25.9391 a b -1.41597 2 0
0 0 -47.9065 0 25.9443 a b -1.41762 2 0
0 0 -47.9619 0 25.9517 a b -1.41964 2 0
0 0 -48.0172 0 25.9547 a b -1.42266 2 0
0 0 -48.0704 0 25.9604 a b -1.42593 2 0
0 0 -48.1263 0 25.969 a b -1.42834 2 0
0 0 -48.1735 0 25.968 a b -1.43014 2 0
0 0 -48.2177 0 25.9752 a b -1.43528 2 0
0 0 -48.2663 0 25.9809 a b -1.43877 2 0
0 0 -48.3095 0 25.987 a b -1.44092 2 0
0 0 -48.3513 0 25.9913 a b -1.44628 2 0
0 0 -48.3934 0 25.994 a b -1.45367 2 0
0 0 -48.4417 0 25.9972 a b -1.46113 2 0
0 0 -48.4892 0 26.0023 a b -1.4704 2 0
0 0 -48.5437 0 26.0093 a b -1.48057 2 0
0 0 -48.5955 0 26.0152 a b -1.4895 2 0
0 0 -48.6438 0 26.0181 a b -1.5017 2 0
0 0 -48.6957 0 26.0189 a b -1.51223 2 0
0 0 -48.739 0 26.018 a b -1.52232 2 0
0 0 -48.7833 0 26.0177 a b -1.53472 2 0
0 0 -48.828 0 26.0173 a b -1.54451 2 0
0 0 -48.8754 0 26.0186 a b -1.55564 2 0
0 0 -48.9231 0 26.0197 a b -1.56602 2 0
0 0 -48.9674 0 26.02 a b -1.5771 2 0
0 0 -49.0082 0 26.0196 a b -1.58854 2 0
0 0 -49.0531 0 26.0169 a b -1.59935 2 0
0 0 -49.1016 0 26.0128 a b -1.60821 2 0
0 0 -49.1461 0 26.0108 a b -1.61864 2 0
0 0 -49.1914 0 26.0072 a b -1.62787 2 0
0 0 -49.2411 0 26.0037 a b -1.63202 2 0
0 0 -49.2924 0 25.9971 a b -1.63554 2 0
0 0 -49.3443 0 25.9936 a b -1.64069 2 0
0 0 -49.3938 0 25.9925 a b -1.64294 2 0
0 0 -49.4425 0 25.9841 a b -1.64136 2 0
0 0 -49.4903 0 25.9761 a b -1.64262 2 0
0 0 -49.5421 0 25.9708 a b -1.64452 2 0
0 0 -49.5897 0 25.9709 a b -1.64459 2 0
0 0 -49.6407 0 25.9678 a b -1.64093 2 0
0 0 -49.6896 0 25.9598 a b -1.63758 2 0
0 0 -49.7368 0 25.9561 a b -1.63351 2 0
0 0 -49.7822 0 25.953 a b -1.63057 2 0
0 0 -49.8256 0 25.9515 a b -1.62625 2 0
0 0 -49.8725 0 25.9465 a b -1.6224 2 0
0 0 -49.9165 0 25.9408 a b -1.61858 2 0
0 0 -49.9642 0 25.939 a b -1.61643 2 0
0 0 -50.0169 0 25.9367 a b -1.6125 2 0
0 0 -50.0667 0 25.9291 a b -1.6068 2 0
0 0 -50.1103 0 25.9246 a b -1.60331 2 0
0 0 -50.1633 0 25.9172 a b -1.60258 2 0
0 0 -50.2159 0 25.9157 a b -1.59866 2 0
0 0 -50.2705 0 25.9101 a b -1.59552 2 0
0 0 -50.3181 0 25.9042 a b -1.5934 2 0
0 0 -50.3714 0 25.9056 a b -1.59092 2 0
0 0 -50.4201 0 25.9031 a b -1.58618 2 0
0 0 -50.4688 0 25.896 a b -1.58282 2 0
0 0 -50.5215 0 25.8947 a b -1.57617 2 0
0 0 -50.5692 0 25.8926 a b -1.57022 2 0
0 0 -50.6079 0 25.894 a b -1.56737 2 0
0 0 -50.657 0 25.8948 a b -1.55849 2 0
0 0 -50.7057 0 25.8931 a b -1.54989 2 0
0 0 -50.7541 0 25.8928 a b -1.53879 2 0
0 0 -50.807 0 25.8965 a b -1.52292 2 0
0 0 -50.8603 0 25.8923 a b -1.50944 2 0
0 0 -50.9067 0 25.8882 a b -1.50075 2 0
0 0 -50.962 0 25.8869 a b -1.48313 2 0
0 0 -51.0161 0 25.8882 a b -1.468 2 0
0 0 -51.0667 0 25.8914 a b -1.46237 2 0
0 0 -51.1188 0 25.892 a b -1.46497 2 0
0 0 -51.1694 0 25.8967 a b -1.46531 2 0
0 0 -51.2183 0 25.9023 a b -1.46556 2 0
0 0 -51.2629 0 25.9053 a b -1.46777 2 0
0 0 -51.3102 0 25.91 a b -1.46744 2 0
0 0 -51.3591 0 25.9126 a b -1.46802 2 0
0 0 -51.4079 0 25.9158 a b -1.47015 2 0
0 0 -51.4596 0 25.9196 a b -1.4693 2 0
0 0 -51.5109 0 25.9226 a b -1.47097 2 0
0 0 -51.5592 0 25.9244 a b -1.47195 2 0
0 0 -51.608 0 25.929 a b -1.47064 2 0
0 0 -51.651 0 25.9315 a b -1.47246 2 0
0 0 -51.6958 0 25.9333 a b -1.47327 2 0
0 0 -51.7449 0 25.9387 a b -1.47225 2 0
0 0 -51.7938 0 25.9399 a b -1.47358 2 0
0 0 -51.8466 0 25.9386 a b -1.47366 2 0
0 0 -51.9053 0 25.9428 a b -1.47371 2 0
0 0 -51.9576 0 25.9469 a b -1.47418 2 0
0 0 -52.0148 0 25.9529 a b -1.47481 2 0
0 0 -52.0597 0 25.9586 a b -1.47616 2 0
0 0 -52.1096 0 25.962 a b -1.47507 2 0
0 0 -52.1597 0 25.9656 a b -1.4765 2 0
0 0 -52.2124 0 25.9694 a b -1.47874 2 0
0 0 -52.2666 0 25.9737 a b -1.48014 2 0
0 0 -52.3177 0 25.9797 a b -1.48327 2 0
0 0 -52.3657 0 25.9825 a b -1.48757 2 0
0 0 -52.4167 0 25.9846 a b -1.49104 2 0
0 0 -52.4633 0 25.9863 a b -1.49717 2 0
0 0 -52.5148 0 25.9904 a b -1.50196 2 0
0 0 -52.566 0 25.9931 a b -1.50712 2 0
0 0 -52.6139 0 25.9947 a b -1.51605 2 0
0 0 -52.6608 0 25.9919 a b -1.5253 2 0
0 0 -52.7034 0 25.9987 a b -1.53448 2 0
0 0 -52.7477 0 26.0044 a b -1.54663 2 0
0 0 -52.7941 0 26.007 a b -1.56056 2 0
0 0 -52.843 0 26.0017 a b -1.56805 2 0
0 0 -52.8942 0 25.9933 a b -1.56503 2 0
0 0 -52.9479 0 25.9924 a b -1.5602 2 0
0 0 -53.0016 0 25.9925 a b -1.55869 2 0
0 0 -53.0535 0 25.9892 a b -1.55546 2 0
0 0 -53.1075 0 25.9872 a b -1.54971 2 0
0 0 -53.1567 0 25.9853 a b -1.5451 2 0
0 0 -53.2067 0 25.9848 a b -1.54045 2 0
0 0 -53.2537 0 25.984 a b -1.53754 2 0
0 0 -53.3002 0 25.9841 a b -1.53303 2 0
0 0 -53.3534 0 25.9859 a b -1.52719 2 0
0 0 -53.4037 0 25.9849 a b -1.52449 2 0
0 0 -53.4486 0 25.9825 a b -1.51713 2 0
0 0 -53.4963 0 25.9833 a b -1.5109 2 0
0 0 -53.5407 0 25.9838 a b -1.50747 2 0
0 0 -53.5849 0 25.9853 a b -1.50256 2 0
0 0 -53.6302 0 25.9872 a b -1.49521 2 0
0 0 -53.6779 0 25.991 a b -1.49065 2 0
0 0 -53.7225 0 25.991 a b -1.4838 2 0
0 0 -53.7647 0 25.9956 a b -1.47609 2 0
0 0 -53.8039 0 25.9992 a b -1.47232 2 0
0 0 -53.8486 0 26.0027 a b -1.46441 2 0
0 0 -53.8972 0 26.0067 a b -1.4561 2 0
0 0 -53.9474 0 26.0112 a b -1.45097 2 0
0 0 -54.0021 0 26.0171 a b -1.4515 2 0
0 0 -54.0552 0 26.024 a b -1.45184 2 0
0 0 -54.1156 0 26.0305 a b -1.44909 2 0
0 0 -54.1743 0 26.0306 a b -1.44535 2 0
0 0 -54.2255 0 26.0333 a b -1.44258 2 0
0 0 -54.2747 0 26.0362 a b -1.44201 2 0
0 0 -54.3253 0 26.039 a b -1.44139 2 0
0 0 -54.371 0 26.0425 a b -1.43602 2 0
0 0 -54.4134 0 26.0486 a b -1.43515 2 0
0 0 -54.4517 0 26.0555 a b -1.44153 2 0
0 0 -54.489 0 26.06 a b -1.43928 2 0
0 0 -54.526 0 26.0663 a b -1.43591 2 0
0 0 -54.5654 0 26.0693 a b -1.43961 2 0
0 0 -54.6064 0 26.0762 a b -1.4404 2 0
0 0 -54.6464 0 26.0791 a b -1.44115 2 0
0 0 -54.6916 0 26.0825 a b -1.44347 2 0
0 0 -54.7397 0 26.0872 a b -1.44544 2 0
0 0 -54.7864 0 26.0906 a b -1.44469 2 0
0 0 -54.8401 0 26.0927 a b -1.44802 2 0
0 0 -54.8966 0 26.0949 a b -1.45015 2 0
0 0 -54.9599 0 26.097 a b -1.45126 2 0
0 0 -55.0193 0 26.1004 a b -1.45339 2 0
0 0 -55.0783 0 26.1058 a b -1.4574 2 0
0 0 -55.1393 0 26.1122 a b -1.46144 2 0
0 0 -55.2016 0 26.1144 a b -1.46622 2 0
0 0 -55.2687 0 26.117 a b -1.46978 2 0
0 0 -55.3265 0 26.1208 a b -1.47297 2 0
0 0 -55.3813 0 26.1257 a b -1.47473 2 0
0 0 -55.4348 0 26.1295 a b -1.48036 2 0
0 0 -55.4885 0 26.1318 a b -1.48494 2 0
0 0 -55.5457 0 26.1337 a b -1.48757 2 0
0 0 -55.5973 0 26.1382 a b -1.49254 2 0
0 0 -55.6525 0 26.1425 a b -1.50052 2 0
0 0 -55.7101 0 26.1456 a b -1.50805 2 0
0 0 -55.7696 0 26.1446 a b -1.51437 2 0
0 0 -55.8315 0 26.1475 a b -1.52284 2 0
0 0 -55.8917 0 26.1509 a b -1.5345 2 0
0 0 -55.9531 0 26.1517 a b -1.54077 2 0
0 0 -56.0125 0 26.1531 a b -1.54101 2 0
0 0 -56.0769 0 26.1518 a b -1.53832 2 0
0 0 -56.1358 0 26.1538 a b -1.53671 2 0
0 0 -56.1901 0 26.1538 a b -1.53954 2 0
0 0 -56.2443 0 26.1563 a b -1.53927 2 0
0 0 -56.2995 0 26.1547 a b -1.53702 2 0
0 0 -56.3562 0 26.152 a b -1.53601 2 0
0 0 -56.4174 0 26.1501 a b -1.53738 2 0
0 0 -56.4724 0 26.1509 a b -1.53878 2 0
0 0 -56.5274 0 26.152 a b -1.53757 2 0
0 0 -56.584 0 26.1502 a b -1.53698 2 0
0 0 -56.6429 0 26.1483 a b -1.53837 2 0
0 0 -56.701 0 26.1491 a b -1.53869 2 0
0 0 -56.7626 0 26.1502 a b -1.53639 2 0
0 0 -56.8207 0 26.1501 a b -1.5366 2 0
0 0 -56.8767 0 26.1497 a b -1.53282 2 0
0 0 -56.9313 0 26.148 a b -1.53376 2 0
0 0 -56.9883 0 26.1495 a b -1.53314 2 0
0 0 -57.0436 0 26.1495 a b -1.5296 2 0
0 0 -57.1027 0 26.1478 a b -1.52886 2 0
0 0 -57.1635 0 26.1463 a b -1.52719 2 0
0 0 -57.2229 0 26.1467 a b -1.5241 2 0
0 0 -57.2784 0 26.1447 a b -1.52414 2 0
0 0 -57.3343 0 26.1445 a b -1.52376 2 0
0 0 -57.3888 0 26.1411 a b -1.52046 2 0
0 0 -57.4493 0 26.1464 a b -1.51991 2 0
0 0 -57.5066 0 26.1499 a b -1.5202 2 0
0 0 -57.5627 0 26.1515 a b -1.51825 2 0
0 0 -57.6154 0 26.151 a b -1.51712 2 0
0 0 -57.6699 0 26.1495 a b -1.51551 2 0
0 0 -57.7245 0 26.1507 a b -1.515 2 0
0 0 -57.7781 0 26.1534 a b -1.51206 2 0
0 0 -57.8383 0 26.1552 a b -1.50836 2 0
0 0 -57.8957 0 26.1582 a b -1.50882 2 0
0 0 -57.9568 0 26.1609 a b -1.50449 2 0
0 0 -58.0181 0 26.1615 a b -1.50154 2 0
0 0 -58.0771 0 26.1614 a b -1.50035 2 0
0 0 -58.1401 0 26.165 a b -1.49551 2 0
0 0 -58.2004 0 26.163 a b -1.49066 2 0
0 0 -58.257 0 26.1624 a b -1.48758 2 0
0 0 -58.3109 0 26.1664 a b -1.48349 2 0
0 0 -58.3725 0 26.1731 a b -1.48004 2 0
0 0 -58.4365 0 26.1761 a b -1.47625 2 0
0 0 -58.4987 0 26.1764 a b -1.46583 2 0
0 0 -58.5555 0 26.1748 a b -1.45424 2 0
0 0 -58.609 0 26.1796 a b -1.44019 2 0
0 0 -58.667 0 26.1907 a b -1.4311 2 0
0 0 -58.7288 0 26.1948 a b -1.42887 2 0
0 0 -58.7879 0 26.2014 a b -1.42729 2 0
0 0 -58.8454 0 26.2092 a b -1.42677 2 0
0 0 -58.9014 0 26.215 a b -1.42935 2 0
0 0 -58.9634 0 26.2188 a b -1.43034 2 0
0 0 -59.0303 0 26.2217 a b -1.43133 2 0
0 0 -59.0929 0 26.2259 a b -1.43151 2 0
0 0 -59.1521 0 26.2349 a b -1.43247 2 0
0 0 -59.2165 0 26.2394 a b -1.43508 2 0
0 0 -59.2784 0 26.2478 a b -1.43595 2 0
0 0 -59.3348 0 26.2532 a b -1.43637 2 0
0 0 -59.3918 0 26.2573 a b -1.4371 2 0
0 0 -59.4535 0 26.2635 a b -1.43973 2 0
0 0 -59.5141 0 26.2678 a b -1.44203 2 0
0 0 -59.5796 0 26.2741 a b -1.44346 2 0
0 0 -59.6399 0 26.2812 a b -1.44558 2 0
0 0 -59.6999 0 26.2921 a b -1.45012 2 0
0 0 -59.7623 0 26.2974 a b -1.45179 2 0
0 0 -59.8201 0 26.3023 a b -1.45341 2 0
0 0 -59.8843 0 26.3073 a b -1.45529 2 0
0 0 -59.9466 0 26.3166 a b -1.458 2 0
0 0 -60.0135 0 26.325 a b -1.45883 2 0
0 0 -60.0703 0 26.331 a b -1.4585 2 0
0 0 -60.1305 0 26.3286 a b -1.46076 2 0
0 0 -60.1913 0 26.3356 a b -1.46151 2 0
0 0 -60.2421 0 26.3402 a b -1.46262 2 0
0 0 -60.299 0 26.3442 a b -1.46354 2 0
0 0 -60.3517 0 26.3464 a b -1.46496 2 0
0 0 -60.4013 0 26.3492 a b -1.46511 2 0
0 0 -60.4555 0 26.352 a b -1.47001 2 0
0 0 -60.5091 0 26.3609 a b -1.47566 2 0
0 0 -60.5648 0 26.3624 a b -1.47711 2 0
0 0 -60.6243 0 26.364 a b -1.48463 2 0
0 0 -60.6875 0 26.3669 a b -1.48955 2 0
0 0 -60.747 0 26.37 a b -1.49022 2 0
0 0 -60.8151 0 26.3742 a b -1.49808 2 0
0 0 -60.8796 0 26.3776 a b -1.50883 2 0
0 0 -60.9405 0 26.3803 a b -1.51704 2 0
0 0 -61.0014 0 26.3861 a b -1.5302 2 0
0 0 -61.0645 0 26.3875 a b -1.54187 2 0
0 0 -61.1284 0 26.3856 a b -1.54667 2 0
0 0 -61.1898 0 26.3857 a b -1.54571 2 0
0 0 -61.247 0 26.3871 a b -1.54588 2 0
0 0 -61.3058 0 26.3867 a b -1.54757 2 0
0 0 -61.3609 0 26.3878 a b -1.54171 2 0
0 0 -61.4105 0 26.3837 a b -1.53613 2 0
0 0 -61.4608 0 26.3846 a b -1.53663 2 0
0 0 -61.5116 0 26.3893 a b -1.53567 2 0
0 0 -61.562 0 26.388 a b -1.53315 2 0
0 0 -61.6141 0 26.3876 a b -1.52967 2 0
0 0 -61.669 0 26.3898 a b -1.52346 2 0
0 0 -61.723 0 26.389 a b -1.52141 2 0
0 0 -61.7991 0 26.3943 a b -1.52213 2 0
0 0 -61.8732 0 26.3981 a b -1.51112 2 0
0 0 -61.9346 0 26.3994 a b -1.50262 2 0
0 0 -62.0053 0 26.404 a b -1.50447 2 0
0 0 -62.0827 0 26.4063 a b -1.5008 2 0
0 0 -62.1581 0 26.4053 a b -1.4878 2 0
0 0 -62.2353 0 26.4017 a b -1.47718 2 0
0 0 -62.3113 0 26.4062 a b -1.46669 2 0
0 0 -62.3838 0 26.411 a b -1.45029 2 0
0 0 -62.4474 0 26.4118 a b -1.43262 2 0
0 0 -62.5067 0 26.4175 a b -1.41918 2 0
0 0 -62.5673 0 26.4213 a b -1.41188 2 0
0 0 -62.6246 0 26.4305 a b -1.40762 2 0
0 0 -62.6852 0 26.4339 a b -1.40683 2 0
0 0 -62.7483 0 26.4401 a b -1.41065 2 0
0 0 -62.8101 0 26.4473 a b -1.4127 2 0
0 0 -62.8665 0 26.4459 a b -1.41184 2 0
0 0 -62.9269 0 26.4502 a b -1.41911 2 0
0 0 -62.9826 0 26.4586 a b -1.42389 2 0
0 0 -63.0466 0 26.4638 a b -1.42147 2 0
0 0 -63.1022 0 26.4662 a b -1.4251 2 0
0 0 -63.1543 0 26.4742 a b -1.42813 2 0
0 0 -63.2118 0 26.4821 a b -1.42903 2 0
0 0 -63.2719 0 26.4823 a b -1.43277 2 0
0 0 -63.3385 0 26.4895 a b -1.43502 2 0
0 0 -63.408 0 26.4951 a b -1.43546 2 0
0 0 -63.47 0 26.4991 a b -1.4394 2 0
0 0 -63.5363 0 26.5067 a b -1.44217 2 0
0 0 -63.6104 0 26.507 a b -1.44547 2 0
0 0 -63.6776 0 26.5109 a b -1.44948 2 0
0 0 -63.7516 0 26.5105 a b -1.45704 2 0
0 0 -63.8191 0 26.5153 a b -1.46106 2 0
0 0 -63.8918 0 26.5194 a b -1.46575 2 0
0 0 -63.9546 0 26.5237 a b -1.47281 2 0
0 0 -64.0138 0 26.5292 a b -1.47688 2 0
0 0 -64.0668 0 26.534 a b -1.48122 2 0
0 0 -64.116 0 26.5371 a b -1.4848 2 0
0 0 -64.1645 0 26.5416 a b -1.48668 2 0
0 0 -64.2089 0 26.547 a b -1.48806 2 0
0 0 -64.2447 0 26.548 a b -1.48907 2 0
0 0 -64.2823 0 26.552 a b -1.48968 2 0
0 0 -64.3212 0 26.5552 a b -1.4943 2 0
0 0 -64.3617 0 26.555 a b -1.50142 2 0
0 0 -64.3997 0 26.5581 a b -1.50922 2 0
0 0 -64.4431 0 26.5657 a b -1.51662 2 0
0 0 -64.491 0 26.5658 a b -1.52972 2 0
0 0 -64.5346 0 26.5576 a b -1.53847 2 0
0 0 -64.5918 0 26.5511 a b -1.5352 2 0
0 0 -64.6549 0 26.5484 a b -1.53138 2 0
0 0 -64.7196 0 26.5484 a b -1.53161 2 0
0 0 -64.7896 0 26.545 a b -1.52448 2 0
0 0 -64.8748 0 26.5437 a b -1.51593 2 0
0 0 -64.9597 0 26.5396 a b -1.51105 2 0
0 0 -65.0442 0 26.5392 a b -1.50671 2 0
0 0 -65.1425 0 26.5473 a b -1.50421 2 0
0 0 -65.2432 0 26.5565 a b -1.50425 2 0
0 0 -65.3325 0 26.5569 a b -1.49752 2 0
0 0 -65.4212 0 26.5565 a b -1.48883 2 0
0 0 -65.5038 0 26.5648 a b -1.48495 2 0
0 0 -65.5645 0 26.5619 a b -1.48457 2 0
0 0 -65.6124 0 26.5616 a b -1.47535 2 0
0 0 -65.6439 0 26.5583 a b -1.47003 2 0
0 0 -65.6681 0 26.5595 a b -1.46629 2 0
0 0 -65.6797 0 26.5588 a b -1.45655 2 0
0 0 -65.6901 0 26.5583 a b -1.45763 2 0
0 0 -65.7003 0 26.5617 a b -1.45972 2 0
0 0 -65.6912 0 26.5522 a b -1.45753 2 0
0 0 -65.677 0 26.5549 a b -1.4785 2 0
0 0 -65.6729 0 26.5535 a b -1.51234 2 0
0 0 -65.6717 0 26.5537 a b -1.54099 2 0
0 0 -65.6777 0 26.5479 a b -1.57142 2 0
0 0 -65.6738 0 26.5473 a b -1.59055 2 0
0 0 -65.6787 0 26.5472 a b -1.6155 2 0
0 0 -65.6895 0 26.5496 a b -1.59681 2 0
0 0 -65.6997 0 26.5504 a b -1.57378 2 0
0 0 -65.7037 0 26.5556 a b -1.54736 2 0
0 0 -65.6912 0 26.571 a b -1.50662 2 0
0 0 -65.6754 0 26.5551 a b -1.5023 2 0
0 0 -65.662 0 26.5367 a b -1.53238 2 0
0 0 -65.6605 0 26.5318 a b -1.59862 2 0
0 0 -65.6613 0 26.5359 a b -1.66671 2 0
0 0 -65.6683 0 26.5291 a b -1.72541 2 0
0 0 -65.6692 0 26.5209 a b -1.77262 2 0
