0 0 -65.1414 0 65.7493 a b -3.02613 2 0
0 0 -65.1378 0 65.7356 a b -3.04154 2 0
0 0 -65.1429 0 65.7551 a b -3.05389 2 0
0 0 -65.1408 0 65.7757 a b -3.06938 2 0
0 0 -65.1327 0 65.7869 a b -3.07511 2 0
0 0 -65.152 0 65.7628 a b -3.06422 2 0
0 0 -65.1705 0 65.7274 a b -3.05462 2 0
0 0 -65.1673 0 65.6779 a b -3.04799 2 0
0 0 -65.1655 0 65.6214 a b -3.04278 2 0
0 0 -65.1628 0 65.561 a b -3.04069 2 0
0 0 -65.1717 0 65.4874 a b -3.03664 2 0
0 0 -65.1813 0 65.4276 a b -3.03517 2 0
0 0 -65.1805 0 65.3798 a b -3.03491 2 0
0 0 -65.1811 0 65.3191 a b -3.03138 2 0
0 0 -65.1886 0 65.2593 a b -3.0281 2 0
0 0 -65.2036 0 65.2016 a b -3.02487 2 0
0 0 -65.2062 0 65.1509 a b -3.02633 2 0
0 0 -65.2075 0 65.1016 a b -3.02459 2 0
0 0 -65.2111 0 65.0491 a b -3.02531 2 0
0 0 -65.2111 0 64.9907 a b -3.0241 2 0
0 0 -65.2113 0 64.94 a b -3.02457 2 0
0 0 -65.2191 0 64.8907 a b -3.02435 2 0
0 0 -65.2222 0 64.8402 a b -3.02466 2 0
0 0 -65.2208 0 64.7937 a b -3.02328 2 0
0 0 -65.23 0 64.7426 a b -3.02312 2 0
0 0 -65.2365 0 64.6957 a b -3.02315 2 0
0 0 -65.241 0 64.6424 a b -3.02215 2 0
0 0 -65.2445 0 64.5925 a b -3.02097 2 0
0 0 -65.249 0 64.5449 a b -3.02058 2 0
0 0 -65.248 0 64.4996 a b -3.02111 2 0
0 0 -65.2539 0 64.452 a b -3.02173 2 0
0 0 -65.2637 0 64.4027 a b -3.02104 2 0
0 0 -65.266 0 64.3515 a b -3.01993 2 0
0 0 -65.2675 0 64.307 a b -3.02072 2 0
0 0 -65.2687 0 64.264 a b -3.02216 2 0
0 0 -65.2701 0 64.2189 a b -3.02152 2 0
0 0 -65.2787 0 64.1683 a b -3.01938 2 0
0 0 -65.2898 0 64.1251 a b -3.02191 2 0
0 0 -65.2931 0 64.0814 a b -3.02454 2 0
0 0 -65.2935 0 64.0316 a b -3.0228 2 0
0 0 -65.2966 0 63.9857 a b -3.02202 2 0
0 0 -65.2997 0 63.9406 a b -3.02301 2 0
0 0 -65.3051 0 63.8922 a b -3.02395 2 0
0 0 -65.3125 0 63.8433 a b -3.02243 2 0
0 0 -65.3183 0 63.7967 a b -3.02325 2 0
0 0 -65.3224 0 63.7474 a b -3.02291 2 0
0 0 -65.3256 0 63.6955 a b -3.0226 2 0
0 0 -65.3319 0 63.6431 a b -3.02193 2 0
0 0 -65.3358 0 63.5954 a b -3.02176 2 0
0 0 -65.3368 0 63.5444 a b -3.02196 2 0
0 0 -65.3369 0 63.4981 a b -3.02291 2 0
0 0 -65.34 0 63.4504 a b -3.02167 2 0
0 0 -65.3423 0 63.3982 a b -3.02122 2 0
0 0 -65.3531 0 63.3456 a b -3.02161 2 0
0 0 -65.3591 0 63.2987 a b -3.02097 2 0
0 0 -65.3689 0 63.2528 a b -3.0202 2 0
0 0 -65.374 0 63.1998 a b -3.01979 2 0
0 0 -65.3799 0 63.1548 a b -3.02055 2 0
0 0 -65.382 0 63.102 a b -3.02109 2 0
0 0 -65.3864 0 63.055 a b -3.02026 2 0
0 0 -65.3887 0 63.0064 a b -3.02121 2 0
0 0 -65.3949 0 62.9607 a b -3.02137 2 0
0 0 -65.397 0 62.9137 a b -3.02034 2 0
0 0 -65.397 0 62.8706 a b -3.02093 2 0
0 0 -65.4023 0 62.8298 a b -3.0225 2 0
0 0 -65.4066 0 62.7777 a b -3.02437 2 0
0 0 -65.4109 0 62.7272 a b -3.02543 2 0
0 0 -65.4196 0 62.6702 a b -3.02292 2 0
0 0 -65.4224 0 62.6215 a b -3.0239 2 0
0 0 -65.4315 0 62.5657 a b -3.02439 2 0
0 0 -65.4336 0 62.5159 a b -3.02545 2 0
0 0 -65.4213 0 62.4617 a b -3.02283 2 0
0 0 -65.4056 0 62.3878 a b -3.01415 2 0
0 0 -65.3982 0 62.3304 a b -3.01643 2 0
0 0 -65.3879 0 62.2729 a b -3.0164 2 0
0 0 -65.3836 0 62.2181 a b -3.01603 2 0
0 0 -65.3859 0 62.1566 a b -3.01195 2 0
0 0 -65.4001 0 62.1039 a b -3.01332 2 0
0 0 -65.4174 0 62.0492 a b -3.01635 2 0
0 0 -65.4199 0 61.9964 a b -3.02056 2 0
0 0 -65.4228 0 61.9319 a b -3.01767 2 0
0 0 -65.4247 0 61.8829 a b -3.01299 2 0
0 0 -65.4226 0 61.8296 a b -3.01423 2 0
0 0 -65.4286 0 61.7798 a b -3.01601 2 0
0 0 -65.4368 0 61.7326 a b -3.01854 2 0
0 0 -65.4367 0 61.6916 a b -3.01875 2 0
0 0 -65.4342 0 61.6487 a b -3.01696 2 0
0 0 -65.4354 0 61.6025 a b -3.01845 2 0
0 0 -65.4415 0 61.5571 a b -3.02009 2 0
0 0 -65.449 0 61.5103 a b -3.01955 2 0
0 0 -65.455 0 61.4667 a b -3.01938 2 0
0 0 -65.4624 0 61.4216 a b -3.01794 2 0
0 0 -65.4661 0 61.3789 a b -3.01474 2 0
0 0 -65.4717 0 61.3358 a b -3.01838 2 0
0 0 -65.4807 0 61.2884 a b -3.01933 2 0
0 0 -65.4915 0 61.2387 a b -3.01937 2 0
0 0 -65.4894 0 61.1939 a b -3.01701 2 0
0 0 -65.4835 0 61.1438 a b -3.01655 2 0
0 0 -65.4883 0 61.1003 a b -3.01647 2 0
0 0 -65.4911 0 61.0577 a b -3.01672 2 0
0 0 -65.4987 0 61.0134 a b -3.01889 2 0
0 0 -65.5079 0 60.9693 a b -3.0211 2 0
0 0 -65.5125 0 60.9223 a b -3.0213 2 0
0 0 -65.5185 0 60.8772 a b -3.02128 2 0
0 0 -65.5213 0 60.8282 a b -3.01915 2 0
0 0 -65.5223 0 60.7858 a b -3.01707 2 0
0 0 -65.5294 0 60.7392 a b -3.01809 2 0
0 0 -65.5381 0 60.6903 a b -3.01952 2 0
0 0 -65.5457 0 60.64 a b -3.02146 2 0
0 0 -65.5436 0 60.588 a b -3.02176 2 0
0 0 -65.5438 0 60.5426 a b -3.022 2 0
0 0 -65.5497 0 60.4853 a b -3.02712 2 0
0 0 -65.5544 0 60.4354 a b -3.03123 2 0
0 0 -65.5611 0 60.3875 a b -3.03149 2 0
0 0 -65.5629 0 60.3393 a b -3.03004 2 0
0 0 -65.5689 0 60.2894 a b -3.0319 2 0
0 0 -65.5702 0 60.2416 a b -3.03718 2 0
0 0 -65.5744 0 60.1943 a b -3.04351 2 0
0 0 -65.5788 0 60.1448 a b -3.04556 2 0
0 0 -65.5876 0 60.1001 a b -3.04884 2 0
0 0 -65.5885 0 60.0497 a b -3.05111 2 0
0 0 -65.5901 0 60.0011 a b -3.05475 2 0
0 0 -65.5904 0 59.9556 a b -3.05881 2 0
0 0 -65.5969 0 59.9099 a b -3.0672 2 0
0 0 -65.5968 0 59.8602 a b -3.07361 2 0
0 0 -65.5981 0 59.81 a b -3.08239 2 0
0 0 -65.5993 0 59.7628 a b -3.08892 2 0
0 0 -65.6018 0 59.7132 a b -3.09692 2 0
0 0 -65.6059 0 59.6605 a b -3.10345 2 0
0 0 -65.6112 0 59.6134 a b -3.10989 2 0
0 0 -65.6127 0 59.568 a b -3.11635 2 0
0 0 -65.6143 0 59.5254 a b -3.1197 2 0
0 0 -65.6169 0 59.4837 a b -3.12576 2 0
0 0 -65.6191 0 59.4375 a b -3.13312 2 0
0 0 -65.6253 0 59.3913 a b -3.1384 2 0
0 0 -65.6316 0 59.3498 a b 3.14101 2 0
0 0 -65.6317 0 59.3086 a b 3.13681 2 0
0 0 -65.6315 0 59.2627 a b 3.13078 2 0
0 0 -65.6344 0 59.2215 a b 3.12493 2 0
0 0 -65.6335 0 59.1799 a b 3.12239 2 0
0 0 -65.6316 0 59.1314 a b 3.11935 2 0
0 0 -65.631 0 59.0817 a b 3.11619 2 0
0 0 -65.6311 0 59.0299 a b 3.11573 2 0
0 0 -65.6281 0 58.9846 a b 3.11185 2 0
0 0 -65.6243 0 58.9375 a b 3.11 2 0
0 0 -65.6261 0 58.8908 a b 3.11088 2 0
0 0 -65.6236 0 58.8455 a b 3.11088 2 0
0 0 -65.6211 0 58.8034 a b 3.11256 2 0
0 0 -65.6202 0 58.7543 a b 3.11435 2 0
0 0 -65.6218 0 58.7076 a b 3.1137 2 0
0 0 -65.6186 0 58.6664 a b 3.11461 2 0
0 0 -65.6151 0 58.6223 a b 3.11695 2 0
0 0 -65.6149 0 58.5769 a b 3.12009 2 0
0 0 -65.617 0 58.5288 a b 3.12242 2 0
0 0 -65.6153 0 58.4835 a b 3.12334 2 0
0 0 -65.6143 0 58.4378 a b 3.12331 2 0
0 0 -65.6188 0 58.3933 a b 3.12511 2 0
0 0 -65.6153 0 58.3435 a b 3.1269 2 0
0 0 -65.6135 0 58.296 a b 3.12957 2 0
0 0 -65.6109 0 58.2457 a b 3.13035 2 0
0 0 -65.6127 0 58.1992 a b 3.1308 2 0
0 0 -65.6121 0 58.1487 a b 3.13194 2 0
0 0 -65.6093 0 58.1013 a b 3.13557 2 0
0 0 -65.612 0 58.0571 a b 3.13779 2 0
0 0 -65.6096 0 58.0072 a b 3.13973 2 0
0 0 -65.6087 0 57.9593 a b 3.1408 2 0
0 0 -65.6131 0 57.9162 a b -3.14087 2 0
0 0 -65.6131 0 57.87 a b -3.13866 2 0
0 0 -65.61 0 57.8185 a b -3.13483 2 0
0 0 -65.6096 0 57.7658 a b -3.13092 2 0
0 0 -65.6152 0 57.7182 a b -3.12994 2 0
0 0 -65.6164 0 57.6712 a b -3.12655 2 0
0 0 -65.6188 0 57.6197 a b -3.12587 2 0
0 0 -65.6159 0 57.5685 a b -3.12428 2 0
0 0 -65.615 0 57.5162 a b -3.12297 2 0
0 0 -65.619 0 57.4623 a b -3.11931 2 0
0 0 -65.6267 0 57.4156 a b -3.11712 2 0
0 0 -65.6344 0 57.3681 a b -3.11856 2 0
0 0 -65.6328 0 57.3142 a b -3.11933 2 0
0 0 -65.6285 0 57.2614 a b -3.11762 2 0
0 0 -65.6287 0 57.2143 a b -3.11334 2 0
0 0 -65.6341 0 57.1636 a b -3.11244 2 0
0 0 -65.6392 0 57.1216 a b -3.11614 2 0
0 0 -65.6379 0 57.0762 a b -3.11803 2 0
0 0 -65.6403 0 57.0235 a b -3.1162 2 0
0 0 -65.6427 0 56.9781 a b -3.11585 2 0
0 0 -65.6412 0 56.9338 a b -3.11749 2 0
0 0 -65.6433 0 56.8946 a b -3.11933 2 0
0 0 -65.6425 0 56.849 a b -3.11984 2 0
0 0 -65.6443 0 56.8009 a b -3.12059 2 0
0 0 -65.6454 0 56.7551 a b -3.12346 2 0
0 0 -65.6445 0 56.7056 a b -3.12774 2 0
0 0 -65.6464 0 56.6564 a b -3.13049 2 0
0 0 -65.6485 0 56.604 a b -3.13433 2 0
0 0 -65.6496 0 56.5538 a b -3.1341 2 0
0 0 -65.6519 0 56.5017 a b -3.13592 2 0
0 0 -65.6453 0 56.4513 a b -3.13451 2 0
0 0 -65.6457 0 56.4057 a b -3.13288 2 0
0 0 -65.6447 0 56.3584 a b -3.13182 2 0
0 0 -65.645 0 56.3106 a b -3.13168 2 0
0 0 -65.6457 0 56.2635 a b -3.13193 2 0
0 0 -65.6445 0 56.2208 a b -3.13061 2 0
0 0 -65.6495 0 56.1768 a b -3.12934 2 0
0 0 -65.6464 0 56.1246 a b -3.12981 2 0
0 0 -65.6486 0 56.081 a b -3.12757 2 0
0 0 -65.6486 0 56.0303 a b -3.12633 2 0
0 0 -65.6489 0 55.9792 a b -3.12928 2 0
0 0 -65.6463 0 55.9302 a b -3.12902 2 0
0 0 -65.6464 0 55.8823 a b -3.12676 2 0
0 0 -65.6484 0 55.833 a b -3.12757 2 0
0 0 -65.6497 0 55.7892 a b -3.12753 2 0
0 0 -65.6521 0 55.7429 a b -3.1276 2 0
0 0 -65.655 0 55.6985 a b -3.1251 2 0
0 0 -65.6544 0 55.6521 a b -3.12076 2 0
0 0 -65.6562 0 55.6118 a b -3.12134 2 0
0 0 -65.6555 0 55.5711 a b -3.12263 2 0
0 0 -65.6582 0 55.5269 a b -3.12173 2 0
0 0 -65.6564 0 55.4809 a b -3.12035 2 0
0 0 -65.6501 0 55.4372 a b -3.11882 2 0
0 0 -65.6486 0 55.3897 a b -3.12173 2 0
0 0 -65.6507 0 55.3433 a b -3.12223 2 0
0 0 -65.6496 0 55.2939 a b -3.12357 2 0
0 0 -65.648 0 55.2406 a b -3.12555 2 0
0 0 -65.6447 0 55.191 a b -3.13026 2 0
0 0 -65.6405 0 55.1404 a b -3.13241 2 0
0 0 -65.6404 0 55.0894 a b -3.13559 2 0
0 0 -65.6433 0 55.0401 a b -3.13804 2 0
0 0 -65.6462 0 54.9885 a b -3.13954 2 0
0 0 -65.648 0 54.9409 a b -3.1413 2 0
0 0 -65.6488 0 54.8953 a b -3.14108 2 0
0 0 -65.6461 0 54.8488 a b -3.14096 2 0
0 0 -65.6416 0 54.8064 a b 3.14082 2 0
0 0 -65.644 0 54.7616 a b 3.13818 2 0
0 0 -65.6422 0 54.7162 a b 3.13562 2 0
0 0 -65.6408 0 54.6663 a b 3.13353 2 0
0 0 -65.6364 0 54.6223 a b 3.129 2 0
0 0 -65.6367 0 54.575 a b 3.12274 2 0
0 0 -65.6361 0 54.5235 a b 3.1189 2 0
0 0 -65.6313 0 54.4723 a b 3.11765 2 0
0 0 -65.6313 0 54.4252 a b 3.11532 2 0
0 0 -65.6259 0 54.3754 a b 3.11438 2 0
0 0 -65.6224 0 54.3286 a b 3.11412 2 0
0 0 -65.6246 0 54.28 a b 3.11376 2 0
0 0 -65.6281 0 54.2295 a b 3.11335 2 0
0 0 -65.6248 0 54.1795 a b 3.11239 2 0
0 0 -65.6217 0 54.1367 a b 3.11397 2 0
0 0 -65.6174 0 54.0872 a b 3.11712 2 0
0 0 -65.6178 0 54.0366 a b 3.11938 2 0
0 0 -65.6118 0 53.9876 a b 3.11909 2 0
0 0 -65.6107 0 53.9416 a b 3.11983 2 0
0 0 -65.608 0 53.8937 a b 3.12518 2 0
0 0 -65.6049 0 53.8441 a b 3.12932 2 0
0 0 -65.5971 0 53.7965 a b 3.13055 2 0
0 0 -65.5939 0 53.7526 a b 3.13273 2 0
0 0 -65.5942 0 53.7033 a b 3.13804 2 0
0 0 -65.5943 0 53.6514 a b 3.13861 2 0
0 0 -65.5919 0 53.607 a b 3.14026 2 0
0 0 -65.5872 0 53.5581 a b -3.13834 2 0
0 0 -65.5875 0 53.5081 a b -3.13547 2 0
0 0 -65.5863 0 53.4578 a b -3.13363 2 0
0 0 -65.5864 0 53.404 a b -3.13024 2 0
0 0 -65.5837 0 53.3544 a b -3.12862 2 0
0 0 -65.578 0 53.305 a b -3.12797 2 0
0 0 -65.5773 0 53.2555 a b -3.12282 2 0
0 0 -65.5768 0 53.2032 a b -3.11977 2 0
0 0 -65.576 0 53.1594 a b -3.12092 2 0
0 0 -65.5766 0 53.1132 a b -3.11817 2 0
0 0 -65.5807 0 53.0668 a b -3.1146 2 0
0 0 -65.5801 0 53.0171 a b -3.11361 2 0
0 0 -65.5778 0 52.9738 a b -3.11321 2 0
0 0 -65.5781 0 52.927 a b -3.11017 2 0
0 0 -65.5765 0 52.877 a b -3.10924 2 0
0 0 -65.5737 0 52.8349 a b -3.10886 2 0
0 0 -65.5793 0 52.7866 a b -3.1048 2 0
0 0 -65.5814 0 52.7361 a b -3.10356 2 0
0 0 -65.5791 0 52.6851 a b -3.10282 2 0
0 0 -65.5757 0 52.6365 a b -3.10009 2 0
0 0 -65.5717 0 52.5873 a b -3.09812 2 0
0 0 -65.5728 0 52.539 a b -3.09124 2 0
0 0 -65.5816 0 52.4856 a b -3.08329 2 0
0 0 -65.5923 0 52.4302 a b -3.0872 2 0
0 0 -65.5876 0 52.3811 a b -3.09573 2 0
0 0 -65.5854 0 52.332 a b -3.09791 2 0
0 0 -65.5894 0 52.2857 a b -3.09872 2 0
0 0 -65.5914 0 52.236 a b -3.10332 2 0
0 0 -65.591 0 52.185 a b -3.10947 2 0
0 0 -65.5903 0 52.1347 a b -3.113 2 0
0 0 -65.5952 0 52.0793 a b -3.11725 2 0
0 0 -65.5946 0 52.0332 a b -3.12318 2 0
0 0 -65.5932 0 51.9867 a b -3.1263 2 0
0 0 -65.5955 0 51.9375 a b -3.13113 2 0
0 0 -65.5964 0 51.887 a b -3.13725 2 0
0 0 -65.5953 0 51.8366 a b -3.14042 2 0
0 0 -65.5956 0 51.7909 a b 3.13899 2 0
0 0 -65.5945 0 51.7521 a b 3.13285 2 0
0 0 -65.5875 0 51.7013 a b 3.1299 2 0
0 0 -65.5891 0 51.6556 a b 3.12735 2 0
0 0 -65.5908 0 51.6057 a b 3.12343 2 0
0 0 -65.5877 0 51.5583 a b 3.11711 2 0
0 0 -65.5837 0 51.5131 a b 3.11534 2 0
0 0 -65.5783 0 51.4653 a b 3.1145 2 0
0 0 -65.5785 0 51.4157 a b 3.11013 2 0
0 0 -65.5742 0 51.3641 a b 3.10277 2 0
0 0 -65.5734 0 51.31 a b 3.09763 2 0
0 0 -65.5708 0 51.2573 a b 3.09155 2 0
0 0 -65.5652 0 51.2013 a b 3.08826 2 0
0 0 -65.5602 0 51.1524 a b 3.08672 2 0
0 0 -65.5596 0 51.1036 a b 3.08719 2 0
0 0 -65.5551 0 51.0535 a b 3.08232 2 0
0 0 -65.551 0 50.9998 a b 3.07946 2 0
0 0 -65.5462 0 50.9516 a b 3.08011 2 0
0 0 -65.5385 0 50.9046 a b 3.07776 2 0
0 0 -65.5341 0 50.8582 a b 3.07113 2 0
0 0 -65.5312 0 50.8112 a b 3.0649 2 0
0 0 -65.5259 0 50.7686 a b 3.05477 2 0
0 0 -65.5218 0 50.7236 a b 3.04262 2 0
0 0 -65.5167 0 50.6848 a b 3.03156 2 0
0 0 -65.5134 0 50.6345 a b 3.02192 2 0
0 0 -65.5107 0 50.5891 a b 3.00943 2 0
0 0 -65.5071 0 50.5389 a b 3.00149 2 0
0 0 -65.5014 0 50.492 a b 2.99482 2 0
0 0 -65.4942 0 50.4415 a b 2.98825 2 0
0 0 -65.4879 0 50.3902 a b 2.98392 2 0
0 0 -65.4765 0 50.3476 a b 2.98281 2 0
0 0 -65.4711 0 50.304 a b 2.97811 2 0
0 0 -65.4655 0 50.2565 a b 2.97395 2 0
0 0 -65.4592 0 50.2082 a b 2.97173 2 0
0 0 -65.4513 0 50.1616 a b 2.97159 2 0
0 0 -65.441 0 50.1158 a b 2.97305 2 0
0 0 -65.4332 0 50.0711 a b 2.97818 2 0
0 0 -65.427 0 50.024 a b 2.98335 2 0
0 0 -65.4197 0 49.9792 a b 2.98526 2 0
0 0 -65.4109 0 49.9326 a b 2.98831 2 0
0 0 -65.4008 0 49.8903 a b 2.99294 2 0
0 0 -65.3909 0 49.8503 a b 2.99786 2 0
0 0 -65.3838 0 49.7991 a b 2.99877 2 0
0 0 -65.3768 0 49.7505 a b 3.00324 2 0
0 0 -65.3695 0 49.7013 a b 3.00768 2 0
0 0 -65.3619 0 49.6511 a b 3.01087 2 0
0 0 -65.3528 0 49.5974 a b 3.01512 2 0
0 0 -65.3418 0 49.5441 a b 3.02212 2 0
0 0 -65.3359 0 49.4924 a b 3.02689 2 0
0 0 -65.3278 0 49.4427 a b 3.031 2 0
0 0 -65.321 0 49.3954 a b 3.03625 2 0
0 0 -65.3153 0 49.3461 a b 3.04276 2 0
0 0 -65.3089 0 49.2983 a b 3.04804 2 0
0 0 -65.3018 0 49.2555 a b 3.0533 2 0
0 0 -65.2992 0 49.2075 a b 3.05644 2 0
0 0 -65.294 0 49.1635 a b 3.06094 2 0
0 0 -65.2862 0 49.1142 a b 3.06533 2 0
0 0 -65.2781 0 49.0678 a b 3.06778 2 0
0 0 -65.2777 0 49.0179 a b 3.07359 2 0
0 0 -65.2759 0 48.9722 a b 3.07769 2 0
0 0 -65.2683 0 48.9266 a b 3.07997 2 0
0 0 -65.2652 0 48.8767 a b 3.08418 2 0
0 0 -65.2601 0 48.8255 a b 3.09038 2 0
0 0 -65.2567 0 48.7734 a b 3.09598 2 0
0 0 -65.2551 0 48.7194 a b 3.10059 2 0
0 0 -65.2542 0 48.677 a b 3.10486 2 0
0 0 -65.247 0 48.6258 a b 3.10993 2 0
0 0 -65.2404 0 48.5765 a b 3.1162 2 0
0 0 -65.2392 0 48.5301 a b 3.12471 2 0
0 0 -65.2366 0 48.4785 a b 3.13291 2 0
0 0 -65.2391 0 48.4326 a b 3.13719 2 0
0 0 -65.2388 0 48.389 a b -3.13949 2 0
0 0 -65.234 0 48.3384 a b -3.12637 2 0
0 0 -65.2327 0 48.2862 a b -3.11424 2 0
0 0 -65.2339 0 48.2392 a b -3.10378 2 0
0 0 -65.2346 0 48.1915 a b -3.10203 2 0
0 0 -65.233 0 48.1446 a b -3.10329 2 0
0 0 -65.2325 0 48.0945 a b -3.10042 2 0
0 0 -65.2333 0 48.038 a b -3.09635 2 0
0 0 -65.2306 0 47.9837 a b -3.09436 2 0
0 0 -65.2306 0 47.9327 a b -3.09457 2 0
0 0 -65.2324 0 47.8835 a b -3.09561 2 0
0 0 -65.2356 0 47.8335 a b -3.09407 2 0
0 0 -65.2351 0 47.7834 a b -3.09224 2 0
0 0 -65.2373 0 47.7313 a b -3.091 2 0
0 0 -65.2392 0 47.6786 a b -3.09045 2 0
0 0 -65.238 0 47.6233 a b -3.09195 2 0
0 0 -65.2397 0 47.5763 a b -3.0921 2 0
0 0 -65.2408 0 47.5323 a b -3.09119 2 0
0 0 -65.2424 0 47.4847 a b -3.09098 2 0
0 0 -65.2432 0 47.4412 a b -3.09073 2 0
0 0 -65.2498 0 47.3917 a b -3.08977 2 0
0 0 -65.2506 0 47.3423 a b -3.09154 2 0
0 0 -65.2545 0 47.2892 a b -3.09107 2 0
0 0 -65.2629 0 47.2268 a b -3.08736 2 0
0 0 -65.2688 0 47.1699 a b -3.0868 2 0
0 0 -65.2789 0 47.1127 a b -3.08347 2 0
0 0 -65.2853 0 47.0543 a b -3.08394 2 0
0 0 -65.2842 0 47 a b -3.08961 2 0
0 0 -65.2758 0 46.9523 a b -3.09236 2 0
0 0 -65.2691 0 46.9051 a b -3.09231 2 0
0 0 -65.2716 0 46.8621 a b -3.09383 2 0
0 0 -65.2789 0 46.8208 a b -3.09716 2 0
0 0 -65.285 0 46.7865 a b -3.10181 2 0
0 0 -65.2922 0 46.7466 a b -3.09927 2 0
0 0 -65.2995 0 46.7009 a b -3.10187 2 0
0 0 -65.301 0 46.6546 a b -3.10694 2 0
0 0 -65.3012 0 46.6091 a b -3.10296 2 0
0 0 -65.3023 0 46.5652 a b -3.10549 2 0
0 0 -65.2939 0 46.5196 a b -3.10579 2 0
0 0 -65.2933 0 46.4706 a b -3.10148 2 0
0 0 -65.2926 0 46.4332 a b -3.10216 2 0
0 0 -65.2909 0 46.3916 a b -3.10107 2 0
0 0 -65.2902 0 46.3437 a b -3.1001 2 0
0 0 -65.2901 0 46.289 a b -3.09935 2 0
0 0 -65.2944 0 46.2441 a b -3.09921 2 0
0 0 -65.2972 0 46.1991 a b -3.09894 2 0
0 0 -65.3045 0 46.1552 a b -3.09763 2 0
0 0 -65.3031 0 46.0985 a b -3.10144 2 0
0 0 -65.2973 0 46.0437 a b -3.10087 2 0
0 0 -65.2911 0 45.9903 a b -3.09952 2 0
0 0 -65.2928 0 45.946 a b -3.09959 2 0
0 0 -65.2908 0 45.8939 a b -3.10658 2 0
0 0 -65.2911 0 45.8361 a b -3.10912 2 0
0 0 -65.2897 0 45.7768 a b -3.10979 2 0
0 0 -65.2891 0 45.7234 a b -3.10939 2 0
0 0 -65.2878 0 45.6717 a b -3.11097 2 0
0 0 -65.2827 0 45.6148 a b -3.11603 2 0
0 0 -65.287 0 45.5666 a b -3.1206 2 0
0 0 -65.2924 0 45.5214 a b -3.1247 2 0
0 0 -65.2895 0 45.481 a b -3.12703 2 0
0 0 -65.2916 0 45.4357 a b -3.12816 2 0
0 0 -65.2937 0 45.3873 a b -3.13333 2 0
0 0 -65.2959 0 45.3452 a b -3.13778 2 0
0 0 -65.2987 0 45.3024 a b 3.1405 2 0
0 0 -65.3016 0 45.2589 a b 3.13188 2 0
0 0 -65.2953 0 45.2077 a b 3.12501 2 0
0 0 -65.2941 0 45.158 a b 3.12314 2 0
0 0 -65.2944 0 45.1086 a b 3.12433 2 0
0 0 -65.289 0 45.0577 a b 3.12313 2 0
0 0 -65.2842 0 45.0032 a b 3.1228 2 0
0 0 -65.2795 0 44.9491 a b 3.12527 2 0
0 0 -65.276 0 44.8986 a b 3.12699 2 0
0 0 -65.2755 0 44.8441 a b 3.1285 2 0
0 0 -65.2764 0 44.7958 a b 3.13426 2 0
0 0 -65.2766 0 44.746 a b 3.13827 2 0
0 0 -65.2751 0 44.6958 a b 3.13836 2 0
0 0 -65.2732 0 44.6438 a b -3.14112 2 0
0 0 -65.2752 0 44.5971 a b -3.13329 2 0
0 0 -65.2729 0 44.5491 a b -3.12609 2 0
0 0 -65.272 0 44.5095 a b -3.12202 2 0
0 0 -65.2723 0 44.4657 a b -3.11611 2 0
0 0 -65.273 0 44.4241 a b -3.10281 2 0
0 0 -65.2704 0 44.3847 a b -3.0917 2 0
0 0 -65.2702 0 44.3423 a b -3.08898 2 0
0 0 -65.2715 0 44.3004 a b -3.09142 2 0
0 0 -65.27 0 44.2543 a b -3.09116 2 0
0 0 -65.2733 0 44.205 a b -3.09173 2 0
0 0 -65.2769 0 44.1525 a b -3.09165 2 0
0 0 -65.2747 0 44.0996 a b -3.09246 2 0
0 0 -65.274 0 44.0397 a b -3.09567 2 0
0 0 -65.2759 0 43.9804 a b -3.09348 2 0
0 0 -65.2822 0 43.929 a b -3.09421 2 0
0 0 -65.2831 0 43.872 a b -3.09991 2 0
0 0 -65.2805 0 43.8037 a b -3.10437 2 0
0 0 -65.2802 0 43.743 a b -3.10846 2 0
0 0 -65.2853 0 43.6853 a b -3.11395 2 0
0 0 -65.2877 0 43.6285 a b -3.12556 2 0
0 0 -65.2883 0 43.5723 a b 3.13833 2 0
0 0 -65.2893 0 43.5177 a b 3.11806 2 0
0 0 -65.2892 0 43.4586 a b 3.10464 2 0
0 0 -65.2918 0 43.4017 a b 3.09242 2 0
0 0 -65.2866 0 43.3447 a b 3.08242 2 0
0 0 -65.2808 0 43.2858 a b 3.0798 2 0
0 0 -65.2778 0 43.2258 a b 3.0803 2 0
0 0 -65.2721 0 43.1709 a b 3.08359 2 0
0 0 -65.2689 0 43.1173 a b 3.08659 2 0
0 0 -65.2628 0 43.0631 a b 3.09065 2 0
0 0 -65.2561 0 43.0051 a b 3.09194 2 0
0 0 -65.2547 0 42.9523 a b 3.09237 2 0
0 0 -65.2505 0 42.8938 a b 3.09566 2 0
0 0 -65.2471 0 42.8308 a b 3.10101 2 0
0 0 -65.2393 0 42.7732 a b 3.10284 2 0
0 0 -65.2348 0 42.7224 a b 3.10472 2 0
0 0 -65.2339 0 42.6634 a b 3.10699 2 0
0 0 -65.2312 0 42.6037 a b 3.11461 2 0
0 0 -65.2228 0 42.548 a b 3.12065 2 0
0 0 -65.2222 0 42.4908 a b 3.1224 2 0
0 0 -65.2206 0 42.4409 a b 3.12602 2 0
0 0 -65.2173 0 42.3838 a b 3.13206 2 0
0 0 -65.2151 0 42.3285 a b 3.13574 2 0
0 0 -65.2141 0 42.2675 a b -3.14111 2 0
0 0 -65.2115 0 42.2029 a b -3.13486 2 0
0 0 -65.2096 0 42.1449 a b -3.12952 2 0
0 0 -65.2084 0 42.0865 a b -3.12602 2 0
0 0 -65.2074 0 42.0236 a b -3.1208 2 0
0 0 -65.208 0 41.963 a b -3.11339 2 0
0 0 -65.2042 0 41.9078 a b -3.11093 2 0
0 0 -65.2033 0 41.8544 a b -3.109 2 0
0 0 -65.201 0 41.799 a b -3.10328 2 0
0 0 -65.2012 0 41.7408 a b -3.09452 2 0
0 0 -65.2004 0 41.6831 a b -3.0899 2 0
0 0 -65.1997 0 41.6238 a b -3.08691 2 0
0 0 -65.2032 0 41.5569 a b -3.0871 2 0
0 0 -65.2016 0 41.5008 a b -3.08739 2 0
0 0 -65.2023 0 41.4415 a b -3.08571 2 0
0 0 -65.205 0 41.3809 a b -3.08656 2 0
0 0 -65.2072 0 41.3206 a b -3.08861 2 0
0 0 -65.2084 0 41.2618 a b -3.08906 2 0
0 0 -65.2098 0 41.2029 a b -3.08884 2 0
0 0 -65.214 0 41.1523 a b -3.0883 2 0
0 0 -65.218 0 41.0991 a b -3.08987 2 0
0 0 -65.2178 0 41.0388 a b -3.08938 2 0
0 0 -65.2199 0 40.9775 a b -3.08956 2 0
0 0 -65.2189 0 40.92 a b -3.08925 2 0
0 0 -65.2201 0 40.8613 a b -3.08861 2 0
0 0 -65.2237 0 40.8008 a b -3.08978 2 0
0 0 -65.2249 0 40.7398 a b -3.09146 2 0
0 0 -65.2291 0 40.6811 a b -3.09066 2 0
0 0 -65.2341 0 40.6206 a b -3.0901 2 0
0 0 -65.2371 0 40.5588 a b -3.09129 2 0
0 0 -65.2378 0 40.5013 a b -3.09286 2 0
0 0 -65.2395 0 40.4425 a b -3.09371 2 0
0 0 -65.2429 0 40.3791 a b -3.09549 2 0
0 0 -65.2445 0 40.3175 a b -3.09889 2 0
0 0 -65.2452 0 40.2579 a b -3.10016 2 0
0 0 -65.2463 0 40.2002 a b -3.10103 2 0
0 0 -65.2474 0 40.1412 a b -3.10518 2 0
0 0 -65.2449 0 40.0822 a b -3.10686 2 0
0 0 -65.2482 0 40.0274 a b -3.10724 2 0
0 0 -65.2477 0 39.9685 a b -3.11051 2 0
0 0 -65.2476 0 39.9185 a b -3.11155 2 0
0 0 -65.2501 0 39.8621 a b -3.11016 2 0
0 0 -65.2516 0 39.8053 a b -3.113 2 0
0 0 -65.2528 0 39.7473 a b -3.11499 2 0
0 0 -65.2502 0 39.689 a b -3.11369 2 0
0 0 -65.2513 0 39.6261 a b -3.1119 2 0
0 0 -65.2543 0 39.5656 a b -3.11198 2 0
0 0 -65.2532 0 39.4996 a b -3.11493 2 0
0 0 -65.2498 0 39.4353 a b -3.11313 2 0
0 0 -65.2508 0 39.3734 a b -3.11178 2 0
0 0 -65.2523 0 39.3077 a b -3.11437 2 0
0 0 -65.251 0 39.2437 a b -3.11944 2 0
0 0 -65.2497 0 39.1763 a b -3.12202 2 0
0 0 -65.2496 0 39.1121 a b -3.12367 2 0
0 0 -65.2532 0 39.0496 a b -3.12611 2 0
0 0 -65.2502 0 38.9933 a b -3.12988 2 0
0 0 -65.2513 0 38.9375 a b -3.13093 2 0
0 0 -65.253 0 38.8798 a b -3.13255 2 0
0 0 -65.2516 0 38.8232 a b -3.13677 2 0
0 0 -65.2491 0 38.766 a b -3.14025 2 0
0 0 -65.2482 0 38.7155 a b 3.14094 2 0
0 0 -65.2478 0 38.6607 a b 3.13641 2 0
0 0 -65.2474 0 38.6054 a b 3.13442 2 0
0 0 -65.2427 0 38.5506 a b 3.13159 2 0
0 0 -65.2404 0 38.4938 a b 3.12852 2 0
0 0 -65.2376 0 38.435 a b 3.12712 2 0
0 0 -65.2343 0 38.3791 a b 3.12672 2 0
0 0 -65.2319 0 38.3207 a b 3.12615 2 0
0 0 -65.2332 0 38.2615 a b 3.12583 2 0
0 0 -65.2344 0 38.2018 a b 3.12418 2 0
0 0 -65.23 0 38.1431 a b 3.12674 2 0
0 0 -65.2271 0 38.0835 a b 3.12675 2 0
0 0 -65.2248 0 38.0209 a b 3.12768 2 0
0 0 -65.2192 0 37.9608 a b 3.12656 2 0
0 0 -65.2195 0 37.8988 a b 3.12543 2 0
0 0 -65.218 0 37.8413 a b 3.12284 2 0
0 0 -65.2142 0 37.7795 a b 3.12192 2 0
0 0 -65.2114 0 37.7226 a b 3.11896 2 0
0 0 -65.2109 0 37.6631 a b 3.11377 2 0
0 0 -65.2085 0 37.6035 a b 3.10885 2 0
0 0 -65.2057 0 37.5385 a b 3.10754 2 0
0 0 -65.2015 0 37.4838 a b 3.1047 2 0
0 0 -65.1999 0 37.4279 a b 3.09788 2 0
0 0 -65.1973 0 37.3741 a b 3.08926 2 0
0 0 -65.1935 0 37.3206 a b 3.07965 2 0
0 0 -65.1877 0 37.2658 a b 3.07247 2 0
0 0 -65.185 0 37.2084 a b 3.06291 2 0
0 0 -65.1809 0 37.1505 a b 3.05187 2 0
0 0 -65.1789 0 37.0922 a b 3.046 2 0
0 0 -65.1729 0 37.0336 a b 3.04454 2 0
0 0 -65.1666 0 36.9803 a b 3.04307 2 0
0 0 -65.1581 0 36.921 a b 3.04605 2 0
0 0 -65.1524 0 36.8661 a b 3.05102 2 0
0 0 -65.1436 0 36.8064 a b 3.05582 2 0
0 0 -65.1364 0 36.7537 a b 3.0601 2 0
0 0 -65.1315 0 36.6999 a b 3.06538 2 0
0 0 -65.1288 0 36.6458 a b 3.07061 2 0
0 0 -65.1217 0 36.5922 a b 3.07617 2 0
0 0 -65.1174 0 36.5342 a b 3.08333 2 0
0 0 -65.1118 0 36.4789 a b 3.08858 2 0
0 0 -65.1016 0 36.4222 a b 3.09378 2 0
0 0 -65.094 0 36.3662 a b 3.10027 2 0
0 0 -65.09 0 36.3066 a b 3.10419 2 0
0 0 -65.0852 0 36.246 a b 3.10971 2 0
0 0 -65.077 0 36.1805 a b 3.11619 2 0
0 0 -65.0745 0 36.1219 a b 3.12168 2 0
0 0 -65.0729 0 36.061 a b 3.12958 2 0
0 0 -65.0693 0 35.9996 a b 3.13597 2 0
0 0 -65.0663 0 35.937 a b -3.14086 2 0
0 0 -65.0639 0 35.8806 a b -3.13492 2 0
0 0 -65.0625 0 35.8207 a b -3.12304 2 0
0 0 -65.0654 0 35.7637 a b -3.10764 2 0
0 0 -65.0688 0 35.7048 a b -3.09957 2 0
0 0 -65.0676 0 35.6446 a b -3.09916 2 0
0 0 -65.0695 0 35.5882 a b -3.09986 2 0
0 0 -65.0696 0 35.5342 a b -3.10161 2 0
0 0 -65.0687 0 35.4759 a b -3.10359 2 0
0 0 -65.0688 0 35.4182 a b -3.10498 2 0
0 0 -65.065 0 35.3603 a b -3.10814 2 0
0 0 -65.0671 0 35.3072 a b -3.10876 2 0
0 0 -65.071 0 35.2556 a b -3.11251 2 0
0 0 -65.0738 0 35.2021 a b -3.11384 2 0
0 0 -65.0717 0 35.1406 a b -3.11497 2 0
0 0 -65.0717 0 35.0829 a b -3.117 2 0
0 0 -65.0737 0 35.0245 a b -3.11924 2 0
0 0 -65.0758 0 34.9722 a b -3.11963 2 0
0 0 -65.0729 0 34.907 a b -3.11978 2 0
0 0 -65.072 0 34.8464 a b -3.12133 2 0
0 0 -65.0729 0 34.786 a b -3.12299 2 0
0 0 -65.0679 0 34.718 a b -3.12311 2 0
0 0 -65.0627 0 34.6557 a b -3.12423 2 0
0 0 -65.0622 0 34.5938 a b -3.12264 2 0
0 0 -65.0599 0 34.5254 a b -3.12427 2 0
0 0 -65.0643 0 34.4619 a b -3.12234 2 0
0 0 -65.0614 0 34.4015 a b -3.12329 2 0
0 0 -65.0649 0 34.34 a b -3.12208 2 0
0 0 -65.0706 0 34.2796 a b -3.1234 2 0
0 0 -65.0704 0 34.2252 a b -3.12327 2 0
0 0 -65.068 0 34.1633 a b -3.12201 2 0
0 0 -65.0647 0 34.1004 a b -3.12486 2 0
0 0 -65.068 0 34.0421 a b -3.12503 2 0
0 0 -65.067 0 33.9816 a b -3.12674 2 0
0 0 -65.0663 0 33.9198 a b -3.12943 2 0
0 0 -65.0647 0 33.8587 a b -3.13157 2 0
0 0 -65.0633 0 33.7973 a b -3.1311 2 0
0 0 -65.0613 0 33.732 a b -3.13262 2 0
0 0 -65.0647 0 33.6745 a b -3.13368 2 0
0 0 -65.0689 0 33.6143 a b -3.13266 2 0
0 0 -65.0694 0 33.5478 a b -3.13237 2 0
0 0 -65.0695 0 33.4935 a b -3.13339 2 0
0 0 -65.0666 0 33.4307 a b -3.13383 2 0
0 0 -65.0655 0 33.3741 a b -3.13142 2 0
0 0 -65.0649 0 33.3164 a b -3.13117 2 0
0 0 -65.0628 0 33.2542 a b -3.13157 2 0
0 0 -65.0624 0 33.1916 a b -3.13105 2 0
0 0 -65.0581 0 33.1282 a b -3.1313 2 0
0 0 -65.0516 0 33.0685 a b -3.12912 2 0
0 0 -65.0522 0 33.0116 a b -3.12695 2 0
0 0 -65.0505 0 32.9466 a b -3.12785 2 0
0 0 -65.049 0 32.8829 a b -3.12898 2 0
0 0 -65.0482 0 32.8235 a b -3.12678 2 0
0 0 -65.0467 0 32.76 a b -3.1233 2 0
0 0 -65.049 0 32.6971 a b -3.12329 2 0
0 0 -65.048 0 32.6411 a b -3.12234 2 0
0 0 -65.0473 0 32.5847 a b -3.12043 2 0
0 0 -65.0484 0 32.5264 a b -3.1171 2 0
0 0 -65.0481 0 32.465 a b -3.11645 2 0
0 0 -65.0482 0 32.4073 a b -3.11675 2 0
0 0 -65.0476 0 32.3533 a b -3.11708 2 0
0 0 -65.0477 0 32.2903 a b -3.11867 2 0
0 0 -65.0452 0 32.2222 a b -3.11521 2 0
0 0 -65.047 0 32.1588 a b -3.11503 2 0
0 0 -65.0499 0 32.0969 a b -3.11513 2 0
0 0 -65.0525 0 32.0343 a b -3.11522 2 0
0 0 -65.0552 0 31.9733 a b -3.11494 2 0
0 0 -65.0529 0 31.9046 a b -3.11465 2 0
0 0 -65.0566 0 31.841 a b -3.11312 2 0
0 0 -65.0602 0 31.7847 a b -3.10938 2 0
0 0 -65.0593 0 31.7304 a b -3.10709 2 0
0 0 -65.0593 0 31.6738 a b -3.10483 2 0
0 0 -65.0626 0 31.6208 a b -3.10437 2 0
0 0 -65.062 0 31.5611 a b -3.10381 2 0
0 0 -65.0597 0 31.5028 a b -3.10412 2 0
0 0 -65.0643 0 31.4468 a b -3.10236 2 0
0 0 -65.0682 0 31.3891 a b -3.10249 2 0
0 0 -65.0661 0 31.3282 a b -3.10461 2 0
0 0 -65.0606 0 31.2615 a b -3.10443 2 0
0 0 -65.0587 0 31.1954 a b -3.10262 2 0
0 0 -65.0615 0 31.1304 a b -3.10261 2 0
0 0 -65.0681 0 31.0689 a b -3.10382 2 0
0 0 -65.0705 0 31.0068 a b -3.10224 2 0
0 0 -65.0706 0 30.9414 a b -3.10215 2 0
0 0 -65.0714 0 30.8832 a b -3.1027 2 0
0 0 -65.074 0 30.8239 a b -3.10247 2 0
0 0 -65.0717 0 30.7687 a b -3.10146 2 0
0 0 -65.074 0 30.7141 a b -3.10306 2 0
0 0 -65.0753 0 30.653 a b -3.10234 2 0
0 0 -65.0767 0 30.596 a b -3.1029 2 0
0 0 -65.0751 0 30.5395 a b -3.10259 2 0
0 0 -65.0735 0 30.4776 a b -3.10039 2 0
0 0 -65.0707 0 30.4231 a b -3.10046 2 0
0 0 -65.0753 0 30.373 a b -3.09755 2 0
0 0 -65.075 0 30.3121 a b -3.09553 2 0
0 0 -65.0741 0 30.2633 a b -3.09374 2 0
0 0 -65.0762 0 30.2168 a b -3.09266 2 0
0 0 -65.0789 0 30.1697 a b -3.0935 2 0
0 0 -65.0798 0 30.1232 a b -3.09174 2 0
0 0 -65.0778 0 30.0706 a b -3.09228 2 0
0 0 -65.0813 0 30.0225 a b -3.0909 2 0
0 0 -65.08 0 29.968 a b -3.09289 2 0
0 0 -65.0797 0 29.9098 a b -3.09345 2 0
0 0 -65.082 0 29.8545 a b -3.09587 2 0
0 0 -65.0824 0 29.7937 a b -3.09914 2 0
0 0 -65.0798 0 29.7277 a b -3.10062 2 0
0 0 -65.0784 0 29.6659 a b -3.10303 2 0
0 0 -65.0802 0 29.5991 a b -3.10975 2 0
0 0 -65.0837 0 29.5322 a b -3.11546 2 0
0 0 -65.0831 0 29.4687 a b -3.12424 2 0
0 0 -65.0862 0 29.4093 a b -3.13918 2 0
0 0 -65.0867 0 29.3462 a b 3.12648 2 0
0 0 -65.0903 0 29.2848 a b 3.10782 2 0
0 0 -65.0938 0 29.2289 a b 3.08695 2 0
0 0 -65.0968 0 29.1761 a b 3.06692 2 0
0 0 -65.0923 0 29.1244 a b 3.05684 2 0
0 0 -65.0828 0 29.071 a b 3.0522 2 0
0 0 -65.08 0 29.0246 a b 3.05266 2 0
0 0 -65.0786 0 28.9762 a b 3.0555 2 0
0 0 -65.0715 0 28.9277 a b 3.05779 2 0
0 0 -65.0674 0 28.88 a b 3.05823 2 0
0 0 -65.0642 0 28.833 a b 3.06255 2 0
0 0 -65.06 0 28.7805 a b 3.06472 2 0
0 0 -65.0554 0 28.7321 a b 3.06592 2 0
0 0 -65.0501 0 28.6784 a b 3.07049 2 0
0 0 -65.0435 0 28.6254 a b 3.07329 2 0
0 0 -65.0406 0 28.5662 a b 3.07575 2 0
0 0 -65.0325 0 28.5059 a b 3.07956 2 0
0 0 -65.0296 0 28.4381 a b 3.08241 2 0
0 0 -65.0288 0 28.3741 a b 3.08595 2 0
0 0 -65.0197 0 28.3003 a b 3.09085 2 0
0 0 -65.0072 0 28.2268 a b 3.09281 2 0
0 0 -65.0027 0 28.1533 a b 3.09455 2 0
0 0 -64.9974 0 28.0824 a b 3.10053 2 0
0 0 -64.995 0 28.0127 a b 3.10851 2 0
0 0 -64.9955 0 27.9486 a b 3.11476 2 0
0 0 -64.9932 0 27.8839 a b 3.11928 2 0
0 0 -64.9917 0 27.8251 a b 3.12538 2 0
0 0 -64.9912 0 27.7704 a b 3.12987 2 0
0 0 -64.9893 0 27.7197 a b 3.13315 2 0
0 0 -64.9907 0 27.6656 a b 3.13627 2 0
0 0 -64.9882 0 27.6219 a b 3.13926 2 0
0 0 -64.9845 0 27.5845 a b -3.13966 2 0
0 0 -64.9777 0 27.5451 a b -3.136 2 0
0 0 -64.9834 0 27.501 a b -3.13225 2 0
0 0 -64.9859 0 27.4613 a b -3.13137 2 0
0 0 -64.9819 0 27.4232 a b -3.12926 2 0
0 0 -64.982 0 27.3756 a b -3.12603 2 0
0 0 -64.9758 0 27.3225 a b -3.12381 2 0
0 0 -64.9781 0 27.2641 a b -3.12067 2 0
0 0 -64.9788 0 27.2004 a b -3.11738 2 0
0 0 -64.9751 0 27.1276 a b -3.11743 2 0
0 0 -64.977 0 27.0434 a b -3.11569 2 0
0 0 -64.9777 0 26.9573 a b -3.10979 2 0
0 0 -64.9834 0 26.8621 a b -3.10733 2 0
0 0 -64.9787 0 26.7637 a b -3.10569 2 0
0 0 -64.9756 0 26.6739 a b -3.10293 2 0
0 0 -64.9737 0 26.5909 a b -3.09655 2 0
0 0 -64.9804 0 26.5153 a b -3.08773 2 0
0 0 -64.9833 0 26.4404 a b -3.07458 2 0
0 0 -64.984 0 26.38 a b -3.0649 2 0
0 0 -64.976 0 26.3339 a b -3.0536 2 0
0 0 -64.9844 0 26.3069 a b -3.04192 2 0
0 0 -64.9888 0 26.2844 a b -3.02892 2 0
0 0 -64.9901 0 26.2742 a b -3.03141 2 0
0 0 -64.9924 0 26.2605 a b -3.03568 2 0
0 0 -64.9893 0 26.248 a b -3.03846 2 0
0 0 -64.9934 0 26.2392 a b -3.05474 2 0
0 0 -64.9847 0 26.2476 a b -3.07651 2 0
0 0 -64.9774 0 26.2489 a b -3.10499 2 0
0 0 -64.9767 0 26.2524 a b -3.13817 2 0
0 0 -64.9794 0 26.2518 a b 3.1121 2 0
0 0 -64.979 0 26.2535 a b 3.08476 2 0
0 0 -64.9796 0 26.2515 a b 3.0655 2 0
0 0 -64.9792 0 26.2497 a b 3.04507 2 0
0 0 -64.983 0 26.2382 a b 3.0488 2 0
0 0 -64.9903 0 26.2363 a b 3.07629 2 0
0 0 -64.991 0 26.2371 a b 3.12867 2 0
0 0 -64.998 0 26.2361 a b -3.08328 2 0
