0 0 -59.6811 0 66.1779 a b -1.58264 2 0
0 0 -59.6829 0 66.1679 a b -1.58569 2 0
0 0 -59.6719 0 66.1665 a b -1.58637 2 0
0 0 -59.6564 0 66.1521 a b -1.5845 2 0
0 0 -59.6651 0 66.1609 a b -1.58277 2 0
0 0 -59.6846 0 66.1774 a b -1.57768 2 0
0 0 -59.7016 0 66.1785 a b -1.57642 2 0
0 0 -59.7017 0 66.163 a b -1.58087 2 0
0 0 -59.6834 0 66.161 a b -1.58895 2 0
0 0 -59.6531 0 66.162 a b -1.60185 2 0
0 0 -59.626 0 66.1597 a b -1.61272 2 0
0 0 -59.6336 0 66.1527 a b -1.60711 2 0
0 0 -59.6752 0 66.1696 a b -1.59214 2 0
0 0 -59.7289 0 66.1742 a b -1.57442 2 0
0 0 -59.7908 0 66.1742 a b -1.56161 2 0
0 0 -59.8374 0 66.171 a b -1.56295 2 0
0 0 -59.885 0 66.1667 a b -1.56288 2 0
0 0 -59.9314 0 66.1644 a b -1.56249 2 0
0 0 -59.9826 0 66.1596 a b -1.56305 2 0
0 0 -60.0323 0 66.16 a b -1.56389 2 0
0 0 -60.0779 0 66.1612 a b -1.56437 2 0
0 0 -60.1317 0 66.1613 a b -1.56219 2 0
0 0 -60.1832 0 66.1635 a b -1.56219 2 0
0 0 -60.244 0 66.1616 a b -1.55949 2 0
0 0 -60.3026 0 66.1612 a b -1.56175 2 0
0 0 -60.358 0 66.1585 a b -1.56126 2 0
0 0 -60.4022 0 66.1558 a b -1.561 2 0
0 0 -60.4519 0 66.1568 a b -1.55891 2 0
0 0 -60.5 0 66.1683 a b -1.55869 2 0
0 0 -60.5467 0 66.1773 a b -1.55821 2 0
0 0 -60.5956 0 66.1768 a b -1.55753 2 0
0 0 -60.6412 0 66.1648 a b -1.55935 2 0
0 0 -60.6868 0 66.1554 a b -1.56283 2 0
0 0 -60.7306 0 66.1406 a b -1.56535 2 0
0 0 -60.7764 0 66.1282 a b -1.56778 2 0
0 0 -60.8144 0 66.1187 a b -1.57085 2 0
0 0 -60.8582 0 66.1175 a b -1.57028 2 0
0 0 -60.9103 0 66.1344 a b -1.56739 2 0
0 0 -60.9676 0 66.1563 a b -1.56375 2 0
0 0 -61.0225 0 66.1656 a b -1.56083 2 0
0 0 -61.0627 0 66.1717 a b -1.56131 2 0
0 0 -61.1128 0 66.1693 a b -1.56108 2 0
0 0 -61.1548 0 66.1651 a b -1.56335 2 0
0 0 -61.207 0 66.1596 a b -1.56325 2 0
0 0 -61.2558 0 66.1575 a b -1.56577 2 0
0 0 -61.3083 0 66.1561 a b -1.56633 2 0
0 0 -61.3548 0 66.1541 a b -1.56766 2 0
0 0 -61.3994 0 66.1526 a b -1.56932 2 0
0 0 -61.4515 0 66.1559 a b -1.57194 2 0
0 0 -61.5096 0 66.1558 a b -1.57144 2 0
0 0 -61.5728 0 66.1507 a b -1.57446 2 0
0 0 -61.6189 0 66.147 a b -1.57763 2 0
0 0 -61.653 0 66.1436 a b -1.57999 2 0
0 0 -61.6912 0 66.1443 a b -1.58068 2 0
0 0 -61.7434 0 66.1502 a b -1.57976 2 0
0 0 -61.7966 0 66.1508 a b -1.58538 2 0
0 0 -61.8463 0 66.1541 a b -1.58853 2 0
0 0 -61.8934 0 66.1593 a b -1.59281 2 0
0 0 -61.9319 0 66.1637 a b -1.59941 2 0
0 0 -61.9783 0 66.1619 a b -1.60485 2 0
0 0 -62.0225 0 66.1516 a b -1.60864 2 0
0 0 -62.077 0 66.1474 a b -1.60971 2 0
0 0 -62.1288 0 66.1415 a b -1.61257 2 0
0 0 -62.1842 0 66.1319 a b -1.61314 2 0
0 0 -62.2414 0 66.1235 a b -1.61742 2 0
0 0 -62.2838 0 66.1125 a b -1.62557 2 0
0 0 -62.336 0 66.1151 a b -1.62582 2 0
0 0 -62.3739 0 66.113 a b -1.63087 2 0
0 0 -62.4282 0 66.1147 a b -1.63683 2 0
0 0 -62.4908 0 66.1152 a b -1.64104 2 0
0 0 -62.5627 0 66.123 a b -1.64102 2 0
0 0 -62.6226 0 66.1135 a b -1.63974 2 0
0 0 -62.6803 0 66.1077 a b -1.64652 2 0
0 0 -62.7374 0 66.0952 a b -1.65867 2 0
0 0 -62.7919 0 66.091 a b -1.67229 2 0
0 0 -62.8399 0 66.0863 a b -1.687 2 0
0 0 -62.8907 0 66.082 a b -1.69779 2 0
0 0 -62.9422 0 66.0655 a b -1.70423 2 0
0 0 -62.9936 0 66.0591 a b -1.69823 2 0
0 0 -63.0422 0 66.0534 a b -1.69498 2 0
0 0 -63.0813 0 66.0419 a b -1.69527 2 0
0 0 -63.1235 0 66.0331 a b -1.69534 2 0
0 0 -63.1592 0 66.0296 a b -1.68897 2 0
0 0 -63.1909 0 66.0304 a b -1.68631 2 0
0 0 -63.2324 0 66.0359 a b -1.68273 2 0
0 0 -63.2818 0 66.025 a b -1.68286 2 0
0 0 -63.3415 0 66.0154 a b -1.67825 2 0
0 0 -63.3951 0 66.0035 a b -1.67506 2 0
0 0 -63.4478 0 65.9923 a b -1.67523 2 0
0 0 -63.4973 0 65.9841 a b -1.67458 2 0
0 0 -63.5618 0 65.9737 a b -1.67092 2 0
0 0 -63.6196 0 65.969 a b -1.66827 2 0
0 0 -63.6698 0 65.9643 a b -1.66263 2 0
0 0 -63.7351 0 65.9533 a b -1.6611 2 0
0 0 -63.799 0 65.9407 a b -1.6585 2 0
0 0 -63.8659 0 65.9254 a b -1.65178 2 0
0 0 -63.9154 0 65.9204 a b -1.649 2 0
0 0 -63.9662 0 65.9192 a b -1.64782 2 0
0 0 -64.0167 0 65.9155 a b -1.6422 2 0
0 0 -64.0515 0 65.9149 a b -1.63779 2 0
0 0 -64.0818 0 65.9105 a b -1.63672 2 0
0 0 -64.115 0 65.9089 a b -1.63709 2 0
0 0 -64.1566 0 65.9151 a b -1.63261 2 0
0 0 -64.1912 0 65.9123 a b -1.62411 2 0
0 0 -64.2196 0 65.9065 a b -1.62196 2 0
0 0 -64.2576 0 65.9039 a b -1.62048 2 0
0 0 -64.2897 0 65.8984 a b -1.62181 2 0
0 0 -64.3318 0 65.8979 a b -1.62041 2 0
0 0 -64.3799 0 65.8921 a b -1.61311 2 0
0 0 -64.4279 0 65.8823 a b -1.61109 2 0
0 0 -64.4903 0 65.883 a b -1.60871 2 0
0 0 -64.5554 0 65.8841 a b -1.60649 2 0
0 0 -64.6314 0 65.8784 a b -1.60217 2 0
0 0 -64.7102 0 65.856 a b -1.60572 2 0
0 0 -64.7995 0 65.8495 a b -1.60537 2 0
0 0 -64.8971 0 65.8521 a b -1.60342 2 0
0 0 -64.9608 0 65.8588 a b -1.60711 2 0
0 0 -65.0175 0 65.8588 a b -1.61334 2 0
0 0 -65.0906 0 65.8448 a b -1.61414 2 0
0 0 -65.1552 0 65.8211 a b -1.60724 2 0
0 0 -65.18 0 65.8155 a b -1.60689 2 0
0 0 -65.1967 0 65.8139 a b -1.6037 2 0
0 0 -65.2018 0 65.8245 a b -1.60125 2 0
0 0 -65.1913 0 65.8185 a b -1.60337 2 0
0 0 -65.1811 0 65.8237 a b -1.60415 2 0
0 0 -65.1664 0 65.8179 a b -1.6092 2 0
0 0 -65.1557 0 65.8193 a b -1.61192 2 0
0 0 -65.1637 0 65.8274 a b -1.62107 2 0
0 0 -65.1793 0 65.831 a b -1.64267 2 0
0 0 -65.1903 0 65.834 a b -1.66796 2 0
0 0 -65.1907 0 65.8242 a b -1.69828 2 0
0 0 -65.1941 0 65.8117 a b -1.73444 2 0
0 0 -65.1939 0 65.8005 a b -1.7343 2 0
0 0 -65.1909 0 65.8144 a b -1.73614 2 0
0 0 -65.1789 0 65.8027 a b -1.73923 2 0
0 0 -65.1893 0 65.8024 a b -1.73709 2 0
0 0 -65.1931 0 65.8137 a b -1.7367 2 0
0 0 -65.1845 0 65.8006 a b -1.71498 2 0
0 0 -65.1749 0 65.7909 a b -1.69292 2 0
0 0 -65.1781 0 65.7946 a b -1.65881 2 0
0 0 -65.1656 0 65.7955 a b -1.62273 2 0
0 0 -65.1455 0 65.7861 a b -1.59033 2 0
0 0 -65.149 0 65.787 a b -1.55889 2 0
0 0 -65.1502 0 65.7897 a b -1.52626 2 0
