0 0 26.5608 0 27.1941 a b 1.55338 3 0
0 0 26.5926 0 27.1927 a b 1.55048 3 0
0 0 26.6246 0 27.195 a b 1.55079 3 0
0 0 26.653 0 27.1941 a b 1.55168 3 0
0 0 26.6838 0 27.1919 a b 1.55061 3 0
0 0 26.7116 0 27.1951 a b 1.54829 3 0
0 0 26.7401 0 27.2003 a b 1.54569 3 0
0 0 26.7694 0 27.1974 a b 1.54723 3 0
0 0 26.7967 0 27.1983 a b 1.54653 3 0
0 0 26.8274 0 27.1996 a b 1.54637 3 0
0 0 26.8579 0 27.2043 a b 1.54406 3 0
0 0 26.8886 0 27.203 a b 1.54402 3 0
0 0 26.9221 0 27.201 a b 1.54396 3 0
0 0 26.9486 0 27.2042 a b 1.54352 3 0
0 0 26.9784 0 27.2031 a b 1.54243 3 0
0 0 27.0084 0 27.2008 a b 1.54064 3 0
0 0 27.0352 0 27.2037 a b 1.53937 3 0
0 0 27.0648 0 27.2038 a b 1.53997 3 0
0 0 27.0913 0 27.2022 a b 1.53967 3 0
0 0 27.1218 0 27.2005 a b 1.53793 3 0
0 0 27.154 0 27.198 a b 1.53707 3 0
0 0 27.1844 0 27.1981 a b 1.53718 3 0
0 0 27.2164 0 27.1995 a b 1.53729 3 0
0 0 27.2501 0 27.1997 a b 1.53526 3 0
0 0 27.2798 0 27.2015 a b 1.53336 3 0
0 0 27.3124 0 27.2016 a b 1.535 3 0
0 0 27.3439 0 27.202 a b 1.53508 3 0
0 0 27.3736 0 27.2027 a b 1.53355 3 0
0 0 27.4026 0 27.2066 a b 1.53149 3 0
0 0 27.4323 0 27.2094 a b 1.53084 3 0
0 0 27.4582 0 27.2106 a b 1.53033 3 0
0 0 27.4881 0 27.2137 a b 1.53015 3 0
0 0 27.5129 0 27.2132 a b 1.52924 3 0
0 0 27.5419 0 27.212 a b 1.52684 3 0
0 0 27.5732 0 27.2143 a b 1.52625 3 0
0 0 27.6004 0 27.2146 a b 1.52498 3 0
0 0 27.6302 0 27.2131 a b 1.52356 3 0
0 0 27.6646 0 27.2163 a b 1.52499 3 0
0 0 27.6981 0 27.2193 a b 1.52339 3 0
0 0 27.7285 0 27.218 a b 1.52062 3 0
0 0 27.7545 0 27.2204 a b 1.52134 3 0
0 0 27.785 0 27.2213 a b 1.52118 3 0
0 0 27.8125 0 27.2209 a b 1.52022 3 0
0 0 27.8384 0 27.2226 a b 1.51972 3 0
0 0 27.8684 0 27.2232 a b 1.51968 3 0
0 0 27.8978 0 27.2238 a b 1.51874 3 0
0 0 27.9288 0 27.2237 a b 1.51695 3 0
0 0 27.9614 0 27.2261 a b 1.51631 3 0
0 0 27.9916 0 27.2285 a b 1.51719 3 0
0 0 28.0219 0 27.2352 a b 1.51611 3 0
0 0 28.0497 0 27.2367 a b 1.51244 3 0
0 0 28.0775 0 27.2397 a b 1.51177 3 0
0 0 28.1062 0 27.2407 a b 1.51192 3 0
0 0 28.1351 0 27.2424 a b 1.51078 3 0
0 0 28.1638 0 27.2428 a b 1.5098 3 0
0 0 28.1915 0 27.2477 a b 1.50735 3 0
0 0 28.2176 0 27.2453 a b 1.50737 3 0
0 0 28.246 0 27.2492 a b 1.50772 3 0
0 0 28.2727 0 27.2515 a b 1.50706 3 0
0 0 28.3039 0 27.2563 a b 1.50554 3 0
0 0 28.3329 0 27.2584 a b 1.50454 3 0
0 0 28.3606 0 27.2596 a b 1.50301 3 0
0 0 28.3889 0 27.2586 a b 1.50357 3 0
0 0 28.4195 0 27.2644 a b 1.5036 3 0
0 0 28.4452 0 27.2646 a b 1.50248 3 0
0 0 28.4724 0 27.2659 a b 1.50028 3 0
0 0 28.5049 0 27.2647 a b 1.49952 3 0
0 0 28.5323 0 27.2672 a b 1.50009 3 0
0 0 28.5641 0 27.2701 a b 1.49813 3 0
0 0 28.5948 0 27.2697 a b 1.49794 3 0
0 0 28.6213 0 27.2662 a b 1.50074 3 0
0 0 28.6463 0 27.2664 a b 1.50625 3 0
0 0 28.6748 0 27.2647 a b 1.51268 3 0
0 0 28.7024 0 27.2622 a b 1.52031 3 0
0 0 28.732 0 27.2619 a b 1.52727 3 0
0 0 28.7593 0 27.2619 a b 1.53594 3 0
0 0 28.7892 0 27.2647 a b 1.54323 3 0
0 0 28.8189 0 27.2618 a b 1.54946 3 0
0 0 28.8437 0 27.2634 a b 1.55579 3 0
0 0 28.8726 0 27.2686 a b 1.55727 3 0
0 0 28.9027 0 27.2693 a b 1.55616 3 0
0 0 28.9321 0 27.2716 a b 1.55692 3 0
0 0 28.9629 0 27.2728 a b 1.55599 3 0
0 0 28.9931 0 27.2721 a b 1.55544 3 0
0 0 29.0218 0 27.275 a b 1.5547 3 0
0 0 29.0511 0 27.2789 a b 1.55541 3 0
0 0 29.0831 0 27.2825 a b 1.55457 3 0
0 0 29.1109 0 27.2826 a b 1.5522 3 0
0 0 29.1434 0 27.2814 a b 1.55253 3 0
0 0 29.1789 0 27.2802 a b 1.55167 3 0
0 0 29.2085 0 27.2803 a b 1.55074 3 0
0 0 29.2405 0 27.2799 a b 1.55083 3 0
0 0 29.27 0 27.2821 a b 1.54992 3 0
0 0 29.2961 0 27.2847 a b 1.54849 3 0
0 0 29.3243 0 27.2853 a b 1.54808 3 0
0 0 29.354 0 27.2831 a b 1.54791 3 0
0 0 29.3748 0 27.2803 a b 1.54596 3 0
0 0 29.4038 0 27.281 a b 1.54532 3 0
0 0 29.4325 0 27.2839 a b 1.54458 3 0
0 0 29.4576 0 27.2818 a b 1.54354 3 0
0 0 29.4892 0 27.2809 a b 1.54199 3 0
0 0 29.5248 0 27.2853 a b 1.53979 3 0
0 0 29.5587 0 27.2904 a b 1.54065 3 0
0 0 29.5915 0 27.2868 a b 1.53897 3 0
0 0 29.6162 0 27.2893 a b 1.53598 3 0
0 0 29.6485 0 27.2914 a b 1.5335 3 0
0 0 29.6839 0 27.2918 a b 1.53262 3 0
0 0 29.714 0 27.2911 a b 1.53212 3 0
0 0 29.7458 0 27.2951 a b 1.52898 3 0
0 0 29.7741 0 27.2937 a b 1.52631 3 0
0 0 29.8018 0 27.2954 a b 1.52562 3 0
0 0 29.8289 0 27.2965 a b 1.52455 3 0
0 0 29.854 0 27.2954 a b 1.52155 3 0
0 0 29.8806 0 27.2971 a b 1.52115 3 0
0 0 29.9078 0 27.3026 a b 1.51746 3 0
0 0 29.9343 0 27.3026 a b 1.51659 3 0
0 0 29.9608 0 27.3035 a b 1.51555 3 0
0 0 29.9895 0 27.3043 a b 1.51534 3 0
0 0 30.0175 0 27.3079 a b 1.51277 3 0
0 0 30.0496 0 27.3073 a b 1.51157 3 0
0 0 30.0776 0 27.3105 a b 1.5099 3 0
0 0 30.1083 0 27.3157 a b 1.51019 3 0
0 0 30.1397 0 27.3174 a b 1.51196 3 0
0 0 30.1642 0 27.3153 a b 1.51503 3 0
0 0 30.1895 0 27.3118 a b 1.51926 3 0
0 0 30.2186 0 27.3131 a b 1.52362 3 0
0 0 30.2477 0 27.3142 a b 1.52922 3 0
0 0 30.2776 0 27.3128 a b 1.53224 3 0
0 0 30.3039 0 27.3133 a b 1.53934 3 0
0 0 30.328 0 27.3115 a b 1.54725 3 0
0 0 30.3528 0 27.311 a b 1.55331 3 0
0 0 30.3771 0 27.3107 a b 1.55813 3 0
0 0 30.4092 0 27.308 a b 1.55953 3 0
0 0 30.4376 0 27.3051 a b 1.56005 3 0
0 0 30.4708 0 27.3052 a b 1.56165 3 0
0 0 30.4999 0 27.3023 a b 1.5624 3 0
0 0 30.5252 0 27.3036 a b 1.56189 3 0
0 0 30.5556 0 27.3025 a b 1.5604 3 0
0 0 30.5886 0 27.3019 a b 1.56231 3 0
0 0 30.6178 0 27.3012 a b 1.56199 3 0
0 0 30.6451 0 27.3025 a b 1.56224 3 0
0 0 30.672 0 27.3034 a b 1.5613 3 0
0 0 30.7008 0 27.3055 a b 1.56004 3 0
0 0 30.7281 0 27.3061 a b 1.56112 3 0
0 0 30.7578 0 27.3074 a b 1.56074 3 0
0 0 30.7895 0 27.3086 a b 1.55964 3 0
0 0 30.8223 0 27.3092 a b 1.55954 3 0
0 0 30.8521 0 27.3066 a b 1.55993 3 0
0 0 30.8795 0 27.3075 a b 1.55871 3 0
0 0 30.9074 0 27.3073 a b 1.55866 3 0
0 0 30.9352 0 27.3037 a b 1.55886 3 0
0 0 30.9626 0 27.3045 a b 1.55826 3 0
0 0 30.9918 0 27.3056 a b 1.55741 3 0
0 0 31.0195 0 27.3056 a b 1.5559 3 0
0 0 31.0502 0 27.3087 a b 1.55641 3 0
0 0 31.0808 0 27.3076 a b 1.5566 3 0
0 0 31.1077 0 27.3073 a b 1.55569 3 0
0 0 31.1363 0 27.3074 a b 1.5538 3 0
0 0 31.1653 0 27.311 a b 1.55462 3 0
0 0 31.1948 0 27.3116 a b 1.55352 3 0
0 0 31.2203 0 27.3092 a b 1.55216 3 0
0 0 31.2456 0 27.3098 a b 1.55272 3 0
0 0 31.2688 0 27.312 a b 1.55309 3 0
0 0 31.307 0 27.3133 a b 1.55045 3 0
0 0 31.3419 0 27.3093 a b 1.55128 3 0
0 0 31.3701 0 27.3108 a b 1.55116 3 0
0 0 31.3978 0 27.308 a b 1.55 3 0
0 0 31.4273 0 27.3071 a b 1.54833 3 0
0 0 31.4537 0 27.305 a b 1.54711 3 0
0 0 31.4753 0 27.3058 a b 1.54713 3 0
0 0 31.5035 0 27.3069 a b 1.54722 3 0
0 0 31.5373 0 27.3074 a b 1.54683 3 0
0 0 31.5679 0 27.3062 a b 1.54539 3 0
0 0 31.6018 0 27.3053 a b 1.54465 3 0
0 0 31.6374 0 27.3084 a b 1.54567 3 0
0 0 31.6669 0 27.31 a b 1.54392 3 0
0 0 31.6962 0 27.3085 a b 1.54268 3 0
0 0 31.7253 0 27.3057 a b 1.54364 3 0
0 0 31.7523 0 27.3073 a b 1.54348 3 0
0 0 31.7832 0 27.3099 a b 1.54162 3 0
0 0 31.8138 0 27.312 a b 1.54211 3 0
0 0 31.8425 0 27.3138 a b 1.54057 3 0
0 0 31.8722 0 27.3135 a b 1.5406 3 0
0 0 31.8976 0 27.3136 a b 1.54111 3 0
0 0 31.9289 0 27.313 a b 1.53937 3 0
0 0 31.9563 0 27.312 a b 1.53766 3 0
0 0 31.9856 0 27.3127 a b 1.5385 3 0
0 0 32.0151 0 27.3144 a b 1.54049 3 0
0 0 32.0452 0 27.311 a b 1.54163 3 0
0 0 32.0754 0 27.308 a b 1.54648 3 0
0 0 32.1043 0 27.3082 a b 1.55452 3 0
0 0 32.1335 0 27.3125 a b 1.56111 3 0
0 0 32.1656 0 27.3086 a b 1.56688 3 0
0 0 32.1946 0 27.3047 a b 1.57309 3 0
0 0 32.2221 0 27.3039 a b 1.57971 3 0
0 0 32.2502 0 27.3022 a b 1.58552 3 0
0 0 32.2746 0 27.3019 a b 1.58964 3 0
0 0 32.2996 0 27.3018 a b 1.58988 3 0
0 0 32.3215 0 27.3036 a b 1.58964 3 0
0 0 32.3537 0 27.3014 a b 1.59098 3 0
0 0 32.3822 0 27.303 a b 1.59135 3 0
0 0 32.4073 0 27.3064 a b 1.59216 3 0
0 0 32.4331 0 27.3037 a b 1.59365 3 0
0 0 32.4656 0 27.3021 a b 1.59268 3 0
0 0 32.498 0 27.2998 a b 1.59383 3 0
0 0 32.528 0 27.3011 a b 1.59638 3 0
0 0 32.5606 0 27.3018 a b 1.59599 3 0
0 0 32.5899 0 27.3005 a b 1.59569 3 0
0 0 32.6236 0 27.298 a b 1.59653 3 0
0 0 32.65 0 27.2987 a b 1.59713 3 0
0 0 32.6763 0 27.2979 a b 1.59745 3 0
0 0 32.7049 0 27.2978 a b 1.59678 3 0
0 0 32.7326 0 27.2983 a b 1.59547 3 0
0 0 32.7593 0 27.2964 a b 1.59482 3 0
0 0 32.7902 0 27.2947 a b 1.59523 3 0
0 0 32.826 0 27.2955 a b 1.5945 3 0
0 0 32.8586 0 27.293 a b 1.59284 3 0
0 0 32.8847 0 27.2887 a b 1.59157 3 0
0 0 32.9141 0 27.2878 a b 1.59066 3 0
0 0 32.9407 0 27.2854 a b 1.58996 3 0
0 0 32.9649 0 27.2872 a b 1.58888 3 0
0 0 32.9881 0 27.2855 a b 1.58846 3 0
0 0 33.0138 0 27.2848 a b 1.58684 3 0
0 0 33.0382 0 27.285 a b 1.5856 3 0
0 0 33.0658 0 27.2861 a b 1.58592 3 0
0 0 33.0902 0 27.2826 a b 1.58545 3 0
0 0 33.1189 0 27.2846 a b 1.58408 3 0
0 0 33.1449 0 27.2856 a b 1.58314 3 0
0 0 33.1728 0 27.2846 a b 1.58197 3 0
0 0 33.2053 0 27.2838 a b 1.58089 3 0
0 0 33.2369 0 27.2835 a b 1.58106 3 0
0 0 33.2682 0 27.2814 a b 1.57987 3 0
0 0 33.3002 0 27.2799 a b 1.58194 3 0
0 0 33.3352 0 27.2833 a b 1.58039 3 0
0 0 33.3695 0 27.2852 a b 1.58072 3 0
0 0 33.405 0 27.2811 a b 1.57876 3 0
0 0 33.4376 0 27.2749 a b 1.57604 3 0
0 0 33.4656 0 27.2741 a b 1.57411 3 0
0 0 33.4898 0 27.2731 a b 1.57323 3 0
0 0 33.517 0 27.2731 a b 1.57173 3 0
0 0 33.542 0 27.2722 a b 1.56942 3 0
0 0 33.5676 0 27.2758 a b 1.56983 3 0
0 0 33.5937 0 27.277 a b 1.56824 3 0
0 0 33.6203 0 27.2773 a b 1.56724 3 0
0 0 33.6487 0 27.2754 a b 1.56563 3 0
0 0 33.6733 0 27.2723 a b 1.56551 3 0
0 0 33.7014 0 27.2711 a b 1.56286 3 0
0 0 33.7352 0 27.271 a b 1.562 3 0
0 0 33.772 0 27.2718 a b 1.56215 3 0
0 0 33.8043 0 27.271 a b 1.56007 3 0
0 0 33.8382 0 27.2742 a b 1.55852 3 0
0 0 33.8733 0 27.2776 a b 1.55979 3 0
0 0 33.908 0 27.2752 a b 1.55873 3 0
0 0 33.9372 0 27.2715 a b 1.55638 3 0
0 0 33.9665 0 27.2718 a b 1.55393 3 0
0 0 33.9957 0 27.2748 a b 1.55528 3 0
0 0 34.0248 0 27.2739 a b 1.55587 3 0
0 0 34.0496 0 27.2755 a b 1.55284 3 0
0 0 34.0721 0 27.2759 a b 1.55331 3 0
0 0 34.1012 0 27.2737 a b 1.55296 3 0
0 0 34.1262 0 27.2761 a b 1.55072 3 0
0 0 34.1514 0 27.2778 a b 1.55067 3 0
0 0 34.1775 0 27.2784 a b 1.54954 3 0
0 0 34.2083 0 27.2749 a b 1.54881 3 0
0 0 34.2372 0 27.2759 a b 1.54731 3 0
0 0 34.2712 0 27.277 a b 1.54544 3 0
0 0 34.3054 0 27.2784 a b 1.54433 3 0
0 0 34.3408 0 27.2792 a b 1.54371 3 0
0 0 34.3746 0 27.2783 a b 1.5443 3 0
0 0 34.4067 0 27.2801 a b 1.54256 3 0
0 0 34.4325 0 27.28 a b 1.54103 3 0
0 0 34.4649 0 27.2828 a b 1.54032 3 0
0 0 34.4961 0 27.2841 a b 1.53957 3 0
0 0 34.5251 0 27.2854 a b 1.53844 3 0
0 0 34.549 0 27.2848 a b 1.53784 3 0
