0 0 95.0732 0 27.0798 a b 1.54768 3 0
0 0 95.1059 0 27.0808 a b 1.54802 3 0
0 0 95.1394 0 27.0816 a b 1.54753 3 0
0 0 95.1647 0 27.0837 a b 1.54584 3 0
0 0 95.1937 0 27.085 a b 1.54532 3 0
0 0 95.221 0 27.0865 a b 1.54412 3 0
0 0 95.2472 0 27.0863 a b 1.5437 3 0
0 0 95.2739 0 27.0856 a b 1.54362 3 0
0 0 95.295 0 27.0883 a b 1.54438 3 0
0 0 95.3208 0 27.0921 a b 1.54444 3 0
0 0 95.3471 0 27.0919 a b 1.54307 3 0
0 0 95.3753 0 27.0916 a b 1.54449 3 0
0 0 95.4056 0 27.0898 a b 1.54702 3 0
0 0 95.4332 0 27.086 a b 1.55093 3 0
0 0 95.4622 0 27.0869 a b 1.55522 3 0
0 0 95.4927 0 27.0869 a b 1.55958 3 0
0 0 95.5235 0 27.0839 a b 1.56265 3 0
0 0 95.554 0 27.0814 a b 1.56789 3 0
0 0 95.587 0 27.0779 a b 1.57282 3 0
0 0 95.6171 0 27.0784 a b 1.57664 3 0
0 0 95.6429 0 27.077 a b 1.58217 3 0
0 0 95.6749 0 27.077 a b 1.58471 3 0
0 0 95.7028 0 27.076 a b 1.58687 3 0
0 0 95.7307 0 27.075 a b 1.58719 3 0
0 0 95.756 0 27.0781 a b 1.58685 3 0
0 0 95.7827 0 27.0767 a b 1.58713 3 0
0 0 95.8103 0 27.0754 a b 1.58685 3 0
0 0 95.8394 0 27.0736 a b 1.58662 3 0
0 0 95.8692 0 27.0739 a b 1.58604 3 0
0 0 95.8968 0 27.0767 a b 1.58644 3 0
0 0 95.9293 0 27.0774 a b 1.58593 3 0
0 0 95.9592 0 27.0787 a b 1.58464 3 0
0 0 95.9904 0 27.0796 a b 1.58398 3 0
0 0 96.0226 0 27.0775 a b 1.58245 3 0
0 0 96.0528 0 27.0776 a b 1.58081 3 0
0 0 96.0824 0 27.0785 a b 1.58029 3 0
0 0 96.1109 0 27.0793 a b 1.57839 3 0
0 0 96.14 0 27.0794 a b 1.57667 3 0
0 0 96.1656 0 27.0765 a b 1.57601 3 0
0 0 96.1938 0 27.0789 a b 1.57619 3 0
0 0 96.2207 0 27.0774 a b 1.57377 3 0
0 0 96.2475 0 27.0758 a b 1.57249 3 0
0 0 96.2704 0 27.077 a b 1.57152 3 0
0 0 96.2945 0 27.076 a b 1.57029 3 0
0 0 96.3199 0 27.0748 a b 1.56791 3 0
0 0 96.3492 0 27.0755 a b 1.56803 3 0
0 0 96.3746 0 27.078 a b 1.56705 3 0
0 0 96.4019 0 27.0788 a b 1.56473 3 0
0 0 96.4369 0 27.0748 a b 1.56189 3 0
0 0 96.4741 0 27.0772 a b 1.56407 3 0
0 0 96.5119 0 27.0751 a b 1.56881 3 0
0 0 96.546 0 27.0719 a b 1.57702 3 0
0 0 96.5718 0 27.0734 a b 1.58342 3 0
0 0 96.5988 0 27.072 a b 1.58645 3 0
0 0 96.6279 0 27.0705 a b 1.58728 3 0
0 0 96.6526 0 27.0713 a b 1.58791 3 0
0 0 96.6797 0 27.0708 a b 1.58751 3 0
0 0 96.7052 0 27.0743 a b 1.58599 3 0
0 0 96.7326 0 27.07 a b 1.58456 3 0
0 0 96.7591 0 27.0678 a b 1.58402 3 0
0 0 96.7842 0 27.0697 a b 1.5826 3 0
0 0 96.8121 0 27.0704 a b 1.58127 3 0
0 0 96.8426 0 27.0698 a b 1.58135 3 0
0 0 96.8708 0 27.0682 a b 1.58077 3 0
0 0 96.9 0 27.068 a b 1.57837 3 0
0 0 96.933 0 27.069 a b 1.57557 3 0
0 0 96.9664 0 27.0672 a b 1.57635 3 0
0 0 96.9944 0 27.063 a b 1.57522 3 0
0 0 97.027 0 27.0642 a b 1.57216 3 0
0 0 97.0589 0 27.0692 a b 1.5709 3 0
0 0 97.0882 0 27.0659 a b 1.57012 3 0
0 0 97.1157 0 27.0641 a b 1.5682 3 0
0 0 97.144 0 27.064 a b 1.56702 3 0
0 0 97.1717 0 27.0644 a b 1.56572 3 0
0 0 97.1993 0 27.0618 a b 1.56389 3 0
0 0 97.227 0 27.0623 a b 1.56177 3 0
0 0 97.2541 0 27.064 a b 1.55999 3 0
0 0 97.2858 0 27.0643 a b 1.55861 3 0
0 0 97.3142 0 27.0631 a b 1.5577 3 0
0 0 97.3424 0 27.0636 a b 1.55705 3 0
0 0 97.3729 0 27.0651 a b 1.55594 3 0
0 0 97.404 0 27.0652 a b 1.55327 3 0
0 0 97.4338 0 27.0694 a b 1.55181 3 0
0 0 97.47 0 27.0698 a b 1.55275 3 0
0 0 97.5014 0 27.0692 a b 1.55105 3 0
0 0 97.53 0 27.0721 a b 1.54887 3 0
0 0 97.5592 0 27.0758 a b 1.55471 3 0
0 0 97.5903 0 27.077 a b 1.56362 3 0
0 0 97.6165 0 27.0716 a b 1.5703 3 0
0 0 97.6381 0 27.0697 a b 1.57522 3 0
0 0 97.6662 0 27.0684 a b 1.58252 3 0
0 0 97.6961 0 27.0645 a b 1.5883 3 0
0 0 97.7202 0 27.0605 a b 1.59292 3 0
0 0 97.7475 0 27.0587 a b 1.59913 3 0
0 0 97.7771 0 27.0541 a b 1.60054 3 0
0 0 97.8081 0 27.056 a b 1.60068 3 0
0 0 97.8371 0 27.056 a b 1.60209 3 0
0 0 97.8687 0 27.0532 a b 1.6016 3 0
0 0 97.9002 0 27.0549 a b 1.60132 3 0
0 0 97.9284 0 27.0517 a b 1.60064 3 0
0 0 97.9566 0 27.0477 a b 1.60004 3 0
0 0 97.9862 0 27.0484 a b 1.59953 3 0
0 0 98.0153 0 27.0469 a b 1.59926 3 0
0 0 98.0439 0 27.0473 a b 1.59752 3 0
0 0 98.071 0 27.0427 a b 1.59699 3 0
0 0 98.098 0 27.0408 a b 1.59743 3 0
0 0 98.1292 0 27.0433 a b 1.59618 3 0
0 0 98.159 0 27.0431 a b 1.59458 3 0
0 0 98.1894 0 27.0426 a b 1.59291 3 0
0 0 98.2201 0 27.0405 a b 1.59155 3 0
0 0 98.2489 0 27.0404 a b 1.59 3 0
0 0 98.2771 0 27.0416 a b 1.58988 3 0
0 0 98.3106 0 27.0411 a b 1.58915 3 0
0 0 98.3399 0 27.0421 a b 1.58553 3 0
0 0 98.3698 0 27.039 a b 1.58525 3 0
0 0 98.3948 0 27.0396 a b 1.58526 3 0
0 0 98.4234 0 27.0406 a b 1.58436 3 0
0 0 98.455 0 27.0403 a b 1.5821 3 0
0 0 98.4837 0 27.0405 a b 1.58084 3 0
0 0 98.5098 0 27.0405 a b 1.58035 3 0
0 0 98.5374 0 27.0392 a b 1.57877 3 0
0 0 98.5672 0 27.0392 a b 1.5766 3 0
0 0 98.5943 0 27.0368 a b 1.57537 3 0
0 0 98.6259 0 27.0352 a b 1.5741 3 0
0 0 98.659 0 27.0365 a b 1.57306 3 0
0 0 98.6945 0 27.0381 a b 1.57068 3 0
0 0 98.7257 0 27.0396 a b 1.56897 3 0
0 0 98.7533 0 27.036 a b 1.5699 3 0
0 0 98.7846 0 27.0361 a b 1.56993 3 0
0 0 98.8187 0 27.0371 a b 1.56664 3 0
0 0 98.8441 0 27.0355 a b 1.56416 3 0
0 0 98.8683 0 27.0341 a b 1.5637 3 0
0 0 98.8929 0 27.0362 a b 1.56361 3 0
0 0 98.9172 0 27.0375 a b 1.56207 3 0
0 0 98.9436 0 27.0389 a b 1.55994 3 0
0 0 98.9701 0 27.036 a b 1.55869 3 0
0 0 98.9932 0 27.0355 a b 1.5579 3 0
0 0 99.0236 0 27.0351 a b 1.55682 3 0
0 0 99.0538 0 27.0362 a b 1.55547 3 0
0 0 99.0836 0 27.0394 a b 1.55347 3 0
0 0 99.1176 0 27.0391 a b 1.55177 3 0
0 0 99.1473 0 27.0379 a b 1.55164 3 0
0 0 99.1807 0 27.0367 a b 1.55101 3 0
0 0 99.2155 0 27.0402 a b 1.5491 3 0
0 0 99.2472 0 27.0438 a b 1.54749 3 0
0 0 99.2766 0 27.0435 a b 1.54712 3 0
0 0 99.3047 0 27.0417 a b 1.54681 3 0
0 0 99.3312 0 27.0433 a b 1.54397 3 0
0 0 99.3581 0 27.041 a b 1.54249 3 0
0 0 99.3814 0 27.041 a b 1.54225 3 0
0 0 99.4047 0 27.0423 a b 1.5412 3 0
0 0 99.429 0 27.0437 a b 1.53949 3 0
0 0 99.4541 0 27.0418 a b 1.53942 3 0
0 0 99.4761 0 27.0425 a b 1.54025 3 0
0 0 99.5044 0 27.0422 a b 1.54077 3 0
0 0 99.5334 0 27.0383 a b 1.54436 3 0
0 0 99.5582 0 27.0378 a b 1.54734 3 0
0 0 99.5889 0 27.0418 a b 1.54863 3 0
0 0 99.6172 0 27.0395 a b 1.55175 3 0
0 0 99.6477 0 27.0355 a b 1.5568 3 0
0 0 99.6777 0 27.0366 a b 1.5606 3 0
0 0 99.7078 0 27.0403 a b 1.56268 3 0
0 0 99.7355 0 27.0363 a b 1.56528 3 0
0 0 99.765 0 27.0365 a b 1.56509 3 0
0 0 99.7944 0 27.0367 a b 1.56463 3 0
0 0 99.821 0 27.0381 a b 1.56818 3 0
0 0 99.8491 0 27.0415 a b 1.56692 3 0
0 0 99.8815 0 27.0388 a b 1.56627 3 0
0 0 99.9113 0 27.0385 a b 1.56654 3 0
0 0 99.9409 0 27.0402 a b 1.56686 3 0
0 0 99.9702 0 27.0409 a b 1.5666 3 0
0 0 99.9972 0 27.0407 a b 1.5658 3 0
0 0 100.028 0 27.0414 a b 1.56479 3 0
0 0 100.059 0 27.0413 a b 1.56541 3 0
0 0 100.086 0 27.0416 a b 1.56702 3 0
0 0 100.116 0 27.0389 a b 1.56498 3 0
0 0 100.15 0 27.039 a b 1.56465 3 0
0 0 100.19 0 27.0388 a b 1.56485 3 0
0 0 100.221 0 27.0365 a b 1.56596 3 0
0 0 100.245 0 27.0369 a b 1.56405 3 0
0 0 100.275 0 27.037 a b 1.56104 3 0
0 0 100.304 0 27.0377 a b 1.56206 3 0
0 0 100.335 0 27.0356 a b 1.56287 3 0
0 0 100.362 0 27.0336 a b 1.56144 3 0
0 0 100.39 0 27.0331 a b 1.56073 3 0
0 0 100.422 0 27.0346 a b 1.56036 3 0
0 0 100.455 0 27.0354 a b 1.56049 3 0
0 0 100.482 0 27.0368 a b 1.55978 3 0
0 0 100.511 0 27.0357 a b 1.55879 3 0
0 0 100.541 0 27.0366 a b 1.55851 3 0
0 0 100.571 0 27.0351 a b 1.5584 3 0
0 0 100.601 0 27.0334 a b 1.55742 3 0
0 0 100.63 0 27.0338 a b 1.55745 3 0
0 0 100.657 0 27.0359 a b 1.55745 3 0
0 0 100.685 0 27.038 a b 1.55558 3 0
0 0 100.712 0 27.0364 a b 1.55568 3 0
