0 0 95.0401 0 27.0783 a b -1.59317 3 0
0 0 95.0083 0 27.0778 a b -1.59251 3 0
0 0 94.9785 0 27.0748 a b -1.59221 3 0
0 0 94.9483 0 27.0749 a b -1.59323 3 0
0 0 94.9194 0 27.0716 a b -1.59337 3 0
0 0 94.8865 0 27.0725 a b -1.59174 3 0
0 0 94.8598 0 27.0734 a b -1.59101 3 0
0 0 94.835 0 27.0751 a b -1.59042 3 0
0 0 94.809 0 27.071 a b -1.59018 3 0
0 0 94.7843 0 27.0685 a b -1.58894 3 0
0 0 94.7561 0 27.072 a b -1.58825 3 0
0 0 94.7321 0 27.0729 a b -1.58902 3 0
0 0 94.7057 0 27.071 a b -1.58821 3 0
0 0 94.6765 0 27.0683 a b -1.58624 3 0
0 0 94.6453 0 27.0699 a b -1.5852 3 0
0 0 94.6107 0 27.0721 a b -1.58582 3 0
0 0 94.5794 0 27.0732 a b -1.58533 3 0
0 0 94.5484 0 27.0737 a b -1.58422 3 0
0 0 94.5178 0 27.0757 a b -1.58145 3 0
0 0 94.4873 0 27.0729 a b -1.58262 3 0
0 0 94.4559 0 27.0723 a b -1.58188 3 0
0 0 94.423 0 27.0728 a b -1.58159 3 0
0 0 94.3922 0 27.0694 a b -1.58058 3 0
0 0 94.3638 0 27.0714 a b -1.57933 3 0
0 0 94.3366 0 27.07 a b -1.5778 3 0
0 0 94.3104 0 27.0703 a b -1.57607 3 0
0 0 94.2813 0 27.067 a b -1.57626 3 0
0 0 94.2516 0 27.0664 a b -1.57625 3 0
0 0 94.2213 0 27.0688 a b -1.57609 3 0
0 0 94.1902 0 27.0664 a b -1.57517 3 0
0 0 94.1628 0 27.0647 a b -1.5736 3 0
0 0 94.1355 0 27.0656 a b -1.57365 3 0
0 0 94.1033 0 27.0667 a b -1.57332 3 0
0 0 94.0772 0 27.0663 a b -1.57325 3 0
0 0 94.0513 0 27.0668 a b -1.57225 3 0
0 0 94.0234 0 27.0682 a b -1.57142 3 0
0 0 93.9952 0 27.0682 a b -1.57038 3 0
0 0 93.966 0 27.0683 a b -1.56981 3 0
0 0 93.9387 0 27.0686 a b -1.56907 3 0
0 0 93.9102 0 27.0695 a b -1.56882 3 0
0 0 93.8814 0 27.0709 a b -1.5671 3 0
0 0 93.8551 0 27.073 a b -1.56583 3 0
0 0 93.8238 0 27.0728 a b -1.56633 3 0
0 0 93.7925 0 27.0733 a b -1.56583 3 0
0 0 93.7643 0 27.0727 a b -1.56486 3 0
0 0 93.7339 0 27.0732 a b -1.56432 3 0
0 0 93.7044 0 27.0728 a b -1.56398 3 0
0 0 93.6748 0 27.0731 a b -1.56314 3 0
0 0 93.6458 0 27.0734 a b -1.56353 3 0
0 0 93.6123 0 27.0748 a b -1.56299 3 0
0 0 93.5837 0 27.0722 a b -1.56141 3 0
0 0 93.5553 0 27.0736 a b -1.56122 3 0
0 0 93.5245 0 27.0745 a b -1.56091 3 0
0 0 93.4972 0 27.0731 a b -1.56068 3 0
0 0 93.4685 0 27.0716 a b -1.56175 3 0
0 0 93.4411 0 27.0754 a b -1.56138 3 0
0 0 93.4174 0 27.0762 a b -1.5607 3 0
0 0 93.3916 0 27.0774 a b -1.56307 3 0
0 0 93.3646 0 27.0763 a b -1.56506 3 0
0 0 93.3359 0 27.0768 a b -1.56613 3 0
0 0 93.3106 0 27.0783 a b -1.5686 3 0
0 0 93.2841 0 27.0821 a b -1.57244 3 0
0 0 93.2516 0 27.0835 a b -1.57465 3 0
0 0 93.2241 0 27.0831 a b -1.57515 3 0
0 0 93.1935 0 27.0822 a b -1.578 3 0
0 0 93.1627 0 27.087 a b -1.58152 3 0
0 0 93.1312 0 27.0909 a b -1.58299 3 0
0 0 93.1002 0 27.0922 a b -1.5838 3 0
0 0 93.0721 0 27.0918 a b -1.58647 3 0
0 0 93.0435 0 27.0926 a b -1.5887 3 0
0 0 93.0155 0 27.0932 a b -1.58882 3 0
0 0 92.9909 0 27.0913 a b -1.59009 3 0
0 0 92.9674 0 27.0935 a b -1.59269 3 0
0 0 92.9424 0 27.0939 a b -1.59167 3 0
0 0 92.9236 0 27.0892 a b -1.593 3 0
0 0 92.9001 0 27.0895 a b -1.59516 3 0
0 0 92.8742 0 27.0932 a b -1.59524 3 0
0 0 92.8438 0 27.0918 a b -1.59401 3 0
0 0 92.8169 0 27.0913 a b -1.59453 3 0
0 0 92.7847 0 27.0891 a b -1.59658 3 0
0 0 92.7499 0 27.0896 a b -1.59678 3 0
0 0 92.7125 0 27.086 a b -1.59655 3 0
0 0 92.6738 0 27.0877 a b -1.59917 3 0
0 0 92.6367 0 27.0868 a b -1.59984 3 0
0 0 92.6028 0 27.0835 a b -1.59873 3 0
0 0 92.5698 0 27.0848 a b -1.5996 3 0
0 0 92.5347 0 27.0838 a b -1.59767 3 0
0 0 92.5078 0 27.083 a b -1.59706 3 0
0 0 92.4828 0 27.0818 a b -1.59635 3 0
0 0 92.4608 0 27.0806 a b -1.59586 3 0
0 0 92.447 0 27.0808 a b -1.59533 3 0
0 0 92.4304 0 27.0815 a b -1.59285 3 0
0 0 92.4127 0 27.0821 a b -1.58997 3 0
0 0 92.3932 0 27.0807 a b -1.58926 3 0
0 0 92.3728 0 27.0796 a b -1.59066 3 0
0 0 92.35 0 27.0795 a b -1.591 3 0
0 0 92.3215 0 27.0799 a b -1.58884 3 0
0 0 92.2871 0 27.0786 a b -1.58791 3 0
0 0 92.2491 0 27.0797 a b -1.58754 3 0
0 0 92.207 0 27.0815 a b -1.58808 3 0
0 0 92.1664 0 27.0787 a b -1.58663 3 0
0 0 92.126 0 27.0827 a b -1.5835 3 0
0 0 92.0817 0 27.0827 a b -1.58417 3 0
0 0 92.0458 0 27.0794 a b -1.58356 3 0
0 0 92.0079 0 27.079 a b -1.57858 3 0
0 0 91.977 0 27.077 a b -1.57905 3 0
0 0 91.9508 0 27.0733 a b -1.58071 3 0
0 0 91.9261 0 27.0769 a b -1.5777 3 0
0 0 91.9053 0 27.0768 a b -1.57756 3 0
0 0 91.8907 0 27.0722 a b -1.5775 3 0
0 0 91.8746 0 27.0747 a b -1.57222 3 0
0 0 91.8513 0 27.0777 a b -1.57199 3 0
0 0 91.8319 0 27.0723 a b -1.57665 3 0
0 0 91.8113 0 27.073 a b -1.57712 3 0
0 0 91.7824 0 27.0695 a b -1.57524 3 0
0 0 91.7465 0 27.0686 a b -1.57659 3 0
0 0 91.7125 0 27.0653 a b -1.57948 3 0
0 0 91.6762 0 27.0683 a b -1.57708 3 0
0 0 91.6304 0 27.0738 a b -1.57435 3 0
0 0 91.589 0 27.0778 a b -1.57428 3 0
0 0 91.5464 0 27.0731 a b -1.5716 3 0
0 0 91.5019 0 27.073 a b -1.57069 3 0
0 0 91.4694 0 27.0702 a b -1.56976 3 0
0 0 91.433 0 27.0718 a b -1.56888 3 0
0 0 91.4053 0 27.0721 a b -1.56996 3 0
0 0 91.383 0 27.0648 a b -1.57006 3 0
0 0 91.3646 0 27.0632 a b -1.56378 3 0
0 0 91.3448 0 27.0613 a b -1.56245 3 0
0 0 91.3271 0 27.0596 a b -1.56405 3 0
0 0 91.3101 0 27.0623 a b -1.56518 3 0
0 0 91.2919 0 27.0579 a b -1.56904 3 0
0 0 91.274 0 27.0501 a b -1.5656 3 0
0 0 91.2545 0 27.0544 a b -1.56043 3 0
0 0 91.2343 0 27.0555 a b -1.56363 3 0
0 0 91.2146 0 27.0558 a b -1.56318 3 0
0 0 91.1919 0 27.059 a b -1.56284 3 0
0 0 91.164 0 27.0586 a b -1.56168 3 0
0 0 91.1359 0 27.0612 a b -1.55908 3 0
0 0 91.1022 0 27.0603 a b -1.55853 3 0
0 0 91.0643 0 27.0676 a b -1.55864 3 0
0 0 91.0291 0 27.0632 a b -1.55706 3 0
0 0 90.9954 0 27.0668 a b -1.55517 3 0
0 0 90.9622 0 27.071 a b -1.55592 3 0
0 0 90.9226 0 27.0709 a b -1.5562 3 0
0 0 90.8888 0 27.0705 a b -1.55378 3 0
0 0 90.8645 0 27.0753 a b -1.55104 3 0
0 0 90.8414 0 27.0761 a b -1.55116 3 0
0 0 90.8198 0 27.0761 a b -1.55146 3 0
0 0 90.7932 0 27.0803 a b -1.55102 3 0
0 0 90.7731 0 27.0802 a b -1.54709 3 0
0 0 90.7518 0 27.085 a b -1.54497 3 0
0 0 90.7213 0 27.0888 a b -1.54314 3 0
0 0 90.6946 0 27.09 a b -1.54257 3 0
0 0 90.6601 0 27.0901 a b -1.54066 3 0
0 0 90.6245 0 27.0957 a b -1.54165 3 0
0 0 90.5857 0 27.0986 a b -1.53886 3 0
0 0 90.553 0 27.0988 a b -1.53752 3 0
0 0 90.5154 0 27.1069 a b -1.53798 3 0
0 0 90.4764 0 27.1144 a b -1.53551 3 0
0 0 90.4445 0 27.1165 a b -1.53344 3 0
0 0 90.4117 0 27.1159 a b -1.5333 3 0
0 0 90.3796 0 27.1208 a b -1.53229 3 0
0 0 90.3496 0 27.1183 a b -1.53059 3 0
0 0 90.318 0 27.1225 a b -1.53154 3 0
0 0 90.2869 0 27.1249 a b -1.53154 3 0
0 0 90.256 0 27.1281 a b -1.53019 3 0
0 0 90.2265 0 27.1313 a b -1.53075 3 0
0 0 90.1953 0 27.1344 a b -1.53047 3 0
0 0 90.1706 0 27.1357 a b -1.52915 3 0
0 0 90.1476 0 27.1313 a b -1.52868 3 0
0 0 90.1235 0 27.1313 a b -1.52994 3 0
0 0 90.0969 0 27.1353 a b -1.52878 3 0
0 0 90.0678 0 27.1323 a b -1.52678 3 0
0 0 90.0422 0 27.1309 a b -1.52658 3 0
0 0 90.0153 0 27.1354 a b -1.52829 3 0
0 0 89.987 0 27.1385 a b -1.52781 3 0
0 0 89.961 0 27.1392 a b -1.52545 3 0
0 0 89.9356 0 27.1369 a b -1.5245 3 0
0 0 89.9081 0 27.1417 a b -1.5247 3 0
0 0 89.8774 0 27.1442 a b -1.52411 3 0
0 0 89.8465 0 27.1439 a b -1.52339 3 0
0 0 89.8166 0 27.1462 a b -1.52303 3 0
0 0 89.7876 0 27.1476 a b -1.52283 3 0
0 0 89.7573 0 27.1515 a b -1.5226 3 0
0 0 89.7279 0 27.1517 a b -1.52203 3 0
0 0 89.6972 0 27.1549 a b -1.52158 3 0
0 0 89.6654 0 27.1561 a b -1.5199 3 0
0 0 89.6374 0 27.1543 a b -1.51977 3 0
0 0 89.6099 0 27.1574 a b -1.52044 3 0
0 0 89.5843 0 27.1612 a b -1.51792 3 0
0 0 89.5565 0 27.1586 a b -1.51785 3 0
0 0 89.5269 0 27.1583 a b -1.51806 3 0
0 0 89.4978 0 27.1595 a b -1.51763 3 0
0 0 89.4714 0 27.1614 a b -1.51908 3 0
0 0 89.4414 0 27.1677 a b -1.5186 3 0
0 0 89.4101 0 27.1678 a b -1.51687 3 0
0 0 89.3821 0 27.1642 a b -1.5173 3 0
0 0 89.3571 0 27.1657 a b -1.51847 3 0
0 0 89.3303 0 27.1699 a b -1.51798 3 0
0 0 89.3009 0 27.1697 a b -1.51669 3 0
0 0 89.2732 0 27.1702 a b -1.51765 3 0
0 0 89.2466 0 27.1721 a b -1.5187 3 0
0 0 89.2192 0 27.1747 a b -1.5198 3 0
0 0 89.1883 0 27.1763 a b -1.52161 3 0
0 0 89.1591 0 27.18 a b -1.52411 3 0
0 0 89.13 0 27.1804 a b -1.52683 3 0
0 0 89.0992 0 27.1835 a b -1.53003 3 0
0 0 89.0677 0 27.1851 a b -1.5346 3 0
0 0 89.0363 0 27.1903 a b -1.53867 3 0
0 0 89.0069 0 27.1913 a b -1.54172 3 0
0 0 88.9752 0 27.1942 a b -1.54525 3 0
0 0 88.9467 0 27.1977 a b -1.54935 3 0
0 0 88.9186 0 27.2005 a b -1.55234 3 0
0 0 88.8929 0 27.2008 a b -1.55452 3 0
0 0 88.8657 0 27.202 a b -1.55672 3 0
0 0 88.8361 0 27.2059 a b -1.56115 3 0
0 0 88.8151 0 27.2075 a b -1.56404 3 0
0 0 88.7909 0 27.2067 a b -1.5645 3 0
0 0 88.7575 0 27.2059 a b -1.56719 3 0
0 0 88.7316 0 27.2057 a b -1.572 3 0
0 0 88.7027 0 27.2104 a b -1.57686 3 0
0 0 88.6701 0 27.2102 a b -1.57924 3 0
0 0 88.637 0 27.2085 a b -1.58322 3 0
0 0 88.6061 0 27.2069 a b -1.58675 3 0
0 0 88.5738 0 27.2071 a b -1.58822 3 0
0 0 88.5408 0 27.2081 a b -1.59002 3 0
0 0 88.5151 0 27.2053 a b -1.59239 3 0
0 0 88.4892 0 27.2041 a b -1.5914 3 0
0 0 88.4635 0 27.2044 a b -1.58995 3 0
0 0 88.4388 0 27.2079 a b -1.58982 3 0
0 0 88.414 0 27.2052 a b -1.58935 3 0
0 0 88.3859 0 27.2038 a b -1.58762 3 0
0 0 88.3611 0 27.203 a b -1.58706 3 0
0 0 88.3365 0 27.2031 a b -1.58606 3 0
0 0 88.3049 0 27.2024 a b -1.58464 3 0
0 0 88.2723 0 27.2018 a b -1.58469 3 0
0 0 88.238 0 27.2014 a b -1.58441 3 0
0 0 88.2016 0 27.201 a b -1.58354 3 0
0 0 88.1657 0 27.2036 a b -1.58206 3 0
0 0 88.1296 0 27.2003 a b -1.5815 3 0
0 0 88.096 0 27.2012 a b -1.5807 3 0
0 0 88.066 0 27.2022 a b -1.57989 3 0
0 0 88.0384 0 27.1995 a b -1.57883 3 0
0 0 88.0117 0 27.2019 a b -1.578 3 0
0 0 87.9851 0 27.199 a b -1.57798 3 0
0 0 87.9592 0 27.2006 a b -1.57685 3 0
0 0 87.9356 0 27.2 a b -1.57667 3 0
0 0 87.9136 0 27.1966 a b -1.5769 3 0
0 0 87.8832 0 27.1972 a b -1.57521 3 0
0 0 87.8557 0 27.2001 a b -1.57401 3 0
0 0 87.8232 0 27.2005 a b -1.57336 3 0
0 0 87.7933 0 27.1964 a b -1.57286 3 0
0 0 87.7617 0 27.1972 a b -1.57203 3 0
0 0 87.7347 0 27.2008 a b -1.5721 3 0
0 0 87.7054 0 27.201 a b -1.57171 3 0
0 0 87.6779 0 27.201 a b -1.57091 3 0
0 0 87.6496 0 27.2033 a b -1.57092 3 0
0 0 87.6206 0 27.2053 a b -1.5705 3 0
0 0 87.5917 0 27.2064 a b -1.56961 3 0
0 0 87.5621 0 27.2066 a b -1.56881 3 0
0 0 87.5356 0 27.2043 a b -1.56628 3 0
0 0 87.5048 0 27.2059 a b -1.56659 3 0
0 0 87.4747 0 27.2054 a b -1.5654 3 0
0 0 87.447 0 27.2049 a b -1.56519 3 0
0 0 87.4171 0 27.2084 a b -1.56411 3 0
0 0 87.3854 0 27.2083 a b -1.56305 3 0
0 0 87.3586 0 27.2049 a b -1.56218 3 0
0 0 87.3301 0 27.2048 a b -1.56175 3 0
0 0 87.3011 0 27.2034 a b -1.56079 3 0
0 0 87.2743 0 27.2039 a b -1.5608 3 0
0 0 87.2449 0 27.205 a b -1.56127 3 0
0 0 87.2193 0 27.2066 a b -1.55927 3 0
0 0 87.1924 0 27.2017 a b -1.55785 3 0
0 0 87.1662 0 27.1998 a b -1.56009 3 0
0 0 87.1327 0 27.2048 a b -1.56044 3 0
0 0 87.1018 0 27.2051 a b -1.55842 3 0
0 0 87.0704 0 27.2068 a b -1.5573 3 0
0 0 87.0386 0 27.2071 a b -1.55719 3 0
0 0 87.0054 0 27.2075 a b -1.55719 3 0
0 0 86.9687 0 27.2087 a b -1.55504 3 0
0 0 86.9408 0 27.2099 a b -1.55583 3 0
0 0 86.9096 0 27.2112 a b -1.55565 3 0
0 0 86.8819 0 27.2108 a b -1.55392 3 0
0 0 86.8566 0 27.2094 a b -1.55299 3 0
0 0 86.8276 0 27.2124 a b -1.55366 3 0
0 0 86.8051 0 27.2132 a b -1.55233 3 0
0 0 86.7804 0 27.2126 a b -1.55067 3 0
0 0 86.759 0 27.2136 a b -1.552 3 0
0 0 86.7281 0 27.217 a b -1.55116 3 0
0 0 86.6977 0 27.2165 a b -1.54892 3 0
0 0 86.6754 0 27.2127 a b -1.5496 3 0
0 0 86.6446 0 27.2123 a b -1.55089 3 0
0 0 86.6113 0 27.2157 a b -1.54939 3 0
0 0 86.5772 0 27.2168 a b -1.5482 3 0
0 0 86.5439 0 27.2126 a b -1.54918 3 0
0 0 86.5137 0 27.2148 a b -1.54925 3 0
0 0 86.484 0 27.2149 a b -1.54783 3 0
0 0 86.4572 0 27.2175 a b -1.54939 3 0
0 0 86.4371 0 27.2172 a b -1.54968 3 0
0 0 86.4106 0 27.2163 a b -1.54958 3 0
0 0 86.3808 0 27.2135 a b -1.55308 3 0
0 0 86.3556 0 27.2164 a b -1.55652 3 0
0 0 86.33 0 27.2164 a b -1.55913 3 0
0 0 86.2974 0 27.2151 a b -1.56404 3 0
0 0 86.2704 0 27.22 a b -1.56975 3 0
0 0 86.2445 0 27.219 a b -1.57213 3 0
0 0 86.2103 0 27.217 a b -1.5768 3 0
0 0 86.1841 0 27.2184 a b -1.58438 3 0
0 0 86.1545 0 27.221 a b -1.59034 3 0
0 0 86.1289 0 27.2209 a b -1.59258 3 0
0 0 86.1036 0 27.2199 a b -1.59251 3 0
0 0 86.0733 0 27.2209 a b -1.5923 3 0
0 0 86.0465 0 27.2211 a b -1.59328 3 0
0 0 86.0229 0 27.2254 a b -1.59176 3 0
0 0 85.9996 0 27.2245 a b -1.58853 3 0
0 0 85.9752 0 27.221 a b -1.58734 3 0
0 0 85.9499 0 27.2221 a b -1.58641 3 0
0 0 85.9196 0 27.2213 a b -1.58391 3 0
0 0 85.8904 0 27.2215 a b -1.5828 3 0
0 0 85.8596 0 27.2229 a b -1.58226 3 0
0 0 85.8243 0 27.2226 a b -1.57808 3 0
0 0 85.7819 0 27.2198 a b -1.57536 3 0
0 0 85.7504 0 27.2192 a b -1.57577 3 0
0 0 85.718 0 27.2194 a b -1.57383 3 0
0 0 85.6796 0 27.2184 a b -1.57252 3 0
0 0 85.6485 0 27.2155 a b -1.5719 3 0
0 0 85.6178 0 27.2147 a b -1.57075 3 0
0 0 85.5883 0 27.2137 a b -1.5694 3 0
0 0 85.5617 0 27.2138 a b -1.56895 3 0
0 0 85.5387 0 27.216 a b -1.56767 3 0
0 0 85.5148 0 27.2186 a b -1.56528 3 0
0 0 85.4877 0 27.2213 a b -1.56446 3 0
0 0 85.4643 0 27.221 a b -1.56391 3 0
0 0 85.4403 0 27.2222 a b -1.5614 3 0
0 0 85.4114 0 27.2225 a b -1.5598 3 0
0 0 85.3861 0 27.2239 a b -1.55952 3 0
0 0 85.359 0 27.2234 a b -1.55828 3 0
0 0 85.3277 0 27.2261 a b -1.55651 3 0
0 0 85.2963 0 27.2269 a b -1.55394 3 0
0 0 85.2643 0 27.2281 a b -1.55322 3 0
0 0 85.2335 0 27.2265 a b -1.55171 3 0
0 0 85.2019 0 27.2269 a b -1.5492 3 0
0 0 85.1682 0 27.2278 a b -1.54726 3 0
0 0 85.1379 0 27.2266 a b -1.54511 3 0
0 0 85.1051 0 27.2268 a b -1.5443 3 0
0 0 85.0742 0 27.2268 a b -1.54298 3 0
0 0 85.0479 0 27.2245 a b -1.54021 3 0
0 0 85.0189 0 27.226 a b -1.5372 3 0
0 0 84.9905 0 27.2298 a b -1.53693 3 0
0 0 84.964 0 27.2311 a b -1.5362 3 0
0 0 84.9333 0 27.2335 a b -1.534 3 0
0 0 84.9045 0 27.236 a b -1.5326 3 0
0 0 84.878 0 27.2346 a b -1.53198 3 0
0 0 84.8514 0 27.2366 a b -1.52978 3 0
0 0 84.8262 0 27.2374 a b -1.52941 3 0
0 0 84.8007 0 27.2373 a b -1.52864 3 0
0 0 84.7742 0 27.2385 a b -1.52654 3 0
0 0 84.7445 0 27.2425 a b -1.52561 3 0
0 0 84.715 0 27.2423 a b -1.52532 3 0
0 0 84.687 0 27.2412 a b -1.52273 3 0
0 0 84.6627 0 27.243 a b -1.51921 3 0
0 0 84.6326 0 27.2454 a b -1.51945 3 0
0 0 84.5999 0 27.2456 a b -1.52086 3 0
0 0 84.5675 0 27.247 a b -1.51888 3 0
0 0 84.5392 0 27.2488 a b -1.51789 3 0
0 0 84.5143 0 27.2507 a b -1.51751 3 0
0 0 84.4827 0 27.2513 a b -1.51697 3 0
0 0 84.4516 0 27.2541 a b -1.51576 3 0
0 0 84.4212 0 27.2569 a b -1.51629 3 0
0 0 84.3945 0 27.2549 a b -1.51616 3 0
0 0 84.3711 0 27.2568 a b -1.51512 3 0
0 0 84.3404 0 27.2616 a b -1.51615 3 0
0 0 84.3073 0 27.267 a b -1.52316 3 0
0 0 84.2789 0 27.2707 a b -1.53037 3 0
0 0 84.2491 0 27.2679 a b -1.53548 3 0
0 0 84.2216 0 27.2676 a b -1.54425 3 0
0 0 84.1953 0 27.2701 a b -1.55392 3 0
0 0 84.1686 0 27.2701 a b -1.55976 3 0
0 0 84.1376 0 27.2711 a b -1.56586 3 0
0 0 84.1055 0 27.2711 a b -1.57353 3 0
0 0 84.0767 0 27.2715 a b -1.57699 3 0
0 0 84.0486 0 27.2753 a b -1.57974 3 0
0 0 84.0231 0 27.2736 a b -1.57976 3 0
0 0 83.9979 0 27.2733 a b -1.58138 3 0
0 0 83.9729 0 27.2754 a b -1.58266 3 0
0 0 83.9418 0 27.2761 a b -1.58265 3 0
0 0 83.9125 0 27.277 a b -1.58066 3 0
0 0 83.8853 0 27.2755 a b -1.57779 3 0
0 0 83.8527 0 27.2709 a b -1.57599 3 0
0 0 83.826 0 27.2715 a b -1.57527 3 0
0 0 83.7994 0 27.2728 a b -1.57426 3 0
0 0 83.7685 0 27.2734 a b -1.57126 3 0
0 0 83.7369 0 27.2727 a b -1.5689 3 0
0 0 83.7056 0 27.271 a b -1.56789 3 0
0 0 83.6786 0 27.2719 a b -1.56611 3 0
0 0 83.654 0 27.2735 a b -1.563 3 0
0 0 83.6302 0 27.2728 a b -1.56206 3 0
0 0 83.6013 0 27.2722 a b -1.55991 3 0
0 0 83.5724 0 27.2719 a b -1.55716 3 0
0 0 83.5465 0 27.2739 a b -1.55592 3 0
0 0 83.5151 0 27.2758 a b -1.5545 3 0
0 0 83.4845 0 27.2765 a b -1.54988 3 0
0 0 83.459 0 27.2773 a b -1.54732 3 0
0 0 83.4278 0 27.2765 a b -1.54779 3 0
0 0 83.3926 0 27.2762 a b -1.54497 3 0
0 0 83.3601 0 27.2772 a b -1.54227 3 0
0 0 83.3251 0 27.275 a b -1.5398 3 0
0 0 83.2911 0 27.2754 a b -1.54032 3 0
0 0 83.26 0 27.2773 a b -1.53724 3 0
0 0 83.2309 0 27.2784 a b -1.53524 3 0
0 0 83.2019 0 27.2801 a b -1.53458 3 0
0 0 83.1754 0 27.2825 a b -1.53075 3 0
0 0 83.1485 0 27.2833 a b -1.52847 3 0
0 0 83.1273 0 27.2844 a b -1.52897 3 0
0 0 83.1017 0 27.289 a b -1.52685 3 0
0 0 83.0786 0 27.2899 a b -1.52345 3 0
0 0 83.0554 0 27.2895 a b -1.52245 3 0
0 0 83.03 0 27.2909 a b -1.52185 3 0
0 0 83.0034 0 27.293 a b -1.52017 3 0
0 0 82.9762 0 27.294 a b -1.51744 3 0
0 0 82.9429 0 27.2943 a b -1.51598 3 0
0 0 82.9083 0 27.2995 a b -1.51502 3 0
0 0 82.8727 0 27.3027 a b -1.51198 3 0
0 0 82.8359 0 27.3038 a b -1.50889 3 0
0 0 82.8055 0 27.3059 a b -1.50741 3 0
0 0 82.7718 0 27.31 a b -1.50507 3 0
0 0 82.7399 0 27.3112 a b -1.50076 3 0
0 0 82.7141 0 27.3163 a b -1.50065 3 0
0 0 82.6863 0 27.3169 a b -1.49727 3 0
0 0 82.6592 0 27.3173 a b -1.49472 3 0
0 0 82.6334 0 27.3182 a b -1.49455 3 0
0 0 82.606 0 27.3204 a b -1.49391 3 0
0 0 82.5824 0 27.3241 a b -1.49199 3 0
0 0 82.5584 0 27.3268 a b -1.49027 3 0
0 0 82.5362 0 27.3269 a b -1.48885 3 0
0 0 82.5061 0 27.3286 a b -1.48864 3 0
0 0 82.4768 0 27.3325 a b -1.48799 3 0
0 0 82.4443 0 27.334 a b -1.48621 3 0
0 0 82.4119 0 27.3355 a b -1.48553 3 0
0 0 82.3803 0 27.3395 a b -1.48699 3 0
0 0 82.3477 0 27.3428 a b -1.48649 3 0
0 0 82.3187 0 27.3459 a b -1.48574 3 0
0 0 82.2854 0 27.3485 a b -1.4854 3 0
0 0 82.2546 0 27.3505 a b -1.48623 3 0
0 0 82.2256 0 27.3522 a b -1.4864 3 0
0 0 82.1956 0 27.3564 a b -1.48594 3 0
0 0 82.166 0 27.3583 a b -1.48509 3 0
0 0 82.1389 0 27.36 a b -1.48468 3 0
0 0 82.1113 0 27.3618 a b -1.48525 3 0
0 0 82.0882 0 27.3666 a b -1.48567 3 0
0 0 82.0631 0 27.3688 a b -1.48532 3 0
0 0 82.0351 0 27.3717 a b -1.48432 3 0
0 0 82.0085 0 27.373 a b -1.4845 3 0
0 0 81.9794 0 27.3754 a b -1.48438 3 0
0 0 81.9517 0 27.3788 a b -1.48545 3 0
0 0 81.9213 0 27.3818 a b -1.48587 3 0
0 0 81.8889 0 27.3841 a b -1.48428 3 0
0 0 81.8613 0 27.3869 a b -1.48816 3 0
0 0 81.8329 0 27.3903 a b -1.49222 3 0
0 0 81.8087 0 27.3928 a b -1.49399 3 0
0 0 81.7728 0 27.3965 a b -1.49791 3 0
0 0 81.7393 0 27.3978 a b -1.50677 3 0
0 0 81.7128 0 27.3998 a b -1.5122 3 0
0 0 81.6799 0 27.4022 a b -1.51267 3 0
0 0 81.6517 0 27.403 a b -1.51936 3 0
0 0 81.6276 0 27.4038 a b -1.52873 3 0
0 0 81.6017 0 27.4085 a b -1.53012 3 0
0 0 81.5739 0 27.4138 a b -1.53254 3 0
0 0 81.5453 0 27.4136 a b -1.53753 3 0
0 0 81.5196 0 27.4136 a b -1.5412 3 0
0 0 81.495 0 27.4155 a b -1.54487 3 0
0 0 81.4738 0 27.4186 a b -1.54945 3 0
0 0 81.4509 0 27.4181 a b -1.55597 3 0
0 0 81.4299 0 27.4191 a b -1.55707 3 0
0 0 81.4032 0 27.4207 a b -1.5558 3 0
0 0 81.3762 0 27.4221 a b -1.55588 3 0
0 0 81.3501 0 27.4222 a b -1.55663 3 0
0 0 81.3216 0 27.4195 a b -1.55622 3 0
0 0 81.2911 0 27.4207 a b -1.55402 3 0
0 0 81.2572 0 27.4231 a b -1.55242 3 0
0 0 81.2198 0 27.423 a b -1.5522 3 0
0 0 81.1864 0 27.4227 a b -1.5499 3 0
0 0 81.1536 0 27.426 a b -1.54877 3 0
0 0 81.1286 0 27.4248 a b -1.5497 3 0
0 0 81.102 0 27.4257 a b -1.54714 3 0
0 0 81.0682 0 27.4278 a b -1.5473 3 0
0 0 81.0394 0 27.4268 a b -1.54577 3 0
0 0 81.0133 0 27.4277 a b -1.54501 3 0
0 0 80.9834 0 27.4275 a b -1.545 3 0
0 0 80.9559 0 27.429 a b -1.54503 3 0
0 0 80.9275 0 27.4308 a b -1.54403 3 0
0 0 80.9024 0 27.4323 a b -1.54289 3 0
0 0 80.8769 0 27.4334 a b -1.54265 3 0
0 0 80.8474 0 27.4348 a b -1.54189 3 0
0 0 80.816 0 27.4355 a b -1.54034 3 0
0 0 80.7813 0 27.4367 a b -1.54081 3 0
0 0 80.7506 0 27.4369 a b -1.53987 3 0
0 0 80.725 0 27.4379 a b -1.53727 3 0
0 0 80.6964 0 27.4388 a b -1.53842 3 0
0 0 80.6628 0 27.4411 a b -1.53986 3 0
0 0 80.6295 0 27.4415 a b -1.53718 3 0
0 0 80.606 0 27.4409 a b -1.53895 3 0
0 0 80.5775 0 27.4433 a b -1.54188 3 0
0 0 80.5488 0 27.4444 a b -1.54657 3 0
0 0 80.5204 0 27.4454 a b -1.55103 3 0
0 0 80.4887 0 27.4472 a b -1.55404 3 0
0 0 80.4624 0 27.4481 a b -1.55944 3 0
0 0 80.4379 0 27.4493 a b -1.56483 3 0
0 0 80.4101 0 27.451 a b -1.56885 3 0
0 0 80.3827 0 27.4509 a b -1.57215 3 0
0 0 80.3525 0 27.4511 a b -1.57826 3 0
0 0 80.3161 0 27.4506 a b -1.58224 3 0
0 0 80.2878 0 27.4525 a b -1.58413 3 0
0 0 80.2627 0 27.4536 a b -1.58571 3 0
0 0 80.2375 0 27.4537 a b -1.58528 3 0
0 0 80.2123 0 27.45 a b -1.58723 3 0
0 0 80.185 0 27.4518 a b -1.58969 3 0
0 0 80.1538 0 27.4534 a b -1.58924 3 0
0 0 80.1222 0 27.4544 a b -1.58715 3 0
0 0 80.0928 0 27.4525 a b -1.58638 3 0
0 0 80.0689 0 27.453 a b -1.58725 3 0
0 0 80.0406 0 27.4518 a b -1.58613 3 0
0 0 80.0132 0 27.4513 a b -1.58604 3 0
0 0 79.9836 0 27.4517 a b -1.58585 3 0
0 0 79.9526 0 27.452 a b -1.58457 3 0
0 0 79.9243 0 27.4518 a b -1.58331 3 0
0 0 79.8922 0 27.4511 a b -1.58299 3 0
0 0 79.86 0 27.4522 a b -1.58314 3 0
0 0 79.8337 0 27.4517 a b -1.58204 3 0
0 0 79.8072 0 27.4519 a b -1.58067 3 0
0 0 79.7772 0 27.4513 a b -1.5796 3 0
0 0 79.7517 0 27.4519 a b -1.57969 3 0
0 0 79.7257 0 27.4505 a b -1.57862 3 0
0 0 79.697 0 27.4507 a b -1.57706 3 0
0 0 79.6677 0 27.4518 a b -1.57603 3 0
0 0 79.6405 0 27.4502 a b -1.57488 3 0
0 0 79.6123 0 27.4512 a b -1.5747 3 0
0 0 79.5801 0 27.4509 a b -1.57301 3 0
0 0 79.5508 0 27.4503 a b -1.57247 3 0
0 0 79.5222 0 27.4523 a b -1.57212 3 0
0 0 79.492 0 27.4512 a b -1.571 3 0
0 0 79.4636 0 27.4513 a b -1.57051 3 0
0 0 79.4364 0 27.4514 a b -1.56972 3 0
0 0 79.4111 0 27.4521 a b -1.56992 3 0
0 0 79.3804 0 27.4532 a b -1.56928 3 0
0 0 79.3469 0 27.4541 a b -1.56734 3 0
0 0 79.3159 0 27.4536 a b -1.56603 3 0
0 0 79.29 0 27.4533 a b -1.56695 3 0
0 0 79.2609 0 27.4537 a b -1.56611 3 0
0 0 79.2291 0 27.4534 a b -1.56409 3 0
0 0 79.1984 0 27.4534 a b -1.56475 3 0
0 0 79.1689 0 27.4553 a b -1.56455 3 0
0 0 79.1423 0 27.4545 a b -1.56294 3 0
0 0 79.115 0 27.4523 a b -1.56323 3 0
0 0 79.0855 0 27.4538 a b -1.56329 3 0
0 0 79.055 0 27.455 a b -1.56252 3 0
0 0 79.0287 0 27.455 a b -1.56028 3 0
0 0 79.003 0 27.4551 a b -1.5602 3 0
0 0 78.9757 0 27.4527 a b -1.5608 3 0
0 0 78.9466 0 27.4553 a b -1.55969 3 0
0 0 78.9187 0 27.4567 a b -1.5581 3 0
0 0 78.8872 0 27.4556 a b -1.55727 3 0
0 0 78.8558 0 27.4559 a b -1.55664 3 0
0 0 78.8213 0 27.4553 a b -1.55599 3 0
0 0 78.789 0 27.4553 a b -1.5548 3 0
0 0 78.7587 0 27.4554 a b -1.55598 3 0
0 0 78.7282 0 27.4588 a b -1.55398 3 0
0 0 78.6977 0 27.4586 a b -1.55193 3 0
0 0 78.6663 0 27.457 a b -1.55338 3 0
0 0 78.6399 0 27.4571 a b -1.55333 3 0
0 0 78.61 0 27.4587 a b -1.55208 3 0
0 0 78.582 0 27.4583 a b -1.5525 3 0
0 0 78.5552 0 27.4594 a b -1.55199 3 0
0 0 78.5247 0 27.4611 a b -1.55006 3 0
0 0 78.4979 0 27.4617 a b -1.5501 3 0
0 0 78.4705 0 27.4616 a b -1.54992 3 0
0 0 78.4411 0 27.4616 a b -1.54924 3 0
0 0 78.4135 0 27.4623 a b -1.54921 3 0
0 0 78.386 0 27.464 a b -1.54871 3 0
0 0 78.3569 0 27.4638 a b -1.54757 3 0
0 0 78.3278 0 27.4639 a b -1.5472 3 0
0 0 78.3008 0 27.464 a b -1.54754 3 0
0 0 78.2756 0 27.4644 a b -1.54682 3 0
0 0 78.2455 0 27.4664 a b -1.54482 3 0
0 0 78.218 0 27.4675 a b -1.54454 3 0
0 0 78.1897 0 27.4666 a b -1.54489 3 0
0 0 78.1606 0 27.4662 a b -1.54382 3 0
0 0 78.1307 0 27.4685 a b -1.5425 3 0
0 0 78.1006 0 27.4686 a b -1.5428 3 0
0 0 78.0692 0 27.4686 a b -1.54216 3 0
0 0 78.0399 0 27.4705 a b -1.54036 3 0
0 0 78.0099 0 27.4729 a b -1.53998 3 0
0 0 77.9814 0 27.4741 a b -1.54126 3 0
0 0 77.9502 0 27.4716 a b -1.53991 3 0
0 0 77.9214 0 27.4757 a b -1.53763 3 0
0 0 77.8908 0 27.478 a b -1.53847 3 0
0 0 77.8619 0 27.4771 a b -1.53891 3 0
0 0 77.8367 0 27.477 a b -1.53737 3 0
0 0 77.8108 0 27.4793 a b -1.53727 3 0
0 0 77.781 0 27.478 a b -1.53696 3 0
0 0 77.7519 0 27.4794 a b -1.53508 3 0
0 0 77.7198 0 27.4824 a b -1.5353 3 0
0 0 77.6911 0 27.4815 a b -1.53488 3 0
0 0 77.6629 0 27.4833 a b -1.53395 3 0
0 0 77.6371 0 27.4852 a b -1.53416 3 0
0 0 77.609 0 27.4847 a b -1.53409 3 0
0 0 77.5789 0 27.4861 a b -1.53322 3 0
0 0 77.5486 0 27.4887 a b -1.53246 3 0
0 0 77.5196 0 27.4912 a b -1.5328 3 0
0 0 77.494 0 27.4899 a b -1.53346 3 0
0 0 77.4666 0 27.4897 a b -1.53282 3 0
0 0 77.4378 0 27.4924 a b -1.53102 3 0
0 0 77.4017 0 27.4953 a b -1.53172 3 0
0 0 77.3743 0 27.4954 a b -1.53194 3 0
0 0 77.3498 0 27.4959 a b -1.52935 3 0
0 0 77.3243 0 27.4996 a b -1.52946 3 0
0 0 77.293 0 27.4989 a b -1.53026 3 0
0 0 77.2652 0 27.4998 a b -1.52758 3 0
0 0 77.2366 0 27.4998 a b -1.52678 3 0
0 0 77.2061 0 27.5021 a b -1.52864 3 0
0 0 77.1781 0 27.5051 a b -1.52802 3 0
0 0 77.1506 0 27.5052 a b -1.52605 3 0
0 0 77.1221 0 27.505 a b -1.52699 3 0
0 0 77.0921 0 27.507 a b -1.52732 3 0
0 0 77.0618 0 27.5083 a b -1.52673 3 0
0 0 77.036 0 27.5085 a b -1.52693 3 0
0 0 77.0071 0 27.5115 a b -1.52816 3 0
0 0 76.976 0 27.5138 a b -1.52711 3 0
0 0 76.9463 0 27.513 a b -1.52665 3 0
0 0 76.9128 0 27.5152 a b -1.52716 3 0
0 0 76.8856 0 27.5165 a b -1.52701 3 0
0 0 76.8568 0 27.5171 a b -1.52746 3 0
0 0 76.8268 0 27.5189 a b -1.52822 3 0
0 0 76.7957 0 27.5188 a b -1.5287 3 0
0 0 76.7682 0 27.5197 a b -1.52855 3 0
0 0 76.7395 0 27.5212 a b -1.52925 3 0
0 0 76.7084 0 27.522 a b -1.53158 3 0
0 0 76.6815 0 27.5247 a b -1.53389 3 0
0 0 76.6509 0 27.5252 a b -1.5354 3 0
0 0 76.6237 0 27.5251 a b -1.53912 3 0
0 0 76.5985 0 27.5252 a b -1.5431 3 0
0 0 76.5763 0 27.5266 a b -1.54696 3 0
0 0 76.5503 0 27.5288 a b -1.55136 3 0
0 0 76.5173 0 27.5298 a b -1.55568 3 0
0 0 76.4895 0 27.5298 a b -1.55985 3 0
0 0 76.4603 0 27.5321 a b -1.5648 3 0
0 0 76.4321 0 27.5328 a b -1.56902 3 0
0 0 76.4031 0 27.5321 a b -1.57505 3 0
0 0 76.3744 0 27.5338 a b -1.57968 3 0
0 0 76.3445 0 27.5351 a b -1.58404 3 0
0 0 76.3144 0 27.5336 a b -1.5904 3 0
0 0 76.2821 0 27.5349 a b -1.59573 3 0
0 0 76.2518 0 27.5361 a b -1.60042 3 0
0 0 76.2212 0 27.5345 a b -1.60502 3 0
0 0 76.1952 0 27.5347 a b -1.61087 3 0
0 0 76.1661 0 27.5361 a b -1.61522 3 0
0 0 76.1398 0 27.5358 a b -1.61944 3 0
0 0 76.1114 0 27.5331 a b -1.6258 3 0
0 0 76.0856 0 27.5349 a b -1.629 3 0
0 0 76.0601 0 27.5336 a b -1.63097 3 0
0 0 76.0357 0 27.5323 a b -1.63737 3 0
0 0 76.0152 0 27.5368 a b -1.64176 3 0
0 0 75.9897 0 27.5353 a b -1.6399 3 0
0 0 75.965 0 27.5285 a b -1.63932 3 0
0 0 75.9405 0 27.5282 a b -1.64312 3 0
0 0 75.9137 0 27.5291 a b -1.6483 3 0
0 0 75.8885 0 27.5314 a b -1.64701 3 0
0 0 75.8613 0 27.5244 a b -1.64288 3 0
0 0 75.8313 0 27.521 a b -1.64268 3 0
0 0 75.8016 0 27.5212 a b -1.6428 3 0
0 0 75.7689 0 27.5206 a b -1.64094 3 0
0 0 75.7333 0 27.5157 a b -1.63633 3 0
0 0 75.703 0 27.5102 a b -1.6357 3 0
0 0 75.6738 0 27.5091 a b -1.63568 3 0
0 0 75.6405 0 27.5079 a b -1.63409 3 0
0 0 75.6105 0 27.5071 a b -1.63289 3 0
0 0 75.587 0 27.5057 a b -1.63215 3 0
0 0 75.5587 0 27.5047 a b -1.63034 3 0
0 0 75.53 0 27.5035 a b -1.62896 3 0
0 0 75.5062 0 27.5027 a b -1.62827 3 0
0 0 75.4826 0 27.5008 a b -1.62624 3 0
0 0 75.4534 0 27.5009 a b -1.6246 3 0
0 0 75.4274 0 27.4997 a b -1.62309 3 0
0 0 75.3966 0 27.4997 a b -1.62031 3 0
0 0 75.3621 0 27.4962 a b -1.61912 3 0
0 0 75.3305 0 27.4927 a b -1.61875 3 0
0 0 75.2959 0 27.4908 a b -1.61697 3 0
0 0 75.2629 0 27.4894 a b -1.61555 3 0
0 0 75.2334 0 27.49 a b -1.61574 3 0
0 0 75.2031 0 27.4885 a b -1.61342 3 0
0 0 75.1708 0 27.4849 a b -1.61142 3 0
0 0 75.1421 0 27.4824 a b -1.61088 3 0
0 0 75.1173 0 27.4809 a b -1.61229 3 0
0 0 75.0945 0 27.4808 a b -1.61038 3 0
0 0 75.0693 0 27.48 a b -1.606 3 0
0 0 75.0445 0 27.4779 a b -1.6046 3 0
0 0 75.0167 0 27.477 a b -1.60519 3 0
0 0 74.9925 0 27.4788 a b -1.60429 3 0
0 0 74.9685 0 27.4787 a b -1.60135 3 0
0 0 74.9376 0 27.4761 a b -1.59926 3 0
0 0 74.9059 0 27.4742 a b -1.59803 3 0
0 0 74.8721 0 27.4724 a b -1.59763 3 0
0 0 74.8371 0 27.4729 a b -1.59634 3 0
0 0 74.8074 0 27.4733 a b -1.5955 3 0
0 0 74.7782 0 27.4722 a b -1.593 3 0
0 0 74.7444 0 27.4701 a b -1.59214 3 0
0 0 74.7161 0 27.4695 a b -1.59197 3 0
0 0 74.6876 0 27.4683 a b -1.59081 3 0
0 0 74.6546 0 27.467 a b -1.58986 3 0
0 0 74.626 0 27.4682 a b -1.58856 3 0
0 0 74.6019 0 27.4661 a b -1.58709 3 0
0 0 74.5727 0 27.4628 a b -1.58743 3 0
0 0 74.5488 0 27.4604 a b -1.58749 3 0
0 0 74.5232 0 27.4593 a b -1.58548 3 0
0 0 74.4954 0 27.462 a b -1.5856 3 0
0 0 74.466 0 27.4624 a b -1.58651 3 0
0 0 74.439 0 27.459 a b -1.58305 3 0
0 0 74.4113 0 27.4624 a b -1.58101 3 0
0 0 74.3822 0 27.4613 a b -1.58391 3 0
0 0 74.3533 0 27.458 a b -1.58408 3 0
0 0 74.318 0 27.4569 a b -1.58048 3 0
0 0 74.2851 0 27.457 a b -1.57885 3 0
0 0 74.2522 0 27.4583 a b -1.57921 3 0
0 0 74.2215 0 27.4582 a b -1.57914 3 0
0 0 74.1897 0 27.46 a b -1.57882 3 0
0 0 74.158 0 27.4623 a b -1.57975 3 0
0 0 74.1264 0 27.4618 a b -1.5811 3 0
0 0 74.0935 0 27.4634 a b -1.58553 3 0
0 0 74.0664 0 27.4628 a b -1.58915 3 0
0 0 74.0385 0 27.4618 a b -1.59339 3 0
0 0 74.0145 0 27.4623 a b -1.59899 3 0
0 0 73.9923 0 27.4626 a b -1.60268 3 0
0 0 73.968 0 27.4642 a b -1.60698 3 0
0 0 73.9352 0 27.4637 a b -1.61197 3 0
0 0 73.9095 0 27.4621 a b -1.6145 3 0
0 0 73.8833 0 27.4609 a b -1.61579 3 0
0 0 73.8567 0 27.4606 a b -1.61586 3 0
0 0 73.8278 0 27.4605 a b -1.61727 3 0
0 0 73.7954 0 27.4585 a b -1.6185 3 0
0 0 73.767 0 27.456 a b -1.61759 3 0
0 0 73.735 0 27.4532 a b -1.61781 3 0
0 0 73.7012 0 27.452 a b -1.61597 3 0
0 0 73.6706 0 27.4546 a b -1.61545 3 0
0 0 73.6426 0 27.4549 a b -1.61417 3 0
0 0 73.616 0 27.4507 a b -1.61303 3 0
0 0 73.5909 0 27.4496 a b -1.61157 3 0
0 0 73.5627 0 27.4489 a b -1.61136 3 0
0 0 73.5364 0 27.4486 a b -1.61123 3 0
0 0 73.5044 0 27.4479 a b -1.60793 3 0
0 0 73.4727 0 27.4453 a b -1.60641 3 0
0 0 73.4473 0 27.4458 a b -1.60573 3 0
0 0 73.4224 0 27.4451 a b -1.60643 3 0
0 0 73.3912 0 27.4446 a b -1.60398 3 0
0 0 73.3615 0 27.4418 a b -1.60144 3 0
0 0 73.3333 0 27.4403 a b -1.60124 3 0
0 0 73.3046 0 27.4418 a b -1.60139 3 0
0 0 73.271 0 27.4413 a b -1.6 3 0
0 0 73.2419 0 27.4413 a b -1.59822 3 0
0 0 73.2124 0 27.441 a b -1.59896 3 0
0 0 73.179 0 27.4398 a b -1.5974 3 0
0 0 73.1518 0 27.4401 a b -1.59593 3 0
0 0 73.1224 0 27.4403 a b -1.5951 3 0
0 0 73.0913 0 27.4401 a b -1.59347 3 0
0 0 73.0614 0 27.4396 a b -1.5923 3 0
0 0 73.0318 0 27.4401 a b -1.59234 3 0
0 0 73.001 0 27.4399 a b -1.5901 3 0
0 0 72.9729 0 27.4383 a b -1.58895 3 0
0 0 72.9447 0 27.4384 a b -1.59025 3 0
0 0 72.9142 0 27.4391 a b -1.58879 3 0
0 0 72.8862 0 27.4385 a b -1.58695 3 0
0 0 72.8593 0 27.4379 a b -1.58661 3 0
0 0 72.8306 0 27.4376 a b -1.58525 3 0
0 0 72.7986 0 27.4387 a b -1.58477 3 0
0 0 72.7691 0 27.4374 a b -1.58401 3 0
0 0 72.7383 0 27.438 a b -1.58271 3 0
0 0 72.7141 0 27.4369 a b -1.58089 3 0
0 0 72.6846 0 27.4365 a b -1.5798 3 0
0 0 72.6537 0 27.4376 a b -1.5786 3 0
0 0 72.6214 0 27.4388 a b -1.57752 3 0
0 0 72.5921 0 27.4367 a b -1.57635 3 0
0 0 72.5587 0 27.4387 a b -1.57423 3 0
0 0 72.5265 0 27.4404 a b -1.57309 3 0
0 0 72.4951 0 27.4387 a b -1.57308 3 0
0 0 72.4641 0 27.4371 a b -1.5721 3 0
0 0 72.4347 0 27.4384 a b -1.57055 3 0
0 0 72.41 0 27.4404 a b -1.57027 3 0
0 0 72.386 0 27.442 a b -1.56718 3 0
0 0 72.3565 0 27.4381 a b -1.56602 3 0
0 0 72.329 0 27.439 a b -1.56562 3 0
0 0 72.3036 0 27.4436 a b -1.56317 3 0
0 0 72.2767 0 27.4442 a b -1.56133 3 0
0 0 72.2463 0 27.4442 a b -1.55995 3 0
0 0 72.2155 0 27.4432 a b -1.55857 3 0
0 0 72.1854 0 27.4426 a b -1.55851 3 0
0 0 72.155 0 27.4457 a b -1.55709 3 0
0 0 72.1284 0 27.4449 a b -1.55612 3 0
0 0 72.0984 0 27.4462 a b -1.55504 3 0
0 0 72.069 0 27.4503 a b -1.55374 3 0
0 0 72.0392 0 27.4523 a b -1.55207 3 0
0 0 72.0102 0 27.4504 a b -1.55085 3 0
0 0 71.98 0 27.4505 a b -1.54969 3 0
0 0 71.9508 0 27.4523 a b -1.54858 3 0
0 0 71.9234 0 27.4527 a b -1.54621 3 0
0 0 71.8943 0 27.4534 a b -1.54481 3 0
0 0 71.8665 0 27.4559 a b -1.54345 3 0
0 0 71.8384 0 27.4554 a b -1.54298 3 0
0 0 71.8123 0 27.4564 a b -1.54198 3 0
0 0 71.787 0 27.4591 a b -1.53936 3 0
0 0 71.7571 0 27.46 a b -1.53803 3 0
0 0 71.7264 0 27.4602 a b -1.53679 3 0
0 0 71.6962 0 27.4611 a b -1.53699 3 0
0 0 71.6661 0 27.4635 a b -1.5359 3 0
0 0 71.6384 0 27.4645 a b -1.53556 3 0
0 0 71.6055 0 27.465 a b -1.53468 3 0
0 0 71.5723 0 27.4661 a b -1.53421 3 0
0 0 71.5397 0 27.4675 a b -1.53485 3 0
0 0 71.5117 0 27.4697 a b -1.53459 3 0
0 0 71.48 0 27.4688 a b -1.53451 3 0
0 0 71.4459 0 27.47 a b -1.53444 3 0
0 0 71.4163 0 27.4731 a b -1.53557 3 0
0 0 71.3851 0 27.4718 a b -1.53604 3 0
0 0 71.3549 0 27.4704 a b -1.53462 3 0
0 0 71.3271 0 27.4722 a b -1.53742 3 0
0 0 71.3004 0 27.4759 a b -1.54451 3 0
0 0 71.2745 0 27.4782 a b -1.55122 3 0
0 0 71.2513 0 27.4785 a b -1.56009 3 0
0 0 71.2262 0 27.4801 a b -1.56647 3 0
0 0 71.1991 0 27.4811 a b -1.57115 3 0
0 0 71.1715 0 27.4824 a b -1.57929 3 0
0 0 71.1427 0 27.4819 a b -1.58627 3 0
0 0 71.1183 0 27.483 a b -1.5875 3 0
0 0 71.0913 0 27.4833 a b -1.58835 3 0
0 0 71.0644 0 27.4841 a b -1.58858 3 0
0 0 71.0358 0 27.4823 a b -1.58684 3 0
0 0 71.0083 0 27.4799 a b -1.58672 3 0
0 0 70.9797 0 27.4806 a b -1.58429 3 0
0 0 70.9496 0 27.478 a b -1.58387 3 0
0 0 70.918 0 27.4777 a b -1.58263 3 0
0 0 70.8856 0 27.4778 a b -1.58225 3 0
0 0 70.8573 0 27.4761 a b -1.58139 3 0
0 0 70.8272 0 27.4767 a b -1.58044 3 0
0 0 70.8007 0 27.4769 a b -1.5788 3 0
0 0 70.7735 0 27.477 a b -1.57771 3 0
0 0 70.7493 0 27.4752 a b -1.57642 3 0
0 0 70.7156 0 27.4788 a b -1.57491 3 0
0 0 70.6844 0 27.4793 a b -1.57266 3 0
0 0 70.6554 0 27.4787 a b -1.57121 3 0
0 0 70.6233 0 27.479 a b -1.57128 3 0
0 0 70.5993 0 27.4778 a b -1.57132 3 0
0 0 70.5691 0 27.4763 a b -1.56997 3 0
0 0 70.537 0 27.4776 a b -1.56784 3 0
0 0 70.5025 0 27.4797 a b -1.56734 3 0
0 0 70.4731 0 27.4803 a b -1.5659 3 0
0 0 70.4484 0 27.4787 a b -1.56343 3 0
0 0 70.4174 0 27.4753 a b -1.56259 3 0
0 0 70.3886 0 27.4783 a b -1.55993 3 0
0 0 70.3598 0 27.479 a b -1.55886 3 0
0 0 70.3345 0 27.4769 a b -1.55826 3 0
0 0 70.3062 0 27.4767 a b -1.55489 3 0
0 0 70.2804 0 27.4773 a b -1.55391 3 0
0 0 70.2493 0 27.4798 a b -1.55347 3 0
0 0 70.2195 0 27.4804 a b -1.55165 3 0
0 0 70.1889 0 27.4794 a b -1.549 3 0
0 0 70.1606 0 27.4797 a b -1.54858 3 0
0 0 70.1304 0 27.4807 a b -1.54855 3 0
0 0 70.1006 0 27.4802 a b -1.54828 3 0
0 0 70.0682 0 27.4841 a b -1.54607 3 0
0 0 70.0398 0 27.4888 a b -1.54579 3 0
0 0 70.0111 0 27.4899 a b -1.54506 3 0
0 0 69.978 0 27.4913 a b -1.54381 3 0
0 0 69.9448 0 27.4939 a b -1.54279 3 0
0 0 69.9156 0 27.4937 a b -1.54176 3 0
0 0 69.883 0 27.4958 a b -1.54095 3 0
0 0 69.853 0 27.4982 a b -1.53998 3 0
0 0 69.8288 0 27.4963 a b -1.53954 3 0
0 0 69.8036 0 27.4962 a b -1.53896 3 0
0 0 69.7778 0 27.4987 a b -1.53864 3 0
0 0 69.7483 0 27.4977 a b -1.53876 3 0
0 0 69.7191 0 27.4994 a b -1.53716 3 0
0 0 69.6927 0 27.4993 a b -1.53775 3 0
0 0 69.6643 0 27.4992 a b -1.53834 3 0
0 0 69.6376 0 27.4998 a b -1.53684 3 0
0 0 69.6103 0 27.5014 a b -1.53664 3 0
0 0 69.5811 0 27.5058 a b -1.53698 3 0
0 0 69.5522 0 27.5056 a b -1.53531 3 0
0 0 69.5215 0 27.5059 a b -1.53586 3 0
0 0 69.4911 0 27.5048 a b -1.53573 3 0
0 0 69.4589 0 27.5083 a b -1.53715 3 0
0 0 69.4226 0 27.509 a b -1.5378 3 0
0 0 69.3925 0 27.5065 a b -1.53762 3 0
0 0 69.3634 0 27.5042 a b -1.54102 3 0
0 0 69.3326 0 27.5055 a b -1.54741 3 0
0 0 69.3022 0 27.5074 a b -1.55416 3 0
0 0 69.2723 0 27.509 a b -1.55971 3 0
0 0 69.2504 0 27.5122 a b -1.56625 3 0
0 0 69.2264 0 27.5147 a b -1.57258 3 0
0 0 69.2027 0 27.5169 a b -1.57766 3 0
0 0 69.1732 0 27.5183 a b -1.58194 3 0
0 0 69.1492 0 27.5206 a b -1.58385 3 0
0 0 69.1225 0 27.5235 a b -1.58425 3 0
0 0 69.0949 0 27.523 a b -1.58493 3 0
0 0 69.0681 0 27.5251 a b -1.5852 3 0
0 0 69.0395 0 27.5259 a b -1.58563 3 0
0 0 69.0107 0 27.5239 a b -1.58597 3 0
0 0 68.9813 0 27.5257 a b -1.58512 3 0
0 0 68.9505 0 27.5253 a b -1.58277 3 0
0 0 68.92 0 27.5236 a b -1.58222 3 0
0 0 68.8894 0 27.5252 a b -1.58244 3 0
0 0 68.8592 0 27.5241 a b -1.58112 3 0
0 0 68.8292 0 27.5197 a b -1.57918 3 0
0 0 68.8005 0 27.518 a b -1.57888 3 0
0 0 68.7669 0 27.5186 a b -1.57881 3 0
0 0 68.7391 0 27.5187 a b -1.57685 3 0
0 0 68.7134 0 27.5175 a b -1.57619 3 0
0 0 68.6852 0 27.518 a b -1.57551 3 0
0 0 68.6589 0 27.5199 a b -1.57404 3 0
0 0 68.6335 0 27.5199 a b -1.57358 3 0
0 0 68.6066 0 27.5211 a b -1.57246 3 0
0 0 68.5789 0 27.5209 a b -1.57055 3 0
0 0 68.546 0 27.5193 a b -1.56977 3 0
0 0 68.5177 0 27.5185 a b -1.5699 3 0
0 0 68.4895 0 27.5201 a b -1.56876 3 0
0 0 68.4553 0 27.525 a b -1.56858 3 0
0 0 68.4196 0 27.528 a b -1.5666 3 0
0 0 68.387 0 27.5238 a b -1.56581 3 0
0 0 68.3566 0 27.5255 a b -1.56507 3 0
0 0 68.3255 0 27.5266 a b -1.5632 3 0
0 0 68.2927 0 27.525 a b -1.56328 3 0
0 0 68.2641 0 27.5248 a b -1.56332 3 0
0 0 68.2372 0 27.5228 a b -1.56167 3 0
0 0 68.2111 0 27.5231 a b -1.56196 3 0
0 0 68.1898 0 27.5246 a b -1.56261 3 0
0 0 68.1614 0 27.5266 a b -1.55957 3 0
0 0 68.1318 0 27.5259 a b -1.55808 3 0
0 0 68.1072 0 27.5235 a b -1.56041 3 0
0 0 68.078 0 27.5252 a b -1.55981 3 0
0 0 68.0499 0 27.5252 a b -1.55663 3 0
0 0 68.0222 0 27.5233 a b -1.55667 3 0
0 0 67.9887 0 27.524 a b -1.55815 3 0
0 0 67.9566 0 27.5247 a b -1.5577 3 0
0 0 67.9259 0 27.5249 a b -1.55727 3 0
0 0 67.8937 0 27.5269 a b -1.5556 3 0
0 0 67.8587 0 27.5268 a b -1.55513 3 0
0 0 67.8281 0 27.5235 a b -1.55611 3 0
0 0 67.7977 0 27.5258 a b -1.55482 3 0
0 0 67.7675 0 27.5264 a b -1.5537 3 0
0 0 67.7408 0 27.5233 a b -1.55539 3 0
0 0 67.7166 0 27.5193 a b -1.55516 3 0
0 0 67.6894 0 27.5225 a b -1.55358 3 0
0 0 67.6613 0 27.523 a b -1.55415 3 0
0 0 67.636 0 27.5236 a b -1.55396 3 0
0 0 67.6129 0 27.5207 a b -1.55336 3 0
0 0 67.5853 0 27.523 a b -1.55106 3 0
0 0 67.5508 0 27.522 a b -1.55226 3 0
0 0 67.5184 0 27.5205 a b -1.55191 3 0
0 0 67.4872 0 27.522 a b -1.55012 3 0
0 0 67.4543 0 27.5254 a b -1.55134 3 0
0 0 67.4208 0 27.523 a b -1.55252 3 0
0 0 67.3871 0 27.5201 a b -1.5526 3 0
0 0 67.3547 0 27.5245 a b -1.55093 3 0
0 0 67.3247 0 27.527 a b -1.55471 3 0
0 0 67.2993 0 27.5256 a b -1.5587 3 0
0 0 67.2695 0 27.5274 a b -1.56075 3 0
0 0 67.2421 0 27.5288 a b -1.56375 3 0
0 0 67.2157 0 27.5294 a b -1.56959 3 0
0 0 67.1875 0 27.5304 a b -1.57598 3 0
0 0 67.1616 0 27.5292 a b -1.58065 3 0
0 0 67.1384 0 27.532 a b -1.58307 3 0
0 0 67.115 0 27.5322 a b -1.58606 3 0
0 0 67.0865 0 27.5284 a b -1.58882 3 0
0 0 67.0577 0 27.5332 a b -1.59047 3 0
0 0 67.0318 0 27.5337 a b -1.59168 3 0
0 0 67.0056 0 27.5355 a b -1.59121 3 0
0 0 66.9793 0 27.535 a b -1.59209 3 0
0 0 66.9491 0 27.5327 a b -1.59288 3 0
0 0 66.9195 0 27.531 a b -1.59026 3 0
0 0 66.8865 0 27.5267 a b -1.58914 3 0
0 0 66.8536 0 27.5238 a b -1.58761 3 0
0 0 66.8229 0 27.5248 a b -1.58543 3 0
0 0 66.7933 0 27.529 a b -1.5849 3 0
0 0 66.7586 0 27.5266 a b -1.5837 3 0
0 0 66.7275 0 27.524 a b -1.58246 3 0
0 0 66.6947 0 27.5269 a b -1.58219 3 0
0 0 66.6652 0 27.5259 a b -1.58204 3 0
0 0 66.6366 0 27.5228 a b -1.58072 3 0
0 0 66.6076 0 27.5234 a b -1.5817 3 0
0 0 66.5755 0 27.5214 a b -1.57981 3 0
0 0 66.5492 0 27.5206 a b -1.57844 3 0
0 0 66.5249 0 27.5231 a b -1.5788 3 0
0 0 66.4966 0 27.5255 a b -1.57808 3 0
0 0 66.4661 0 27.5229 a b -1.57493 3 0
0 0 66.4369 0 27.518 a b -1.57319 3 0
0 0 66.411 0 27.5188 a b -1.57357 3 0
0 0 66.3826 0 27.5186 a b -1.5732 3 0
0 0 66.3521 0 27.522 a b -1.57176 3 0
0 0 66.3255 0 27.5192 a b -1.5696 3 0
0 0 66.2922 0 27.5215 a b -1.57046 3 0
0 0 66.2631 0 27.5201 a b -1.56971 3 0
0 0 66.233 0 27.5203 a b -1.56998 3 0
0 0 66.2035 0 27.5192 a b -1.56822 3 0
0 0 66.1732 0 27.5191 a b -1.56892 3 0
0 0 66.1421 0 27.5196 a b -1.56821 3 0
0 0 66.1144 0 27.5197 a b -1.5679 3 0
0 0 66.0858 0 27.5202 a b -1.56794 3 0
0 0 66.0569 0 27.5208 a b -1.56771 3 0
0 0 66.0254 0 27.5217 a b -1.56566 3 0
0 0 65.9957 0 27.5208 a b -1.56644 3 0
0 0 65.9644 0 27.5211 a b -1.56663 3 0
0 0 65.9382 0 27.5184 a b -1.56573 3 0
0 0 65.9102 0 27.5175 a b -1.56542 3 0
0 0 65.8818 0 27.5209 a b -1.56425 3 0
0 0 65.8515 0 27.5218 a b -1.56367 3 0
0 0 65.8223 0 27.5206 a b -1.56439 3 0
0 0 65.7931 0 27.5235 a b -1.5627 3 0
0 0 65.7616 0 27.5184 a b -1.56297 3 0
0 0 65.7325 0 27.5172 a b -1.56402 3 0
0 0 65.7073 0 27.5221 a b -1.56343 3 0
0 0 65.6796 0 27.5224 a b -1.5603 3 0
0 0 65.6493 0 27.52 a b -1.5598 3 0
0 0 65.6192 0 27.5201 a b -1.56089 3 0
0 0 65.5928 0 27.5195 a b -1.56118 3 0
0 0 65.5645 0 27.5198 a b -1.56012 3 0
0 0 65.534 0 27.5214 a b -1.55741 3 0
0 0 65.5018 0 27.5186 a b -1.55763 3 0
0 0 65.4712 0 27.5203 a b -1.55854 3 0
0 0 65.4421 0 27.5208 a b -1.55849 3 0
0 0 65.415 0 27.5224 a b -1.55777 3 0
0 0 65.3837 0 27.5202 a b -1.55701 3 0
0 0 65.3542 0 27.5218 a b -1.55734 3 0
0 0 65.3253 0 27.5208 a b -1.55671 3 0
0 0 65.2983 0 27.5183 a b -1.55578 3 0
0 0 65.2735 0 27.5267 a b -1.55772 3 0
0 0 65.2409 0 27.5295 a b -1.55558 3 0
0 0 65.2114 0 27.527 a b -1.55675 3 0
0 0 65.1838 0 27.5273 a b -1.55809 3 0
0 0 65.1508 0 27.5275 a b -1.55801 3 0
0 0 65.1208 0 27.5269 a b -1.56263 3 0
0 0 65.0917 0 27.529 a b -1.56818 3 0
0 0 65.0606 0 27.5331 a b -1.57022 3 0
0 0 65.0267 0 27.5309 a b -1.57394 3 0
0 0 64.996 0 27.5301 a b -1.58018 3 0
0 0 64.9641 0 27.5301 a b -1.58437 3 0
0 0 64.9357 0 27.5299 a b -1.58881 3 0
0 0 64.9075 0 27.5309 a b -1.59287 3 0
0 0 64.8801 0 27.5328 a b -1.59578 3 0
0 0 64.8527 0 27.5329 a b -1.59693 3 0
0 0 64.8264 0 27.53 a b -1.60031 3 0
0 0 64.8006 0 27.5303 a b -1.60488 3 0
0 0 64.7769 0 27.5303 a b -1.60798 3 0
0 0 64.7516 0 27.53 a b -1.60874 3 0
0 0 64.726 0 27.5309 a b -1.6106 3 0
0 0 64.6976 0 27.5319 a b -1.6139 3 0
0 0 64.6684 0 27.5331 a b -1.61792 3 0
0 0 64.643 0 27.5324 a b -1.62184 3 0
0 0 64.6143 0 27.5307 a b -1.62352 3 0
0 0 64.583 0 27.5315 a b -1.62591 3 0
0 0 64.5554 0 27.53 a b -1.6316 3 0
0 0 64.523 0 27.527 a b -1.63515 3 0
0 0 64.4949 0 27.5274 a b -1.63563 3 0
0 0 64.4664 0 27.526 a b -1.63582 3 0
0 0 64.4368 0 27.5245 a b -1.63628 3 0
0 0 64.4127 0 27.5207 a b -1.63412 3 0
0 0 64.3842 0 27.5194 a b -1.63215 3 0
0 0 64.3568 0 27.5184 a b -1.63147 3 0
0 0 64.329 0 27.5182 a b -1.63053 3 0
0 0 64.2994 0 27.5157 a b -1.62964 3 0
0 0 64.2683 0 27.5143 a b -1.62718 3 0
0 0 64.2401 0 27.5122 a b -1.62493 3 0
0 0 64.2065 0 27.512 a b -1.62557 3 0
0 0 64.1765 0 27.5068 a b -1.625 3 0
0 0 64.1479 0 27.5053 a b -1.622 3 0
0 0 64.1174 0 27.5069 a b -1.6216 3 0
0 0 64.0871 0 27.5069 a b -1.6212 3 0
0 0 64.056 0 27.5055 a b -1.61814 3 0
0 0 64.0269 0 27.5047 a b -1.61704 3 0
0 0 63.9987 0 27.5027 a b -1.61736 3 0
0 0 63.969 0 27.5037 a b -1.61572 3 0
0 0 63.9395 0 27.5016 a b -1.61426 3 0
0 0 63.9147 0 27.4979 a b -1.61324 3 0
0 0 63.886 0 27.4954 a b -1.6127 3 0
0 0 63.8568 0 27.495 a b -1.61198 3 0
0 0 63.8254 0 27.4927 a b -1.61066 3 0
0 0 63.8015 0 27.4924 a b -1.60814 3 0
0 0 63.7709 0 27.4924 a b -1.60851 3 0
0 0 63.7412 0 27.4905 a b -1.60856 3 0
0 0 63.7127 0 27.4901 a b -1.60641 3 0
0 0 63.6859 0 27.4926 a b -1.60449 3 0
0 0 63.6526 0 27.4936 a b -1.60584 3 0
0 0 63.6208 0 27.4891 a b -1.60315 3 0
0 0 63.5914 0 27.4895 a b -1.6014 3 0
0 0 63.5607 0 27.4882 a b -1.60028 3 0
0 0 63.5331 0 27.4894 a b -1.60064 3 0
0 0 63.5002 0 27.4899 a b -1.60037 3 0
0 0 63.4705 0 27.4887 a b -1.5978 3 0
0 0 63.4419 0 27.4856 a b -1.59623 3 0
0 0 63.4123 0 27.4859 a b -1.59715 3 0
0 0 63.3804 0 27.4834 a b -1.59587 3 0
0 0 63.3536 0 27.4837 a b -1.59388 3 0
0 0 63.3273 0 27.4841 a b -1.59389 3 0
0 0 63.3013 0 27.4852 a b -1.59299 3 0
0 0 63.2747 0 27.4823 a b -1.59075 3 0
0 0 63.2489 0 27.4837 a b -1.58948 3 0
0 0 63.219 0 27.4826 a b -1.58898 3 0
0 0 63.1895 0 27.482 a b -1.58803 3 0
0 0 63.1584 0 27.4809 a b -1.58628 3 0
0 0 63.1281 0 27.4808 a b -1.58534 3 0
0 0 63.0986 0 27.4817 a b -1.58566 3 0
0 0 63.0679 0 27.4809 a b -1.58546 3 0
0 0 63.036 0 27.482 a b -1.58441 3 0
0 0 63.0069 0 27.477 a b -1.58198 3 0
0 0 62.979 0 27.4761 a b -1.58114 3 0
0 0 62.9483 0 27.4776 a b -1.58182 3 0
0 0 62.9169 0 27.4786 a b -1.58069 3 0
0 0 62.8905 0 27.4774 a b -1.57904 3 0
0 0 62.8617 0 27.4789 a b -1.57826 3 0
0 0 62.8314 0 27.4775 a b -1.57746 3 0
0 0 62.7997 0 27.4778 a b -1.5759 3 0
0 0 62.7706 0 27.4787 a b -1.57433 3 0
0 0 62.7442 0 27.4805 a b -1.57329 3 0
0 0 62.716 0 27.4786 a b -1.57367 3 0
0 0 62.6858 0 27.4796 a b -1.5721 3 0
0 0 62.6602 0 27.4833 a b -1.57009 3 0
0 0 62.6338 0 27.4857 a b -1.57091 3 0
0 0 62.6012 0 27.4842 a b -1.56998 3 0
0 0 62.5746 0 27.4846 a b -1.56802 3 0
0 0 62.5473 0 27.4858 a b -1.56774 3 0
0 0 62.517 0 27.4875 a b -1.56693 3 0
0 0 62.4857 0 27.4862 a b -1.5644 3 0
0 0 62.4531 0 27.4853 a b -1.56351 3 0
0 0 62.4236 0 27.4877 a b -1.56291 3 0
0 0 62.395 0 27.4857 a b -1.56176 3 0
0 0 62.363 0 27.4815 a b -1.56032 3 0
0 0 62.3325 0 27.481 a b -1.55958 3 0
0 0 62.3033 0 27.4837 a b -1.55811 3 0
0 0 62.2747 0 27.4862 a b -1.55807 3 0
0 0 62.2482 0 27.4864 a b -1.55679 3 0
0 0 62.2196 0 27.4829 a b -1.55425 3 0
0 0 62.191 0 27.4826 a b -1.55402 3 0
0 0 62.1656 0 27.4875 a b -1.55499 3 0
0 0 62.1343 0 27.4873 a b -1.55203 3 0
0 0 62.104 0 27.4866 a b -1.55058 3 0
0 0 62.0746 0 27.4898 a b -1.55179 3 0
0 0 62.0488 0 27.4915 a b -1.55014 3 0
0 0 62.0169 0 27.4902 a b -1.54834 3 0
0 0 61.9869 0 27.4863 a b -1.54823 3 0
0 0 61.9588 0 27.4867 a b -1.54862 3 0
0 0 61.9278 0 27.4883 a b -1.54803 3 0
0 0 61.9025 0 27.4895 a b -1.54698 3 0
0 0 61.874 0 27.4887 a b -1.54539 3 0
0 0 61.8131 0 27.4882 a b -1.54656 3 0
0 0 61.7814 0 27.4874 a b -1.54503 3 0
0 0 61.75 0 27.4893 a b -1.54531 3 0
0 0 61.7202 0 27.488 a b -1.5477 3 0
0 0 61.6886 0 27.4888 a b -1.54853 3 0
0 0 61.6584 0 27.4884 a b -1.5504 3 0
0 0 61.6314 0 27.4904 a b -1.5565 3 0
0 0 61.6045 0 27.4941 a b -1.56 3 0
0 0 61.5751 0 27.4967 a b -1.56246 3 0
0 0 61.549 0 27.5011 a b -1.56687 3 0
0 0 61.523 0 27.5029 a b -1.57347 3 0
0 0 61.4958 0 27.502 a b -1.57603 3 0
0 0 61.4701 0 27.501 a b -1.57809 3 0
0 0 61.4465 0 27.5046 a b -1.57763 3 0
0 0 61.4201 0 27.5057 a b -1.57991 3 0
0 0 61.3925 0 27.5073 a b -1.58088 3 0
0 0 61.3648 0 27.5082 a b -1.57908 3 0
0 0 61.3379 0 27.5072 a b -1.57768 3 0
0 0 61.3072 0 27.5077 a b -1.57668 3 0
0 0 61.2789 0 27.5098 a b -1.57619 3 0
0 0 61.2487 0 27.508 a b -1.57418 3 0
0 0 61.2169 0 27.5094 a b -1.57255 3 0
0 0 61.186 0 27.5092 a b -1.57204 3 0
0 0 61.1552 0 27.5086 a b -1.57081 3 0
0 0 61.1259 0 27.5116 a b -1.5689 3 0
0 0 61.0947 0 27.5114 a b -1.56651 3 0
0 0 61.0651 0 27.5101 a b -1.56607 3 0
0 0 61.0364 0 27.5103 a b -1.56704 3 0
0 0 61.0033 0 27.5124 a b -1.56354 3 0
0 0 60.9756 0 27.5151 a b -1.5619 3 0
0 0 60.9474 0 27.5135 a b -1.56317 3 0
0 0 60.9215 0 27.5111 a b -1.56236 3 0
