0 0 108.219 0 26.8916 a b 1.56738 3 0
0 0 108.252 0 26.8919 a b 1.56798 3 0
0 0 108.286 0 26.8922 a b 1.56593 3 0
0 0 108.316 0 26.8953 a b 1.56367 3 0
0 0 108.345 0 26.8939 a b 1.5614 3 0
0 0 108.373 0 26.8927 a b 1.56207 3 0
0 0 108.4 0 26.8938 a b 1.56188 3 0
0 0 108.43 0 26.8926 a b 1.55893 3 0
0 0 108.457 0 26.8972 a b 1.55662 3 0
0 0 108.483 0 26.8939 a b 1.55499 3 0
0 0 108.505 0 26.8921 a b 1.55532 3 0
0 0 108.529 0 26.8934 a b 1.5569 3 0
0 0 108.561 0 26.8921 a b 1.55494 3 0
0 0 108.591 0 26.8924 a b 1.55155 3 0
0 0 108.618 0 26.8935 a b 1.55174 3 0
0 0 108.647 0 26.8963 a b 1.55359 3 0
0 0 108.675 0 26.8969 a b 1.55231 3 0
0 0 108.701 0 26.8993 a b 1.55132 3 0
0 0 108.729 0 26.8979 a b 1.55214 3 0
0 0 108.761 0 26.8973 a b 1.55161 3 0
0 0 108.791 0 26.8973 a b 1.55154 3 0
0 0 108.818 0 26.8982 a b 1.55125 3 0
0 0 108.848 0 26.8961 a b 1.55096 3 0
0 0 108.876 0 26.8945 a b 1.55134 3 0
0 0 108.906 0 26.8946 a b 1.55195 3 0
0 0 108.936 0 26.8962 a b 1.55192 3 0
0 0 108.964 0 26.8936 a b 1.55095 3 0
0 0 108.992 0 26.8911 a b 1.55306 3 0
0 0 109.022 0 26.8922 a b 1.55407 3 0
0 0 109.049 0 26.8909 a b 1.55409 3 0
0 0 109.075 0 26.8884 a b 1.55616 3 0
0 0 109.1 0 26.8901 a b 1.56071 3 0
0 0 109.128 0 26.8944 a b 1.56398 3 0
0 0 109.153 0 26.8891 a b 1.56644 3 0
0 0 109.18 0 26.888 a b 1.57246 3 0
0 0 109.206 0 26.8897 a b 1.57872 3 0
0 0 109.234 0 26.8917 a b 1.58304 3 0
0 0 109.261 0 26.889 a b 1.58566 3 0
0 0 109.29 0 26.8863 a b 1.59217 3 0
0 0 109.319 0 26.8877 a b 1.59887 3 0
0 0 109.351 0 26.8892 a b 1.60439 3 0
0 0 109.381 0 26.8869 a b 1.60992 3 0
0 0 109.414 0 26.8882 a b 1.61453 3 0
0 0 109.443 0 26.8867 a b 1.61712 3 0
0 0 109.476 0 26.8849 a b 1.61735 3 0
0 0 109.508 0 26.8833 a b 1.61777 3 0
0 0 109.54 0 26.8823 a b 1.6192 3 0
0 0 109.57 0 26.8798 a b 1.61931 3 0
0 0 109.599 0 26.8806 a b 1.61949 3 0
0 0 109.63 0 26.8774 a b 1.61783 3 0
0 0 109.658 0 26.8742 a b 1.61888 3 0
0 0 109.683 0 26.873 a b 1.61786 3 0
0 0 109.711 0 26.8726 a b 1.61769 3 0
0 0 109.739 0 26.8725 a b 1.61881 3 0
0 0 109.765 0 26.8743 a b 1.61883 3 0
0 0 109.791 0 26.8728 a b 1.61661 3 0
0 0 109.825 0 26.8703 a b 1.61657 3 0
0 0 109.853 0 26.8713 a b 1.6168 3 0
0 0 109.884 0 26.8701 a b 1.61554 3 0
0 0 109.92 0 26.8669 a b 1.61519 3 0
0 0 109.953 0 26.867 a b 1.61311 3 0
0 0 109.983 0 26.8654 a b 1.61203 3 0
0 0 110.012 0 26.863 a b 1.61065 3 0
0 0 110.042 0 26.8625 a b 1.61035 3 0
0 0 110.071 0 26.8621 a b 1.60964 3 0
0 0 110.097 0 26.8616 a b 1.60704 3 0
0 0 110.122 0 26.8624 a b 1.60612 3 0
0 0 110.15 0 26.8595 a b 1.60749 3 0
0 0 110.175 0 26.8582 a b 1.60512 3 0
0 0 110.201 0 26.8599 a b 1.60371 3 0
0 0 110.229 0 26.856 a b 1.60386 3 0
0 0 110.256 0 26.8549 a b 1.60299 3 0
0 0 110.284 0 26.8542 a b 1.60011 3 0
0 0 110.315 0 26.8538 a b 1.60019 3 0
0 0 110.35 0 26.8522 a b 1.59922 3 0
0 0 110.386 0 26.8522 a b 1.59841 3 0
0 0 110.415 0 26.8512 a b 1.59645 3 0
0 0 110.448 0 26.8485 a b 1.59462 3 0
0 0 110.479 0 26.8466 a b 1.59458 3 0
0 0 110.508 0 26.8456 a b 1.59353 3 0
0 0 110.537 0 26.8453 a b 1.59402 3 0
0 0 110.565 0 26.8406 a b 1.59267 3 0
0 0 110.588 0 26.8406 a b 1.58883 3 0
0 0 110.614 0 26.8409 a b 1.58886 3 0
0 0 110.641 0 26.8393 a b 1.58924 3 0
0 0 110.671 0 26.836 a b 1.58678 3 0
0 0 110.698 0 26.8387 a b 1.58372 3 0
0 0 110.73 0 26.8376 a b 1.58441 3 0
0 0 110.755 0 26.8337 a b 1.58354 3 0
0 0 110.786 0 26.83 a b 1.5803 3 0
0 0 110.817 0 26.8357 a b 1.5808 3 0
0 0 110.846 0 26.8372 a b 1.58131 3 0
0 0 110.874 0 26.833 a b 1.58067 3 0
0 0 110.905 0 26.8351 a b 1.57832 3 0
0 0 110.94 0 26.8384 a b 1.57734 3 0
0 0 110.971 0 26.8404 a b 1.57747 3 0
0 0 110.999 0 26.84 a b 1.57628 3 0
0 0 111.028 0 26.8398 a b 1.575 3 0
0 0 111.056 0 26.8391 a b 1.57406 3 0
0 0 111.086 0 26.84 a b 1.57154 3 0
0 0 111.116 0 26.8376 a b 1.57112 3 0
0 0 111.146 0 26.8364 a b 1.56915 3 0
0 0 111.176 0 26.8392 a b 1.56868 3 0
0 0 111.208 0 26.84 a b 1.5674 3 0
0 0 111.234 0 26.8387 a b 1.56473 3 0
0 0 111.26 0 26.8395 a b 1.56474 3 0
0 0 111.289 0 26.841 a b 1.5637 3 0
0 0 111.315 0 26.8388 a b 1.56317 3 0
0 0 111.338 0 26.8363 a b 1.56188 3 0
0 0 111.362 0 26.8382 a b 1.56218 3 0
0 0 111.388 0 26.8375 a b 1.56232 3 0
0 0 111.412 0 26.8361 a b 1.56712 3 0
0 0 111.44 0 26.8332 a b 1.57481 3 0
0 0 111.473 0 26.8328 a b 1.58128 3 0
0 0 111.503 0 26.8341 a b 1.58695 3 0
0 0 111.536 0 26.8333 a b 1.59472 3 0
0 0 111.568 0 26.8308 a b 1.60067 3 0
0 0 111.602 0 26.8297 a b 1.60447 3 0
0 0 111.635 0 26.8285 a b 1.60672 3 0
0 0 111.67 0 26.83 a b 1.60611 3 0
0 0 111.704 0 26.8312 a b 1.60634 3 0
0 0 111.734 0 26.8295 a b 1.60651 3 0
0 0 111.762 0 26.8281 a b 1.60611 3 0
0 0 111.787 0 26.8287 a b 1.6047 3 0
0 0 111.813 0 26.8281 a b 1.60562 3 0
0 0 111.838 0 26.829 a b 1.60385 3 0
0 0 111.863 0 26.8295 a b 1.60397 3 0
0 0 111.891 0 26.8286 a b 1.60309 3 0
0 0 111.921 0 26.8281 a b 1.60263 3 0
0 0 111.949 0 26.8286 a b 1.60121 3 0
0 0 111.979 0 26.8274 a b 1.60004 3 0
0 0 112.013 0 26.8259 a b 1.59899 3 0
0 0 112.044 0 26.8227 a b 1.59619 3 0
0 0 112.076 0 26.8209 a b 1.59516 3 0
0 0 112.107 0 26.8197 a b 1.59505 3 0
0 0 112.138 0 26.8196 a b 1.59438 3 0
0 0 112.166 0 26.8202 a b 1.59333 3 0
0 0 112.196 0 26.8206 a b 1.59094 3 0
0 0 112.226 0 26.82 a b 1.58933 3 0
0 0 112.252 0 26.8166 a b 1.5896 3 0
0 0 112.28 0 26.8175 a b 1.58907 3 0
0 0 112.307 0 26.8189 a b 1.58695 3 0
0 0 112.333 0 26.8195 a b 1.58409 3 0
0 0 112.361 0 26.8183 a b 1.58159 3 0
0 0 112.385 0 26.8142 a b 1.58132 3 0
0 0 112.411 0 26.8122 a b 1.58127 3 0
0 0 112.435 0 26.8132 a b 1.57923 3 0
0 0 112.457 0 26.8159 a b 1.57655 3 0
0 0 112.483 0 26.8139 a b 1.57637 3 0
0 0 112.513 0 26.8138 a b 1.57538 3 0
0 0 112.544 0 26.8127 a b 1.57495 3 0
0 0 112.577 0 26.8166 a b 1.5726 3 0
0 0 112.607 0 26.8158 a b 1.57103 3 0
0 0 112.648 0 26.8169 a b 1.57009 3 0
0 0 112.681 0 26.8145 a b 1.56803 3 0
0 0 112.718 0 26.8155 a b 1.56612 3 0
0 0 112.751 0 26.8154 a b 1.56576 3 0
0 0 112.78 0 26.8172 a b 1.56428 3 0
0 0 112.813 0 26.8179 a b 1.56091 3 0
0 0 112.837 0 26.8167 a b 1.55994 3 0
0 0 112.864 0 26.8154 a b 1.55893 3 0
0 0 112.89 0 26.8151 a b 1.55939 3 0
0 0 112.912 0 26.8174 a b 1.55744 3 0
0 0 112.936 0 26.8205 a b 1.5539 3 0
0 0 112.961 0 26.8202 a b 1.5538 3 0
0 0 112.987 0 26.818 a b 1.55346 3 0
0 0 113.016 0 26.8203 a b 1.55132 3 0
0 0 113.045 0 26.8206 a b 1.5509 3 0
0 0 113.078 0 26.8206 a b 1.55034 3 0
0 0 113.112 0 26.8211 a b 1.54837 3 0
0 0 113.142 0 26.8219 a b 1.54729 3 0
0 0 113.18 0 26.8241 a b 1.54618 3 0
0 0 113.21 0 26.8239 a b 1.54672 3 0
0 0 113.242 0 26.8229 a b 1.54903 3 0
0 0 113.269 0 26.8242 a b 1.5496 3 0
0 0 113.298 0 26.8269 a b 1.54986 3 0
0 0 113.326 0 26.8245 a b 1.55292 3 0
0 0 113.349 0 26.8295 a b 1.55497 3 0
0 0 113.373 0 26.8282 a b 1.5609 3 0
0 0 113.393 0 26.8259 a b 1.56308 3 0
0 0 113.417 0 26.8264 a b 1.56558 3 0
0 0 113.439 0 26.8245 a b 1.56979 3 0
0 0 113.458 0 26.8228 a b 1.57337 3 0
0 0 113.488 0 26.822 a b 1.57869 3 0
0 0 113.518 0 26.8228 a b 1.5837 3 0
0 0 113.547 0 26.8231 a b 1.58731 3 0
0 0 113.578 0 26.8216 a b 1.59411 3 0
0 0 113.611 0 26.8201 a b 1.59635 3 0
0 0 113.648 0 26.8171 a b 1.60083 3 0
0 0 113.68 0 26.8156 a b 1.60312 3 0
0 0 113.715 0 26.8148 a b 1.60222 3 0
0 0 113.75 0 26.8138 a b 1.6012 3 0
0 0 113.781 0 26.8161 a b 1.60178 3 0
0 0 113.806 0 26.8191 a b 1.5995 3 0
0 0 113.833 0 26.8164 a b 1.59929 3 0
0 0 113.861 0 26.8181 a b 1.60044 3 0
0 0 113.885 0 26.8194 a b 1.59765 3 0
0 0 113.908 0 26.818 a b 1.59666 3 0
0 0 113.93 0 26.815 a b 1.59658 3 0
0 0 113.954 0 26.8138 a b 1.59358 3 0
0 0 113.978 0 26.8157 a b 1.593 3 0
0 0 114.001 0 26.8145 a b 1.59364 3 0
0 0 114.029 0 26.814 a b 1.59208 3 0
0 0 114.059 0 26.8132 a b 1.58991 3 0
0 0 114.094 0 26.8137 a b 1.59001 3 0
0 0 114.127 0 26.8132 a b 1.58967 3 0
0 0 114.155 0 26.8106 a b 1.58836 3 0
0 0 114.187 0 26.8142 a b 1.58498 3 0
0 0 114.22 0 26.8123 a b 1.58497 3 0
0 0 114.253 0 26.8106 a b 1.58474 3 0
0 0 114.281 0 26.8099 a b 1.58386 3 0
0 0 114.308 0 26.8139 a b 1.57989 3 0
0 0 114.335 0 26.8152 a b 1.58011 3 0
0 0 114.364 0 26.8142 a b 1.57974 3 0
0 0 114.392 0 26.8114 a b 1.57742 3 0
0 0 114.42 0 26.8121 a b 1.57588 3 0
0 0 114.446 0 26.812 a b 1.57481 3 0
0 0 114.471 0 26.8105 a b 1.57505 3 0
0 0 114.497 0 26.8096 a b 1.57265 3 0
0 0 114.526 0 26.81 a b 1.57189 3 0
0 0 114.555 0 26.8095 a b 1.57256 3 0
0 0 114.584 0 26.804 a b 1.56936 3 0
0 0 114.619 0 26.8058 a b 1.56697 3 0
0 0 114.649 0 26.809 a b 1.57001 3 0
0 0 114.677 0 26.8114 a b 1.56868 3 0
0 0 114.706 0 26.8127 a b 1.56441 3 0
0 0 114.734 0 26.812 a b 1.56665 3 0
0 0 114.766 0 26.8101 a b 1.57149 3 0
0 0 114.794 0 26.8098 a b 1.57398 3 0
0 0 114.823 0 26.8096 a b 1.57551 3 0
0 0 114.849 0 26.8074 a b 1.57639 3 0
0 0 114.875 0 26.81 a b 1.57813 3 0
0 0 114.903 0 26.8092 a b 1.58127 3 0
0 0 114.929 0 26.8083 a b 1.5847 3 0
0 0 114.957 0 26.8057 a b 1.58785 3 0
0 0 114.983 0 26.7984 a b 1.58671 3 0
0 0 115.011 0 26.7969 a b 1.58853 3 0
0 0 115.038 0 26.7953 a b 1.59465 3 0
0 0 115.065 0 26.797 a b 1.59946 3 0
0 0 115.096 0 26.795 a b 1.60079 3 0
0 0 115.125 0 26.7912 a b 1.60357 3 0
0 0 115.159 0 26.7924 a b 1.60771 3 0
0 0 115.19 0 26.7896 a b 1.61277 3 0
0 0 115.22 0 26.7863 a b 1.61574 3 0
0 0 115.25 0 26.7819 a b 1.62034 3 0
0 0 115.279 0 26.7807 a b 1.6264 3 0
0 0 115.311 0 26.7808 a b 1.62936 3 0
0 0 115.345 0 26.7773 a b 1.63093 3 0
0 0 115.374 0 26.7724 a b 1.63502 3 0
0 0 115.397 0 26.7689 a b 1.63908 3 0
0 0 115.428 0 26.7679 a b 1.64267 3 0
0 0 115.456 0 26.77 a b 1.646 3 0
0 0 115.481 0 26.7708 a b 1.64825 3 0
0 0 115.506 0 26.7667 a b 1.6519 3 0
0 0 115.53 0 26.7644 a b 1.65682 3 0
0 0 115.557 0 26.7629 a b 1.65956 3 0
0 0 115.583 0 26.7627 a b 1.66177 3 0
0 0 115.612 0 26.7651 a b 1.66397 3 0
0 0 115.642 0 26.7633 a b 1.66511 3 0
0 0 115.672 0 26.761 a b 1.66668 3 0
0 0 115.701 0 26.7599 a b 1.66617 3 0
0 0 115.733 0 26.7533 a b 1.66829 3 0
