0 0 115.733 0 26.7533 a b -1.4733 3 0
0 0 115.701 0 26.7599 a b -1.47542 3 0
0 0 115.672 0 26.761 a b -1.47491 3 0
0 0 115.642 0 26.7633 a b -1.47649 3 0
0 0 115.612 0 26.7651 a b -1.47762 3 0
0 0 115.583 0 26.7627 a b -1.47982 3 0
0 0 115.557 0 26.7629 a b -1.48203 3 0
0 0 115.53 0 26.7644 a b -1.48477 3 0
0 0 115.506 0 26.7667 a b -1.48969 3 0
0 0 115.481 0 26.7708 a b -1.49334 3 0
0 0 115.456 0 26.77 a b -1.49559 3 0
0 0 115.428 0 26.7679 a b -1.49893 3 0
0 0 115.397 0 26.7689 a b -1.50251 3 0
0 0 115.374 0 26.7724 a b -1.50658 3 0
0 0 115.345 0 26.7773 a b -1.51066 3 0
0 0 115.311 0 26.7808 a b -1.51223 3 0
0 0 115.279 0 26.7807 a b -1.5152 3 0
0 0 115.25 0 26.7819 a b -1.52126 3 0
0 0 115.22 0 26.7863 a b -1.52585 3 0
0 0 115.19 0 26.7896 a b -1.52883 3 0
0 0 115.159 0 26.7924 a b -1.53388 3 0
0 0 115.125 0 26.7912 a b -1.53802 3 0
0 0 115.096 0 26.795 a b -1.5408 3 0
0 0 115.065 0 26.797 a b -1.54213 3 0
0 0 115.038 0 26.7953 a b -1.54694 3 0
0 0 115.011 0 26.7969 a b -1.55306 3 0
0 0 114.983 0 26.7984 a b -1.55488 3 0
0 0 114.957 0 26.8057 a b -1.55374 3 0
0 0 114.929 0 26.8083 a b -1.55689 3 0
0 0 114.903 0 26.8092 a b -1.56032 3 0
0 0 114.875 0 26.81 a b -1.56346 3 0
0 0 114.849 0 26.8074 a b -1.5652 3 0
0 0 114.823 0 26.8096 a b -1.56608 3 0
0 0 114.794 0 26.8098 a b -1.56761 3 0
0 0 114.766 0 26.8101 a b -1.5701 3 0
0 0 114.734 0 26.812 a b -1.57495 3 0
0 0 114.706 0 26.8127 a b -1.57719 3 0
0 0 114.677 0 26.8114 a b -1.57292 3 0
0 0 114.649 0 26.809 a b -1.57159 3 0
0 0 114.619 0 26.8058 a b -1.57462 3 0
0 0 114.584 0 26.804 a b -1.57223 3 0
0 0 114.555 0 26.8095 a b -1.56903 3 0
0 0 114.526 0 26.81 a b -1.5697 3 0
0 0 114.497 0 26.8096 a b -1.56894 3 0
0 0 114.471 0 26.8105 a b -1.56654 3 0
0 0 114.446 0 26.812 a b -1.56678 3 0
0 0 114.42 0 26.8121 a b -1.56572 3 0
0 0 114.392 0 26.8114 a b -1.56417 3 0
0 0 114.364 0 26.8142 a b -1.56185 3 0
0 0 114.335 0 26.8152 a b -1.56148 3 0
0 0 114.308 0 26.8139 a b -1.5617 3 0
0 0 114.281 0 26.8099 a b -1.55773 3 0
0 0 114.253 0 26.8106 a b -1.55685 3 0
0 0 114.22 0 26.8123 a b -1.55662 3 0
0 0 114.187 0 26.8142 a b -1.55661 3 0
0 0 114.155 0 26.8106 a b -1.55323 3 0
0 0 114.127 0 26.8132 a b -1.55193 3 0
0 0 114.094 0 26.8137 a b -1.55159 3 0
0 0 114.059 0 26.8132 a b -1.55168 3 0
0 0 114.029 0 26.814 a b -1.54951 3 0
0 0 114.001 0 26.8145 a b -1.54796 3 0
0 0 113.978 0 26.8157 a b -1.5486 3 0
0 0 113.954 0 26.8138 a b -1.54801 3 0
0 0 113.93 0 26.815 a b -1.54501 3 0
0 0 113.908 0 26.818 a b -1.54493 3 0
0 0 113.885 0 26.8194 a b -1.54394 3 0
0 0 113.861 0 26.8181 a b -1.54116 3 0
0 0 113.833 0 26.8164 a b -1.5423 3 0
0 0 113.806 0 26.8191 a b -1.54209 3 0
0 0 113.781 0 26.8161 a b -1.53981 3 0
0 0 113.75 0 26.8138 a b -1.54039 3 0
0 0 113.715 0 26.8148 a b -1.53938 3 0
0 0 113.68 0 26.8156 a b -1.53847 3 0
0 0 113.648 0 26.8171 a b -1.54076 3 0
0 0 113.611 0 26.8201 a b -1.54524 3 0
0 0 113.578 0 26.8216 a b -1.54748 3 0
0 0 113.547 0 26.8231 a b -1.55428 3 0
0 0 113.518 0 26.8228 a b -1.55789 3 0
0 0 113.488 0 26.822 a b -1.5629 3 0
0 0 113.458 0 26.8228 a b -1.56823 3 0
0 0 113.439 0 26.8245 a b -1.5718 3 0
0 0 113.417 0 26.8264 a b -1.57602 3 0
0 0 113.393 0 26.8259 a b -1.57851 3 0
0 0 113.373 0 26.8282 a b -1.58069 3 0
0 0 113.349 0 26.8295 a b -1.58662 3 0
0 0 113.326 0 26.8245 a b -1.58868 3 0
0 0 113.298 0 26.8269 a b -1.59173 3 0
0 0 113.269 0 26.8242 a b -1.59199 3 0
0 0 113.242 0 26.8229 a b -1.59257 3 0
0 0 113.21 0 26.8239 a b -1.59487 3 0
0 0 113.18 0 26.8241 a b -1.59541 3 0
0 0 113.142 0 26.8219 a b -1.5943 3 0
0 0 113.112 0 26.8211 a b -1.59322 3 0
0 0 113.078 0 26.8206 a b -1.59125 3 0
0 0 113.045 0 26.8206 a b -1.59069 3 0
0 0 113.016 0 26.8203 a b -1.59027 3 0
0 0 112.987 0 26.818 a b -1.58813 3 0
0 0 112.961 0 26.8202 a b -1.58779 3 0
0 0 112.936 0 26.8205 a b -1.58769 3 0
0 0 112.912 0 26.8174 a b -1.58415 3 0
0 0 112.89 0 26.8151 a b -1.5822 3 0
0 0 112.864 0 26.8154 a b -1.58267 3 0
0 0 112.837 0 26.8167 a b -1.58166 3 0
0 0 112.813 0 26.8179 a b -1.58068 3 0
0 0 112.78 0 26.8172 a b -1.57731 3 0
0 0 112.751 0 26.8154 a b -1.57584 3 0
0 0 112.718 0 26.8155 a b -1.57547 3 0
0 0 112.681 0 26.8145 a b -1.57356 3 0
0 0 112.648 0 26.8169 a b -1.57151 3 0
0 0 112.607 0 26.8158 a b -1.57056 3 0
0 0 112.577 0 26.8166 a b -1.56899 3 0
0 0 112.544 0 26.8127 a b -1.56664 3 0
0 0 112.513 0 26.8138 a b -1.56621 3 0
0 0 112.483 0 26.8139 a b -1.56522 3 0
0 0 112.457 0 26.8159 a b -1.56505 3 0
0 0 112.435 0 26.8132 a b -1.56236 3 0
0 0 112.411 0 26.8122 a b -1.56032 3 0
0 0 112.385 0 26.8142 a b -1.56027 3 0
0 0 112.361 0 26.8183 a b -1.56 3 0
0 0 112.333 0 26.8195 a b -1.5575 3 0
0 0 112.307 0 26.8189 a b -1.55464 3 0
0 0 112.28 0 26.8175 a b -1.55252 3 0
0 0 112.252 0 26.8166 a b -1.552 3 0
0 0 112.226 0 26.82 a b -1.55226 3 0
0 0 112.196 0 26.8206 a b -1.55065 3 0
0 0 112.166 0 26.8202 a b -1.54826 3 0
0 0 112.138 0 26.8196 a b -1.54722 3 0
0 0 112.107 0 26.8197 a b -1.54654 3 0
0 0 112.076 0 26.8209 a b -1.54643 3 0
0 0 112.044 0 26.8227 a b -1.5454 3 0
0 0 112.013 0 26.8259 a b -1.5426 3 0
0 0 111.979 0 26.8274 a b -1.54155 3 0
0 0 111.949 0 26.8286 a b -1.54039 3 0
0 0 111.921 0 26.8281 a b -1.53896 3 0
0 0 111.891 0 26.8286 a b -1.5385 3 0
0 0 111.863 0 26.8295 a b -1.53762 3 0
0 0 111.838 0 26.829 a b -1.53775 3 0
0 0 111.813 0 26.8281 a b -1.53597 3 0
0 0 111.787 0 26.8287 a b -1.53689 3 0
0 0 111.762 0 26.8281 a b -1.53549 3 0
0 0 111.734 0 26.8295 a b -1.53508 3 0
0 0 111.704 0 26.8312 a b -1.53526 3 0
0 0 111.67 0 26.83 a b -1.53548 3 0
0 0 111.635 0 26.8285 a b -1.53487 3 0
0 0 111.602 0 26.8297 a b -1.53712 3 0
0 0 111.568 0 26.8308 a b -1.54092 3 0
0 0 111.536 0 26.8333 a b -1.54687 3 0
0 0 111.503 0 26.8341 a b -1.55465 3 0
0 0 111.473 0 26.8328 a b -1.56031 3 0
0 0 111.44 0 26.8332 a b -1.56679 3 0
0 0 111.412 0 26.8361 a b -1.57447 3 0
0 0 111.388 0 26.8375 a b -1.57927 3 0
0 0 111.362 0 26.8382 a b -1.57942 3 0
0 0 111.338 0 26.8363 a b -1.57971 3 0
0 0 111.315 0 26.8388 a b -1.57842 3 0
0 0 111.289 0 26.841 a b -1.5779 3 0
0 0 111.26 0 26.8395 a b -1.57685 3 0
0 0 111.234 0 26.8387 a b -1.57686 3 0
0 0 111.208 0 26.84 a b -1.57419 3 0
0 0 111.176 0 26.8392 a b -1.57291 3 0
0 0 111.146 0 26.8364 a b -1.57244 3 0
0 0 111.116 0 26.8376 a b -1.57047 3 0
0 0 111.086 0 26.84 a b -1.57005 3 0
0 0 111.056 0 26.8391 a b -1.56753 3 0
0 0 111.028 0 26.8398 a b -1.56659 3 0
0 0 110.999 0 26.84 a b -1.56531 3 0
0 0 110.971 0 26.8404 a b -1.56412 3 0
0 0 110.94 0 26.8384 a b -1.56425 3 0
0 0 110.905 0 26.8351 a b -1.56327 3 0
0 0 110.874 0 26.833 a b -1.56092 3 0
0 0 110.846 0 26.8372 a b -1.56029 3 0
0 0 110.817 0 26.8357 a b -1.56079 3 0
0 0 110.786 0 26.83 a b -1.5613 3 0
0 0 110.755 0 26.8337 a b -1.55805 3 0
0 0 110.73 0 26.8376 a b -1.55718 3 0
0 0 110.698 0 26.8387 a b -1.55787 3 0
0 0 110.671 0 26.836 a b -1.55481 3 0
0 0 110.641 0 26.8393 a b -1.55235 3 0
0 0 110.614 0 26.8409 a b -1.55273 3 0
0 0 110.588 0 26.8406 a b -1.55277 3 0
0 0 110.565 0 26.8406 a b -1.54893 3 0
0 0 110.537 0 26.8453 a b -1.54757 3 0
0 0 110.508 0 26.8456 a b -1.54806 3 0
0 0 110.479 0 26.8466 a b -1.54702 3 0
0 0 110.448 0 26.8485 a b -1.54698 3 0
0 0 110.415 0 26.8512 a b -1.54515 3 0
0 0 110.386 0 26.8522 a b -1.54318 3 0
0 0 110.35 0 26.8522 a b -1.54238 3 0
0 0 110.315 0 26.8538 a b -1.5414 3 0
0 0 110.284 0 26.8542 a b -1.54149 3 0
0 0 110.256 0 26.8549 a b -1.53861 3 0
0 0 110.229 0 26.856 a b -1.53773 3 0
0 0 110.201 0 26.8599 a b -1.53788 3 0
0 0 110.175 0 26.8582 a b -1.53647 3 0
0 0 110.15 0 26.8595 a b -1.5341 3 0
0 0 110.122 0 26.8624 a b -1.53547 3 0
0 0 110.097 0 26.8616 a b -1.53456 3 0
0 0 110.071 0 26.8621 a b -1.53195 3 0
0 0 110.042 0 26.8625 a b -1.53124 3 0
0 0 110.012 0 26.863 a b -1.53095 3 0
0 0 109.983 0 26.8654 a b -1.52957 3 0
0 0 109.953 0 26.867 a b -1.52848 3 0
0 0 109.92 0 26.8669 a b -1.52641 3 0
0 0 109.884 0 26.8701 a b -1.52605 3 0
0 0 109.853 0 26.8713 a b -1.5248 3 0
0 0 109.825 0 26.8703 a b -1.52502 3 0
0 0 109.791 0 26.8728 a b -1.52498 3 0
0 0 109.765 0 26.8743 a b -1.52276 3 0
0 0 109.739 0 26.8725 a b -1.52279 3 0
0 0 109.711 0 26.8726 a b -1.52391 3 0
0 0 109.683 0 26.873 a b -1.52373 3 0
0 0 109.658 0 26.8742 a b -1.52271 3 0
0 0 109.63 0 26.8774 a b -1.52377 3 0
0 0 109.599 0 26.8806 a b -1.5221 3 0
0 0 109.57 0 26.8798 a b -1.52228 3 0
0 0 109.54 0 26.8823 a b -1.52239 3 0
0 0 109.508 0 26.8833 a b -1.52382 3 0
0 0 109.476 0 26.8849 a b -1.52425 3 0
0 0 109.443 0 26.8867 a b -1.52447 3 0
0 0 109.414 0 26.8882 a b -1.52706 3 0
0 0 109.381 0 26.8869 a b -1.53167 3 0
0 0 109.351 0 26.8892 a b -1.5372 3 0
0 0 109.319 0 26.8877 a b -1.54272 3 0
0 0 109.29 0 26.8863 a b -1.54942 3 0
0 0 109.261 0 26.889 a b -1.55593 3 0
0 0 109.234 0 26.8917 a b -1.55855 3 0
0 0 109.206 0 26.8897 a b -1.56287 3 0
0 0 109.18 0 26.888 a b -1.56913 3 0
0 0 109.153 0 26.8891 a b -1.57515 3 0
0 0 109.128 0 26.8944 a b -1.57761 3 0
0 0 109.1 0 26.8901 a b -1.58089 3 0
0 0 109.075 0 26.8884 a b -1.58543 3 0
0 0 109.049 0 26.8909 a b -1.5875 3 0
0 0 109.022 0 26.8922 a b -1.58752 3 0
0 0 108.992 0 26.8911 a b -1.58853 3 0
0 0 108.964 0 26.8936 a b -1.59065 3 0
0 0 108.936 0 26.8962 a b -1.58967 3 0
0 0 108.906 0 26.8946 a b -1.58964 3 0
0 0 108.876 0 26.8945 a b -1.59025 3 0
0 0 108.848 0 26.8961 a b -1.59064 3 0
0 0 108.818 0 26.8982 a b -1.59035 3 0
0 0 108.791 0 26.8973 a b -1.59005 3 0
0 0 108.761 0 26.8973 a b -1.58998 3 0
0 0 108.729 0 26.8979 a b -1.58945 3 0
0 0 108.701 0 26.8993 a b -1.59028 3 0
0 0 108.675 0 26.8969 a b -1.58929 3 0
0 0 108.647 0 26.8963 a b -1.588 3 0
0 0 108.618 0 26.8935 a b -1.58985 3 0
0 0 108.591 0 26.8924 a b -1.59005 3 0
0 0 108.561 0 26.8921 a b -1.58665 3 0
0 0 108.529 0 26.8934 a b -1.58469 3 0
0 0 108.505 0 26.8921 a b -1.58627 3 0
0 0 108.483 0 26.8939 a b -1.5866 3 0
0 0 108.457 0 26.8972 a b -1.58497 3 0
0 0 108.43 0 26.8926 a b -1.58266 3 0
0 0 108.4 0 26.8938 a b -1.57971 3 0
0 0 108.373 0 26.8927 a b -1.57952 3 0
0 0 108.345 0 26.8939 a b -1.58019 3 0
0 0 108.316 0 26.8953 a b -1.57793 3 0
0 0 108.286 0 26.8922 a b -1.57567 3 0
0 0 108.252 0 26.8919 a b -1.57361 3 0
0 0 108.219 0 26.8916 a b -1.57421 3 0
