0 0 13.2209 0 26.9847 a b 1.55347 3 0
0 0 13.2435 0 26.9841 a b 1.55347 3 0
0 0 13.2686 0 26.9837 a b 1.55254 3 0
0 0 13.2988 0 26.9864 a b 1.55013 3 0
0 0 13.33 0 26.9885 a b 1.55025 3 0
0 0 13.3564 0 26.9875 a b 1.55034 3 0
0 0 13.3858 0 26.9887 a b 1.54861 3 0
0 0 13.4137 0 26.99 a b 1.54802 3 0
0 0 13.444 0 26.9914 a b 1.54665 3 0
0 0 13.4803 0 26.99 a b 1.54648 3 0
0 0 13.51 0 26.9888 a b 1.5461 3 0
0 0 13.5365 0 26.9856 a b 1.54444 3 0
0 0 13.5747 0 26.9883 a b 1.54293 3 0
0 0 13.602 0 26.9901 a b 1.54339 3 0
0 0 13.6294 0 26.9887 a b 1.54181 3 0
0 0 13.6565 0 26.9908 a b 1.5401 3 0
0 0 13.6857 0 26.9932 a b 1.53893 3 0
0 0 13.7144 0 26.9889 a b 1.53814 3 0
0 0 13.7416 0 26.9898 a b 1.53693 3 0
0 0 13.768 0 26.993 a b 1.53699 3 0
0 0 13.7984 0 26.9931 a b 1.53566 3 0
0 0 13.8257 0 26.9944 a b 1.53305 3 0
0 0 13.8554 0 26.9979 a b 1.5335 3 0
0 0 13.8878 0 27.0019 a b 1.53191 3 0
0 0 13.9238 0 27.0024 a b 1.53084 3 0
0 0 13.952 0 27.0035 a b 1.53003 3 0
0 0 13.9779 0 27.003 a b 1.52893 3 0
0 0 14.0065 0 27.004 a b 1.52702 3 0
0 0 14.0351 0 27.0041 a b 1.52527 3 0
0 0 14.063 0 27.0034 a b 1.52443 3 0
0 0 14.0916 0 27.0048 a b 1.52397 3 0
0 0 14.1185 0 27.0038 a b 1.52315 3 0
0 0 14.1452 0 27.0059 a b 1.52194 3 0
0 0 14.173 0 27.009 a b 1.52008 3 0
0 0 14.2029 0 27.0091 a b 1.51908 3 0
0 0 14.2327 0 27.0087 a b 1.51756 3 0
0 0 14.263 0 27.0099 a b 1.51648 3 0
0 0 14.2935 0 27.014 a b 1.5163 3 0
0 0 14.3238 0 27.0173 a b 1.514 3 0
0 0 14.3533 0 27.0173 a b 1.51221 3 0
0 0 14.3836 0 27.0179 a b 1.51161 3 0
0 0 14.4191 0 27.0214 a b 1.50993 3 0
0 0 14.4534 0 27.0217 a b 1.50958 3 0
0 0 14.4837 0 27.0247 a b 1.50907 3 0
0 0 14.515 0 27.0287 a b 1.5073 3 0
0 0 14.5445 0 27.0286 a b 1.50555 3 0
0 0 14.5751 0 27.0296 a b 1.50481 3 0
0 0 14.6051 0 27.0318 a b 1.50335 3 0
0 0 14.6285 0 27.034 a b 1.50176 3 0
0 0 14.6559 0 27.036 a b 1.50129 3 0
0 0 14.6837 0 27.035 a b 1.50096 3 0
0 0 14.7148 0 27.037 a b 1.50058 3 0
0 0 14.7435 0 27.0405 a b 1.50033 3 0
0 0 14.7728 0 27.0413 a b 1.49808 3 0
0 0 14.798 0 27.0397 a b 1.49794 3 0
0 0 14.8254 0 27.0458 a b 1.49751 3 0
0 0 14.8519 0 27.0488 a b 1.49774 3 0
0 0 14.8842 0 27.049 a b 1.49882 3 0
0 0 14.9108 0 27.048 a b 1.50129 3 0
0 0 14.9378 0 27.0514 a b 1.50405 3 0
0 0 14.9656 0 27.054 a b 1.505 3 0
0 0 14.9951 0 27.0521 a b 1.50889 3 0
0 0 15.0208 0 27.052 a b 1.51253 3 0
0 0 15.0512 0 27.0543 a b 1.51509 3 0
0 0 15.0762 0 27.0559 a b 1.51823 3 0
0 0 15.1067 0 27.0594 a b 1.5214 3 0
0 0 15.133 0 27.0611 a b 1.52369 3 0
0 0 15.1598 0 27.0599 a b 1.52701 3 0
0 0 15.1925 0 27.064 a b 1.53185 3 0
0 0 15.2175 0 27.0627 a b 1.532 3 0
0 0 15.2494 0 27.0639 a b 1.53337 3 0
0 0 15.2841 0 27.0635 a b 1.53613 3 0
0 0 15.3145 0 27.0635 a b 1.53539 3 0
0 0 15.343 0 27.0662 a b 1.53493 3 0
0 0 15.3756 0 27.0685 a b 1.53526 3 0
0 0 15.4078 0 27.0667 a b 1.53607 3 0
0 0 15.4359 0 27.0665 a b 1.53581 3 0
0 0 15.467 0 27.0691 a b 1.53513 3 0
0 0 15.4941 0 27.07 a b 1.53557 3 0
0 0 15.5198 0 27.0721 a b 1.53606 3 0
0 0 15.5464 0 27.074 a b 1.53448 3 0
0 0 15.5743 0 27.0723 a b 1.53388 3 0
0 0 15.6009 0 27.0655 a b 1.53478 3 0
0 0 15.6307 0 27.0681 a b 1.53492 3 0
0 0 15.6608 0 27.0711 a b 1.53377 3 0
0 0 15.6891 0 27.0711 a b 1.53383 3 0
0 0 15.7198 0 27.0724 a b 1.5333 3 0
0 0 15.749 0 27.0743 a b 1.53312 3 0
0 0 15.7835 0 27.0751 a b 1.53161 3 0
0 0 15.8137 0 27.0776 a b 1.53176 3 0
0 0 15.8432 0 27.0781 a b 1.53031 3 0
0 0 15.8749 0 27.0818 a b 1.52919 3 0
0 0 15.9059 0 27.0852 a b 1.52881 3 0
0 0 15.9357 0 27.0852 a b 1.52808 3 0
0 0 15.9646 0 27.0855 a b 1.52826 3 0
0 0 15.9886 0 27.0889 a b 1.52834 3 0
0 0 16.0138 0 27.0913 a b 1.52553 3 0
0 0 16.0372 0 27.0932 a b 1.52771 3 0
0 0 16.0628 0 27.0953 a b 1.52745 3 0
0 0 16.0901 0 27.0962 a b 1.52544 3 0
0 0 16.1182 0 27.0995 a b 1.52523 3 0
0 0 16.1479 0 27.0978 a b 1.52441 3 0
0 0 16.1774 0 27.0959 a b 1.52509 3 0
0 0 16.2073 0 27.097 a b 1.52531 3 0
0 0 16.239 0 27.0967 a b 1.52435 3 0
0 0 16.2734 0 27.0965 a b 1.52214 3 0
0 0 16.3022 0 27.096 a b 1.52346 3 0
0 0 16.3292 0 27.1002 a b 1.52376 3 0
0 0 16.3621 0 27.1025 a b 1.52279 3 0
0 0 16.3893 0 27.1058 a b 1.52309 3 0
0 0 16.4158 0 27.1071 a b 1.5231 3 0
0 0 16.4391 0 27.1092 a b 1.52022 3 0
0 0 16.4625 0 27.1124 a b 1.52046 3 0
0 0 16.49 0 27.1138 a b 1.52201 3 0
0 0 16.5209 0 27.1217 a b 1.5221 3 0
0 0 16.5495 0 27.1218 a b 1.5238 3 0
0 0 16.5763 0 27.1221 a b 1.52648 3 0
0 0 16.6054 0 27.1231 a b 1.5317 3 0
0 0 16.6334 0 27.122 a b 1.53628 3 0
0 0 16.6653 0 27.1234 a b 1.54266 3 0
0 0 16.6965 0 27.1205 a b 1.54848 3 0
0 0 16.727 0 27.1173 a b 1.55175 3 0
0 0 16.7591 0 27.1141 a b 1.55696 3 0
0 0 16.7865 0 27.1157 a b 1.56373 3 0
0 0 16.8139 0 27.1148 a b 1.56829 3 0
0 0 16.8447 0 27.1152 a b 1.56864 3 0
0 0 16.8756 0 27.1148 a b 1.56981 3 0
0 0 16.9051 0 27.1116 a b 1.57084 3 0
0 0 16.9303 0 27.1115 a b 1.56939 3 0
0 0 16.9592 0 27.1154 a b 1.57065 3 0
0 0 16.9879 0 27.1136 a b 1.57185 3 0
0 0 17.016 0 27.1153 a b 1.57055 3 0
0 0 17.0455 0 27.1185 a b 1.57026 3 0
0 0 17.0777 0 27.1172 a b 1.57138 3 0
0 0 17.1102 0 27.1154 a b 1.5707 3 0
0 0 17.1445 0 27.1147 a b 1.56975 3 0
0 0 17.1729 0 27.1136 a b 1.57068 3 0
0 0 17.204 0 27.1087 a b 1.56971 3 0
0 0 17.2311 0 27.1131 a b 1.56956 3 0
0 0 17.2583 0 27.1123 a b 1.56858 3 0
0 0 17.2867 0 27.1119 a b 1.56869 3 0
0 0 17.3098 0 27.1068 a b 1.56633 3 0
0 0 17.336 0 27.1074 a b 1.56663 3 0
0 0 17.3606 0 27.1104 a b 1.56551 3 0
0 0 17.3869 0 27.1103 a b 1.56649 3 0
0 0 17.4186 0 27.1129 a b 1.56586 3 0
0 0 17.4469 0 27.1068 a b 1.56387 3 0
0 0 17.4753 0 27.1093 a b 1.56381 3 0
0 0 17.5059 0 27.1099 a b 1.56324 3 0
0 0 17.5382 0 27.1096 a b 1.56106 3 0
0 0 17.5698 0 27.111 a b 1.5606 3 0
0 0 17.6046 0 27.1113 a b 1.55997 3 0
0 0 17.6388 0 27.1079 a b 1.55825 3 0
0 0 17.6666 0 27.1106 a b 1.55895 3 0
0 0 17.6956 0 27.1159 a b 1.55795 3 0
0 0 17.7253 0 27.1131 a b 1.55517 3 0
0 0 17.7505 0 27.1083 a b 1.55445 3 0
0 0 17.7748 0 27.1068 a b 1.55431 3 0
0 0 17.8007 0 27.1089 a b 1.55233 3 0
0 0 17.8297 0 27.1092 a b 1.55131 3 0
0 0 17.8586 0 27.1107 a b 1.54952 3 0
0 0 17.8894 0 27.1126 a b 1.54798 3 0
0 0 17.9173 0 27.1139 a b 1.54909 3 0
0 0 17.9471 0 27.1152 a b 1.54726 3 0
0 0 17.9775 0 27.1137 a b 1.54592 3 0
0 0 18.0113 0 27.1129 a b 1.54416 3 0
0 0 18.0373 0 27.1155 a b 1.54366 3 0
0 0 18.0665 0 27.1165 a b 1.54237 3 0
0 0 18.0995 0 27.113 a b 1.54216 3 0
0 0 18.1332 0 27.114 a b 1.54055 3 0
0 0 18.161 0 27.1148 a b 1.53807 3 0
0 0 18.1856 0 27.1161 a b 1.53846 3 0
0 0 18.2123 0 27.1185 a b 1.53667 3 0
0 0 18.2391 0 27.1172 a b 1.5358 3 0
0 0 18.2636 0 27.1206 a b 1.53508 3 0
0 0 18.2948 0 27.1203 a b 1.53305 3 0
0 0 18.3246 0 27.1227 a b 1.5318 3 0
0 0 18.3547 0 27.1235 a b 1.53083 3 0
0 0 18.3885 0 27.1242 a b 1.52911 3 0
0 0 18.4216 0 27.1222 a b 1.52723 3 0
0 0 18.455 0 27.1215 a b 1.52715 3 0
0 0 18.4899 0 27.129 a b 1.52658 3 0
0 0 18.5241 0 27.1297 a b 1.52437 3 0
0 0 18.5561 0 27.1278 a b 1.52499 3 0
0 0 18.583 0 27.1279 a b 1.5236 3 0
0 0 18.6136 0 27.1252 a b 1.52195 3 0
0 0 18.6411 0 27.1308 a b 1.52081 3 0
0 0 18.665 0 27.1314 a b 1.51999 3 0
0 0 18.6861 0 27.1316 a b 1.51861 3 0
0 0 18.7081 0 27.1303 a b 1.51825 3 0
0 0 18.7346 0 27.1322 a b 1.51764 3 0
0 0 18.7611 0 27.1357 a b 1.51559 3 0
0 0 18.7874 0 27.1314 a b 1.51467 3 0
0 0 18.8164 0 27.1312 a b 1.51411 3 0
0 0 18.8459 0 27.1347 a b 1.51293 3 0
0 0 18.8756 0 27.1356 a b 1.5143 3 0
0 0 18.9085 0 27.1433 a b 1.51488 3 0
0 0 18.9382 0 27.1458 a b 1.5131 3 0
0 0 18.9693 0 27.1471 a b 1.51454 3 0
0 0 19.0005 0 27.1487 a b 1.51712 3 0
0 0 19.0318 0 27.1501 a b 1.51719 3 0
0 0 19.0631 0 27.1518 a b 1.51997 3 0
0 0 19.0926 0 27.1528 a b 1.52545 3 0
0 0 19.1202 0 27.1516 a b 1.5318 3 0
0 0 19.1442 0 27.1498 a b 1.53958 3 0
0 0 19.1743 0 27.1448 a b 1.54722 3 0
0 0 19.2003 0 27.1444 a b 1.55339 3 0
0 0 19.2249 0 27.1463 a b 1.56122 3 0
