0 0 13.1956 0 26.9848 a b -1.58815 3 0
0 0 13.1667 0 26.9835 a b -1.58702 3 0
0 0 13.1397 0 26.9841 a b -1.58442 3 0
0 0 13.1093 0 26.9828 a b -1.5842 3 0
0 0 13.0759 0 26.9825 a b -1.58317 3 0
0 0 13.0441 0 26.9853 a b -1.58278 3 0
0 0 13.0138 0 26.9833 a b -1.5817 3 0
0 0 12.9836 0 26.982 a b -1.58001 3 0
0 0 12.9492 0 26.9799 a b -1.57992 3 0
0 0 12.918 0 26.9796 a b -1.57932 3 0
0 0 12.8881 0 26.9813 a b -1.5782 3 0
0 0 12.8563 0 26.9839 a b -1.57725 3 0
0 0 12.827 0 26.9848 a b -1.5765 3 0
0 0 12.7965 0 26.9828 a b -1.5754 3 0
0 0 12.7714 0 26.9839 a b -1.57583 3 0
0 0 12.7442 0 26.9838 a b -1.57391 3 0
0 0 12.715 0 26.9835 a b -1.57283 3 0
0 0 12.6848 0 26.9842 a b -1.57116 3 0
0 0 12.6554 0 26.9807 a b -1.57164 3 0
0 0 12.6263 0 26.9801 a b -1.57118 3 0
0 0 12.5958 0 26.9795 a b -1.57143 3 0
0 0 12.5688 0 26.9807 a b -1.57161 3 0
0 0 12.5363 0 26.9821 a b -1.57441 3 0
0 0 12.5085 0 26.9818 a b -1.57512 3 0
0 0 12.4831 0 26.9805 a b -1.5789 3 0
0 0 12.4484 0 26.9801 a b -1.58416 3 0
0 0 12.417 0 26.9804 a b -1.58936 3 0
0 0 12.3955 0 26.9832 a b -1.59327 3 0
0 0 12.3656 0 26.9837 a b -1.59917 3 0
0 0 12.3374 0 26.984 a b -1.60382 3 0
0 0 12.3043 0 26.9863 a b -1.60943 3 0
0 0 12.2774 0 26.9851 a b -1.61322 3 0
0 0 12.2532 0 26.9867 a b -1.62017 3 0
0 0 12.2233 0 26.9868 a b -1.62317 3 0
0 0 12.1986 0 26.9844 a b -1.62425 3 0
0 0 12.1696 0 26.9822 a b -1.62579 3 0
0 0 12.1441 0 26.9816 a b -1.62867 3 0
0 0 12.1192 0 26.981 a b -1.6288 3 0
0 0 12.094 0 26.9832 a b -1.62902 3 0
0 0 12.0692 0 26.9833 a b -1.62891 3 0
0 0 12.0392 0 26.976 a b -1.62796 3 0
0 0 12.0114 0 26.9741 a b -1.62659 3 0
0 0 11.9841 0 26.974 a b -1.62579 3 0
0 0 11.9534 0 26.9717 a b -1.62404 3 0
0 0 11.9184 0 26.9671 a b -1.62133 3 0
0 0 11.8913 0 26.9655 a b -1.621 3 0
0 0 11.8597 0 26.965 a b -1.61962 3 0
0 0 11.8273 0 26.9614 a b -1.61647 3 0
0 0 11.7964 0 26.9623 a b -1.61612 3 0
0 0 11.7683 0 26.9576 a b -1.61382 3 0
0 0 11.7368 0 26.9583 a b -1.61276 3 0
0 0 11.7075 0 26.9571 a b -1.61243 3 0
0 0 11.6783 0 26.9576 a b -1.60968 3 0
0 0 11.6531 0 26.9546 a b -1.6088 3 0
0 0 11.6283 0 26.9565 a b -1.60838 3 0
0 0 11.6012 0 26.9544 a b -1.60833 3 0
0 0 11.5812 0 26.9543 a b -1.60514 3 0
0 0 11.5597 0 26.9506 a b -1.60373 3 0
0 0 11.5351 0 26.9499 a b -1.60359 3 0
0 0 11.5086 0 26.9496 a b -1.60237 3 0
0 0 11.4836 0 26.9497 a b -1.60133 3 0
0 0 11.4531 0 26.9484 a b -1.60044 3 0
0 0 11.4201 0 26.9465 a b -1.59822 3 0
0 0 11.3856 0 26.9458 a b -1.59796 3 0
0 0 11.3509 0 26.9459 a b -1.59795 3 0
0 0 11.3145 0 26.9482 a b -1.59657 3 0
0 0 11.2788 0 26.9458 a b -1.59487 3 0
0 0 11.2461 0 26.9457 a b -1.59322 3 0
0 0 11.214 0 26.9441 a b -1.59233 3 0
0 0 11.1812 0 26.9422 a b -1.58992 3 0
0 0 11.1514 0 26.9411 a b -1.58952 3 0
0 0 11.1254 0 26.9405 a b -1.58713 3 0
0 0 11.1034 0 26.9408 a b -1.58687 3 0
0 0 11.081 0 26.9419 a b -1.58548 3 0
0 0 11.0595 0 26.9416 a b -1.58436 3 0
0 0 11.0356 0 26.9426 a b -1.58436 3 0
0 0 11.0122 0 26.9433 a b -1.58297 3 0
0 0 10.9831 0 26.9395 a b -1.58375 3 0
0 0 10.9533 0 26.9383 a b -1.58387 3 0
0 0 10.9212 0 26.9355 a b -1.58387 3 0
0 0 10.8896 0 26.9366 a b -1.58396 3 0
0 0 10.8512 0 26.9396 a b -1.58379 3 0
0 0 10.8133 0 26.9416 a b -1.5828 3 0
0 0 10.7736 0 26.9423 a b -1.58201 3 0
0 0 10.7332 0 26.9412 a b -1.58371 3 0
0 0 10.6961 0 26.9406 a b -1.58269 3 0
0 0 10.6644 0 26.9423 a b -1.58266 3 0
0 0 10.6371 0 26.9449 a b -1.5868 3 0
0 0 10.6173 0 26.9464 a b -1.59061 3 0
0 0 10.5951 0 26.9471 a b -1.59315 3 0
0 0 10.5764 0 26.9481 a b -1.60005 3 0
0 0 10.5627 0 26.9429 a b -1.60554 3 0
0 0 10.5495 0 26.9425 a b -1.60536 3 0
0 0 10.53 0 26.9469 a b -1.6061 3 0
0 0 10.5063 0 26.9516 a b -1.61309 3 0
0 0 10.4821 0 26.9495 a b -1.62331 3 0
0 0 10.4513 0 26.9449 a b -1.62588 3 0
0 0 10.4114 0 26.9463 a b -1.62677 3 0
0 0 10.3686 0 26.947 a b -1.62994 3 0
0 0 10.3262 0 26.9446 a b -1.6325 3 0
0 0 10.281 0 26.9412 a b -1.63228 3 0
0 0 10.2352 0 26.9456 a b -1.62939 3 0
0 0 10.1959 0 26.9403 a b -1.62928 3 0
0 0 10.1603 0 26.9374 a b -1.62639 3 0
0 0 10.133 0 26.9379 a b -1.6233 3 0
0 0 10.1086 0 26.935 a b -1.62273 3 0
0 0 10.0881 0 26.9285 a b -1.624 3 0
0 0 10.0718 0 26.9269 a b -1.6179 3 0
0 0 10.0575 0 26.9293 a b -1.61364 3 0
0 0 10.0408 0 26.9267 a b -1.61664 3 0
0 0 10.0193 0 26.9193 a b -1.61991 3 0
0 0 9.98812 0 26.9095 a b -1.61824 3 0
0 0 9.95356 0 26.9074 a b -1.61681 3 0
0 0 9.90839 0 26.9097 a b -1.61493 3 0
0 0 9.86283 0 26.9167 a b -1.61399 3 0
0 0 9.81611 0 26.9171 a b -1.61368 3 0
0 0 9.76064 0 26.9123 a b -1.61045 3 0
0 0 9.71102 0 26.9075 a b -1.60964 3 0
0 0 9.66543 0 26.9007 a b -1.60713 3 0
0 0 9.62754 0 26.9034 a b -1.60536 3 0
0 0 9.59296 0 26.9056 a b -1.61169 3 0
0 0 9.56102 0 26.902 a b -1.60048 3 0
0 0 9.55034 0 26.8976 a b -1.60851 3 0
0 0 9.52758 0 26.8952 a b -1.60742 3 0
0 0 9.51716 0 26.8907 a b -1.60184 3 0
0 0 9.50198 0 26.8914 a b -1.61196 3 0
0 0 9.47454 0 26.8798 a b -1.60348 3 0
0 0 9.46052 0 26.8815 a b -1.61362 3 0
0 0 9.42548 0 26.8814 a b -1.61553 3 0
0 0 9.3983 0 26.8775 a b -1.61015 3 0
0 0 9.37721 0 26.8769 a b -1.61323 3 0
0 0 9.34847 0 26.8837 a b -1.61486 3 0
0 0 9.32222 0 26.8806 a b -1.61161 3 0
0 0 9.29039 0 26.8784 a b -1.61599 3 0
0 0 9.25521 0 26.8784 a b -1.6173 3 0
0 0 9.22404 0 26.8697 a b -1.61415 3 0
0 0 9.19906 0 26.8626 a b -1.61497 3 0
0 0 9.16982 0 26.8613 a b -1.6173 3 0
0 0 9.14134 0 26.8632 a b -1.62095 3 0
0 0 9.11073 0 26.8594 a b -1.61946 3 0
0 0 9.09018 0 26.8605 a b -1.61528 3 0
0 0 9.07416 0 26.8635 a b -1.6142 3 0
0 0 9.05538 0 26.864 a b -1.62195 3 0
0 0 9.02333 0 26.8619 a b -1.6275 3 0
0 0 8.99536 0 26.8523 a b -1.62363 3 0
0 0 8.96957 0 26.8428 a b -1.61552 3 0
0 0 8.93842 0 26.8443 a b -1.61903 3 0
0 0 8.89219 0 26.8508 a b -1.6295 3 0
0 0 8.85155 0 26.857 a b -1.62839 3 0
0 0 8.81327 0 26.8625 a b -1.62873 3 0
0 0 8.77594 0 26.8648 a b -1.62936 3 0
0 0 8.74621 0 26.8651 a b -1.63173 3 0
0 0 8.71319 0 26.8607 a b -1.63287 3 0
0 0 8.68011 0 26.8549 a b -1.63312 3 0
0 0 8.65213 0 26.8519 a b -1.63505 3 0
0 0 8.62077 0 26.8541 a b -1.63911 3 0
0 0 8.59625 0 26.852 a b -1.63787 3 0
0 0 8.56868 0 26.8485 a b -1.64029 3 0
0 0 8.53421 0 26.8478 a b -1.64523 3 0
0 0 8.50348 0 26.8473 a b -1.64712 3 0
0 0 8.4764 0 26.8491 a b -1.6482 3 0
0 0 8.44783 0 26.8492 a b -1.64998 3 0
0 0 8.42203 0 26.8458 a b -1.65148 3 0
0 0 8.3942 0 26.8437 a b -1.64948 3 0
0 0 8.36673 0 26.8391 a b -1.65056 3 0
0 0 8.34238 0 26.8367 a b -1.6519 3 0
0 0 8.31618 0 26.8355 a b -1.65298 3 0
0 0 8.29125 0 26.8352 a b -1.65203 3 0
0 0 8.26551 0 26.833 a b -1.64922 3 0
0 0 8.24054 0 26.8291 a b -1.64929 3 0
0 0 8.21232 0 26.828 a b -1.65049 3 0
0 0 8.18266 0 26.8308 a b -1.64932 3 0
0 0 8.15564 0 26.827 a b -1.64717 3 0
0 0 8.12638 0 26.8235 a b -1.64582 3 0
0 0 8.09078 0 26.8211 a b -1.64537 3 0
0 0 8.05759 0 26.8218 a b -1.64412 3 0
0 0 8.02309 0 26.8211 a b -1.64279 3 0
0 0 7.98948 0 26.8186 a b -1.64219 3 0
0 0 7.95453 0 26.8128 a b -1.63978 3 0
0 0 7.92656 0 26.8095 a b -1.63778 3 0
0 0 7.89865 0 26.8077 a b -1.63717 3 0
0 0 7.87329 0 26.8037 a b -1.63732 3 0
0 0 7.847 0 26.804 a b -1.63641 3 0
0 0 7.82108 0 26.8047 a b -1.6348 3 0
0 0 7.79546 0 26.8013 a b -1.6347 3 0
0 0 7.77089 0 26.8007 a b -1.6331 3 0
0 0 7.7417 0 26.7939 a b -1.63251 3 0
0 0 7.70979 0 26.7934 a b -1.63146 3 0
0 0 7.68396 0 26.7927 a b -1.63212 3 0
0 0 7.65299 0 26.7947 a b -1.62943 3 0
0 0 7.62147 0 26.792 a b -1.62733 3 0
0 0 7.59167 0 26.7936 a b -1.62811 3 0
0 0 7.5618 0 26.787 a b -1.62846 3 0
0 0 7.52921 0 26.7819 a b -1.62755 3 0
0 0 7.4952 0 26.7811 a b -1.62652 3 0
0 0 7.46291 0 26.7784 a b -1.62513 3 0
0 0 7.43502 0 26.7791 a b -1.62433 3 0
0 0 7.41031 0 26.7798 a b -1.62272 3 0
0 0 7.38294 0 26.7799 a b -1.62323 3 0
0 0 7.35548 0 26.7785 a b -1.62305 3 0
0 0 7.3276 0 26.7788 a b -1.62011 3 0
0 0 7.29792 0 26.7774 a b -1.61996 3 0
0 0 7.27354 0 26.7776 a b -1.61829 3 0
0 0 7.24524 0 26.7769 a b -1.61604 3 0
0 0 7.21485 0 26.7787 a b -1.61524 3 0
0 0 7.18729 0 26.7769 a b -1.61581 3 0
0 0 7.16145 0 26.7739 a b -1.61366 3 0
0 0 7.12699 0 26.7721 a b -1.60994 3 0
0 0 7.09403 0 26.7708 a b -1.61089 3 0
0 0 7.06321 0 26.7706 a b -1.61076 3 0
0 0 7.03443 0 26.7703 a b -1.60984 3 0
0 0 7.0044 0 26.77 a b -1.60659 3 0
0 0 6.97619 0 26.7686 a b -1.60636 3 0
0 0 6.94316 0 26.7639 a b -1.60746 3 0
0 0 6.91737 0 26.7586 a b -1.60509 3 0
0 0 6.88852 0 26.7614 a b -1.6042 3 0
0 0 6.85976 0 26.7599 a b -1.60521 3 0
0 0 6.83109 0 26.7582 a b -1.60176 3 0
0 0 6.80632 0 26.7586 a b -1.60084 3 0
0 0 6.78336 0 26.7585 a b -1.60249 3 0
0 0 6.75782 0 26.7556 a b -1.60192 3 0
0 0 6.72835 0 26.7578 a b -1.59894 3 0
0 0 6.69902 0 26.7613 a b -1.59849 3 0
0 0 6.66829 0 26.7632 a b -1.5972 3 0
0 0 6.6404 0 26.7628 a b -1.59564 3 0
0 0 6.60886 0 26.7597 a b -1.59628 3 0
0 0 6.57343 0 26.7587 a b -1.59666 3 0
0 0 6.54561 0 26.7593 a b -1.59427 3 0
0 0 6.51013 0 26.759 a b -1.59232 3 0
0 0 6.47649 0 26.7568 a b -1.59005 3 0
0 0 6.44549 0 26.7569 a b -1.59126 3 0
0 0 6.41109 0 26.757 a b -1.59265 3 0
0 0 6.3803 0 26.7576 a b -1.5908 3 0
0 0 6.35169 0 26.7547 a b -1.59158 3 0
0 0 6.32131 0 26.7574 a b -1.59184 3 0
0 0 6.29596 0 26.7588 a b -1.59498 3 0
0 0 6.26971 0 26.7592 a b -1.59667 3 0
0 0 6.24432 0 26.758 a b -1.59978 3 0
0 0 6.21651 0 26.7585 a b -1.60017 3 0
0 0 6.19222 0 26.7569 a b -1.60037 3 0
0 0 6.16625 0 26.758 a b -1.60233 3 0
0 0 6.13793 0 26.7589 a b -1.60348 3 0
0 0 6.11081 0 26.7589 a b -1.6036 3 0
0 0 6.08525 0 26.7601 a b -1.60285 3 0
0 0 6.05989 0 26.7612 a b -1.60172 3 0
0 0 6.0323 0 26.7599 a b -1.59916 3 0
0 0 6.00321 0 26.7609 a b -1.6001 3 0
0 0 5.97357 0 26.7564 a b -1.60011 3 0
0 0 5.94222 0 26.7569 a b -1.59993 3 0
0 0 5.90964 0 26.7547 a b -1.59999 3 0
0 0 5.876 0 26.7538 a b -1.59857 3 0
0 0 5.84528 0 26.751 a b -1.59792 3 0
0 0 5.81059 0 26.7521 a b -1.59831 3 0
0 0 5.78114 0 26.7503 a b -1.59775 3 0
0 0 5.75295 0 26.7511 a b -1.59649 3 0
0 0 5.72752 0 26.7516 a b -1.59526 3 0
0 0 5.70007 0 26.7535 a b -1.59593 3 0
0 0 5.67471 0 26.7525 a b -1.59432 3 0
0 0 5.64991 0 26.7491 a b -1.59554 3 0
0 0 5.6206 0 26.7494 a b -1.59648 3 0
0 0 5.59316 0 26.7503 a b -1.59551 3 0
0 0 5.56312 0 26.7503 a b -1.59563 3 0
0 0 5.53513 0 26.7471 a b -1.59575 3 0
0 0 5.50549 0 26.7475 a b -1.59698 3 0
0 0 5.4773 0 26.7485 a b -1.59778 3 0
0 0 5.44786 0 26.7492 a b -1.59817 3 0
0 0 5.41774 0 26.7497 a b -1.59839 3 0
0 0 5.3875 0 26.748 a b -1.5994 3 0
0 0 5.3578 0 26.7464 a b -1.59966 3 0
0 0 5.32991 0 26.7482 a b -1.60073 3 0
0 0 5.29478 0 26.7485 a b -1.6009 3 0
0 0 5.26848 0 26.7442 a b -1.59906 3 0
0 0 5.24131 0 26.7396 a b -1.59428 3 0
0 0 5.21995 0 26.7362 a b -1.59342 3 0
0 0 5.19553 0 26.736 a b -1.59263 3 0
0 0 5.16985 0 26.7377 a b -1.5898 3 0
0 0 5.13995 0 26.7369 a b -1.58746 3 0
0 0 5.10881 0 26.7383 a b -1.58678 3 0
0 0 5.08252 0 26.741 a b -1.5837 3 0
0 0 5.05314 0 26.7377 a b -1.57974 3 0
0 0 5.02258 0 26.737 a b -1.57824 3 0
0 0 4.9895 0 26.7397 a b -1.57516 3 0
0 0 4.96032 0 26.7382 a b -1.5726 3 0
0 0 4.9298 0 26.7376 a b -1.56844 3 0
0 0 4.90166 0 26.7371 a b -1.56562 3 0
0 0 4.87465 0 26.7342 a b -1.56168 3 0
0 0 4.84586 0 26.735 a b -1.55927 3 0
0 0 4.81765 0 26.7347 a b -1.5579 3 0
0 0 4.78786 0 26.736 a b -1.55243 3 0
0 0 4.75709 0 26.733 a b -1.54938 3 0
0 0 4.72866 0 26.733 a b -1.54771 3 0
0 0 4.7033 0 26.7306 a b -1.54693 3 0
0 0 4.67331 0 26.7298 a b -1.54517 3 0
0 0 4.64411 0 26.7316 a b -1.54229 3 0
0 0 4.6199 0 26.7323 a b -1.54158 3 0
0 0 4.59076 0 26.7307 a b -1.53778 3 0
0 0 4.56476 0 26.728 a b -1.53681 3 0
0 0 4.53755 0 26.7296 a b -1.5392 3 0
0 0 4.50481 0 26.7324 a b -1.53927 3 0
0 0 4.47428 0 26.7303 a b -1.53878 3 0
0 0 4.44592 0 26.7291 a b -1.53713 3 0
0 0 4.41611 0 26.7322 a b -1.53879 3 0
0 0 4.38096 0 26.7317 a b -1.5383 3 0
0 0 4.34754 0 26.7318 a b -1.53635 3 0
0 0 4.31554 0 26.7311 a b -1.53715 3 0
0 0 4.28525 0 26.7307 a b -1.53657 3 0
0 0 4.25493 0 26.7298 a b -1.53646 3 0
0 0 4.22253 0 26.7319 a b -1.5377 3 0
0 0 4.19548 0 26.7342 a b -1.53698 3 0
0 0 4.1687 0 26.7358 a b -1.53777 3 0
0 0 4.13978 0 26.7405 a b -1.53776 3 0
0 0 4.10667 0 26.7421 a b -1.53719 3 0
0 0 4.0753 0 26.7415 a b -1.53782 3 0
0 0 4.04844 0 26.7428 a b -1.53851 3 0
0 0 4.02508 0 26.743 a b -1.53822 3 0
0 0 4.0002 0 26.7433 a b -1.53883 3 0
0 0 3.97073 0 26.7453 a b -1.53883 3 0
0 0 3.94183 0 26.7497 a b -1.53793 3 0
0 0 3.91172 0 26.753 a b -1.53896 3 0
0 0 3.88246 0 26.7544 a b -1.54047 3 0
0 0 3.85553 0 26.755 a b -1.53936 3 0
0 0 3.82269 0 26.7523 a b -1.53992 3 0
0 0 3.79081 0 26.7513 a b -1.54153 3 0
0 0 3.76489 0 26.7473 a b -1.54234 3 0
0 0 3.73946 0 26.7498 a b -1.54306 3 0
0 0 3.70928 0 26.7518 a b -1.54387 3 0
0 0 3.68157 0 26.7511 a b -1.54486 3 0
0 0 3.65281 0 26.7515 a b -1.54498 3 0
0 0 3.62537 0 26.7506 a b -1.54536 3 0
0 0 3.59419 0 26.752 a b -1.54626 3 0
0 0 3.56809 0 26.7519 a b -1.54709 3 0
0 0 3.54291 0 26.7533 a b -1.54804 3 0
0 0 3.51798 0 26.7513 a b -1.54735 3 0
0 0 3.48811 0 26.7545 a b -1.5477 3 0
0 0 3.45561 0 26.7567 a b -1.54895 3 0
0 0 3.42255 0 26.7576 a b -1.54942 3 0
0 0 3.38971 0 26.7564 a b -1.54892 3 0
0 0 3.35858 0 26.7573 a b -1.54933 3 0
0 0 3.32636 0 26.7548 a b -1.54846 3 0
0 0 3.29545 0 26.757 a b -1.54932 3 0
0 0 3.26143 0 26.7591 a b -1.55225 3 0
0 0 3.22916 0 26.7571 a b -1.55244 3 0
0 0 3.19965 0 26.7577 a b -1.55227 3 0
0 0 3.17144 0 26.7572 a b -1.55379 3 0
0 0 3.14371 0 26.7591 a b -1.55446 3 0
0 0 3.11445 0 26.7601 a b -1.55751 3 0
0 0 3.08669 0 26.7626 a b -1.55894 3 0
0 0 3.06111 0 26.7619 a b -1.55849 3 0
0 0 3.03487 0 26.7614 a b -1.55959 3 0
0 0 3.00825 0 26.7622 a b -1.56342 3 0
0 0 2.97939 0 26.7637 a b -1.56686 3 0
0 0 2.95038 0 26.7632 a b -1.56802 3 0
0 0 2.92309 0 26.7646 a b -1.56957 3 0
0 0 2.89441 0 26.7627 a b -1.57482 3 0
0 0 2.8701 0 26.7641 a b -1.57653 3 0
0 0 2.84566 0 26.7641 a b -1.57888 3 0
0 0 2.8152 0 26.7625 a b -1.58049 3 0
0 0 2.78944 0 26.7592 a b -1.58466 3 0
0 0 2.76356 0 26.7579 a b -1.58783 3 0
0 0 2.74119 0 26.761 a b -1.58885 3 0
0 0 2.71395 0 26.7607 a b -1.59152 3 0
0 0 2.68547 0 26.759 a b -1.59336 3 0
0 0 2.65792 0 26.7593 a b -1.59658 3 0
0 0 2.63054 0 26.7584 a b -1.5998 3 0
0 0 2.60182 0 26.7598 a b -1.6029 3 0
0 0 2.57329 0 26.7615 a b -1.60314 3 0
0 0 2.54464 0 26.7591 a b -1.60182 3 0
0 0 2.5166 0 26.759 a b -1.60027 3 0
0 0 2.48385 0 26.7553 a b -1.60108 3 0
0 0 2.4527 0 26.7543 a b -1.59931 3 0
0 0 2.42476 0 26.755 a b -1.59869 3 0
0 0 2.39613 0 26.7539 a b -1.5975 3 0
0 0 2.36196 0 26.7517 a b -1.5985 3 0
0 0 2.33565 0 26.7502 a b -1.59786 3 0
0 0 2.30601 0 26.752 a b -1.59714 3 0
0 0 2.27619 0 26.7474 a b -1.596 3 0
0 0 2.24519 0 26.746 a b -1.59502 3 0
0 0 2.21875 0 26.7454 a b -1.59581 3 0
0 0 2.18678 0 26.7403 a b -1.59436 3 0
0 0 2.1559 0 26.7393 a b -1.59331 3 0
0 0 2.12548 0 26.7348 a b -1.59314 3 0
0 0 2.1013 0 26.7327 a b -1.59328 3 0
0 0 2.07248 0 26.7347 a b -1.59311 3 0
0 0 2.04201 0 26.7281 a b -1.59084 3 0
0 0 2.01228 0 26.7279 a b -1.59176 3 0
0 0 1.98521 0 26.7264 a b -1.59206 3 0
0 0 1.95409 0 26.7295 a b -1.59028 3 0
0 0 1.92823 0 26.7288 a b -1.5893 3 0
0 0 1.89895 0 26.7241 a b -1.59021 3 0
0 0 1.87209 0 26.7238 a b -1.58938 3 0
0 0 1.84059 0 26.7246 a b -1.58815 3 0
0 0 1.81145 0 26.7285 a b -1.58787 3 0
0 0 1.77948 0 26.7255 a b -1.5862 3 0
0 0 1.75026 0 26.7231 a b -1.58529 3 0
0 0 1.72091 0 26.7197 a b -1.58478 3 0
0 0 1.68965 0 26.7217 a b -1.58395 3 0
0 0 1.65836 0 26.7255 a b -1.58403 3 0
0 0 1.62769 0 26.7216 a b -1.58117 3 0
0 0 1.59737 0 26.7205 a b -1.58136 3 0
0 0 1.5712 0 26.7213 a b -1.58268 3 0
0 0 1.54576 0 26.7179 a b -1.58139 3 0
0 0 1.51565 0 26.7187 a b -1.58101 3 0
0 0 1.49031 0 26.7159 a b -1.58111 3 0
0 0 1.46476 0 26.7152 a b -1.58035 3 0
0 0 1.43421 0 26.7153 a b -1.58082 3 0
0 0 1.40602 0 26.7174 a b -1.58231 3 0
0 0 1.37902 0 26.718 a b -1.5807 3 0
0 0 1.34835 0 26.7149 a b -1.57936 3 0
0 0 1.31982 0 26.7124 a b -1.57939 3 0
0 0 1.29109 0 26.711 a b -1.58007 3 0
0 0 1.25827 0 26.7114 a b -1.57942 3 0
0 0 1.22376 0 26.7089 a b -1.57871 3 0
0 0 1.18735 0 26.7055 a b -1.58074 3 0
0 0 1.15941 0 26.7046 a b -1.57915 3 0
0 0 1.133 0 26.7053 a b -1.57955 3 0
0 0 1.10192 0 26.7021 a b -1.57623 3 0
0 0 1.07072 0 26.7022 a b -1.57748 3 0
0 0 1.0419 0 26.7007 a b -1.57791 3 0
0 0 1.01576 0 26.7019 a b -1.57482 3 0
0 0 0.988024 0 26.7021 a b -1.57401 3 0
0 0 0.960735 0 26.7037 a b -1.57303 3 0
0 0 0.934556 0 26.7022 a b -1.57099 3 0
0 0 0.903559 0 26.7005 a b -1.57105 3 0
0 0 0.874767 0 26.701 a b -1.57089 3 0
0 0 0.843545 0 26.7015 a b -1.56974 3 0
0 0 0.813142 0 26.7018 a b -1.56764 3 0
0 0 0.780226 0 26.7011 a b -1.56816 3 0
0 0 0.748265 0 26.6987 a b -1.5679 3 0
0 0 0.718782 0 26.6998 a b -1.56673 3 0
0 0 0.682835 0 26.6977 a b -1.56702 3 0
0 0 0.651362 0 26.6975 a b -1.56741 3 0
0 0 0.619683 0 26.6949 a b -1.56703 3 0
0 0 0.590876 0 26.6934 a b -1.56632 3 0
0 0 0.561226 0 26.6926 a b -1.56672 3 0
0 0 0.536362 0 26.6935 a b -1.56583 3 0
0 0 0.510088 0 26.695 a b -1.56551 3 0
0 0 0.487056 0 26.698 a b -1.56391 3 0
0 0 0.461338 0 26.6991 a b -1.56358 3 0
0 0 0.432199 0 26.6984 a b -1.56187 3 0
0 0 0.401022 0 26.6951 a b -1.56114 3 0
0 0 0.372373 0 26.6963 a b -1.56059 3 0
0 0 0.34213 0 26.6982 a b -1.56118 3 0
0 0 0.315301 0 26.697 a b -1.56026 3 0
0 0 0.289246 0 26.6974 a b -1.5598 3 0
0 0 0.259904 0 26.6966 a b -1.56063 3 0
0 0 0.230925 0 26.6976 a b -1.56048 3 0
0 0 0.197414 0 26.701 a b -1.55964 3 0
0 0 0.16815 0 26.6969 a b -1.56218 3 0
0 0 0.137341 0 26.6946 a b -1.56272 3 0
0 0 0.108373 0 26.6973 a b -1.56262 3 0
0 0 0.0801795 0 26.6974 a b -1.56386 3 0
0 0 0.0500295 0 26.6961 a b -1.56553 3 0
0 0 0.0152666 0 26.6951 a b -1.56527 3 0
0 0 -0.0107726 0 26.7001 a b -1.57088 3 0
0 0 -0.0365511 0 26.706 a b -1.57883 3 0
0 0 -0.0615708 0 26.7072 a b -1.58652 3 0
0 0 -0.0853712 0 26.7116 a b -1.59664 3 0
0 0 -0.110705 0 26.7085 a b -1.60881 3 0
0 0 -0.136197 0 26.7088 a b -1.6154 3 0
0 0 -0.163026 0 26.7084 a b -1.62729 3 0
0 0 -0.191841 0 26.7045 a b -1.63654 3 0
0 0 -0.22416 0 26.698 a b -1.63951 3 0
0 0 -0.250285 0 26.6971 a b -1.64247 3 0
0 0 -0.282365 0 26.6913 a b -1.64563 3 0
0 0 -0.3132 0 26.6882 a b -1.64154 3 0
0 0 -0.340707 0 26.6868 a b -1.63666 3 0
0 0 -0.370522 0 26.6848 a b -1.6358 3 0
0 0 -0.406407 0 26.6836 a b -1.63715 3 0
0 0 -0.438677 0 26.68 a b -1.63695 3 0
0 0 -0.470962 0 26.6765 a b -1.63231 3 0
0 0 -0.499848 0 26.6742 a b -1.63157 3 0
0 0 -0.530491 0 26.6714 a b -1.63035 3 0
0 0 -0.563133 0 26.6728 a b -1.62977 3 0
0 0 -0.590003 0 26.6721 a b -1.62678 3 0
0 0 -0.616012 0 26.6689 a b -1.62628 3 0
0 0 -0.638829 0 26.6665 a b -1.6243 3 0
0 0 -0.665848 0 26.6644 a b -1.62309 3 0
0 0 -0.689272 0 26.6622 a b -1.62197 3 0
0 0 -0.718909 0 26.6607 a b -1.62122 3 0
0 0 -0.748812 0 26.6607 a b -1.62163 3 0
0 0 -0.778592 0 26.6601 a b -1.62191 3 0
0 0 -0.805487 0 26.66 a b -1.6195 3 0
0 0 -0.839479 0 26.6573 a b -1.61637 3 0
0 0 -0.871248 0 26.6537 a b -1.61634 3 0
0 0 -0.906512 0 26.6481 a b -1.61483 3 0
0 0 -0.939115 0 26.6447 a b -1.61293 3 0
0 0 -0.973482 0 26.6423 a b -1.61313 3 0
0 0 -1.00481 0 26.643 a b -1.61117 3 0
0 0 -1.03276 0 26.6391 a b -1.60878 3 0
0 0 -1.06102 0 26.6361 a b -1.60932 3 0
0 0 -1.08258 0 26.6366 a b -1.60885 3 0
0 0 -1.10375 0 26.6355 a b -1.60638 3 0
0 0 -1.12596 0 26.6358 a b -1.60481 3 0
0 0 -1.14797 0 26.6331 a b -1.60442 3 0
0 0 -1.17389 0 26.6289 a b -1.60117 3 0
0 0 -1.19952 0 26.6286 a b -1.60088 3 0
0 0 -1.22914 0 26.6319 a b -1.59942 3 0
0 0 -1.26084 0 26.6311 a b -1.59744 3 0
0 0 -1.29284 0 26.6272 a b -1.59567 3 0
0 0 -1.32907 0 26.6307 a b -1.59438 3 0
0 0 -1.36368 0 26.6336 a b -1.59114 3 0
0 0 -1.39863 0 26.6332 a b -1.58926 3 0
0 0 -1.43561 0 26.6338 a b -1.58992 3 0
0 0 -1.47057 0 26.6311 a b -1.58887 3 0
0 0 -1.49953 0 26.6247 a b -1.58747 3 0
0 0 -1.52928 0 26.6265 a b -1.58774 3 0
0 0 -1.55694 0 26.6302 a b -1.58664 3 0
0 0 -1.57994 0 26.6293 a b -1.58669 3 0
0 0 -1.60158 0 26.6272 a b -1.58671 3 0
0 0 -1.62429 0 26.6285 a b -1.58679 3 0
0 0 -1.64447 0 26.6273 a b -1.58586 3 0
0 0 -1.66503 0 26.6293 a b -1.58671 3 0
0 0 -1.68999 0 26.6282 a b -1.58773 3 0
0 0 -1.71516 0 26.6283 a b -1.58569 3 0
0 0 -1.74634 0 26.6271 a b -1.58513 3 0
0 0 -1.7816 0 26.6253 a b -1.58901 3 0
0 0 -1.81741 0 26.6204 a b -1.59024 3 0
0 0 -1.8533 0 26.6188 a b -1.59436 3 0
0 0 -1.88963 0 26.621 a b -1.59694 3 0
0 0 -1.92803 0 26.6156 a b -1.59879 3 0
0 0 -1.96431 0 26.612 a b -1.60449 3 0
0 0 -1.99705 0 26.6088 a b -1.60919 3 0
0 0 -2.03033 0 26.6081 a b -1.61257 3 0
0 0 -2.0589 0 26.6061 a b -1.61464 3 0
0 0 -2.08563 0 26.6022 a b -1.61686 3 0
0 0 -2.11006 0 26.603 a b -1.61841 3 0
0 0 -2.13274 0 26.6016 a b -1.62121 3 0
0 0 -2.15414 0 26.5998 a b -1.62474 3 0
0 0 -2.17471 0 26.6014 a b -1.62498 3 0
0 0 -2.19441 0 26.6018 a b -1.62654 3 0
0 0 -2.21657 0 26.6036 a b -1.62998 3 0
0 0 -2.2404 0 26.6016 a b -1.63094 3 0
0 0 -2.26954 0 26.599 a b -1.63425 3 0
0 0 -2.29877 0 26.5984 a b -1.63763 3 0
0 0 -2.32832 0 26.5972 a b -1.63843 3 0
0 0 -2.36472 0 26.5958 a b -1.63599 3 0
0 0 -2.40216 0 26.5897 a b -1.63354 3 0
0 0 -2.43687 0 26.5845 a b -1.63212 3 0
0 0 -2.46962 0 26.5829 a b -1.63237 3 0
0 0 -2.50278 0 26.584 a b -1.6314 3 0
0 0 -2.53387 0 26.5834 a b -1.62953 3 0
0 0 -2.56672 0 26.5788 a b -1.62926 3 0
0 0 -2.60169 0 26.578 a b -1.62839 3 0
0 0 -2.63151 0 26.5741 a b -1.62701 3 0
0 0 -2.6573 0 26.5754 a b -1.62816 3 0
0 0 -2.67805 0 26.5757 a b -1.62755 3 0
0 0 -2.70149 0 26.5733 a b -1.62648 3 0
0 0 -2.72668 0 26.5699 a b -1.62445 3 0
0 0 -2.75242 0 26.5648 a b -1.62562 3 0
0 0 -2.78237 0 26.5628 a b -1.62606 3 0
0 0 -2.80981 0 26.5645 a b -1.62482 3 0
0 0 -2.83603 0 26.5683 a b -1.62197 3 0
0 0 -2.86461 0 26.5712 a b -1.61966 3 0
0 0 -2.89615 0 26.5657 a b -1.62054 3 0
0 0 -2.92507 0 26.5613 a b -1.61937 3 0
0 0 -2.95748 0 26.56 a b -1.61867 3 0
0 0 -2.9858 0 26.5595 a b -1.61623 3 0
0 0 -3.01724 0 26.5603 a b -1.61446 3 0
0 0 -3.05278 0 26.5601 a b -1.61232 3 0
0 0 -3.08899 0 26.5586 a b -1.61186 3 0
0 0 -3.1189 0 26.5544 a b -1.61301 3 0
0 0 -3.15076 0 26.5512 a b -1.61216 3 0
0 0 -3.18296 0 26.5494 a b -1.61114 3 0
0 0 -3.21018 0 26.5467 a b -1.6103 3 0
0 0 -3.23783 0 26.5444 a b -1.60858 3 0
0 0 -3.26328 0 26.5447 a b -1.61046 3 0
0 0 -3.28578 0 26.5424 a b -1.61009 3 0
0 0 -3.30772 0 26.5461 a b -1.60833 3 0
0 0 -3.33217 0 26.5453 a b -1.60877 3 0
0 0 -3.35305 0 26.54 a b -1.6085 3 0
0 0 -3.37772 0 26.5401 a b -1.60698 3 0
0 0 -3.40185 0 26.5403 a b -1.60838 3 0
0 0 -3.43044 0 26.5399 a b -1.60856 3 0
0 0 -3.46254 0 26.5375 a b -1.6087 3 0
0 0 -3.49496 0 26.5354 a b -1.60843 3 0
0 0 -3.52879 0 26.5329 a b -1.61014 3 0
0 0 -3.56726 0 26.5307 a b -1.61445 3 0
0 0 -3.60558 0 26.5298 a b -1.61737 3 0
0 0 -3.64506 0 26.5257 a b -1.61955 3 0
0 0 -3.68063 0 26.5246 a b -1.62046 3 0
0 0 -3.71232 0 26.5254 a b -1.62524 3 0
0 0 -3.74491 0 26.52 a b -1.63106 3 0
0 0 -3.7702 0 26.5208 a b -1.63024 3 0
0 0 -3.79613 0 26.5256 a b -1.63203 3 0
0 0 -3.81964 0 26.5274 a b -1.63606 3 0
0 0 -3.84259 0 26.5234 a b -1.63557 3 0
0 0 -3.86431 0 26.5213 a b -1.63383 3 0
0 0 -3.88659 0 26.5222 a b -1.63321 3 0
0 0 -3.90948 0 26.5223 a b -1.63602 3 0
0 0 -3.9397 0 26.5215 a b -1.63516 3 0
0 0 -3.96813 0 26.515 a b -1.63374 3 0
0 0 -3.99674 0 26.5097 a b -1.63194 3 0
0 0 -4.03111 0 26.5084 a b -1.63208 3 0
0 0 -4.06527 0 26.5081 a b -1.63367 3 0
0 0 -4.09544 0 26.5067 a b -1.63336 3 0
0 0 -4.1303 0 26.5042 a b -1.6332 3 0
0 0 -4.16098 0 26.5027 a b -1.63447 3 0
0 0 -4.19166 0 26.5008 a b -1.63668 3 0
0 0 -4.22075 0 26.4987 a b -1.63675 3 0
0 0 -4.24978 0 26.4994 a b -1.63635 3 0
0 0 -4.28131 0 26.5003 a b -1.63562 3 0
0 0 -4.30876 0 26.4986 a b -1.63609 3 0
0 0 -4.33093 0 26.4957 a b -1.63169 3 0
0 0 -4.3527 0 26.4922 a b -1.62894 3 0
0 0 -4.38475 0 26.4885 a b -1.6281 3 0
0 0 -4.40578 0 26.4913 a b -1.62499 3 0
0 0 -4.42904 0 26.4892 a b -1.62289 3 0
0 0 -4.45148 0 26.4872 a b -1.61903 3 0
0 0 -4.47837 0 26.4794 a b -1.61574 3 0
0 0 -4.5059 0 26.478 a b -1.61459 3 0
0 0 -4.53577 0 26.4789 a b -1.61352 3 0
0 0 -4.56379 0 26.4793 a b -1.60872 3 0
0 0 -4.59175 0 26.4781 a b -1.60491 3 0
0 0 -4.62334 0 26.4786 a b -1.6016 3 0
0 0 -4.65262 0 26.4791 a b -1.59444 3 0
0 0 -4.68498 0 26.4761 a b -1.58987 3 0
0 0 -4.71323 0 26.4775 a b -1.58289 3 0
0 0 -4.74273 0 26.4792 a b -1.57375 3 0
0 0 -4.77026 0 26.4765 a b -1.56825 3 0
0 0 -4.79945 0 26.4781 a b -1.56373 3 0
0 0 -4.82844 0 26.4755 a b -1.55719 3 0
0 0 -4.86063 0 26.4726 a b -1.55052 3 0
0 0 -4.88574 0 26.4733 a b -1.5488 3 0
0 0 -4.91575 0 26.4739 a b -1.55094 3 0
0 0 -4.94508 0 26.4759 a b -1.55001 3 0
0 0 -4.97642 0 26.4703 a b -1.54926 3 0
0 0 -5.0051 0 26.4652 a b -1.55037 3 0
0 0 -5.03597 0 26.4682 a b -1.54953 3 0
0 0 -5.06535 0 26.4714 a b -1.5493 3 0
0 0 -5.09899 0 26.469 a b -1.54854 3 0
0 0 -5.12967 0 26.4697 a b -1.54772 3 0
0 0 -5.16026 0 26.469 a b -1.54824 3 0
0 0 -5.1904 0 26.4703 a b -1.548 3 0
0 0 -5.21938 0 26.4741 a b -1.54711 3 0
0 0 -5.2516 0 26.4744 a b -1.5453 3 0
0 0 -5.28322 0 26.4734 a b -1.54399 3 0
0 0 -5.31049 0 26.4745 a b -1.54442 3 0
0 0 -5.33832 0 26.4746 a b -1.54385 3 0
0 0 -5.36771 0 26.4767 a b -1.54486 3 0
0 0 -5.39911 0 26.4807 a b -1.5447 3 0
0 0 -5.42759 0 26.4826 a b -1.54502 3 0
0 0 -5.4571 0 26.4827 a b -1.54469 3 0
0 0 -5.48553 0 26.4814 a b -1.54448 3 0
0 0 -5.51364 0 26.4862 a b -1.5443 3 0
0 0 -5.54268 0 26.4903 a b -1.54388 3 0
0 0 -5.56824 0 26.4915 a b -1.54401 3 0
0 0 -5.5944 0 26.4883 a b -1.54445 3 0
0 0 -5.62216 0 26.4884 a b -1.54432 3 0
0 0 -5.6521 0 26.4895 a b -1.54595 3 0
0 0 -5.67598 0 26.4889 a b -1.54614 3 0
0 0 -5.70293 0 26.489 a b -1.54535 3 0
0 0 -5.73091 0 26.4875 a b -1.54528 3 0
0 0 -5.76362 0 26.486 a b -1.54704 3 0
0 0 -5.79487 0 26.487 a b -1.54555 3 0
0 0 -5.82397 0 26.4904 a b -1.54739 3 0
0 0 -5.85805 0 26.4904 a b -1.54717 3 0
0 0 -5.8943 0 26.4863 a b -1.54795 3 0
0 0 -5.92721 0 26.4819 a b -1.54842 3 0
0 0 -5.95823 0 26.4809 a b -1.55059 3 0
0 0 -5.98631 0 26.4822 a b -1.55243 3 0
0 0 -6.0146 0 26.4833 a b -1.55287 3 0
0 0 -6.04361 0 26.4864 a b -1.55175 3 0
0 0 -6.07299 0 26.4857 a b -1.55217 3 0
0 0 -6.1018 0 26.4848 a b -1.55361 3 0
0 0 -6.12959 0 26.4827 a b -1.55466 3 0
0 0 -6.15701 0 26.4833 a b -1.5551 3 0
0 0 -6.18397 0 26.4853 a b -1.55695 3 0
0 0 -6.21081 0 26.488 a b -1.55633 3 0
0 0 -6.23504 0 26.4882 a b -1.5548 3 0
0 0 -6.26245 0 26.4876 a b -1.55648 3 0
0 0 -6.29489 0 26.4923 a b -1.55707 3 0
0 0 -6.32045 0 26.4934 a b -1.5574 3 0
0 0 -6.34947 0 26.4949 a b -1.55798 3 0
0 0 -6.38022 0 26.4914 a b -1.55832 3 0
0 0 -6.41292 0 26.4897 a b -1.55842 3 0
0 0 -6.4423 0 26.4903 a b -1.56094 3 0
0 0 -6.46939 0 26.492 a b -1.56533 3 0
0 0 -6.50249 0 26.4934 a b -1.567 3 0
0 0 -6.53616 0 26.492 a b -1.57037 3 0
0 0 -6.5641 0 26.4937 a b -1.57756 3 0
0 0 -6.59127 0 26.4951 a b -1.58252 3 0
0 0 -6.62165 0 26.4942 a b -1.58717 3 0
0 0 -6.64639 0 26.4897 a b -1.59204 3 0
0 0 -6.6717 0 26.4914 a b -1.59632 3 0
0 0 -6.69543 0 26.4946 a b -1.60126 3 0
0 0 -6.71917 0 26.4933 a b -1.60482 3 0
0 0 -6.74345 0 26.4896 a b -1.60961 3 0
0 0 -6.77484 0 26.4894 a b -1.61329 3 0
0 0 -6.80737 0 26.4894 a b -1.61756 3 0
0 0 -6.8341 0 26.4878 a b -1.62223 3 0
0 0 -6.86253 0 26.4843 a b -1.62483 3 0
0 0 -6.88989 0 26.4861 a b -1.628 3 0
0 0 -6.92092 0 26.4854 a b -1.6338 3 0
0 0 -6.95149 0 26.4835 a b -1.63702 3 0
0 0 -6.98182 0 26.4843 a b -1.64323 3 0
0 0 -7.01581 0 26.4805 a b -1.64728 3 0
0 0 -7.04617 0 26.478 a b -1.64929 3 0
0 0 -7.07294 0 26.4785 a b -1.65133 3 0
0 0 -7.10044 0 26.4794 a b -1.65427 3 0
0 0 -7.128 0 26.4775 a b -1.65601 3 0
0 0 -7.15679 0 26.4709 a b -1.65472 3 0
0 0 -7.18135 0 26.4679 a b -1.65614 3 0
0 0 -7.20564 0 26.4679 a b -1.6592 3 0
0 0 -7.23164 0 26.4622 a b -1.66031 3 0
0 0 -7.25971 0 26.4566 a b -1.6597 3 0
0 0 -7.28363 0 26.4532 a b -1.65856 3 0
0 0 -7.31436 0 26.4519 a b -1.65814 3 0
0 0 -7.34324 0 26.4518 a b -1.65866 3 0
0 0 -7.37486 0 26.4501 a b -1.65608 3 0
0 0 -7.40641 0 26.4439 a b -1.65429 3 0
0 0 -7.43694 0 26.4396 a b -1.65433 3 0
0 0 -7.45956 0 26.4369 a b -1.65593 3 0
0 0 -7.48408 0 26.437 a b -1.65433 3 0
0 0 -7.50999 0 26.437 a b -1.6523 3 0
0 0 -7.53662 0 26.4334 a b -1.65041 3 0
0 0 -7.56676 0 26.4306 a b -1.64919 3 0
0 0 -7.59334 0 26.427 a b -1.64925 3 0
0 0 -7.61923 0 26.426 a b -1.64714 3 0
0 0 -7.65097 0 26.4242 a b -1.64374 3 0
0 0 -7.67898 0 26.4201 a b -1.64328 3 0
0 0 -7.71037 0 26.4173 a b -1.64381 3 0
0 0 -7.73951 0 26.4146 a b -1.64287 3 0
0 0 -7.76759 0 26.4163 a b -1.63934 3 0
0 0 -7.79688 0 26.4124 a b -1.63831 3 0
0 0 -7.82714 0 26.4048 a b -1.63791 3 0
0 0 -7.85782 0 26.402 a b -1.63739 3 0
0 0 -7.89134 0 26.4018 a b -1.63681 3 0
0 0 -7.92347 0 26.4013 a b -1.63449 3 0
0 0 -7.95521 0 26.3953 a b -1.63279 3 0
0 0 -7.98582 0 26.398 a b -1.63273 3 0
0 0 -8.01558 0 26.3993 a b -1.63093 3 0
0 0 -8.04358 0 26.3982 a b -1.63193 3 0
0 0 -8.07363 0 26.3933 a b -1.62827 3 0
0 0 -8.10526 0 26.3882 a b -1.62665 3 0
0 0 -8.13508 0 26.3894 a b -1.62848 3 0
0 0 -8.16112 0 26.3899 a b -1.6251 3 0
0 0 -8.19022 0 26.3887 a b -1.62316 3 0
0 0 -8.22136 0 26.387 a b -1.62177 3 0
0 0 -8.2472 0 26.392 a b -1.62126 3 0
0 0 -8.27835 0 26.3965 a b -1.61932 3 0
0 0 -8.30642 0 26.3932 a b -1.61644 3 0
0 0 -8.33364 0 26.3893 a b -1.61552 3 0
0 0 -8.36305 0 26.3899 a b -1.61456 3 0
0 0 -8.39145 0 26.3906 a b -1.61393 3 0
0 0 -8.42045 0 26.3896 a b -1.61195 3 0
0 0 -8.44852 0 26.383 a b -1.60953 3 0
0 0 -8.47906 0 26.3792 a b -1.61011 3 0
0 0 -8.5071 0 26.3769 a b -1.60936 3 0
0 0 -8.53764 0 26.3746 a b -1.60858 3 0
0 0 -8.56248 0 26.3734 a b -1.60657 3 0
0 0 -8.59023 0 26.3703 a b -1.60554 3 0
0 0 -8.61875 0 26.3702 a b -1.60444 3 0
0 0 -8.64923 0 26.3697 a b -1.60459 3 0
0 0 -8.67928 0 26.373 a b -1.6043 3 0
0 0 -8.70447 0 26.3756 a b -1.60136 3 0
0 0 -8.72941 0 26.3705 a b -1.60001 3 0
0 0 -8.75844 0 26.3691 a b -1.60178 3 0
0 0 -8.7864 0 26.3691 a b -1.60162 3 0
0 0 -8.81555 0 26.3693 a b -1.59964 3 0
0 0 -8.84371 0 26.366 a b -1.59907 3 0
0 0 -8.8733 0 26.3647 a b -1.59739 3 0
0 0 -8.89955 0 26.3617 a b -1.59741 3 0
0 0 -8.92881 0 26.3633 a b -1.59833 3 0
0 0 -8.96326 0 26.3571 a b -1.59553 3 0
0 0 -8.99849 0 26.3537 a b -1.59528 3 0
0 0 -9.02791 0 26.353 a b -1.59584 3 0
0 0 -9.05523 0 26.3518 a b -1.59362 3 0
0 0 -9.09097 0 26.3516 a b -1.59171 3 0
0 0 -9.12574 0 26.3508 a b -1.59138 3 0
0 0 -9.15609 0 26.3491 a b -1.5919 3 0
0 0 -9.18894 0 26.3485 a b -1.58939 3 0
0 0 -9.21686 0 26.3465 a b -1.58802 3 0
0 0 -9.24419 0 26.3421 a b -1.58584 3 0
0 0 -9.2721 0 26.34 a b -1.58642 3 0
0 0 -9.29635 0 26.3424 a b -1.58486 3 0
0 0 -9.32154 0 26.3429 a b -1.58518 3 0
0 0 -9.34898 0 26.3458 a b -1.58246 3 0
0 0 -9.37728 0 26.3462 a b -1.58193 3 0
0 0 -9.40541 0 26.3459 a b -1.58121 3 0
0 0 -9.43478 0 26.3437 a b -1.5809 3 0
0 0 -9.46679 0 26.3464 a b -1.58138 3 0
0 0 -9.49705 0 26.3454 a b -1.57964 3 0
0 0 -9.5244 0 26.3462 a b -1.57669 3 0
0 0 -9.55556 0 26.3456 a b -1.57646 3 0
0 0 -9.58855 0 26.3433 a b -1.57776 3 0
0 0 -9.62087 0 26.3431 a b -1.57777 3 0
0 0 -9.65216 0 26.3434 a b -1.57546 3 0
0 0 -9.68372 0 26.3424 a b -1.5759 3 0
0 0 -9.7134 0 26.342 a b -1.57612 3 0
0 0 -9.74484 0 26.3397 a b -1.57518 3 0
0 0 -9.77382 0 26.3415 a b -1.5734 3 0
0 0 -9.799 0 26.3405 a b -1.57269 3 0
0 0 -9.82576 0 26.3417 a b -1.5735 3 0
0 0 -9.84986 0 26.3425 a b -1.57263 3 0
0 0 -9.87665 0 26.341 a b -1.57024 3 0
0 0 -9.90349 0 26.3401 a b -1.56914 3 0
0 0 -9.93186 0 26.3392 a b -1.56952 3 0
0 0 -9.95944 0 26.3397 a b -1.57017 3 0
0 0 -9.9876 0 26.3402 a b -1.56789 3 0
0 0 -10.015 0 26.3415 a b -1.56388 3 0
0 0 -10.0473 0 26.3438 a b -1.56418 3 0
0 0 -10.0817 0 26.3421 a b -1.56599 3 0
0 0 -10.1146 0 26.3421 a b -1.56496 3 0
0 0 -10.1457 0 26.3437 a b -1.56515 3 0
0 0 -10.1756 0 26.3476 a b -1.56182 3 0
0 0 -10.2056 0 26.3478 a b -1.56318 3 0
0 0 -10.2389 0 26.3462 a b -1.564 3 0
0 0 -10.2711 0 26.3483 a b -1.56354 3 0
0 0 -10.2966 0 26.3506 a b -1.56157 3 0
0 0 -10.3246 0 26.3499 a b -1.56089 3 0
0 0 -10.3477 0 26.3488 a b -1.56129 3 0
0 0 -10.3711 0 26.3505 a b -1.56056 3 0
0 0 -10.3941 0 26.353 a b -1.5605 3 0
0 0 -10.42 0 26.3516 a b -1.5601 3 0
0 0 -10.4463 0 26.3508 a b -1.55891 3 0
0 0 -10.4755 0 26.3516 a b -1.55938 3 0
0 0 -10.501 0 26.3493 a b -1.55916 3 0
0 0 -10.5315 0 26.3459 a b -1.5578 3 0
0 0 -10.5625 0 26.3471 a b -1.55744 3 0
0 0 -10.5989 0 26.3483 a b -1.55956 3 0
0 0 -10.6376 0 26.3463 a b -1.559 3 0
0 0 -10.6727 0 26.348 a b -1.55705 3 0
0 0 -10.7108 0 26.3466 a b -1.5568 3 0
0 0 -10.7505 0 26.3462 a b -1.559 3 0
0 0 -10.7803 0 26.3451 a b -1.5587 3 0
0 0 -10.8083 0 26.3461 a b -1.5585 3 0
0 0 -10.8353 0 26.3498 a b -1.55703 3 0
0 0 -10.8602 0 26.3491 a b -1.55734 3 0
0 0 -10.8837 0 26.3508 a b -1.56046 3 0
0 0 -10.9074 0 26.3525 a b -1.56012 3 0
0 0 -10.9308 0 26.3532 a b -1.55913 3 0
0 0 -10.9531 0 26.3523 a b -1.55846 3 0
0 0 -10.9756 0 26.352 a b -1.5587 3 0
0 0 -11.003 0 26.3509 a b -1.56006 3 0
0 0 -11.0337 0 26.3506 a b -1.56009 3 0
0 0 -11.0663 0 26.3504 a b -1.55985 3 0
0 0 -11.1035 0 26.3485 a b -1.56096 3 0
0 0 -11.1383 0 26.3468 a b -1.56288 3 0
0 0 -11.1731 0 26.3423 a b -1.56523 3 0
0 0 -11.2119 0 26.341 a b -1.568 3 0
0 0 -11.2443 0 26.3397 a b -1.56947 3 0
0 0 -11.2705 0 26.3338 a b -1.57183 3 0
0 0 -11.3017 0 26.3333 a b -1.57574 3 0
0 0 -11.331 0 26.3357 a b -1.57753 3 0
0 0 -11.3582 0 26.3333 a b -1.5809 3 0
0 0 -11.3769 0 26.3358 a b -1.58839 3 0
0 0 -11.3993 0 26.3392 a b -1.59313 3 0
0 0 -11.4198 0 26.3389 a b -1.59478 3 0
0 0 -11.4389 0 26.3406 a b -1.60125 3 0
0 0 -11.462 0 26.3439 a b -1.60658 3 0
0 0 -11.4895 0 26.3411 a b -1.60766 3 0
0 0 -11.5166 0 26.339 a b -1.60647 3 0
0 0 -11.547 0 26.3392 a b -1.60679 3 0
0 0 -11.5786 0 26.3355 a b -1.60737 3 0
0 0 -11.6112 0 26.33 a b -1.6093 3 0
0 0 -11.6407 0 26.3316 a b -1.61032 3 0
0 0 -11.6699 0 26.3278 a b -1.61167 3 0
0 0 -11.7006 0 26.328 a b -1.61145 3 0
0 0 -11.7292 0 26.3231 a b -1.61267 3 0
0 0 -11.7585 0 26.3194 a b -1.61458 3 0
0 0 -11.7855 0 26.3206 a b -1.61534 3 0
0 0 -11.8121 0 26.3214 a b -1.61306 3 0
0 0 -11.8361 0 26.3173 a b -1.6125 3 0
0 0 -11.8603 0 26.3165 a b -1.61222 3 0
0 0 -11.8911 0 26.3171 a b -1.61152 3 0
0 0 -11.9174 0 26.3175 a b -1.60944 3 0
0 0 -11.948 0 26.3144 a b -1.60848 3 0
0 0 -11.9771 0 26.3121 a b -1.61023 3 0
0 0 -12.01 0 26.3088 a b -1.60716 3 0
0 0 -12.0434 0 26.3051 a b -1.60655 3 0
0 0 -12.0742 0 26.308 a b -1.60808 3 0
0 0 -12.1067 0 26.3066 a b -1.6072 3 0
0 0 -12.136 0 26.3002 a b -1.60567 3 0
0 0 -12.1658 0 26.2963 a b -1.6053 3 0
0 0 -12.1954 0 26.2955 a b -1.60619 3 0
0 0 -12.2225 0 26.2976 a b -1.60618 3 0
0 0 -12.2512 0 26.2992 a b -1.60412 3 0
0 0 -12.2787 0 26.2921 a b -1.6032 3 0
0 0 -12.3044 0 26.2909 a b -1.60404 3 0
0 0 -12.3317 0 26.293 a b -1.60264 3 0
0 0 -12.3628 0 26.2942 a b -1.60104 3 0
0 0 -12.391 0 26.2902 a b -1.60069 3 0
0 0 -12.4247 0 26.2877 a b -1.60032 3 0
0 0 -12.4526 0 26.2868 a b -1.6002 3 0
0 0 -12.4786 0 26.2795 a b -1.60143 3 0
0 0 -12.5082 0 26.2785 a b -1.59903 3 0
0 0 -12.5365 0 26.2793 a b -1.5998 3 0
0 0 -12.5639 0 26.2754 a b -1.60115 3 0
0 0 -12.5927 0 26.2744 a b -1.59911 3 0
0 0 -12.6221 0 26.2732 a b -1.59872 3 0
0 0 -12.6519 0 26.2708 a b -1.59964 3 0
0 0 -12.6752 0 26.2719 a b -1.6001 3 0
0 0 -12.7035 0 26.2758 a b -1.5978 3 0
0 0 -12.7352 0 26.2729 a b -1.59939 3 0
0 0 -12.7627 0 26.2728 a b -1.59889 3 0
0 0 -12.7924 0 26.2712 a b -1.59784 3 0
0 0 -12.8227 0 26.269 a b -1.59708 3 0
0 0 -12.8539 0 26.2675 a b -1.59794 3 0
0 0 -12.8836 0 26.2644 a b -1.59734 3 0
0 0 -12.913 0 26.2635 a b -1.59633 3 0
0 0 -12.9421 0 26.2614 a b -1.59668 3 0
0 0 -12.9722 0 26.2554 a b -1.59978 3 0
0 0 -12.998 0 26.2533 a b -1.60033 3 0
0 0 -13.0246 0 26.2587 a b -1.59853 3 0
0 0 -13.0556 0 26.2622 a b -1.60009 3 0
0 0 -13.0875 0 26.2584 a b -1.60469 3 0
0 0 -13.1222 0 26.2585 a b -1.60735 3 0
0 0 -13.156 0 26.2577 a b -1.61063 3 0
0 0 -13.1863 0 26.261 a b -1.61357 3 0
0 0 -13.2145 0 26.2583 a b -1.61811 3 0
0 0 -13.2477 0 26.2557 a b -1.62028 3 0
0 0 -13.2787 0 26.2542 a b -1.62491 3 0
0 0 -13.3049 0 26.2557 a b -1.62746 3 0
0 0 -13.331 0 26.2537 a b -1.63011 3 0
0 0 -13.3563 0 26.2517 a b -1.63303 3 0
0 0 -13.3821 0 26.2507 a b -1.63399 3 0
0 0 -13.4036 0 26.2489 a b -1.63407 3 0
0 0 -13.4304 0 26.2454 a b -1.63582 3 0
0 0 -13.4563 0 26.2436 a b -1.63707 3 0
0 0 -13.4834 0 26.241 a b -1.63765 3 0
0 0 -13.5114 0 26.2401 a b -1.6397 3 0
0 0 -13.5393 0 26.2367 a b -1.64146 3 0
0 0 -13.5721 0 26.2306 a b -1.64327 3 0
0 0 -13.6047 0 26.2289 a b -1.6453 3 0
0 0 -13.6416 0 26.2229 a b -1.64727 3 0
0 0 -13.6805 0 26.2194 a b -1.64912 3 0
0 0 -13.7113 0 26.218 a b -1.65225 3 0
0 0 -13.7431 0 26.2149 a b -1.65439 3 0
0 0 -13.7722 0 26.2139 a b -1.65467 3 0
0 0 -13.7954 0 26.2115 a b -1.65951 3 0
0 0 -13.8216 0 26.2096 a b -1.66241 3 0
0 0 -13.8448 0 26.2045 a b -1.66025 3 0
0 0 -13.8643 0 26.2048 a b -1.6569 3 0
0 0 -13.8865 0 26.2044 a b -1.65637 3 0
0 0 -13.9045 0 26.1987 a b -1.65432 3 0
0 0 -13.9286 0 26.1972 a b -1.65301 3 0
0 0 -13.9553 0 26.196 a b -1.65185 3 0
0 0 -13.9857 0 26.1904 a b -1.64958 3 0
0 0 -14.015 0 26.1885 a b -1.64725 3 0
0 0 -14.0468 0 26.1859 a b -1.64531 3 0
0 0 -14.0864 0 26.179 a b -1.64379 3 0
0 0 -14.1208 0 26.1769 a b -1.64062 3 0
0 0 -14.1569 0 26.1748 a b -1.63861 3 0
0 0 -14.1909 0 26.1725 a b -1.63608 3 0
0 0 -14.22 0 26.1694 a b -1.63609 3 0
0 0 -14.2454 0 26.1681 a b -1.63558 3 0
0 0 -14.2765 0 26.1655 a b -1.63293 3 0
0 0 -14.3055 0 26.1634 a b -1.6316 3 0
0 0 -14.3314 0 26.1648 a b -1.63006 3 0
0 0 -14.3563 0 26.1624 a b -1.62794 3 0
0 0 -14.3789 0 26.1619 a b -1.62599 3 0
0 0 -14.4008 0 26.1618 a b -1.62552 3 0
0 0 -14.4276 0 26.1599 a b -1.62363 3 0
0 0 -14.4551 0 26.1593 a b -1.62159 3 0
0 0 -14.4831 0 26.158 a b -1.61946 3 0
0 0 -14.515 0 26.154 a b -1.61736 3 0
0 0 -14.5497 0 26.1496 a b -1.61565 3 0
0 0 -14.583 0 26.1537 a b -1.61455 3 0
0 0 -14.6156 0 26.1532 a b -1.61234 3 0
0 0 -14.6498 0 26.1478 a b -1.60862 3 0
0 0 -14.6807 0 26.1452 a b -1.60723 3 0
0 0 -14.7108 0 26.1434 a b -1.60733 3 0
0 0 -14.7386 0 26.1431 a b -1.60488 3 0
0 0 -14.7696 0 26.1401 a b -1.60342 3 0
0 0 -14.7951 0 26.1382 a b -1.60174 3 0
0 0 -14.8176 0 26.136 a b -1.60124 3 0
0 0 -14.8452 0 26.1352 a b -1.59855 3 0
0 0 -14.8728 0 26.1334 a b -1.59702 3 0
0 0 -14.8993 0 26.1363 a b -1.59612 3 0
0 0 -14.9259 0 26.1363 a b -1.59534 3 0
0 0 -14.9519 0 26.1336 a b -1.59354 3 0
0 0 -14.9817 0 26.1343 a b -1.59245 3 0
0 0 -15.0112 0 26.1313 a b -1.59098 3 0
0 0 -15.0386 0 26.1311 a b -1.5896 3 0
0 0 -15.0676 0 26.1342 a b -1.58809 3 0
0 0 -15.0977 0 26.1343 a b -1.58666 3 0
0 0 -15.1277 0 26.1386 a b -1.5839 3 0
0 0 -15.1579 0 26.1308 a b -1.58072 3 0
0 0 -15.1918 0 26.1302 a b -1.58045 3 0
0 0 -15.2244 0 26.1318 a b -1.5787 3 0
0 0 -15.2556 0 26.1286 a b -1.57711 3 0
0 0 -15.2847 0 26.1249 a b -1.57385 3 0
0 0 -15.3155 0 26.128 a b -1.57256 3 0
0 0 -15.3461 0 26.1252 a b -1.57162 3 0
0 0 -15.3738 0 26.1274 a b -1.57096 3 0
0 0 -15.404 0 26.1285 a b -1.56917 3 0
0 0 -15.4332 0 26.1272 a b -1.56702 3 0
0 0 -15.4585 0 26.1265 a b -1.56553 3 0
0 0 -15.4882 0 26.1247 a b -1.56496 3 0
0 0 -15.5151 0 26.1258 a b -1.56402 3 0
0 0 -15.537 0 26.1264 a b -1.5625 3 0
0 0 -15.5598 0 26.1273 a b -1.56076 3 0
0 0 -15.5877 0 26.1267 a b -1.56041 3 0
0 0 -15.617 0 26.1256 a b -1.55899 3 0
0 0 -15.6484 0 26.1276 a b -1.55753 3 0
0 0 -15.6783 0 26.1276 a b -1.55454 3 0
0 0 -15.7092 0 26.1258 a b -1.5536 3 0
0 0 -15.7419 0 26.1273 a b -1.55197 3 0
0 0 -15.7726 0 26.1284 a b -1.55016 3 0
0 0 -15.8069 0 26.1303 a b -1.54834 3 0
0 0 -15.8389 0 26.1265 a b -1.54701 3 0
0 0 -15.8712 0 26.1293 a b -1.54602 3 0
0 0 -15.9026 0 26.1277 a b -1.5449 3 0
0 0 -15.9305 0 26.123 a b -1.54207 3 0
0 0 -15.9619 0 26.1247 a b -1.5405 3 0
0 0 -15.9882 0 26.1218 a b -1.54016 3 0
0 0 -16.0155 0 26.1215 a b -1.53998 3 0
0 0 -16.0412 0 26.1254 a b -1.53784 3 0
0 0 -16.0706 0 26.1263 a b -1.53603 3 0
0 0 -16.0995 0 26.1241 a b -1.53632 3 0
0 0 -16.1293 0 26.1216 a b -1.53559 3 0
0 0 -16.1555 0 26.126 a b -1.53519 3 0
0 0 -16.1775 0 26.1304 a b -1.53381 3 0
0 0 -16.2068 0 26.1287 a b -1.53115 3 0
0 0 -16.238 0 26.1267 a b -1.52905 3 0
0 0 -16.2675 0 26.1273 a b -1.52839 3 0
0 0 -16.2933 0 26.1284 a b -1.52829 3 0
0 0 -16.3231 0 26.1317 a b -1.52507 3 0
0 0 -16.3546 0 26.1308 a b -1.5249 3 0
0 0 -16.3829 0 26.1301 a b -1.52455 3 0
0 0 -16.4117 0 26.1325 a b -1.52573 3 0
0 0 -16.439 0 26.1314 a b -1.52625 3 0
0 0 -16.4639 0 26.1336 a b -1.52395 3 0
0 0 -16.4901 0 26.1364 a b -1.52576 3 0
0 0 -16.522 0 26.1382 a b -1.52645 3 0
0 0 -16.5516 0 26.1349 a b -1.52705 3 0
0 0 -16.5782 0 26.1361 a b -1.52529 3 0
0 0 -16.6053 0 26.1386 a b -1.5246 3 0
0 0 -16.6339 0 26.1388 a b -1.52481 3 0
0 0 -16.6655 0 26.1403 a b -1.5258 3 0
0 0 -16.7017 0 26.1378 a b -1.52373 3 0
0 0 -16.7357 0 26.1366 a b -1.52563 3 0
0 0 -16.7656 0 26.1387 a b -1.52501 3 0
0 0 -16.7958 0 26.1398 a b -1.52533 3 0
0 0 -16.8254 0 26.1357 a b -1.5275 3 0
0 0 -16.8549 0 26.1356 a b -1.52679 3 0
0 0 -16.8847 0 26.135 a b -1.52582 3 0
0 0 -16.9147 0 26.1356 a b -1.52695 3 0
0 0 -16.9466 0 26.135 a b -1.52959 3 0
0 0 -16.9759 0 26.1362 a b -1.53192 3 0
0 0 -17.0033 0 26.1356 a b -1.53154 3 0
0 0 -17.0331 0 26.1375 a b -1.53136 3 0
0 0 -17.0598 0 26.1402 a b -1.53445 3 0
0 0 -17.0908 0 26.141 a b -1.53626 3 0
0 0 -17.1277 0 26.1406 a b -1.53696 3 0
0 0 -17.158 0 26.1426 a b -1.53711 3 0
0 0 -17.1879 0 26.1427 a b -1.53833 3 0
0 0 -17.2167 0 26.1452 a b -1.54136 3 0
0 0 -17.2428 0 26.1446 a b -1.54162 3 0
0 0 -17.2693 0 26.1452 a b -1.54144 3 0
0 0 -17.2958 0 26.1464 a b -1.54197 3 0
0 0 -17.3224 0 26.1473 a b -1.54438 3 0
0 0 -17.3501 0 26.1436 a b -1.54664 3 0
0 0 -17.3785 0 26.1428 a b -1.54656 3 0
0 0 -17.4088 0 26.1403 a b -1.54749 3 0
0 0 -17.4369 0 26.1397 a b -1.54937 3 0
0 0 -17.4693 0 26.142 a b -1.54935 3 0
0 0 -17.5018 0 26.1418 a b -1.55048 3 0
0 0 -17.5376 0 26.1388 a b -1.5513 3 0
0 0 -17.5729 0 26.138 a b -1.55436 3 0
0 0 -17.6035 0 26.1366 a b -1.55488 3 0
0 0 -17.6349 0 26.1371 a b -1.55766 3 0
0 0 -17.6628 0 26.137 a b -1.55913 3 0
0 0 -17.6898 0 26.1357 a b -1.56032 3 0
0 0 -17.7179 0 26.1348 a b -1.56121 3 0
0 0 -17.7452 0 26.1378 a b -1.56421 3 0
0 0 -17.7701 0 26.1414 a b -1.56664 3 0
0 0 -17.797 0 26.1421 a b -1.56575 3 0
0 0 -17.8199 0 26.138 a b -1.56388 3 0
0 0 -17.8414 0 26.1347 a b -1.56746 3 0
0 0 -17.8719 0 26.1358 a b -1.57089 3 0
0 0 -17.9041 0 26.1368 a b -1.56999 3 0
0 0 -17.9331 0 26.1358 a b -1.57147 3 0
0 0 -17.9622 0 26.1307 a b -1.5736 3 0
0 0 -17.9963 0 26.1341 a b -1.57656 3 0
0 0 -18.033 0 26.1345 a b -1.57658 3 0
0 0 -18.0676 0 26.1333 a b -1.57963 3 0
0 0 -18.098 0 26.1313 a b -1.58239 3 0
0 0 -18.1293 0 26.133 a b -1.58562 3 0
0 0 -18.1587 0 26.133 a b -1.58539 3 0
0 0 -18.1846 0 26.1289 a b -1.58771 3 0
0 0 -18.2102 0 26.1249 a b -1.59165 3 0
0 0 -18.2362 0 26.1302 a b -1.5978 3 0
0 0 -18.2633 0 26.1308 a b -1.59923 3 0
0 0 -18.2939 0 26.1248 a b -1.60062 3 0
0 0 -18.3175 0 26.1172 a b -1.60639 3 0
0 0 -18.3431 0 26.1183 a b -1.6136 3 0
0 0 -18.3701 0 26.1183 a b -1.61739 3 0
0 0 -18.4001 0 26.1199 a b -1.6168 3 0
0 0 -18.4295 0 26.112 a b -1.6153 3 0
0 0 -18.4554 0 26.1057 a b -1.61704 3 0
0 0 -18.4867 0 26.1019 a b -1.6186 3 0
0 0 -18.5162 0 26.1006 a b -1.61952 3 0
0 0 -18.5472 0 26.1035 a b -1.6196 3 0
0 0 -18.5814 0 26.1044 a b -1.61944 3 0
0 0 -18.6145 0 26.1009 a b -1.61748 3 0
0 0 -18.642 0 26.0963 a b -1.6181 3 0
0 0 -18.6676 0 26.0965 a b -1.61718 3 0
0 0 -18.6957 0 26.0926 a b -1.61568 3 0
0 0 -18.7205 0 26.0919 a b -1.61517 3 0
0 0 -18.7458 0 26.0937 a b -1.61454 3 0
0 0 -18.7687 0 26.0895 a b -1.6127 3 0
0 0 -18.7957 0 26.0837 a b -1.61015 3 0
0 0 -18.8228 0 26.0835 a b -1.60986 3 0
0 0 -18.8514 0 26.0813 a b -1.61139 3 0
0 0 -18.8783 0 26.0783 a b -1.61273 3 0
0 0 -18.9099 0 26.0749 a b -1.60879 3 0
0 0 -18.9438 0 26.0733 a b -1.60574 3 0
0 0 -18.9701 0 26.0701 a b -1.60704 3 0
0 0 -19.0002 0 26.0682 a b -1.61079 3 0
0 0 -19.0275 0 26.071 a b -1.60867 3 0
0 0 -19.0587 0 26.0671 a b -1.60525 3 0
0 0 -19.088 0 26.0593 a b -1.60391 3 0
0 0 -19.1181 0 26.0558 a b -1.60513 3 0
0 0 -19.146 0 26.0524 a b -1.60523 3 0
0 0 -19.1751 0 26.0488 a b -1.604 3 0
0 0 -19.2027 0 26.045 a b -1.60282 3 0
0 0 -19.2276 0 26.0398 a b -1.60185 3 0
0 0 -19.2547 0 26.0389 a b -1.60186 3 0
0 0 -19.2788 0 26.0364 a b -1.60121 3 0
0 0 -19.306 0 26.0347 a b -1.60192 3 0
0 0 -19.3334 0 26.0338 a b -1.60103 3 0
0 0 -19.361 0 26.036 a b -1.59948 3 0
0 0 -19.3896 0 26.0331 a b -1.60005 3 0
0 0 -19.4205 0 26.0267 a b -1.59936 3 0
0 0 -19.4517 0 26.0249 a b -1.59826 3 0
0 0 -19.4835 0 26.0249 a b -1.59826 3 0
0 0 -19.5161 0 26.0228 a b -1.59937 3 0
0 0 -19.5504 0 26.0198 a b -1.59803 3 0
0 0 -19.5839 0 26.014 a b -1.59811 3 0
0 0 -19.6175 0 26.0144 a b -1.59712 3 0
0 0 -19.6466 0 26.0153 a b -1.5958 3 0
0 0 -19.6773 0 26.0139 a b -1.59459 3 0
0 0 -19.7035 0 26.0126 a b -1.59319 3 0
0 0 -19.7358 0 26.0142 a b -1.59253 3 0
0 0 -19.7627 0 26.0139 a b -1.59226 3 0
0 0 -19.7905 0 26.0119 a b -1.59141 3 0
0 0 -19.8164 0 26.0143 a b -1.58928 3 0
0 0 -19.8434 0 26.0113 a b -1.5885 3 0
0 0 -19.8701 0 26.0082 a b -1.58848 3 0
0 0 -19.9007 0 26.0143 a b -1.58627 3 0
0 0 -19.9276 0 26.0093 a b -1.58832 3 0
0 0 -19.9611 0 26.0071 a b -1.58717 3 0
0 0 -19.9924 0 26.0074 a b -1.58507 3 0
0 0 -20.0223 0 26.0054 a b -1.5857 3 0
0 0 -20.0565 0 26.0013 a b -1.58627 3 0
0 0 -20.0892 0 26.0015 a b -1.5844 3 0
0 0 -20.1249 0 26.0005 a b -1.5853 3 0
0 0 -20.1576 0 25.9999 a b -1.58705 3 0
0 0 -20.1865 0 25.9983 a b -1.58584 3 0
0 0 -20.2174 0 25.9967 a b -1.58454 3 0
0 0 -20.245 0 25.9944 a b -1.58268 3 0
0 0 -20.274 0 25.9933 a b -1.58319 3 0
0 0 -20.2986 0 25.9931 a b -1.58468 3 0
0 0 -20.324 0 25.9874 a b -1.58371 3 0
0 0 -20.3454 0 25.9863 a b -1.5815 3 0
0 0 -20.3733 0 25.9858 a b -1.58109 3 0
0 0 -20.4011 0 25.9844 a b -1.58309 3 0
0 0 -20.4271 0 25.9839 a b -1.58296 3 0
0 0 -20.4518 0 25.9837 a b -1.58229 3 0
0 0 -20.4839 0 25.9871 a b -1.58183 3 0
0 0 -20.5198 0 25.9786 a b -1.58063 3 0
0 0 -20.5493 0 25.9732 a b -1.57866 3 0
0 0 -20.5821 0 25.9746 a b -1.57503 3 0
0 0 -20.615 0 25.9726 a b -1.57389 3 0
0 0 -20.6496 0 25.9722 a b -1.56928 3 0
0 0 -20.6817 0 25.9675 a b -1.56625 3 0
0 0 -20.7136 0 25.9636 a b -1.56304 3 0
0 0 -20.7433 0 25.959 a b -1.56111 3 0
0 0 -20.7742 0 25.9562 a b -1.55794 3 0
0 0 -20.7988 0 25.9558 a b -1.55504 3 0
0 0 -20.8276 0 25.957 a b -1.55264 3 0
0 0 -20.8542 0 25.9555 a b -1.54734 3 0
0 0 -20.8781 0 25.955 a b -1.53948 3 0
0 0 -20.9022 0 25.955 a b -1.53198 3 0
0 0 -20.9291 0 25.9556 a b -1.52158 3 0
0 0 -20.9594 0 25.9521 a b -1.51064 3 0
0 0 -20.9847 0 25.9498 a b -1.50114 3 0
0 0 -21.0041 0 25.9501 a b -1.49437 3 0
0 0 -21.0312 0 25.9507 a b -1.49272 3 0
0 0 -21.0662 0 25.9523 a b -1.49665 3 0
0 0 -21.0971 0 25.9563 a b -1.49828 3 0
0 0 -21.1288 0 25.9542 a b -1.4988 3 0
0 0 -21.1621 0 25.9577 a b -1.50171 3 0
0 0 -21.1944 0 25.9609 a b -1.50433 3 0
0 0 -21.2245 0 25.9626 a b -1.50593 3 0
0 0 -21.2562 0 25.9643 a b -1.50793 3 0
0 0 -21.2811 0 25.9628 a b -1.50986 3 0
0 0 -21.3086 0 25.9652 a b -1.5119 3 0
0 0 -21.3383 0 25.9654 a b -1.51468 3 0
0 0 -21.3631 0 25.9689 a b -1.51497 3 0
0 0 -21.3842 0 25.9691 a b -1.51735 3 0
0 0 -21.4139 0 25.9703 a b -1.5209 3 0
0 0 -21.4364 0 25.9733 a b -1.52219 3 0
0 0 -21.462 0 25.9742 a b -1.52321 3 0
0 0 -21.4878 0 25.9746 a b -1.52443 3 0
0 0 -21.5133 0 25.973 a b -1.52862 3 0
0 0 -21.5398 0 25.9721 a b -1.53133 3 0
0 0 -21.5682 0 25.9753 a b -1.53238 3 0
0 0 -21.5969 0 25.9755 a b -1.5356 3 0
0 0 -21.626 0 25.9756 a b -1.53832 3 0
0 0 -21.6572 0 25.9738 a b -1.53883 3 0
0 0 -21.6903 0 25.9701 a b -1.54347 3 0
0 0 -21.7241 0 25.9713 a b -1.5469 3 0
0 0 -21.7553 0 25.9768 a b -1.54896 3 0
0 0 -21.786 0 25.9754 a b -1.55116 3 0
0 0 -21.817 0 25.9745 a b -1.55345 3 0
0 0 -21.8498 0 25.9701 a b -1.55647 3 0
0 0 -21.8776 0 25.9717 a b -1.55942 3 0
0 0 -21.903 0 25.9751 a b -1.5614 3 0
0 0 -21.9259 0 25.9741 a b -1.56346 3 0
0 0 -21.9529 0 25.9744 a b -1.56542 3 0
0 0 -21.9776 0 25.9706 a b -1.56679 3 0
0 0 -22.0048 0 25.9739 a b -1.56899 3 0
0 0 -22.028 0 25.9732 a b -1.57199 3 0
0 0 -22.0534 0 25.9721 a b -1.5733 3 0
0 0 -22.0828 0 25.9689 a b -1.57632 3 0
0 0 -22.1108 0 25.9707 a b -1.57868 3 0
0 0 -22.1382 0 25.9677 a b -1.57921 3 0
0 0 -22.166 0 25.9694 a b -1.58099 3 0
0 0 -22.1985 0 25.9695 a b -1.58366 3 0
0 0 -22.2318 0 25.9675 a b -1.58487 3 0
0 0 -22.2653 0 25.9625 a b -1.58826 3 0
0 0 -22.2975 0 25.959 a b -1.59056 3 0
0 0 -22.3264 0 25.9549 a b -1.59266 3 0
0 0 -22.3526 0 25.9535 a b -1.59571 3 0
0 0 -22.381 0 25.9474 a b -1.59788 3 0
0 0 -22.4124 0 25.9477 a b -1.60107 3 0
0 0 -22.439 0 25.9454 a b -1.60493 3 0
0 0 -22.4649 0 25.9447 a b -1.60642 3 0
0 0 -22.4876 0 25.9398 a b -1.60939 3 0
0 0 -22.5121 0 25.937 a b -1.60927 3 0
0 0 -22.5354 0 25.9386 a b -1.613 3 0
0 0 -22.5594 0 25.9413 a b -1.61496 3 0
0 0 -22.5828 0 25.9366 a b -1.6165 3 0
0 0 -22.6117 0 25.9359 a b -1.61844 3 0
0 0 -22.6384 0 25.9337 a b -1.62155 3 0
0 0 -22.6668 0 25.9333 a b -1.62332 3 0
0 0 -22.6937 0 25.9337 a b -1.62584 3 0
0 0 -22.7236 0 25.9288 a b -1.62755 3 0
0 0 -22.7515 0 25.9252 a b -1.63002 3 0
0 0 -22.7797 0 25.9236 a b -1.63344 3 0
0 0 -22.8102 0 25.9213 a b -1.63454 3 0
0 0 -22.8406 0 25.9208 a b -1.63635 3 0
0 0 -22.8795 0 25.921 a b -1.63592 3 0
0 0 -22.9073 0 25.9186 a b -1.63668 3 0
0 0 -22.9375 0 25.9134 a b -1.63953 3 0
0 0 -22.9603 0 25.9086 a b -1.64079 3 0
0 0 -22.9845 0 25.9057 a b -1.64266 3 0
0 0 -23.0093 0 25.8987 a b -1.64348 3 0
0 0 -23.0382 0 25.8951 a b -1.64549 3 0
0 0 -23.0632 0 25.8913 a b -1.64618 3 0
0 0 -23.0911 0 25.8869 a b -1.6472 3 0
0 0 -23.119 0 25.88 a b -1.64973 3 0
0 0 -23.1484 0 25.8739 a b -1.65073 3 0
0 0 -23.1808 0 25.8736 a b -1.65201 3 0
0 0 -23.2085 0 25.8742 a b -1.65482 3 0
0 0 -23.2347 0 25.8659 a b -1.65868 3 0
0 0 -23.2638 0 25.8618 a b -1.65871 3 0
0 0 -23.2936 0 25.8621 a b -1.66034 3 0
0 0 -23.3201 0 25.8556 a b -1.66266 3 0
0 0 -23.3474 0 25.8479 a b -1.66561 3 0
0 0 -23.374 0 25.8477 a b -1.66734 3 0
0 0 -23.4022 0 25.8459 a b -1.66766 3 0
0 0 -23.429 0 25.8425 a b -1.66968 3 0
0 0 -23.4597 0 25.8385 a b -1.67302 3 0
0 0 -23.4873 0 25.8325 a b -1.67585 3 0
0 0 -23.5136 0 25.8294 a b -1.67511 3 0
0 0 -23.5422 0 25.8252 a b -1.67602 3 0
0 0 -23.5718 0 25.8168 a b -1.67828 3 0
0 0 -23.6013 0 25.8125 a b -1.68059 3 0
0 0 -23.631 0 25.8109 a b -1.68032 3 0
0 0 -23.6618 0 25.8064 a b -1.6817 3 0
0 0 -23.6907 0 25.8028 a b -1.68337 3 0
0 0 -23.7167 0 25.7992 a b -1.68359 3 0
0 0 -23.7416 0 25.7959 a b -1.68539 3 0
0 0 -23.7697 0 25.7896 a b -1.68585 3 0
0 0 -23.7978 0 25.7869 a b -1.68658 3 0
0 0 -23.8243 0 25.7824 a b -1.6878 3 0
0 0 -23.8479 0 25.7838 a b -1.688 3 0
0 0 -23.875 0 25.7803 a b -1.68847 3 0
0 0 -23.9032 0 25.774 a b -1.68928 3 0
0 0 -23.9318 0 25.7684 a b -1.69001 3 0
0 0 -23.9585 0 25.7628 a b -1.68966 3 0
0 0 -23.9869 0 25.7596 a b -1.69059 3 0
0 0 -24.0168 0 25.7569 a b -1.6906 3 0
0 0 -24.05 0 25.7494 a b -1.68923 3 0
0 0 -24.0802 0 25.7461 a b -1.68935 3 0
0 0 -24.1109 0 25.7389 a b -1.69096 3 0
0 0 -24.1392 0 25.7347 a b -1.69139 3 0
0 0 -24.1653 0 25.728 a b -1.69102 3 0
0 0 -24.1923 0 25.7228 a b -1.69037 3 0
0 0 -24.2144 0 25.7178 a b -1.68989 3 0
0 0 -24.2421 0 25.7155 a b -1.68924 3 0
0 0 -24.2655 0 25.7176 a b -1.68867 3 0
0 0 -24.2908 0 25.7124 a b -1.68955 3 0
0 0 -24.3116 0 25.7091 a b -1.68818 3 0
0 0 -24.3379 0 25.7041 a b -1.68528 3 0
0 0 -24.3638 0 25.7007 a b -1.68356 3 0
0 0 -24.3884 0 25.6985 a b -1.68111 3 0
0 0 -24.4176 0 25.6941 a b -1.68134 3 0
0 0 -24.4569 0 25.6911 a b -1.68049 3 0
0 0 -24.4942 0 25.6872 a b -1.67685 3 0
0 0 -24.5238 0 25.6832 a b -1.67205 3 0
0 0 -24.554 0 25.6775 a b -1.67104 3 0
0 0 -24.5828 0 25.6755 a b -1.67101 3 0
0 0 -24.6156 0 25.6719 a b -1.67114 3 0
0 0 -24.6468 0 25.6709 a b -1.66799 3 0
0 0 -24.675 0 25.6675 a b -1.66452 3 0
0 0 -24.701 0 25.6645 a b -1.66327 3 0
0 0 -24.7268 0 25.6642 a b -1.6636 3 0
0 0 -24.7545 0 25.6634 a b -1.66264 3 0
0 0 -24.7789 0 25.661 a b -1.662 3 0
0 0 -24.805 0 25.6573 a b -1.65809 3 0
0 0 -24.8342 0 25.6528 a b -1.6554 3 0
0 0 -24.8636 0 25.6534 a b -1.65443 3 0
0 0 -24.8943 0 25.6505 a b -1.6518 3 0
0 0 -24.9277 0 25.6474 a b -1.64895 3 0
0 0 -24.9604 0 25.643 a b -1.64378 3 0
0 0 -24.9898 0 25.6363 a b -1.64068 3 0
0 0 -25.0196 0 25.6324 a b -1.63819 3 0
0 0 -25.0494 0 25.6305 a b -1.63428 3 0
0 0 -25.076 0 25.6288 a b -1.62828 3 0
0 0 -25.1042 0 25.6267 a b -1.62723 3 0
0 0 -25.135 0 25.6256 a b -1.62571 3 0
0 0 -25.1629 0 25.6245 a b -1.62044 3 0
0 0 -25.1901 0 25.6216 a b -1.61812 3 0
0 0 -25.2144 0 25.6219 a b -1.61756 3 0
0 0 -25.2377 0 25.6226 a b -1.6127 3 0
0 0 -25.2632 0 25.6217 a b -1.60422 3 0
0 0 -25.2902 0 25.6232 a b -1.6002 3 0
0 0 -25.3185 0 25.6234 a b -1.58353 3 0
0 0 -25.3512 0 25.614 a b -1.56621 3 0
0 0 -25.3848 0 25.6082 a b -1.5615 3 0
0 0 -25.416 0 25.6061 a b -1.56559 3 0
0 0 -25.4498 0 25.6043 a b -1.56675 3 0
0 0 -25.4853 0 25.602 a b -1.56582 3 0
0 0 -25.5186 0 25.5976 a b -1.57163 3 0
0 0 -25.5497 0 25.5957 a b -1.58174 3 0
0 0 -25.5811 0 25.5977 a b -1.59172 3 0
0 0 -25.6118 0 25.5982 a b -1.60103 3 0
0 0 -25.6392 0 25.5975 a b -1.61289 3 0
0 0 -25.6639 0 25.5998 a b -1.62497 3 0
0 0 -25.689 0 25.6025 a b -1.63218 3 0
0 0 -25.7132 0 25.6003 a b -1.6396 3 0
0 0 -25.7382 0 25.6004 a b -1.64542 3 0
0 0 -25.7605 0 25.5953 a b -1.647 3 0
0 0 -25.7871 0 25.5934 a b -1.64685 3 0
0 0 -25.82 0 25.5942 a b -1.64543 3 0
0 0 -25.8447 0 25.5966 a b -1.64623 3 0
0 0 -25.8733 0 25.5939 a b -1.64482 3 0
0 0 -25.9044 0 25.589 a b -1.64167 3 0
0 0 -25.9355 0 25.5833 a b -1.64027 3 0
0 0 -25.9628 0 25.5787 a b -1.63829 3 0
0 0 -25.9937 0 25.5773 a b -1.63644 3 0
0 0 -26.0193 0 25.5752 a b -1.63545 3 0
0 0 -26.0491 0 25.572 a b -1.63416 3 0
0 0 -26.0809 0 25.5717 a b -1.63238 3 0
0 0 -26.11 0 25.5711 a b -1.63203 3 0
0 0 -26.1366 0 25.5696 a b -1.6298 3 0
0 0 -26.1648 0 25.5669 a b -1.62993 3 0
0 0 -26.1928 0 25.5612 a b -1.6278 3 0
0 0 -26.2207 0 25.5605 a b -1.62496 3 0
0 0 -26.2541 0 25.5594 a b -1.62353 3 0
0 0 -26.2839 0 25.5551 a b -1.6249 3 0
0 0 -26.3128 0 25.5502 a b -1.62291 3 0
0 0 -26.3418 0 25.5529 a b -1.62193 3 0
0 0 -26.369 0 25.5526 a b -1.62129 3 0
0 0 -26.3972 0 25.5505 a b -1.61891 3 0
0 0 -26.4244 0 25.5465 a b -1.61759 3 0
0 0 -26.4498 0 25.5416 a b -1.61651 3 0
0 0 -26.4788 0 25.5409 a b -1.61565 3 0
0 0 -26.5086 0 25.5416 a b -1.6144 3 0
0 0 -26.5373 0 25.5405 a b -1.61203 3 0
0 0 -26.5657 0 25.5407 a b -1.60931 3 0
0 0 -26.594 0 25.5395 a b -1.60851 3 0
0 0 -26.622 0 25.5405 a b -1.60779 3 0
0 0 -26.6504 0 25.5367 a b -1.60598 3 0
0 0 -26.6815 0 25.5354 a b -1.60272 3 0
0 0 -26.7104 0 25.5351 a b -1.60192 3 0
0 0 -26.7404 0 25.5328 a b -1.60151 3 0
0 0 -26.773 0 25.5312 a b -1.60023 3 0
0 0 -26.7998 0 25.5312 a b -1.59829 3 0
0 0 -26.8295 0 25.5312 a b -1.59661 3 0
0 0 -26.8573 0 25.5296 a b -1.59596 3 0
0 0 -26.8845 0 25.529 a b -1.59441 3 0
0 0 -26.9147 0 25.529 a b -1.59241 3 0
0 0 -26.9454 0 25.5286 a b -1.59067 3 0
0 0 -26.9765 0 25.5273 a b -1.58917 3 0
0 0 -27.0058 0 25.522 a b -1.5872 3 0
0 0 -27.0333 0 25.5214 a b -1.5867 3 0
0 0 -27.0671 0 25.5199 a b -1.5862 3 0
0 0 -27.095 0 25.5185 a b -1.58445 3 0
0 0 -27.1235 0 25.5159 a b -1.58389 3 0
0 0 -27.1509 0 25.5143 a b -1.5836 3 0
0 0 -27.1804 0 25.5133 a b -1.58345 3 0
0 0 -27.2105 0 25.5114 a b -1.58138 3 0
0 0 -27.2387 0 25.51 a b -1.58066 3 0
0 0 -27.2647 0 25.507 a b -1.57949 3 0
0 0 -27.2907 0 25.5054 a b -1.57924 3 0
0 0 -27.3203 0 25.5052 a b -1.57889 3 0
0 0 -27.3474 0 25.5034 a b -1.57666 3 0
0 0 -27.3729 0 25.504 a b -1.5753 3 0
0 0 -27.4006 0 25.5059 a b -1.57499 3 0
0 0 -27.4307 0 25.5078 a b -1.57308 3 0
0 0 -27.4595 0 25.5064 a b -1.57244 3 0
0 0 -27.4863 0 25.5055 a b -1.57304 3 0
0 0 -27.52 0 25.5036 a b -1.5734 3 0
0 0 -27.553 0 25.5029 a b -1.57241 3 0
0 0 -27.5858 0 25.499 a b -1.57111 3 0
0 0 -27.6154 0 25.5013 a b -1.57095 3 0
0 0 -27.6441 0 25.5004 a b -1.57184 3 0
0 0 -27.6785 0 25.4967 a b -1.57156 3 0
0 0 -27.7144 0 25.4952 a b -1.57085 3 0
0 0 -27.7456 0 25.4937 a b -1.57085 3 0
0 0 -27.7753 0 25.4944 a b -1.57092 3 0
0 0 -27.7971 0 25.496 a b -1.57294 3 0
0 0 -27.8263 0 25.4955 a b -1.57045 3 0
0 0 -27.8554 0 25.4943 a b -1.57357 3 0
0 0 -27.8827 0 25.4919 a b -1.57329 3 0
0 0 -27.9117 0 25.4894 a b -1.57343 3 0
0 0 -27.9424 0 25.4864 a b -1.57432 3 0
0 0 -27.9721 0 25.4867 a b -1.57468 3 0
0 0 -27.9999 0 25.4863 a b -1.57519 3 0
0 0 -28.0331 0 25.4869 a b -1.57395 3 0
0 0 -28.0653 0 25.487 a b -1.57463 3 0
0 0 -28.0968 0 25.4869 a b -1.5734 3 0
0 0 -28.1257 0 25.4834 a b -1.57472 3 0
0 0 -28.1567 0 25.4806 a b -1.57573 3 0
0 0 -28.1846 0 25.4806 a b -1.57683 3 0
0 0 -28.2118 0 25.48 a b -1.57627 3 0
0 0 -28.2364 0 25.4766 a b -1.57766 3 0
0 0 -28.2607 0 25.4728 a b -1.5781 3 0
0 0 -28.2836 0 25.4739 a b -1.57862 3 0
0 0 -28.3055 0 25.4722 a b -1.5796 3 0
0 0 -28.3319 0 25.4706 a b -1.57995 3 0
0 0 -28.3589 0 25.4726 a b -1.58049 3 0
0 0 -28.3861 0 25.4722 a b -1.57811 3 0
0 0 -28.4187 0 25.4709 a b -1.57689 3 0
0 0 -28.4524 0 25.4695 a b -1.57617 3 0
0 0 -28.4933 0 25.4669 a b -1.57455 3 0
0 0 -28.5266 0 25.4642 a b -1.57558 3 0
0 0 -28.5626 0 25.4619 a b -1.57905 3 0
0 0 -28.5933 0 25.4581 a b -1.58063 3 0
0 0 -28.626 0 25.456 a b -1.58179 3 0
0 0 -28.6579 0 25.4539 a b -1.5827 3 0
0 0 -28.6862 0 25.4517 a b -1.58424 3 0
0 0 -28.714 0 25.4533 a b -1.58523 3 0
0 0 -28.7394 0 25.4522 a b -1.58646 3 0
0 0 -28.7654 0 25.4527 a b -1.58733 3 0
0 0 -28.7889 0 25.4526 a b -1.58723 3 0
0 0 -28.8199 0 25.4474 a b -1.58762 3 0
0 0 -28.8513 0 25.4458 a b -1.589 3 0
0 0 -28.872 0 25.4474 a b -1.58873 3 0
0 0 -28.894 0 25.4494 a b -1.59049 3 0
0 0 -28.9232 0 25.4468 a b -1.59124 3 0
0 0 -28.9516 0 25.4469 a b -1.59147 3 0
0 0 -28.9863 0 25.4469 a b -1.59175 3 0
0 0 -29.0163 0 25.4452 a b -1.59296 3 0
0 0 -29.0457 0 25.4412 a b -1.5934 3 0
0 0 -29.0753 0 25.438 a b -1.59521 3 0
0 0 -29.1039 0 25.4321 a b -1.59713 3 0
0 0 -29.1296 0 25.4307 a b -1.59723 3 0
0 0 -29.1537 0 25.4293 a b -1.59767 3 0
0 0 -29.1775 0 25.4256 a b -1.59996 3 0
0 0 -29.2049 0 25.4225 a b -1.60299 3 0
0 0 -29.229 0 25.4201 a b -1.60459 3 0
0 0 -29.2605 0 25.4153 a b -1.60632 3 0
0 0 -29.2871 0 25.415 a b -1.60965 3 0
0 0 -29.3178 0 25.411 a b -1.61434 3 0
0 0 -29.3486 0 25.408 a b -1.61727 3 0
0 0 -29.3827 0 25.4047 a b -1.61974 3 0
0 0 -29.4206 0 25.4018 a b -1.62252 3 0
0 0 -29.4594 0 25.3971 a b -1.62632 3 0
0 0 -29.5019 0 25.3896 a b -1.63025 3 0
0 0 -29.5392 0 25.3879 a b -1.63242 3 0
0 0 -29.5738 0 25.3847 a b -1.63477 3 0
0 0 -29.6072 0 25.3789 a b -1.63839 3 0
0 0 -29.633 0 25.3789 a b -1.6413 3 0
0 0 -29.6525 0 25.3753 a b -1.64597 3 0
0 0 -29.6733 0 25.3747 a b -1.64978 3 0
0 0 -29.702 0 25.3714 a b -1.65341 3 0
0 0 -29.7206 0 25.37 a b -1.65287 3 0
0 0 -29.7298 0 25.3779 a b -1.65157 3 0
