0 0 164.955 0 25.715 a b -3.06435 6 0
0 0 164.968 0 25.7189 a b -3.06838 6 0
0 0 164.967 0 25.7159 a b -3.08916 6 0
0 0 164.97 0 25.7332 a b -3.10224 6 0
0 0 164.974 0 25.7373 a b -3.12009 6 0
0 0 164.974 0 25.7252 a b -3.13761 6 0
0 0 164.972 0 25.7045 a b -3.13638 6 0
0 0 164.984 0 25.6714 a b -3.13828 6 0
0 0 164.971 0 25.6342 a b -3.14014 6 0
0 0 164.962 0 25.6022 a b -3.13374 6 0
0 0 164.956 0 25.5751 a b -3.12797 6 0
0 0 164.959 0 25.5453 a b -3.12796 6 0
0 0 164.963 0 25.5116 a b -3.12726 6 0
0 0 164.964 0 25.4757 a b -3.12649 6 0
0 0 164.962 0 25.4403 a b -3.1237 6 0
0 0 164.96 0 25.4022 a b -3.12216 6 0
0 0 164.962 0 25.3698 a b -3.12145 6 0
0 0 164.963 0 25.3299 a b -3.12081 6 0
0 0 164.966 0 25.2824 a b -3.11578 6 0
0 0 164.971 0 25.2405 a b -3.11263 6 0
0 0 164.97 0 25.1946 a b -3.11642 6 0
0 0 164.974 0 25.1516 a b -3.11896 6 0
0 0 164.972 0 25.1104 a b -3.11536 6 0
0 0 164.966 0 25.0686 a b -3.11006 6 0
0 0 164.966 0 25.028 a b -3.10701 6 0
0 0 164.965 0 24.9862 a b -3.10642 6 0
0 0 164.956 0 24.9474 a b -3.10554 6 0
0 0 164.953 0 24.9135 a b -3.10518 6 0
0 0 164.947 0 24.8749 a b -3.10261 6 0
0 0 164.944 0 24.8368 a b -3.10113 6 0
0 0 164.943 0 24.7973 a b -3.10086 6 0
0 0 164.938 0 24.7655 a b -3.09869 6 0
0 0 164.939 0 24.7245 a b -3.0951 6 0
0 0 164.947 0 24.682 a b -3.0947 6 0
0 0 164.945 0 24.6458 a b -3.0938 6 0
0 0 164.946 0 24.6018 a b -3.09124 6 0
0 0 164.95 0 24.559 a b -3.08808 6 0
0 0 164.951 0 24.5166 a b -3.08648 6 0
0 0 164.95 0 24.4709 a b -3.08426 6 0
0 0 164.949 0 24.4312 a b -3.08607 6 0
0 0 164.946 0 24.3926 a b -3.08692 6 0
0 0 164.949 0 24.3519 a b -3.08265 6 0
0 0 164.943 0 24.3154 a b -3.07897 6 0
0 0 164.944 0 24.2772 a b -3.07988 6 0
0 0 164.947 0 24.2429 a b -3.08197 6 0
0 0 164.942 0 24.2132 a b -3.07976 6 0
0 0 164.939 0 24.1826 a b -3.07845 6 0
0 0 164.945 0 24.1456 a b -3.08017 6 0
0 0 164.948 0 24.1112 a b -3.07899 6 0
0 0 164.945 0 24.0702 a b -3.07547 6 0
0 0 164.939 0 24.039 a b -3.07371 6 0
0 0 164.94 0 24.0011 a b -3.07549 6 0
0 0 164.944 0 23.9576 a b -3.07277 6 0
0 0 164.943 0 23.9164 a b -3.06985 6 0
0 0 164.941 0 23.8735 a b -3.06956 6 0
0 0 164.942 0 23.828 a b -3.06954 6 0
0 0 164.936 0 23.7811 a b -3.0678 6 0
0 0 164.937 0 23.7465 a b -3.06919 6 0
0 0 164.937 0 23.7074 a b -3.06643 6 0
0 0 164.937 0 23.671 a b -3.06635 6 0
0 0 164.936 0 23.6363 a b -3.06716 6 0
0 0 164.933 0 23.5982 a b -3.06812 6 0
0 0 164.934 0 23.5645 a b -3.06565 6 0
0 0 164.932 0 23.5365 a b -3.06286 6 0
0 0 164.933 0 23.5018 a b -3.06293 6 0
0 0 164.93 0 23.4662 a b -3.06503 6 0
0 0 164.929 0 23.4328 a b -3.06419 6 0
0 0 164.922 0 23.3972 a b -3.06266 6 0
0 0 164.925 0 23.36 a b -3.0642 6 0
0 0 164.929 0 23.3215 a b -3.06482 6 0
0 0 164.923 0 23.2836 a b -3.06435 6 0
0 0 164.923 0 23.2415 a b -3.06652 6 0
0 0 164.922 0 23.2003 a b -3.06771 6 0
0 0 164.92 0 23.1591 a b -3.0671 6 0
0 0 164.915 0 23.1169 a b -3.07023 6 0
0 0 164.914 0 23.0755 a b -3.07577 6 0
0 0 164.914 0 23.035 a b -3.07916 6 0
0 0 164.909 0 22.9936 a b -3.08357 6 0
0 0 164.909 0 22.956 a b -3.08766 6 0
0 0 164.915 0 22.919 a b -3.09164 6 0
0 0 164.913 0 22.8847 a b -3.09796 6 0
0 0 164.908 0 22.8526 a b -3.10756 6 0
0 0 164.904 0 22.816 a b -3.11943 6 0
0 0 164.902 0 22.7842 a b -3.13048 6 0
0 0 164.897 0 22.7527 a b 3.13866 6 0
0 0 164.897 0 22.7148 a b 3.12298 6 0
0 0 164.902 0 22.6753 a b 3.11457 6 0
0 0 164.903 0 22.6381 a b 3.11361 6 0
0 0 164.904 0 22.6045 a b 3.11525 6 0
0 0 164.908 0 22.5708 a b 3.11554 6 0
0 0 164.908 0 22.5324 a b 3.11675 6 0
0 0 164.912 0 22.4939 a b 3.11837 6 0
0 0 164.914 0 22.4583 a b 3.12099 6 0
0 0 164.919 0 22.4189 a b 3.12343 6 0
0 0 164.924 0 22.3811 a b 3.12593 6 0
0 0 164.928 0 22.3426 a b 3.12771 6 0
0 0 164.932 0 22.2996 a b 3.13146 6 0
0 0 164.934 0 22.2592 a b 3.13689 6 0
0 0 164.935 0 22.2205 a b 3.13715 6 0
0 0 164.938 0 22.1806 a b 3.13986 6 0
0 0 164.941 0 22.1408 a b -3.13877 6 0
0 0 164.943 0 22.1041 a b -3.13623 6 0
0 0 164.94 0 22.0651 a b -3.13568 6 0
0 0 164.939 0 22.0244 a b -3.13494 6 0
0 0 164.942 0 21.991 a b -3.13083 6 0
0 0 164.943 0 21.958 a b -3.12797 6 0
0 0 164.945 0 21.9237 a b -3.1286 6 0
0 0 164.945 0 21.8881 a b -3.1298 6 0
0 0 164.945 0 21.8492 a b -3.12775 6 0
0 0 164.948 0 21.8138 a b -3.12519 6 0
0 0 164.951 0 21.7761 a b -3.12431 6 0
0 0 164.949 0 21.7382 a b -3.12388 6 0
0 0 164.954 0 21.6963 a b -3.1222 6 0
0 0 164.954 0 21.6571 a b -3.12159 6 0
0 0 164.956 0 21.6167 a b -3.12148 6 0
0 0 164.952 0 21.5747 a b -3.11881 6 0
0 0 164.955 0 21.5329 a b -3.11781 6 0
0 0 164.955 0 21.492 a b -3.1168 6 0
0 0 164.956 0 21.455 a b -3.11568 6 0
0 0 164.957 0 21.4117 a b -3.11391 6 0
0 0 164.958 0 21.3792 a b -3.11333 6 0
0 0 164.959 0 21.3432 a b -3.11275 6 0
0 0 164.96 0 21.3094 a b -3.11312 6 0
0 0 164.96 0 21.2723 a b -3.112 6 0
0 0 164.962 0 21.2359 a b -3.11117 6 0
0 0 164.958 0 21.202 a b -3.10969 6 0
0 0 164.961 0 21.1655 a b -3.10778 6 0
0 0 164.962 0 21.1291 a b -3.10744 6 0
0 0 164.959 0 21.0922 a b -3.10577 6 0
0 0 164.963 0 21.0537 a b -3.10289 6 0
0 0 164.968 0 21.0145 a b -3.10108 6 0
0 0 164.97 0 20.9778 a b -3.10062 6 0
0 0 164.971 0 20.9358 a b -3.09751 6 0
0 0 164.971 0 20.892 a b -3.09621 6 0
0 0 164.974 0 20.8538 a b -3.09324 6 0
0 0 164.974 0 20.8127 a b -3.08935 6 0
0 0 164.973 0 20.7676 a b -3.08523 6 0
0 0 164.976 0 20.729 a b -3.0844 6 0
0 0 164.974 0 20.6916 a b -3.08157 6 0
0 0 164.971 0 20.6522 a b -3.07807 6 0
0 0 164.97 0 20.6127 a b -3.07486 6 0
0 0 164.969 0 20.5786 a b -3.07283 6 0
0 0 164.969 0 20.5447 a b -3.06964 6 0
0 0 164.971 0 20.5078 a b -3.06816 6 0
0 0 164.971 0 20.4694 a b -3.06465 6 0
0 0 164.964 0 20.4303 a b -3.06242 6 0
0 0 164.964 0 20.3964 a b -3.05967 6 0
0 0 164.966 0 20.3603 a b -3.0563 6 0
0 0 164.965 0 20.3242 a b -3.05627 6 0
0 0 164.963 0 20.2942 a b -3.05432 6 0
0 0 164.964 0 20.2555 a b -3.05066 6 0
0 0 164.965 0 20.2134 a b -3.04957 6 0
0 0 164.969 0 20.1764 a b -3.04941 6 0
0 0 164.967 0 20.1397 a b -3.04499 6 0
0 0 164.96 0 20.0983 a b -3.04298 6 0
0 0 164.96 0 20.0565 a b -3.04426 6 0
0 0 164.958 0 20.0179 a b -3.04143 6 0
0 0 164.955 0 19.9784 a b -3.03833 6 0
0 0 164.953 0 19.9374 a b -3.03817 6 0
0 0 164.955 0 19.8981 a b -3.03852 6 0
0 0 164.95 0 19.8583 a b -3.03567 6 0
0 0 164.947 0 19.8193 a b -3.03547 6 0
0 0 164.942 0 19.7811 a b -3.03464 6 0
0 0 164.942 0 19.7412 a b -3.03536 6 0
0 0 164.94 0 19.7061 a b -3.03456 6 0
0 0 164.932 0 19.6734 a b -3.0356 6 0
0 0 164.93 0 19.6354 a b -3.03718 6 0
0 0 164.931 0 19.598 a b -3.03555 6 0
0 0 164.934 0 19.5611 a b -3.03364 6 0
0 0 164.932 0 19.5234 a b -3.03625 6 0
0 0 164.93 0 19.4856 a b -3.0348 6 0
0 0 164.925 0 19.4509 a b -3.03484 6 0
0 0 164.924 0 19.4143 a b -3.03556 6 0
0 0 164.925 0 19.3765 a b -3.03642 6 0
0 0 164.923 0 19.3388 a b -3.03427 6 0
0 0 164.918 0 19.2997 a b -3.03453 6 0
0 0 164.916 0 19.2623 a b -3.03682 6 0
0 0 164.912 0 19.2255 a b -3.03546 6 0
0 0 164.914 0 19.1876 a b -3.0358 6 0
0 0 164.914 0 19.151 a b -3.03759 6 0
0 0 164.914 0 19.1127 a b -3.0387 6 0
0 0 164.91 0 19.0747 a b -3.03836 6 0
0 0 164.907 0 19.0403 a b -3.04179 6 0
0 0 164.905 0 19.002 a b -3.04335 6 0
0 0 164.903 0 18.9649 a b -3.04398 6 0
0 0 164.9 0 18.9255 a b -3.04734 6 0
0 0 164.899 0 18.8864 a b -3.05252 6 0
0 0 164.896 0 18.8486 a b -3.05615 6 0
0 0 164.896 0 18.8046 a b -3.06012 6 0
0 0 164.893 0 18.7667 a b -3.06351 6 0
0 0 164.895 0 18.7305 a b -3.0666 6 0
0 0 164.891 0 18.6938 a b -3.07187 6 0
0 0 164.89 0 18.6573 a b -3.07811 6 0
0 0 164.886 0 18.6253 a b -3.08523 6 0
0 0 164.885 0 18.5886 a b -3.09749 6 0
0 0 164.885 0 18.5515 a b -3.10969 6 0
0 0 164.885 0 18.5203 a b -3.122 6 0
0 0 164.884 0 18.4812 a b -3.1394 6 0
0 0 164.883 0 18.4364 a b 3.13027 6 0
0 0 164.888 0 18.3986 a b 3.12912 6 0
0 0 164.887 0 18.358 a b 3.12532 6 0
0 0 164.893 0 18.3185 a b 3.1229 6 0
0 0 164.895 0 18.2766 a b 3.12456 6 0
0 0 164.9 0 18.2394 a b 3.12291 6 0
0 0 164.898 0 18.2035 a b 3.12138 6 0
0 0 164.898 0 18.1642 a b 3.12281 6 0
0 0 164.901 0 18.1275 a b 3.12189 6 0
0 0 164.905 0 18.0906 a b 3.12149 6 0
0 0 164.909 0 18.051 a b 3.12345 6 0
0 0 164.91 0 18.0161 a b 3.12555 6 0
0 0 164.912 0 17.9809 a b 3.12494 6 0
0 0 164.915 0 17.9418 a b 3.12526 6 0
0 0 164.914 0 17.8976 a b 3.12642 6 0
0 0 164.916 0 17.8556 a b 3.12717 6 0
0 0 164.92 0 17.8199 a b 3.12947 6 0
0 0 164.923 0 17.7821 a b 3.12882 6 0
0 0 164.927 0 17.7417 a b 3.1269 6 0
0 0 164.93 0 17.6992 a b 3.12548 6 0
0 0 164.937 0 17.6545 a b 3.12829 6 0
0 0 164.941 0 17.6123 a b 3.13048 6 0
0 0 164.947 0 17.5725 a b 3.12749 6 0
0 0 164.948 0 17.5312 a b 3.12732 6 0
0 0 164.949 0 17.4905 a b 3.12942 6 0
0 0 164.951 0 17.4536 a b 3.12996 6 0
0 0 164.954 0 17.4178 a b 3.13058 6 0
0 0 164.955 0 17.3847 a b 3.13244 6 0
0 0 164.957 0 17.3494 a b 3.13383 6 0
0 0 164.959 0 17.3093 a b 3.13385 6 0
0 0 164.959 0 17.2744 a b 3.13463 6 0
0 0 164.961 0 17.2398 a b 3.13667 6 0
0 0 164.964 0 17.2078 a b 3.13917 6 0
0 0 164.966 0 17.1727 a b 3.14158 6 0
0 0 164.97 0 17.1398 a b 3.14134 6 0
0 0 164.968 0 17.1024 a b -3.14142 6 0
0 0 164.969 0 17.0593 a b -3.13966 6 0
0 0 164.973 0 17.0213 a b -3.13647 6 0
0 0 164.977 0 16.976 a b -3.13212 6 0
0 0 164.978 0 16.9354 a b -3.13166 6 0
0 0 164.979 0 16.8916 a b -3.1314 6 0
0 0 164.982 0 16.8495 a b -3.12661 6 0
0 0 164.986 0 16.8045 a b -3.12222 6 0
0 0 164.988 0 16.7639 a b -3.1199 6 0
0 0 164.985 0 16.7268 a b -3.1188 6 0
0 0 164.988 0 16.6875 a b -3.11568 6 0
0 0 164.992 0 16.6455 a b -3.11334 6 0
0 0 164.992 0 16.6129 a b -3.1116 6 0
0 0 164.995 0 16.5783 a b -3.10888 6 0
0 0 164.993 0 16.5399 a b -3.10629 6 0
0 0 164.995 0 16.5058 a b -3.10494 6 0
0 0 164.995 0 16.4689 a b -3.10337 6 0
0 0 164.995 0 16.4329 a b -3.10172 6 0
0 0 164.993 0 16.3963 a b -3.09959 6 0
0 0 164.997 0 16.3584 a b -3.10041 6 0
0 0 165.002 0 16.3195 a b -3.09923 6 0
0 0 165 0 16.2798 a b -3.09696 6 0
0 0 165.001 0 16.2389 a b -3.09687 6 0
0 0 165.002 0 16.2012 a b -3.09492 6 0
0 0 164.997 0 16.1595 a b -3.09273 6 0
0 0 164.998 0 16.1181 a b -3.09412 6 0
0 0 164.999 0 16.0759 a b -3.09284 6 0
0 0 164.995 0 16.0308 a b -3.08906 6 0
0 0 164.997 0 15.9851 a b -3.08976 6 0
0 0 164.994 0 15.9427 a b -3.09194 6 0
0 0 164.989 0 15.9045 a b -3.0907 6 0
0 0 164.987 0 15.8635 a b -3.08876 6 0
0 0 164.986 0 15.8269 a b -3.09032 6 0
0 0 164.986 0 15.7884 a b -3.09117 6 0
0 0 164.983 0 15.7521 a b -3.09199 6 0
0 0 164.98 0 15.7126 a b -3.09294 6 0
0 0 164.983 0 15.6717 a b -3.09312 6 0
0 0 164.979 0 15.6319 a b -3.09345 6 0
0 0 164.975 0 15.5922 a b -3.0933 6 0
0 0 164.974 0 15.5565 a b -3.09361 6 0
0 0 164.974 0 15.5151 a b -3.09447 6 0
0 0 164.974 0 15.4789 a b -3.09423 6 0
0 0 164.969 0 15.4415 a b -3.09501 6 0
0 0 164.971 0 15.4021 a b -3.0994 6 0
0 0 164.973 0 15.3647 a b -3.10085 6 0
0 0 164.972 0 15.3272 a b -3.10322 6 0
0 0 164.97 0 15.2881 a b -3.10789 6 0
0 0 164.967 0 15.2508 a b -3.10824 6 0
0 0 164.971 0 15.2123 a b -3.10955 6 0
0 0 164.967 0 15.1711 a b -3.11176 6 0
0 0 164.967 0 15.1307 a b -3.11646 6 0
0 0 164.967 0 15.0859 a b -3.11748 6 0
0 0 164.967 0 15.0444 a b -3.12086 6 0
0 0 164.971 0 15.0007 a b -3.12642 6 0
0 0 164.97 0 14.9617 a b -3.12912 6 0
0 0 164.967 0 14.9222 a b -3.13166 6 0
0 0 164.966 0 14.8856 a b -3.13843 6 0
0 0 164.97 0 14.846 a b 3.14008 6 0
0 0 164.971 0 14.8089 a b 3.13756 6 0
0 0 164.97 0 14.7772 a b 3.13544 6 0
0 0 164.969 0 14.741 a b 3.13409 6 0
0 0 164.971 0 14.6988 a b 3.13323 6 0
0 0 164.975 0 14.6598 a b 3.13161 6 0
0 0 164.979 0 14.6214 a b 3.13491 6 0
0 0 164.983 0 14.5841 a b 3.13512 6 0
0 0 164.984 0 14.5465 a b 3.13442 6 0
0 0 164.988 0 14.506 a b 3.13396 6 0
0 0 164.989 0 14.4683 a b 3.13599 6 0
0 0 164.988 0 14.4263 a b 3.1371 6 0
0 0 164.991 0 14.3858 a b 3.13836 6 0
0 0 164.992 0 14.3476 a b 3.13607 6 0
0 0 164.997 0 14.3055 a b 3.13763 6 0
0 0 164.998 0 14.2689 a b 3.14017 6 0
0 0 165 0 14.23 a b 3.13903 6 0
0 0 165.002 0 14.192 a b 3.14099 6 0
0 0 164.999 0 14.1523 a b -3.1397 6 0
0 0 165.001 0 14.1152 a b -3.13838 6 0
0 0 165.003 0 14.0739 a b -3.13746 6 0
0 0 165.008 0 14.0357 a b -3.13507 6 0
0 0 165.012 0 13.9982 a b -3.13603 6 0
0 0 165.009 0 13.9642 a b -3.13401 6 0
0 0 165.01 0 13.9257 a b -3.13376 6 0
0 0 165.011 0 13.8889 a b -3.13712 6 0
0 0 165.014 0 13.8525 a b -3.13454 6 0
0 0 165.015 0 13.8144 a b -3.13277 6 0
0 0 165.017 0 13.781 a b -3.13531 6 0
0 0 165.019 0 13.7449 a b -3.13433 6 0
0 0 165.022 0 13.7057 a b -3.13659 6 0
0 0 165.023 0 13.6651 a b -3.13621 6 0
0 0 165.026 0 13.6217 a b -3.1339 6 0
0 0 165.025 0 13.5825 a b -3.13408 6 0
0 0 165.027 0 13.5395 a b -3.13539 6 0
0 0 165.026 0 13.501 a b -3.1346 6 0
0 0 165.025 0 13.4603 a b -3.13377 6 0
0 0 165.029 0 13.4236 a b -3.13361 6 0
0 0 165.032 0 13.3831 a b -3.13206 6 0
0 0 165.031 0 13.3468 a b -3.13275 6 0
0 0 165.032 0 13.312 a b -3.13344 6 0
0 0 165.031 0 13.27 a b -3.13094 6 0
0 0 165.034 0 13.236 a b -3.13085 6 0
0 0 165.033 0 13.2028 a b -3.13288 6 0
0 0 165.033 0 13.165 a b -3.1316 6 0
0 0 165.033 0 13.1243 a b -3.13052 6 0
0 0 165.033 0 13.0872 a b -3.13175 6 0
0 0 165.036 0 13.0506 a b -3.13192 6 0
0 0 165.038 0 13.0167 a b -3.13371 6 0
0 0 165.038 0 12.9778 a b -3.13112 6 0
0 0 165.04 0 12.9409 a b -3.13246 6 0
0 0 165.045 0 12.9057 a b -3.13365 6 0
0 0 165.045 0 12.8715 a b -3.13278 6 0
0 0 165.047 0 12.8341 a b -3.13322 6 0
0 0 165.049 0 12.793 a b -3.1335 6 0
0 0 165.05 0 12.754 a b -3.13455 6 0
0 0 165.049 0 12.712 a b -3.13335 6 0
0 0 165.05 0 12.6714 a b -3.13112 6 0
0 0 165.052 0 12.6354 a b -3.13055 6 0
0 0 165.055 0 12.6012 a b -3.13242 6 0
0 0 165.057 0 12.5653 a b -3.13036 6 0
0 0 165.056 0 12.5301 a b -3.12898 6 0
0 0 165.058 0 12.4923 a b -3.12708 6 0
0 0 165.056 0 12.4544 a b -3.12421 6 0
0 0 165.06 0 12.4201 a b -3.12348 6 0
0 0 165.063 0 12.3834 a b -3.12297 6 0
0 0 165.061 0 12.3415 a b -3.12046 6 0
0 0 165.062 0 12.301 a b -3.11996 6 0
0 0 165.063 0 12.2721 a b -3.12032 6 0
0 0 165.065 0 12.2308 a b -3.11747 6 0
0 0 165.068 0 12.1928 a b -3.11658 6 0
0 0 165.069 0 12.1582 a b -3.11668 6 0
0 0 165.067 0 12.121 a b -3.11649 6 0
0 0 165.07 0 12.0874 a b -3.11483 6 0
0 0 165.071 0 12.0415 a b -3.11393 6 0
0 0 165.071 0 11.9979 a b -3.115 6 0
0 0 165.073 0 11.964 a b -3.11667 6 0
0 0 165.071 0 11.9274 a b -3.11558 6 0
0 0 165.072 0 11.8856 a b -3.11509 6 0
0 0 165.073 0 11.8498 a b -3.11578 6 0
0 0 165.071 0 11.8131 a b -3.11652 6 0
0 0 165.07 0 11.779 a b -3.11465 6 0
0 0 165.073 0 11.7395 a b -3.1138 6 0
0 0 165.074 0 11.7036 a b -3.11427 6 0
0 0 165.075 0 11.6684 a b -3.11475 6 0
0 0 165.075 0 11.6345 a b -3.11491 6 0
0 0 165.077 0 11.6082 a b -3.11468 6 0
0 0 165.079 0 11.5698 a b -3.11207 6 0
0 0 165.078 0 11.5343 a b -3.11411 6 0
0 0 165.077 0 11.5015 a b -3.11328 6 0
0 0 165.078 0 11.4665 a b -3.11227 6 0
0 0 165.079 0 11.4273 a b -3.11214 6 0
0 0 165.077 0 11.3884 a b -3.11211 6 0
0 0 165.076 0 11.3576 a b -3.11206 6 0
0 0 165.075 0 11.3205 a b -3.11171 6 0
0 0 165.074 0 11.2828 a b -3.11056 6 0
0 0 165.073 0 11.2436 a b -3.10735 6 0
0 0 165.074 0 11.1994 a b -3.10929 6 0
0 0 165.074 0 11.1664 a b -3.10923 6 0
0 0 165.073 0 11.1262 a b -3.10452 6 0
0 0 165.071 0 11.0905 a b -3.10172 6 0
0 0 165.071 0 11.0525 a b -3.10324 6 0
0 0 165.074 0 11.0162 a b -3.10153 6 0
0 0 165.075 0 10.9787 a b -3.09797 6 0
0 0 165.072 0 10.9361 a b -3.0949 6 0
0 0 165.068 0 10.8957 a b -3.09337 6 0
0 0 165.065 0 10.8556 a b -3.09434 6 0
0 0 165.066 0 10.8207 a b -3.08956 6 0
0 0 165.065 0 10.7845 a b -3.08902 6 0
0 0 165.067 0 10.748 a b -3.09001 6 0
0 0 165.066 0 10.7125 a b -3.08649 6 0
0 0 165.064 0 10.6735 a b -3.08693 6 0
0 0 165.062 0 10.6395 a b -3.08602 6 0
0 0 165.061 0 10.6066 a b -3.08024 6 0
0 0 165.057 0 10.5716 a b -3.08203 6 0
0 0 165.056 0 10.5337 a b -3.0828 6 0
0 0 165.061 0 10.4936 a b -3.07977 6 0
0 0 165.059 0 10.4568 a b -3.07949 6 0
0 0 165.053 0 10.4131 a b -3.08333 6 0
0 0 165.055 0 10.3744 a b -3.08134 6 0
0 0 165.051 0 10.3353 a b -3.07861 6 0
0 0 165.052 0 10.2943 a b -3.08051 6 0
0 0 165.051 0 10.2527 a b -3.08125 6 0
0 0 165.048 0 10.2106 a b -3.07885 6 0
0 0 165.043 0 10.1712 a b -3.07849 6 0
0 0 165.044 0 10.1244 a b -3.07718 6 0
0 0 165.041 0 10.086 a b -3.07782 6 0
0 0 165.04 0 10.0543 a b -3.07862 6 0
0 0 165.036 0 10.0168 a b -3.07543 6 0
0 0 165.034 0 9.97885 a b -3.0765 6 0
0 0 165.036 0 9.93866 a b -3.07741 6 0
0 0 165.035 0 9.90193 a b -3.07736 6 0
0 0 165.037 0 9.8615 a b -3.07892 6 0
0 0 165.031 0 9.82145 a b -3.0763 6 0
0 0 165.029 0 9.78586 a b -3.07367 6 0
0 0 165.034 0 9.75034 a b -3.07669 6 0
0 0 165.033 0 9.70807 a b -3.07732 6 0
0 0 165.031 0 9.67078 a b -3.07412 6 0
0 0 165.031 0 9.63367 a b -3.07501 6 0
0 0 165.029 0 9.59322 a b -3.07689 6 0
0 0 165.025 0 9.5571 a b -3.07559 6 0
0 0 165.027 0 9.51744 a b -3.07132 6 0
0 0 165.031 0 9.48061 a b -3.07341 6 0
0 0 165.029 0 9.44235 a b -3.07465 6 0
0 0 165.023 0 9.40277 a b -3.07133 6 0
0 0 165.021 0 9.36365 a b -3.07327 6 0
0 0 165.018 0 9.32326 a b -3.07142 6 0
0 0 165.016 0 9.28259 a b -3.07195 6 0
0 0 165.015 0 9.24452 a b -3.07292 6 0
0 0 165.013 0 9.20879 a b -3.07348 6 0
0 0 165.013 0 9.16597 a b -3.07321 6 0
0 0 165.011 0 9.13156 a b -3.07493 6 0
0 0 165.009 0 9.09467 a b -3.07653 6 0
0 0 165.009 0 9.05897 a b -3.07637 6 0
0 0 165.009 0 9.02371 a b -3.07672 6 0
0 0 165.008 0 8.99191 a b -3.07723 6 0
0 0 165.006 0 8.94656 a b -3.07928 6 0
0 0 165.002 0 8.9053 a b -3.07926 6 0
0 0 165.001 0 8.86914 a b -3.07958 6 0
0 0 165.002 0 8.83171 a b -3.08173 6 0
0 0 165.002 0 8.78991 a b -3.08378 6 0
0 0 165.002 0 8.75104 a b -3.08275 6 0
0 0 165 0 8.71351 a b -3.08322 6 0
0 0 164.995 0 8.67323 a b -3.08516 6 0
0 0 164.997 0 8.63755 a b -3.08612 6 0
0 0 164.998 0 8.59761 a b -3.08789 6 0
0 0 164.995 0 8.55582 a b -3.08804 6 0
0 0 164.994 0 8.51628 a b -3.08723 6 0
0 0 164.988 0 8.47778 a b -3.09038 6 0
0 0 164.988 0 8.43638 a b -3.09163 6 0
0 0 164.985 0 8.40148 a b -3.09057 6 0
0 0 164.982 0 8.36522 a b -3.09395 6 0
0 0 164.982 0 8.32532 a b -3.09234 6 0
0 0 164.989 0 8.28428 a b -3.09208 6 0
0 0 164.983 0 8.24251 a b -3.09335 6 0
0 0 164.982 0 8.20165 a b -3.09341 6 0
0 0 164.984 0 8.16654 a b -3.09303 6 0
0 0 164.981 0 8.13109 a b -3.09517 6 0
0 0 164.979 0 8.08937 a b -3.09428 6 0
0 0 164.981 0 8.04652 a b -3.09432 6 0
0 0 164.979 0 8.01003 a b -3.0969 6 0
0 0 164.975 0 7.96542 a b -3.09426 6 0
0 0 164.976 0 7.92132 a b -3.09394 6 0
0 0 164.977 0 7.88124 a b -3.09537 6 0
0 0 164.973 0 7.84301 a b -3.09719 6 0
0 0 164.972 0 7.80486 a b -3.09585 6 0
0 0 164.965 0 7.76358 a b -3.09562 6 0
0 0 164.963 0 7.72383 a b -3.09666 6 0
0 0 164.964 0 7.68412 a b -3.09719 6 0
0 0 164.962 0 7.64199 a b -3.09836 6 0
0 0 164.96 0 7.59883 a b -3.0976 6 0
0 0 164.959 0 7.56457 a b -3.09963 6 0
0 0 164.955 0 7.5291 a b -3.10083 6 0
0 0 164.952 0 7.48649 a b -3.10051 6 0
0 0 164.952 0 7.45388 a b -3.10104 6 0
0 0 164.955 0 7.41953 a b -3.10059 6 0
0 0 164.955 0 7.37433 a b -3.10056 6 0
0 0 164.954 0 7.33354 a b -3.10127 6 0
0 0 164.949 0 7.29235 a b -3.09976 6 0
0 0 164.949 0 7.25285 a b -3.09747 6 0
0 0 164.949 0 7.21031 a b -3.0969 6 0
0 0 164.949 0 7.17353 a b -3.0966 6 0
0 0 164.949 0 7.14003 a b -3.09428 6 0
0 0 164.945 0 7.10208 a b -3.09031 6 0
0 0 164.943 0 7.0678 a b -3.0877 6 0
0 0 164.943 0 7.02752 a b -3.08674 6 0
0 0 164.937 0 6.98754 a b -3.08216 6 0
0 0 164.938 0 6.94874 a b -3.07893 6 0
0 0 164.937 0 6.91041 a b -3.07641 6 0
0 0 164.937 0 6.86727 a b -3.07189 6 0
0 0 164.933 0 6.82833 a b -3.06684 6 0
0 0 164.928 0 6.78556 a b -3.06009 6 0
0 0 164.92 0 6.73706 a b -3.05428 6 0
0 0 164.923 0 6.69316 a b -3.04812 6 0
0 0 164.921 0 6.65541 a b -3.04133 6 0
0 0 164.923 0 6.62628 a b -3.03594 6 0
0 0 164.915 0 6.58169 a b -3.02854 6 0
0 0 164.905 0 6.54006 a b -3.02531 6 0
0 0 164.906 0 6.50537 a b -3.02465 6 0
0 0 164.9 0 6.47137 a b -3.02105 6 0
0 0 164.894 0 6.43615 a b -3.01675 6 0
0 0 164.889 0 6.39789 a b -3.01584 6 0
0 0 164.889 0 6.35573 a b -3.01622 6 0
0 0 164.884 0 6.31759 a b -3.01237 6 0
0 0 164.871 0 6.27811 a b -3.00881 6 0
0 0 164.863 0 6.24446 a b -3.00982 6 0
0 0 164.861 0 6.19972 a b -3.00969 6 0
0 0 164.861 0 6.15823 a b -3.00732 6 0
0 0 164.852 0 6.11753 a b -3.00474 6 0
0 0 164.847 0 6.07808 a b -3.00467 6 0
0 0 164.842 0 6.03828 a b -3.0016 6 0
0 0 164.837 0 6.00267 a b -3.00003 6 0
0 0 164.835 0 5.96668 a b -2.99985 6 0
0 0 164.836 0 5.93134 a b -2.9977 6 0
0 0 164.824 0 5.89094 a b -2.99551 6 0
0 0 164.82 0 5.8575 a b -2.99431 6 0
0 0 164.817 0 5.82718 a b -2.99312 6 0
0 0 164.813 0 5.80186 a b -2.99073 6 0
0 0 164.808 0 5.77328 a b -2.98765 6 0
0 0 164.8 0 5.7447 a b -2.98538 6 0
0 0 164.796 0 5.70576 a b -2.98523 6 0
0 0 164.786 0 5.66983 a b -2.98501 6 0
0 0 164.779 0 5.62899 a b -2.98499 6 0
0 0 164.771 0 5.58416 a b -2.98271 6 0
0 0 164.757 0 5.53579 a b -2.97844 6 0
0 0 164.75 0 5.48733 a b -2.97823 6 0
0 0 164.745 0 5.42855 a b -2.97842 6 0
0 0 164.736 0 5.38265 a b -2.97994 6 0
0 0 164.734 0 5.33361 a b -2.98064 6 0
0 0 164.734 0 5.29437 a b -2.98231 6 0
0 0 164.728 0 5.24517 a b -2.98581 6 0
0 0 164.715 0 5.19041 a b -2.98755 6 0
0 0 164.701 0 5.12211 a b -2.98951 6 0
0 0 164.7 0 5.07863 a b -2.98845 6 0
0 0 164.695 0 5.0422 a b -2.98856 6 0
0 0 164.696 0 5.00747 a b -2.99256 6 0
0 0 164.687 0 4.97016 a b -2.99831 6 0
0 0 164.68 0 4.92713 a b -3.002 6 0
0 0 164.673 0 4.88293 a b -3.00473 6 0
0 0 164.672 0 4.84633 a b -3.00216 6 0
0 0 164.68 0 4.82762 a b -3.00231 6 0
0 0 164.675 0 4.79516 a b -3.00961 6 0
0 0 164.66 0 4.76046 a b -3.01742 6 0
0 0 164.663 0 4.72296 a b -3.02742 6 0
0 0 164.652 0 4.67351 a b -3.03271 6 0
0 0 164.652 0 4.63082 a b -3.0407 6 0
0 0 164.646 0 4.59303 a b -3.05286 6 0
0 0 164.645 0 4.55523 a b -3.06894 6 0
0 0 164.63 0 4.5184 a b -3.08306 6 0
0 0 164.614 0 4.47331 a b -3.08933 6 0
0 0 164.609 0 4.43471 a b -3.09044 6 0
0 0 164.607 0 4.39332 a b -3.08968 6 0
0 0 164.606 0 4.35304 a b -3.08784 6 0
0 0 164.607 0 4.30851 a b -3.08507 6 0
0 0 164.602 0 4.26407 a b -3.08339 6 0
0 0 164.605 0 4.22532 a b -3.08386 6 0
0 0 164.59 0 4.17319 a b -3.08131 6 0
0 0 164.592 0 4.12997 a b -3.08049 6 0
0 0 164.582 0 4.07901 a b -3.07703 6 0
0 0 164.576 0 4.03897 a b -3.07112 6 0
0 0 164.574 0 3.99996 a b -3.06741 6 0
0 0 164.574 0 3.96709 a b -3.06634 6 0
0 0 164.572 0 3.93815 a b -3.06566 6 0
0 0 164.56 0 3.90786 a b -3.06053 6 0
0 0 164.551 0 3.87988 a b -3.05449 6 0
0 0 164.558 0 3.85642 a b -3.04979 6 0
0 0 164.563 0 3.83503 a b -3.04767 6 0
0 0 164.557 0 3.81222 a b -3.04539 6 0
0 0 164.546 0 3.78718 a b -3.03862 6 0
0 0 164.541 0 3.75843 a b -3.03252 6 0
0 0 164.539 0 3.7352 a b -3.03165 6 0
0 0 164.533 0 3.69634 a b -3.02947 6 0
0 0 164.532 0 3.66181 a b -3.02652 6 0
0 0 164.522 0 3.62596 a b -3.02129 6 0
0 0 164.519 0 3.58492 a b -3.01968 6 0
0 0 164.505 0 3.53676 a b -3.02187 6 0
0 0 164.508 0 3.49354 a b -3.02352 6 0
0 0 164.505 0 3.43493 a b -3.02245 6 0
0 0 164.491 0 3.38278 a b -3.01948 6 0
0 0 164.488 0 3.32357 a b -3.01451 6 0
0 0 164.474 0 3.25963 a b -3.01139 6 0
0 0 164.459 0 3.2015 a b -3.01105 6 0
0 0 164.458 0 3.13828 a b -3.00635 6 0
0 0 164.462 0 3.08141 a b -3.0093 6 0
0 0 164.459 0 3.0309 a b -3.00421 6 0
0 0 164.453 0 2.99256 a b -2.99991 6 0
0 0 164.447 0 2.95805 a b -2.99781 6 0
0 0 164.445 0 2.93769 a b -2.9953 6 0
0 0 164.435 0 2.92336 a b -2.99196 6 0
0 0 164.441 0 2.91802 a b -2.99832 6 0
0 0 164.429 0 2.91628 a b -3.01658 6 0
0 0 164.434 0 2.92428 a b -3.02948 6 0
0 0 164.426 0 2.92287 a b -3.0547 6 0
0 0 164.435 0 2.92346 a b -3.05822 6 0
0 0 164.435 0 2.92491 a b -3.08086 6 0
0 0 164.43 0 2.91849 a b -3.09845 6 0
0 0 164.439 0 2.9233 a b -3.11061 6 0
0 0 164.44 0 2.92212 a b -3.13299 6 0
0 0 164.448 0 2.93491 a b -3.13202 6 0
0 0 164.459 0 2.93395 a b -3.12909 6 0
0 0 164.441 0 2.92981 a b -3.12386 6 0
0 0 164.432 0 2.91324 a b -3.11822 6 0
0 0 164.418 0 2.90896 a b -3.11436 6 0
0 0 164.427 0 2.91395 a b -3.10993 6 0
0 0 164.451 0 2.93768 a b -3.10944 6 0
0 0 164.479 0 2.95626 a b -3.11721 6 0
0 0 164.506 0 2.96227 a b -3.12452 6 0
0 0 164.543 0 2.96471 a b -3.13301 6 0
0 0 164.589 0 2.94981 a b -3.13233 6 0
0 0 164.609 0 2.94587 a b -3.11209 6 0
