0 0 165.64 0 64.1832 a b -1.45265 6 0
0 0 165.573 0 64.1859 a b -1.44738 6 0
0 0 165.507 0 64.189 a b -1.44753 6 0
0 0 165.441 0 64.1977 a b -1.44606 6 0
0 0 165.361 0 64.2053 a b -1.44631 6 0
0 0 165.287 0 64.2164 a b -1.44468 6 0
0 0 165.217 0 64.2212 a b -1.44367 6 0
0 0 165.139 0 64.2391 a b -1.44318 6 0
0 0 165.074 0 64.2531 a b -1.44229 6 0
0 0 165.015 0 64.2589 a b -1.44316 6 0
0 0 164.957 0 64.2651 a b -1.44603 6 0
0 0 164.906 0 64.265 a b -1.44817 6 0
0 0 164.863 0 64.2636 a b -1.44829 6 0
0 0 164.821 0 64.266 a b -1.44892 6 0
0 0 164.783 0 64.2766 a b -1.44931 6 0
0 0 164.74 0 64.2814 a b -1.44978 6 0
0 0 164.702 0 64.2881 a b -1.45042 6 0
0 0 164.668 0 64.2841 a b -1.45101 6 0
0 0 164.637 0 64.2861 a b -1.44966 6 0
0 0 164.603 0 64.2914 a b -1.44852 6 0
0 0 164.572 0 64.2965 a b -1.45158 6 0
0 0 164.549 0 64.2998 a b -1.4506 6 0
0 0 164.501 0 64.3009 a b -1.44914 6 0
0 0 164.449 0 64.3228 a b -1.4499 6 0
0 0 164.392 0 64.3435 a b -1.45256 6 0
0 0 164.341 0 64.3447 a b -1.45296 6 0
0 0 164.284 0 64.3382 a b -1.44975 6 0
0 0 164.221 0 64.3458 a b -1.44742 6 0
0 0 164.16 0 64.359 a b -1.44816 6 0
0 0 164.113 0 64.3638 a b -1.44776 6 0
0 0 164.064 0 64.3684 a b -1.44436 6 0
0 0 164.012 0 64.3632 a b -1.44133 6 0
0 0 163.955 0 64.3695 a b -1.44079 6 0
0 0 163.904 0 64.3904 a b -1.44419 6 0
0 0 163.857 0 64.3957 a b -1.44464 6 0
0 0 163.805 0 64.3976 a b -1.4419 6 0
0 0 163.761 0 64.4098 a b -1.43855 6 0
0 0 163.712 0 64.4279 a b -1.43723 6 0
0 0 163.667 0 64.4474 a b -1.43547 6 0
0 0 163.622 0 64.4535 a b -1.43848 6 0
0 0 163.574 0 64.4559 a b -1.4367 6 0
0 0 163.535 0 64.4584 a b -1.43427 6 0
0 0 163.482 0 64.4679 a b -1.43329 6 0
0 0 163.437 0 64.4746 a b -1.43279 6 0
0 0 163.39 0 64.4889 a b -1.43277 6 0
0 0 163.335 0 64.4906 a b -1.43202 6 0
0 0 163.283 0 64.4944 a b -1.42995 6 0
0 0 163.227 0 64.5015 a b -1.43231 6 0
0 0 163.173 0 64.506 a b -1.43276 6 0
0 0 163.107 0 64.5093 a b -1.43232 6 0
0 0 163.041 0 64.5145 a b -1.42913 6 0
0 0 162.983 0 64.5223 a b -1.42583 6 0
0 0 162.929 0 64.5292 a b -1.43032 6 0
0 0 162.873 0 64.5388 a b -1.4308 6 0
0 0 162.825 0 64.5416 a b -1.42678 6 0
0 0 162.771 0 64.548 a b -1.42401 6 0
0 0 162.712 0 64.5543 a b -1.42611 6 0
0 0 162.659 0 64.5558 a b -1.42486 6 0
0 0 162.612 0 64.5609 a b -1.42148 6 0
0 0 162.557 0 64.5589 a b -1.41766 6 0
0 0 162.515 0 64.5704 a b -1.41904 6 0
0 0 162.468 0 64.5694 a b -1.41599 6 0
0 0 162.419 0 64.5696 a b -1.41778 6 0
0 0 162.365 0 64.5751 a b -1.41595 6 0
0 0 162.321 0 64.5722 a b -1.41023 6 0
0 0 162.272 0 64.5805 a b -1.40772 6 0
0 0 162.228 0 64.5882 a b -1.40439 6 0
0 0 162.18 0 64.5962 a b -1.40426 6 0
0 0 162.143 0 64.609 a b -1.4056 6 0
0 0 162.101 0 64.6137 a b -1.40227 6 0
0 0 162.049 0 64.6215 a b -1.39829 6 0
0 0 162.001 0 64.626 a b -1.39575 6 0
0 0 161.949 0 64.6218 a b -1.39759 6 0
0 0 161.894 0 64.6318 a b -1.40023 6 0
0 0 161.847 0 64.6332 a b -1.39657 6 0
0 0 161.793 0 64.6422 a b -1.39866 6 0
0 0 161.744 0 64.6561 a b -1.40054 6 0
0 0 161.698 0 64.6611 a b -1.39916 6 0
0 0 161.65 0 64.6628 a b -1.40082 6 0
0 0 161.599 0 64.6634 a b -1.40384 6 0
0 0 161.55 0 64.6607 a b -1.4023 6 0
0 0 161.511 0 64.6665 a b -1.40166 6 0
0 0 161.471 0 64.6654 a b -1.40314 6 0
0 0 161.419 0 64.6791 a b -1.40575 6 0
0 0 161.368 0 64.6974 a b -1.40833 6 0
0 0 161.329 0 64.7077 a b -1.40807 6 0
0 0 161.282 0 64.7162 a b -1.41119 6 0
0 0 161.235 0 64.7216 a b -1.41178 6 0
0 0 161.189 0 64.7306 a b -1.41348 6 0
0 0 161.133 0 64.7371 a b -1.41401 6 0
0 0 161.086 0 64.7415 a b -1.41321 6 0
0 0 161.034 0 64.743 a b -1.41452 6 0
0 0 160.992 0 64.7482 a b -1.41417 6 0
0 0 160.947 0 64.7508 a b -1.41336 6 0
0 0 160.901 0 64.7566 a b -1.41308 6 0
0 0 160.856 0 64.7619 a b -1.41563 6 0
0 0 160.806 0 64.7703 a b -1.4158 6 0
0 0 160.765 0 64.7806 a b -1.41744 6 0
0 0 160.721 0 64.7873 a b -1.42014 6 0
0 0 160.674 0 64.7917 a b -1.422 6 0
0 0 160.626 0 64.7982 a b -1.42625 6 0
0 0 160.577 0 64.8014 a b -1.43215 6 0
0 0 160.537 0 64.8043 a b -1.43551 6 0
0 0 160.49 0 64.8119 a b -1.44086 6 0
0 0 160.442 0 64.823 a b -1.44703 6 0
0 0 160.392 0 64.8324 a b -1.45166 6 0
0 0 160.337 0 64.8445 a b -1.45763 6 0
0 0 160.294 0 64.8513 a b -1.45962 6 0
0 0 160.251 0 64.8535 a b -1.46349 6 0
0 0 160.198 0 64.8487 a b -1.46531 6 0
0 0 160.156 0 64.8453 a b -1.46657 6 0
0 0 160.105 0 64.8455 a b -1.47072 6 0
0 0 160.059 0 64.8499 a b -1.47724 6 0
0 0 160.009 0 64.8469 a b -1.47751 6 0
0 0 159.96 0 64.8523 a b -1.48118 6 0
0 0 159.913 0 64.8618 a b -1.48493 6 0
0 0 159.86 0 64.8762 a b -1.49206 6 0
0 0 159.811 0 64.8861 a b -1.49606 6 0
0 0 159.762 0 64.8934 a b -1.50069 6 0
0 0 159.707 0 64.8951 a b -1.50534 6 0
0 0 159.659 0 64.8928 a b -1.51006 6 0
0 0 159.611 0 64.8948 a b -1.51291 6 0
0 0 159.557 0 64.9024 a b -1.51695 6 0
0 0 159.512 0 64.9041 a b -1.52082 6 0
0 0 159.464 0 64.9061 a b -1.5239 6 0
0 0 159.416 0 64.9081 a b -1.52618 6 0
0 0 159.37 0 64.9105 a b -1.52769 6 0
0 0 159.321 0 64.9072 a b -1.53091 6 0
0 0 159.272 0 64.9046 a b -1.53429 6 0
0 0 159.218 0 64.9037 a b -1.5314 6 0
0 0 159.175 0 64.9049 a b -1.52852 6 0
0 0 159.13 0 64.9078 a b -1.52631 6 0
0 0 159.08 0 64.9069 a b -1.52385 6 0
0 0 159.028 0 64.9094 a b -1.52329 6 0
0 0 158.967 0 64.9016 a b -1.50988 6 0
0 0 158.918 0 64.9074 a b -1.48678 6 0
0 0 158.875 0 64.9219 a b -1.4717 6 0
0 0 158.832 0 64.9299 a b -1.45872 6 0
0 0 158.783 0 64.9361 a b -1.44319 6 0
0 0 158.739 0 64.9455 a b -1.43074 6 0
0 0 158.695 0 64.9549 a b -1.42568 6 0
0 0 158.653 0 64.9634 a b -1.42363 6 0
0 0 158.597 0 64.965 a b -1.42289 6 0
0 0 158.536 0 64.965 a b -1.41612 6 0
0 0 158.485 0 64.9712 a b -1.41216 6 0
0 0 158.435 0 64.9776 a b -1.40699 6 0
0 0 158.386 0 64.9859 a b -1.40401 6 0
0 0 158.343 0 64.9919 a b -1.40482 6 0
0 0 158.292 0 64.9978 a b -1.40644 6 0
0 0 158.245 0 65.0052 a b -1.40728 6 0
0 0 158.195 0 65.0112 a b -1.40522 6 0
0 0 158.152 0 65.0184 a b -1.40547 6 0
0 0 158.103 0 65.0309 a b -1.40827 6 0
0 0 158.058 0 65.0423 a b -1.41012 6 0
0 0 158.011 0 65.0503 a b -1.41257 6 0
0 0 157.962 0 65.0503 a b -1.4127 6 0
0 0 157.917 0 65.0576 a b -1.4094 6 0
0 0 157.868 0 65.066 a b -1.41029 6 0
0 0 157.825 0 65.0699 a b -1.41316 6 0
0 0 157.779 0 65.0758 a b -1.41507 6 0
0 0 157.731 0 65.0758 a b -1.41517 6 0
0 0 157.688 0 65.0799 a b -1.41542 6 0
0 0 157.639 0 65.0838 a b -1.41474 6 0
0 0 157.592 0 65.0908 a b -1.41574 6 0
0 0 157.541 0 65.0989 a b -1.41779 6 0
0 0 157.488 0 65.1053 a b -1.42142 6 0
0 0 157.437 0 65.1113 a b -1.42361 6 0
0 0 157.387 0 65.1209 a b -1.42413 6 0
0 0 157.331 0 65.1278 a b -1.42609 6 0
0 0 157.275 0 65.1347 a b -1.42879 6 0
0 0 157.228 0 65.1416 a b -1.43302 6 0
0 0 157.18 0 65.1466 a b -1.43268 6 0
0 0 157.133 0 65.1496 a b -1.42842 6 0
0 0 157.078 0 65.1543 a b -1.42778 6 0
0 0 157.03 0 65.1627 a b -1.43044 6 0
0 0 156.981 0 65.1682 a b -1.4332 6 0
0 0 156.937 0 65.1722 a b -1.43597 6 0
0 0 156.895 0 65.1806 a b -1.43443 6 0
0 0 156.848 0 65.1868 a b -1.43196 6 0
0 0 156.798 0 65.1889 a b -1.43321 6 0
0 0 156.747 0 65.1891 a b -1.43534 6 0
0 0 156.701 0 65.1955 a b -1.43849 6 0
0 0 156.65 0 65.1996 a b -1.44167 6 0
0 0 156.603 0 65.2019 a b -1.43921 6 0
0 0 156.554 0 65.2114 a b -1.44056 6 0
0 0 156.502 0 65.2161 a b -1.44423 6 0
0 0 156.45 0 65.2214 a b -1.44713 6 0
0 0 156.403 0 65.2267 a b -1.44623 6 0
0 0 156.355 0 65.2312 a b -1.44402 6 0
0 0 156.305 0 65.2304 a b -1.44534 6 0
0 0 156.254 0 65.2349 a b -1.44688 6 0
0 0 156.208 0 65.2383 a b -1.44761 6 0
0 0 156.16 0 65.2426 a b -1.44825 6 0
0 0 156.111 0 65.2407 a b -1.44697 6 0
0 0 156.062 0 65.247 a b -1.44816 6 0
0 0 156.014 0 65.2518 a b -1.44889 6 0
0 0 155.967 0 65.253 a b -1.45 6 0
0 0 155.918 0 65.2611 a b -1.45287 6 0
0 0 155.869 0 65.2688 a b -1.45476 6 0
0 0 155.821 0 65.2755 a b -1.45525 6 0
0 0 155.767 0 65.2778 a b -1.45536 6 0
0 0 155.72 0 65.2856 a b -1.45754 6 0
0 0 155.672 0 65.2888 a b -1.45855 6 0
0 0 155.624 0 65.2978 a b -1.45984 6 0
0 0 155.575 0 65.3036 a b -1.45808 6 0
0 0 155.522 0 65.3061 a b -1.45718 6 0
0 0 155.471 0 65.3095 a b -1.458 6 0
0 0 155.419 0 65.3041 a b -1.45904 6 0
0 0 155.369 0 65.3001 a b -1.46017 6 0
0 0 155.321 0 65.3064 a b -1.46071 6 0
0 0 155.274 0 65.3139 a b -1.45854 6 0
0 0 155.227 0 65.3179 a b -1.45888 6 0
0 0 155.18 0 65.3191 a b -1.45937 6 0
0 0 155.128 0 65.3191 a b -1.46215 6 0
0 0 155.077 0 65.3209 a b -1.46619 6 0
0 0 155.026 0 65.3284 a b -1.46785 6 0
0 0 154.983 0 65.3401 a b -1.46911 6 0
0 0 154.931 0 65.3417 a b -1.46836 6 0
0 0 154.882 0 65.3456 a b -1.46938 6 0
0 0 154.837 0 65.3512 a b -1.47119 6 0
0 0 154.791 0 65.3555 a b -1.47204 6 0
0 0 154.738 0 65.3548 a b -1.47148 6 0
0 0 154.691 0 65.3595 a b -1.47226 6 0
0 0 154.638 0 65.3625 a b -1.4703 6 0
0 0 154.587 0 65.3631 a b -1.47047 6 0
0 0 154.541 0 65.3712 a b -1.46958 6 0
0 0 154.497 0 65.3799 a b -1.46871 6 0
0 0 154.449 0 65.3815 a b -1.46627 6 0
0 0 154.406 0 65.3789 a b -1.46988 6 0
0 0 154.362 0 65.3729 a b -1.47171 6 0
0 0 154.32 0 65.379 a b -1.4759 6 0
0 0 154.276 0 65.3903 a b -1.47701 6 0
0 0 154.229 0 65.3966 a b -1.4754 6 0
0 0 154.188 0 65.3995 a b -1.47565 6 0
0 0 154.143 0 65.4064 a b -1.47882 6 0
0 0 154.099 0 65.4117 a b -1.48308 6 0
0 0 154.048 0 65.4165 a b -1.48372 6 0
0 0 153.997 0 65.4169 a b -1.47889 6 0
0 0 153.957 0 65.4226 a b -1.47966 6 0
0 0 153.91 0 65.4291 a b -1.4842 6 0
0 0 153.855 0 65.4284 a b -1.48562 6 0
0 0 153.806 0 65.4282 a b -1.48612 6 0
0 0 153.759 0 65.4325 a b -1.48393 6 0
0 0 153.706 0 65.4325 a b -1.48414 6 0
0 0 153.664 0 65.4314 a b -1.48587 6 0
0 0 153.616 0 65.4377 a b -1.4899 6 0
0 0 153.572 0 65.4481 a b -1.49334 6 0
0 0 153.516 0 65.4505 a b -1.49439 6 0
0 0 153.461 0 65.4536 a b -1.4945 6 0
0 0 153.415 0 65.4558 a b -1.49782 6 0
0 0 153.366 0 65.4604 a b -1.50034 6 0
0 0 153.32 0 65.4672 a b -1.50254 6 0
0 0 153.264 0 65.4661 a b -1.50237 6 0
0 0 153.213 0 65.4706 a b -1.50207 6 0
0 0 153.164 0 65.474 a b -1.50676 6 0
0 0 153.118 0 65.4706 a b -1.50932 6 0
0 0 153.069 0 65.4678 a b -1.5086 6 0
0 0 153.023 0 65.4768 a b -1.50682 6 0
0 0 152.976 0 65.4801 a b -1.50685 6 0
0 0 152.925 0 65.4852 a b -1.51066 6 0
0 0 152.878 0 65.4845 a b -1.51257 6 0
0 0 152.829 0 65.482 a b -1.51515 6 0
0 0 152.774 0 65.4845 a b -1.51709 6 0
0 0 152.723 0 65.4884 a b -1.51924 6 0
0 0 152.672 0 65.4928 a b -1.52303 6 0
0 0 152.627 0 65.4988 a b -1.52472 6 0
0 0 152.577 0 65.5016 a b -1.52594 6 0
0 0 152.527 0 65.5021 a b -1.52652 6 0
0 0 152.475 0 65.5002 a b -1.52879 6 0
0 0 152.422 0 65.5017 a b -1.52747 6 0
0 0 152.376 0 65.5091 a b -1.5286 6 0
0 0 152.331 0 65.5064 a b -1.53006 6 0
0 0 152.278 0 65.5045 a b -1.53094 6 0
0 0 152.228 0 65.5087 a b -1.52815 6 0
0 0 152.178 0 65.5097 a b -1.52945 6 0
0 0 152.129 0 65.5068 a b -1.5292 6 0
0 0 152.081 0 65.5051 a b -1.52842 6 0
0 0 152.029 0 65.5067 a b -1.53046 6 0
0 0 151.982 0 65.5082 a b -1.53178 6 0
0 0 151.935 0 65.5137 a b -1.53348 6 0
0 0 151.892 0 65.5151 a b -1.53396 6 0
0 0 151.841 0 65.5207 a b -1.53442 6 0
0 0 151.79 0 65.523 a b -1.53382 6 0
0 0 151.741 0 65.5246 a b -1.53486 6 0
0 0 151.694 0 65.5295 a b -1.53782 6 0
0 0 151.645 0 65.532 a b -1.53886 6 0
0 0 151.592 0 65.5306 a b -1.5372 6 0
0 0 151.542 0 65.5278 a b -1.53847 6 0
0 0 151.493 0 65.5313 a b -1.53807 6 0
0 0 151.445 0 65.5297 a b -1.53626 6 0
0 0 151.393 0 65.526 a b -1.53631 6 0
0 0 151.346 0 65.5277 a b -1.53636 6 0
0 0 151.3 0 65.5268 a b -1.5382 6 0
0 0 151.251 0 65.5256 a b -1.54042 6 0
0 0 151.202 0 65.532 a b -1.54205 6 0
0 0 151.155 0 65.5352 a b -1.5442 6 0
0 0 151.107 0 65.5351 a b -1.54498 6 0
0 0 151.053 0 65.535 a b -1.54348 6 0
0 0 150.999 0 65.5338 a b -1.54716 6 0
0 0 150.945 0 65.5335 a b -1.55038 6 0
0 0 150.893 0 65.5367 a b -1.55179 6 0
0 0 150.85 0 65.5375 a b -1.54947 6 0
0 0 150.797 0 65.5363 a b -1.5483 6 0
0 0 150.744 0 65.5318 a b -1.54865 6 0
0 0 150.697 0 65.5332 a b -1.54911 6 0
0 0 150.646 0 65.5335 a b -1.5489 6 0
0 0 150.6 0 65.5295 a b -1.54889 6 0
0 0 150.554 0 65.521 a b -1.54657 6 0
0 0 150.506 0 65.5206 a b -1.54889 6 0
0 0 150.455 0 65.5217 a b -1.55132 6 0
0 0 150.408 0 65.5182 a b -1.55409 6 0
0 0 150.362 0 65.5208 a b -1.55554 6 0
0 0 150.313 0 65.522 a b -1.55533 6 0
0 0 150.256 0 65.5258 a b -1.55565 6 0
0 0 150.205 0 65.5269 a b -1.55711 6 0
0 0 150.159 0 65.5282 a b -1.55946 6 0
0 0 150.11 0 65.5313 a b -1.56156 6 0
0 0 150.063 0 65.5273 a b -1.55937 6 0
0 0 150.013 0 65.525 a b -1.55729 6 0
0 0 149.958 0 65.5195 a b -1.56064 6 0
0 0 149.911 0 65.5199 a b -1.56148 6 0
0 0 149.864 0 65.5207 a b -1.56177 6 0
0 0 149.815 0 65.5177 a b -1.56179 6 0
0 0 149.767 0 65.5158 a b -1.5616 6 0
0 0 149.722 0 65.5142 a b -1.56199 6 0
0 0 149.677 0 65.5127 a b -1.56507 6 0
0 0 149.633 0 65.5109 a b -1.56855 6 0
0 0 149.584 0 65.5105 a b -1.57057 6 0
0 0 149.539 0 65.5134 a b -1.57198 6 0
0 0 149.488 0 65.5148 a b -1.5703 6 0
0 0 149.437 0 65.5152 a b -1.57068 6 0
0 0 149.39 0 65.5145 a b -1.57065 6 0
0 0 149.346 0 65.518 a b -1.57429 6 0
0 0 149.294 0 65.5141 a b -1.57475 6 0
0 0 149.244 0 65.5121 a b -1.57254 6 0
0 0 149.199 0 65.5115 a b -1.57239 6 0
0 0 149.152 0 65.5087 a b -1.57309 6 0
0 0 149.099 0 65.5089 a b -1.57334 6 0
0 0 149.054 0 65.5081 a b -1.57329 6 0
0 0 149.005 0 65.5069 a b -1.57325 6 0
0 0 148.958 0 65.5041 a b -1.57334 6 0
0 0 148.909 0 65.5017 a b -1.57385 6 0
0 0 148.863 0 65.4977 a b -1.57481 6 0
0 0 148.812 0 65.4922 a b -1.57773 6 0
0 0 148.759 0 65.4876 a b -1.57878 6 0
0 0 148.708 0 65.4886 a b -1.57786 6 0
0 0 148.66 0 65.4861 a b -1.57754 6 0
0 0 148.611 0 65.4871 a b -1.57895 6 0
0 0 148.562 0 65.4902 a b -1.58387 6 0
0 0 148.511 0 65.49 a b -1.58554 6 0
0 0 148.459 0 65.4866 a b -1.58203 6 0
0 0 148.412 0 65.4809 a b -1.57963 6 0
0 0 148.373 0 65.4764 a b -1.58149 6 0
0 0 148.325 0 65.4721 a b -1.58446 6 0
0 0 148.271 0 65.4715 a b -1.58654 6 0
0 0 148.223 0 65.4725 a b -1.58688 6 0
0 0 148.18 0 65.4685 a b -1.5864 6 0
0 0 148.131 0 65.4674 a b -1.58837 6 0
0 0 148.084 0 65.4615 a b -1.59229 6 0
0 0 148.037 0 65.4567 a b -1.59479 6 0
0 0 147.988 0 65.4586 a b -1.59718 6 0
0 0 147.938 0 65.4577 a b -1.59728 6 0
0 0 147.89 0 65.4574 a b -1.59504 6 0
0 0 147.844 0 65.4564 a b -1.59839 6 0
0 0 147.796 0 65.4577 a b -1.60266 6 0
0 0 147.737 0 65.4575 a b -1.60661 6 0
0 0 147.683 0 65.4556 a b -1.60631 6 0
0 0 147.633 0 65.4508 a b -1.60174 6 0
0 0 147.588 0 65.448 a b -1.60153 6 0
0 0 147.543 0 65.4465 a b -1.60343 6 0
0 0 147.493 0 65.4454 a b -1.6047 6 0
0 0 147.442 0 65.442 a b -1.60664 6 0
0 0 147.4 0 65.4372 a b -1.60611 6 0
0 0 147.354 0 65.4302 a b -1.60555 6 0
0 0 147.307 0 65.4215 a b -1.60024 6 0
0 0 147.263 0 65.4235 a b -1.59292 6 0
0 0 147.213 0 65.4264 a b -1.5882 6 0
0 0 147.164 0 65.4254 a b -1.58384 6 0
0 0 147.12 0 65.4233 a b -1.57714 6 0
0 0 147.07 0 65.4238 a b -1.57135 6 0
0 0 147.019 0 65.4255 a b -1.56206 6 0
0 0 146.971 0 65.4278 a b -1.5536 6 0
0 0 146.921 0 65.4283 a b -1.54567 6 0
0 0 146.874 0 65.4251 a b -1.53591 6 0
0 0 146.828 0 65.4233 a b -1.52606 6 0
0 0 146.78 0 65.4265 a b -1.51803 6 0
0 0 146.733 0 65.4295 a b -1.50782 6 0
0 0 146.682 0 65.4289 a b -1.49945 6 0
0 0 146.634 0 65.4313 a b -1.48891 6 0
0 0 146.587 0 65.4368 a b -1.47969 6 0
0 0 146.537 0 65.4386 a b -1.47121 6 0
0 0 146.484 0 65.4449 a b -1.46456 6 0
0 0 146.432 0 65.4537 a b -1.46344 6 0
0 0 146.385 0 65.4599 a b -1.46184 6 0
0 0 146.335 0 65.4635 a b -1.458 6 0
0 0 146.286 0 65.465 a b -1.45352 6 0
0 0 146.237 0 65.4767 a b -1.45055 6 0
0 0 146.189 0 65.4806 a b -1.44596 6 0
0 0 146.14 0 65.4836 a b -1.4429 6 0
0 0 146.09 0 65.4895 a b -1.44241 6 0
0 0 146.04 0 65.4952 a b -1.44111 6 0
0 0 145.993 0 65.4983 a b -1.43772 6 0
0 0 145.94 0 65.4999 a b -1.43501 6 0
0 0 145.892 0 65.5111 a b -1.43536 6 0
0 0 145.835 0 65.5143 a b -1.43774 6 0
0 0 145.785 0 65.5199 a b -1.43913 6 0
0 0 145.74 0 65.5265 a b -1.4382 6 0
0 0 145.691 0 65.5273 a b -1.4356 6 0
0 0 145.64 0 65.5355 a b -1.43511 6 0
0 0 145.589 0 65.5433 a b -1.43918 6 0
0 0 145.544 0 65.5504 a b -1.44108 6 0
0 0 145.5 0 65.553 a b -1.44147 6 0
0 0 145.45 0 65.5577 a b -1.44233 6 0
0 0 145.403 0 65.5645 a b -1.44247 6 0
0 0 145.352 0 65.5705 a b -1.44203 6 0
0 0 145.299 0 65.5805 a b -1.4424 6 0
0 0 145.248 0 65.5863 a b -1.44412 6 0
0 0 145.203 0 65.5891 a b -1.4421 6 0
0 0 145.151 0 65.5916 a b -1.44155 6 0
0 0 145.094 0 65.5986 a b -1.44312 6 0
0 0 145.045 0 65.6006 a b -1.44371 6 0
0 0 145 0 65.6035 a b -1.44187 6 0
0 0 144.946 0 65.6082 a b -1.44129 6 0
0 0 144.894 0 65.6151 a b -1.44074 6 0
0 0 144.85 0 65.6201 a b -1.44034 6 0
0 0 144.801 0 65.6284 a b -1.44143 6 0
0 0 144.749 0 65.6397 a b -1.43895 6 0
0 0 144.698 0 65.6454 a b -1.4365 6 0
0 0 144.646 0 65.6493 a b -1.43572 6 0
0 0 144.595 0 65.6535 a b -1.43598 6 0
0 0 144.546 0 65.6607 a b -1.4353 6 0
0 0 144.496 0 65.6655 a b -1.43569 6 0
0 0 144.44 0 65.6709 a b -1.43424 6 0
0 0 144.398 0 65.6763 a b -1.43406 6 0
0 0 144.354 0 65.6796 a b -1.43564 6 0
0 0 144.303 0 65.6824 a b -1.43642 6 0
0 0 144.252 0 65.6888 a b -1.43555 6 0
0 0 144.204 0 65.6943 a b -1.43467 6 0
0 0 144.158 0 65.697 a b -1.43558 6 0
0 0 144.113 0 65.7042 a b -1.43645 6 0
0 0 144.068 0 65.7107 a b -1.43511 6 0
0 0 144.018 0 65.7168 a b -1.43627 6 0
0 0 143.971 0 65.7247 a b -1.43625 6 0
0 0 143.924 0 65.7299 a b -1.4353 6 0
0 0 143.874 0 65.7366 a b -1.43719 6 0
0 0 143.825 0 65.7504 a b -1.43882 6 0
0 0 143.775 0 65.7604 a b -1.43761 6 0
0 0 143.728 0 65.7633 a b -1.43492 6 0
0 0 143.678 0 65.7665 a b -1.43592 6 0
0 0 143.632 0 65.7695 a b -1.43619 6 0
0 0 143.583 0 65.7733 a b -1.43598 6 0
0 0 143.534 0 65.7844 a b -1.4355 6 0
0 0 143.484 0 65.7898 a b -1.43432 6 0
0 0 143.437 0 65.7919 a b -1.43214 6 0
0 0 143.387 0 65.798 a b -1.43359 6 0
0 0 143.34 0 65.7963 a b -1.43723 6 0
0 0 143.295 0 65.796 a b -1.44279 6 0
0 0 143.245 0 65.8012 a b -1.44664 6 0
0 0 143.196 0 65.8116 a b -1.44961 6 0
0 0 143.149 0 65.8174 a b -1.45512 6 0
0 0 143.104 0 65.8203 a b -1.46422 6 0
0 0 143.055 0 65.8227 a b -1.47342 6 0
0 0 143 0 65.8256 a b -1.47832 6 0
0 0 142.955 0 65.8339 a b -1.48476 6 0
0 0 142.909 0 65.833 a b -1.49178 6 0
0 0 142.859 0 65.8338 a b -1.50058 6 0
0 0 142.811 0 65.8348 a b -1.50565 6 0
0 0 142.762 0 65.8351 a b -1.51069 6 0
0 0 142.713 0 65.832 a b -1.51903 6 0
0 0 142.661 0 65.8318 a b -1.5244 6 0
0 0 142.614 0 65.8314 a b -1.52829 6 0
0 0 142.564 0 65.8306 a b -1.53327 6 0
0 0 142.519 0 65.8296 a b -1.53761 6 0
0 0 142.471 0 65.8346 a b -1.54345 6 0
0 0 142.424 0 65.8366 a b -1.54715 6 0
0 0 142.376 0 65.8337 a b -1.5503 6 0
0 0 142.328 0 65.8326 a b -1.55605 6 0
0 0 142.276 0 65.8348 a b -1.56039 6 0
0 0 142.229 0 65.838 a b -1.56281 6 0
0 0 142.184 0 65.8372 a b -1.56823 6 0
0 0 142.135 0 65.8344 a b -1.57058 6 0
0 0 142.086 0 65.8311 a b -1.57436 6 0
0 0 142.04 0 65.8278 a b -1.57813 6 0
0 0 141.995 0 65.8288 a b -1.58136 6 0
0 0 141.945 0 65.8228 a b -1.58609 6 0
0 0 141.892 0 65.8144 a b -1.58896 6 0
0 0 141.843 0 65.8114 a b -1.58973 6 0
0 0 141.793 0 65.8091 a b -1.59183 6 0
0 0 141.74 0 65.8083 a b -1.58971 6 0
0 0 141.689 0 65.8039 a b -1.58308 6 0
0 0 141.64 0 65.8077 a b -1.5736 6 0
0 0 141.596 0 65.8116 a b -1.5618 6 0
0 0 141.551 0 65.8134 a b -1.55561 6 0
0 0 141.506 0 65.816 a b -1.55545 6 0
0 0 141.456 0 65.8156 a b -1.55612 6 0
0 0 141.409 0 65.8174 a b -1.55304 6 0
0 0 141.362 0 65.8191 a b -1.54806 6 0
0 0 141.307 0 65.818 a b -1.54345 6 0
0 0 141.257 0 65.8243 a b -1.54347 6 0
0 0 141.207 0 65.8186 a b -1.54505 6 0
0 0 141.158 0 65.814 a b -1.54437 6 0
0 0 141.112 0 65.8115 a b -1.54264 6 0
0 0 141.059 0 65.8104 a b -1.5395 6 0
0 0 141.01 0 65.8172 a b -1.53822 6 0
0 0 140.961 0 65.8183 a b -1.53757 6 0
0 0 140.915 0 65.8218 a b -1.53829 6 0
0 0 140.869 0 65.8242 a b -1.53856 6 0
0 0 140.816 0 65.8235 a b -1.5381 6 0
0 0 140.768 0 65.8274 a b -1.53872 6 0
0 0 140.724 0 65.8241 a b -1.53931 6 0
0 0 140.676 0 65.8256 a b -1.53989 6 0
0 0 140.628 0 65.8288 a b -1.53911 6 0
0 0 140.581 0 65.8304 a b -1.53933 6 0
0 0 140.531 0 65.8324 a b -1.54001 6 0
0 0 140.481 0 65.8364 a b -1.54351 6 0
0 0 140.432 0 65.8356 a b -1.54457 6 0
0 0 140.382 0 65.8291 a b -1.54502 6 0
0 0 140.332 0 65.8265 a b -1.54556 6 0
0 0 140.281 0 65.8236 a b -1.54539 6 0
0 0 140.228 0 65.8265 a b -1.54924 6 0
0 0 140.183 0 65.8274 a b -1.55084 6 0
0 0 140.137 0 65.8279 a b -1.5502 6 0
0 0 140.085 0 65.8294 a b -1.55359 6 0
0 0 140.035 0 65.8267 a b -1.55666 6 0
0 0 139.988 0 65.8234 a b -1.55546 6 0
0 0 139.929 0 65.8277 a b -1.55768 6 0
0 0 139.883 0 65.8311 a b -1.55638 6 0
0 0 139.839 0 65.8357 a b -1.55181 6 0
0 0 139.795 0 65.8365 a b -1.54663 6 0
0 0 139.746 0 65.8401 a b -1.53482 6 0
0 0 139.697 0 65.8406 a b -1.52215 6 0
0 0 139.648 0 65.8439 a b -1.51115 6 0
0 0 139.599 0 65.8495 a b -1.50279 6 0
0 0 139.549 0 65.8524 a b -1.49555 6 0
0 0 139.501 0 65.8599 a b -1.49252 6 0
0 0 139.45 0 65.8596 a b -1.48746 6 0
0 0 139.408 0 65.8591 a b -1.47914 6 0
0 0 139.358 0 65.8567 a b -1.4722 6 0
0 0 139.303 0 65.8614 a b -1.47168 6 0
0 0 139.255 0 65.8641 a b -1.47012 6 0
0 0 139.205 0 65.8743 a b -1.46584 6 0
0 0 139.155 0 65.8807 a b -1.46525 6 0
0 0 139.106 0 65.8857 a b -1.46405 6 0
0 0 139.056 0 65.8933 a b -1.46119 6 0
0 0 139.003 0 65.8983 a b -1.45866 6 0
0 0 138.942 0 65.9031 a b -1.45934 6 0
0 0 138.889 0 65.907 a b -1.45727 6 0
0 0 138.84 0 65.9041 a b -1.45788 6 0
0 0 138.793 0 65.902 a b -1.46027 6 0
0 0 138.745 0 65.9071 a b -1.46148 6 0
0 0 138.694 0 65.9138 a b -1.45969 6 0
0 0 138.642 0 65.9195 a b -1.45703 6 0
0 0 138.591 0 65.9255 a b -1.45801 6 0
0 0 138.544 0 65.9278 a b -1.45846 6 0
0 0 138.501 0 65.9253 a b -1.46163 6 0
0 0 138.454 0 65.9263 a b -1.46101 6 0
0 0 138.407 0 65.9361 a b -1.46036 6 0
0 0 138.357 0 65.9419 a b -1.46099 6 0
0 0 138.307 0 65.9434 a b -1.46407 6 0
0 0 138.256 0 65.9548 a b -1.46533 6 0
0 0 138.207 0 65.9633 a b -1.46399 6 0
0 0 138.156 0 65.965 a b -1.46362 6 0
0 0 138.104 0 65.967 a b -1.46597 6 0
0 0 138.06 0 65.969 a b -1.46563 6 0
0 0 138.012 0 65.9714 a b -1.46533 6 0
0 0 137.963 0 65.9817 a b -1.46395 6 0
0 0 137.915 0 65.9892 a b -1.45842 6 0
0 0 137.868 0 65.997 a b -1.45523 6 0
0 0 137.818 0 65.9991 a b -1.45375 6 0
0 0 137.764 0 66.0005 a b -1.45458 6 0
0 0 137.715 0 66.0056 a b -1.45533 6 0
0 0 137.671 0 66.0103 a b -1.45452 6 0
0 0 137.626 0 66.0132 a b -1.4545 6 0
0 0 137.573 0 66.0152 a b -1.45387 6 0
0 0 137.524 0 66.0267 a b -1.45561 6 0
0 0 137.473 0 66.0394 a b -1.45985 6 0
0 0 137.423 0 66.0534 a b -1.462 6 0
0 0 137.377 0 66.059 a b -1.46011 6 0
0 0 137.326 0 66.0561 a b -1.46095 6 0
0 0 137.28 0 66.0532 a b -1.46062 6 0
0 0 137.232 0 66.0556 a b -1.46408 6 0
0 0 137.18 0 66.0616 a b -1.46605 6 0
0 0 137.127 0 66.0658 a b -1.46417 6 0
0 0 137.081 0 66.0754 a b -1.46181 6 0
0 0 137.032 0 66.0834 a b -1.46279 6 0
0 0 136.984 0 66.0863 a b -1.46577 6 0
0 0 136.935 0 66.0882 a b -1.46887 6 0
0 0 136.887 0 66.0941 a b -1.47006 6 0
0 0 136.838 0 66.1006 a b -1.47239 6 0
0 0 136.791 0 66.104 a b -1.47454 6 0
0 0 136.745 0 66.1101 a b -1.47913 6 0
0 0 136.695 0 66.1154 a b -1.48474 6 0
0 0 136.645 0 66.1159 a b -1.48507 6 0
0 0 136.598 0 66.1215 a b -1.48499 6 0
0 0 136.547 0 66.1201 a b -1.49249 6 0
0 0 136.497 0 66.1239 a b -1.49738 6 0
0 0 136.45 0 66.1285 a b -1.49767 6 0
0 0 136.403 0 66.1304 a b -1.4996 6 0
0 0 136.356 0 66.1369 a b -1.50238 6 0
0 0 136.308 0 66.1387 a b -1.503 6 0
0 0 136.262 0 66.14 a b -1.50631 6 0
0 0 136.214 0 66.1404 a b -1.50628 6 0
0 0 136.168 0 66.1413 a b -1.50757 6 0
0 0 136.119 0 66.1469 a b -1.51077 6 0
0 0 136.073 0 66.15 a b -1.5122 6 0
0 0 136.02 0 66.152 a b -1.51522 6 0
0 0 135.97 0 66.1549 a b -1.51844 6 0
0 0 135.922 0 66.159 a b -1.52043 6 0
0 0 135.874 0 66.1576 a b -1.52368 6 0
0 0 135.826 0 66.158 a b -1.52682 6 0
0 0 135.775 0 66.1621 a b -1.53061 6 0
0 0 135.723 0 66.164 a b -1.53243 6 0
0 0 135.677 0 66.1648 a b -1.53364 6 0
0 0 135.629 0 66.1677 a b -1.53626 6 0
0 0 135.582 0 66.1655 a b -1.53735 6 0
0 0 135.534 0 66.1663 a b -1.53819 6 0
0 0 135.487 0 66.1689 a b -1.54025 6 0
0 0 135.441 0 66.1698 a b -1.5449 6 0
0 0 135.394 0 66.1665 a b -1.54633 6 0
0 0 135.345 0 66.1679 a b -1.54759 6 0
0 0 135.295 0 66.1723 a b -1.55021 6 0
0 0 135.248 0 66.1734 a b -1.5532 6 0
0 0 135.199 0 66.1717 a b -1.55441 6 0
0 0 135.151 0 66.173 a b -1.5572 6 0
0 0 135.104 0 66.1779 a b -1.56055 6 0
0 0 135.054 0 66.178 a b -1.56429 6 0
0 0 135.003 0 66.1725 a b -1.56621 6 0
0 0 134.956 0 66.1671 a b -1.56601 6 0
0 0 134.91 0 66.169 a b -1.56778 6 0
0 0 134.858 0 66.1721 a b -1.57221 6 0
0 0 134.807 0 66.1737 a b -1.57479 6 0
0 0 134.755 0 66.1676 a b -1.57648 6 0
0 0 134.703 0 66.1646 a b -1.5749 6 0
0 0 134.652 0 66.1579 a b -1.5729 6 0
0 0 134.601 0 66.1511 a b -1.56963 6 0
0 0 134.552 0 66.1567 a b -1.56489 6 0
0 0 134.51 0 66.1635 a b -1.56066 6 0
0 0 134.461 0 66.1642 a b -1.55512 6 0
0 0 134.411 0 66.1612 a b -1.54936 6 0
0 0 134.365 0 66.1638 a b -1.54516 6 0
0 0 134.322 0 66.171 a b -1.53855 6 0
0 0 134.27 0 66.1732 a b -1.53395 6 0
0 0 134.221 0 66.1692 a b -1.52915 6 0
0 0 134.174 0 66.1669 a b -1.5215 6 0
0 0 134.126 0 66.1667 a b -1.51509 6 0
0 0 134.073 0 66.1682 a b -1.50815 6 0
0 0 134.026 0 66.1734 a b -1.50442 6 0
0 0 133.976 0 66.1758 a b -1.49981 6 0
0 0 133.931 0 66.1815 a b -1.49235 6 0
0 0 133.881 0 66.1863 a b -1.48707 6 0
0 0 133.827 0 66.1889 a b -1.4845 6 0
0 0 133.778 0 66.1861 a b -1.48196 6 0
0 0 133.73 0 66.1883 a b -1.48101 6 0
0 0 133.682 0 66.1934 a b -1.47749 6 0
0 0 133.63 0 66.1979 a b -1.47852 6 0
0 0 133.58 0 66.2055 a b -1.47801 6 0
0 0 133.527 0 66.2115 a b -1.47624 6 0
0 0 133.481 0 66.2175 a b -1.47545 6 0
0 0 133.435 0 66.2186 a b -1.47722 6 0
0 0 133.383 0 66.2234 a b -1.47901 6 0
0 0 133.332 0 66.2242 a b -1.47637 6 0
0 0 133.282 0 66.2262 a b -1.47382 6 0
0 0 133.233 0 66.2314 a b -1.47597 6 0
0 0 133.183 0 66.2326 a b -1.47693 6 0
0 0 133.129 0 66.2337 a b -1.47538 6 0
0 0 133.077 0 66.2383 a b -1.47501 6 0
0 0 133.03 0 66.2359 a b -1.47246 6 0
0 0 132.983 0 66.2373 a b -1.47249 6 0
0 0 132.937 0 66.2428 a b -1.47435 6 0
0 0 132.886 0 66.2473 a b -1.4748 6 0
0 0 132.834 0 66.2508 a b -1.47378 6 0
0 0 132.787 0 66.2538 a b -1.4742 6 0
0 0 132.739 0 66.2578 a b -1.47546 6 0
0 0 132.686 0 66.2611 a b -1.47548 6 0
0 0 132.64 0 66.2671 a b -1.47401 6 0
0 0 132.588 0 66.2729 a b -1.47333 6 0
0 0 132.542 0 66.2772 a b -1.4734 6 0
0 0 132.495 0 66.2772 a b -1.47302 6 0
0 0 132.44 0 66.2814 a b -1.47554 6 0
0 0 132.387 0 66.2859 a b -1.47294 6 0
0 0 132.337 0 66.288 a b -1.46982 6 0
0 0 132.29 0 66.2904 a b -1.47031 6 0
0 0 132.24 0 66.2932 a b -1.46887 6 0
0 0 132.192 0 66.2931 a b -1.46841 6 0
0 0 132.144 0 66.2968 a b -1.46808 6 0
0 0 132.095 0 66.3048 a b -1.46977 6 0
0 0 132.046 0 66.3119 a b -1.47133 6 0
0 0 131.993 0 66.3171 a b -1.47257 6 0
0 0 131.946 0 66.324 a b -1.47403 6 0
0 0 131.898 0 66.3289 a b -1.47334 6 0
0 0 131.847 0 66.335 a b -1.47402 6 0
0 0 131.796 0 66.3387 a b -1.47292 6 0
0 0 131.75 0 66.3436 a b -1.47626 6 0
0 0 131.709 0 66.3448 a b -1.48627 6 0
0 0 131.663 0 66.3412 a b -1.503 6 0
0 0 131.613 0 66.3431 a b -1.51636 6 0
0 0 131.559 0 66.3433 a b -1.52511 6 0
0 0 131.507 0 66.3389 a b -1.53278 6 0
0 0 131.462 0 66.334 a b -1.54315 6 0
0 0 131.413 0 66.3373 a b -1.55164 6 0
0 0 131.37 0 66.3424 a b -1.55998 6 0
0 0 131.322 0 66.3403 a b -1.56586 6 0
0 0 131.276 0 66.3366 a b -1.56977 6 0
0 0 131.229 0 66.3344 a b -1.57435 6 0
0 0 131.181 0 66.3371 a b -1.58134 6 0
0 0 131.131 0 66.3419 a b -1.58827 6 0
0 0 131.081 0 66.3416 a b -1.59264 6 0
0 0 131.039 0 66.3357 a b -1.5971 6 0
0 0 130.99 0 66.3282 a b -1.60172 6 0
0 0 130.94 0 66.3281 a b -1.60338 6 0
0 0 130.892 0 66.3272 a b -1.60705 6 0
0 0 130.841 0 66.3228 a b -1.60954 6 0
0 0 130.797 0 66.3193 a b -1.61218 6 0
0 0 130.741 0 66.3136 a b -1.61147 6 0
0 0 130.691 0 66.3062 a b -1.60815 6 0
0 0 130.64 0 66.3072 a b -1.60285 6 0
0 0 130.587 0 66.3099 a b -1.59722 6 0
0 0 130.543 0 66.3111 a b -1.59516 6 0
0 0 130.498 0 66.3108 a b -1.59471 6 0
0 0 130.451 0 66.3039 a b -1.58811 6 0
0 0 130.399 0 66.3059 a b -1.58028 6 0
0 0 130.352 0 66.3119 a b -1.57567 6 0
0 0 130.306 0 66.3142 a b -1.57321 6 0
0 0 130.26 0 66.3168 a b -1.56751 6 0
0 0 130.206 0 66.3171 a b -1.56447 6 0
0 0 130.157 0 66.3103 a b -1.56078 6 0
0 0 130.108 0 66.3112 a b -1.55638 6 0
0 0 130.058 0 66.3153 a b -1.55489 6 0
0 0 130.015 0 66.3127 a b -1.55463 6 0
0 0 129.966 0 66.3097 a b -1.55096 6 0
0 0 129.916 0 66.3062 a b -1.54881 6 0
0 0 129.867 0 66.3055 a b -1.54773 6 0
0 0 129.821 0 66.3039 a b -1.54722 6 0
0 0 129.774 0 66.3062 a b -1.54818 6 0
0 0 129.729 0 66.3054 a b -1.54907 6 0
0 0 129.678 0 66.3053 a b -1.55021 6 0
0 0 129.623 0 66.3026 a b -1.55117 6 0
0 0 129.577 0 66.3043 a b -1.55252 6 0
0 0 129.525 0 66.3055 a b -1.55153 6 0
0 0 129.476 0 66.3059 a b -1.55111 6 0
0 0 129.425 0 66.3034 a b -1.55289 6 0
0 0 129.373 0 66.2951 a b -1.55368 6 0
0 0 129.322 0 66.2948 a b -1.55287 6 0
0 0 129.275 0 66.2975 a b -1.55398 6 0
0 0 129.226 0 66.2905 a b -1.55375 6 0
0 0 129.174 0 66.2865 a b -1.54989 6 0
0 0 129.122 0 66.2885 a b -1.54923 6 0
0 0 129.077 0 66.2898 a b -1.55009 6 0
0 0 129.031 0 66.2859 a b -1.5508 6 0
0 0 128.984 0 66.2874 a b -1.54872 6 0
0 0 128.943 0 66.291 a b -1.54867 6 0
0 0 128.892 0 66.2912 a b -1.54894 6 0
0 0 128.84 0 66.292 a b -1.54964 6 0
0 0 128.793 0 66.2876 a b -1.54889 6 0
0 0 128.743 0 66.2895 a b -1.5473 6 0
0 0 128.692 0 66.2935 a b -1.54796 6 0
0 0 128.641 0 66.2941 a b -1.54961 6 0
0 0 128.59 0 66.2923 a b -1.54689 6 0
0 0 128.538 0 66.2942 a b -1.54566 6 0
0 0 128.488 0 66.2917 a b -1.54853 6 0
0 0 128.442 0 66.2871 a b -1.54981 6 0
0 0 128.392 0 66.2907 a b -1.54562 6 0
0 0 128.337 0 66.2918 a b -1.5435 6 0
0 0 128.281 0 66.2923 a b -1.5468 6 0
0 0 128.232 0 66.2881 a b -1.54858 6 0
0 0 128.178 0 66.2854 a b -1.54992 6 0
0 0 128.132 0 66.2879 a b -1.54956 6 0
0 0 128.085 0 66.285 a b -1.54946 6 0
0 0 128.032 0 66.2856 a b -1.55172 6 0
0 0 127.984 0 66.2856 a b -1.55432 6 0
0 0 127.934 0 66.2869 a b -1.55478 6 0
0 0 127.887 0 66.2894 a b -1.55085 6 0
0 0 127.838 0 66.2886 a b -1.54873 6 0
0 0 127.79 0 66.284 a b -1.55123 6 0
0 0 127.74 0 66.2836 a b -1.55394 6 0
0 0 127.693 0 66.286 a b -1.55315 6 0
0 0 127.648 0 66.2865 a b -1.551 6 0
0 0 127.599 0 66.2803 a b -1.54972 6 0
0 0 127.552 0 66.2772 a b -1.55044 6 0
0 0 127.5 0 66.276 a b -1.5512 6 0
0 0 127.451 0 66.2765 a b -1.54882 6 0
0 0 127.401 0 66.2757 a b -1.55026 6 0
0 0 127.353 0 66.2746 a b -1.55061 6 0
0 0 127.301 0 66.2742 a b -1.5532 6 0
0 0 127.253 0 66.2719 a b -1.5544 6 0
0 0 127.198 0 66.272 a b -1.55478 6 0
0 0 127.148 0 66.2713 a b -1.55351 6 0
0 0 127.094 0 66.2756 a b -1.55113 6 0
0 0 127.051 0 66.2742 a b -1.5475 6 0
0 0 127.007 0 66.2702 a b -1.54532 6 0
0 0 126.96 0 66.2683 a b -1.54037 6 0
0 0 126.912 0 66.2741 a b -1.53552 6 0
0 0 126.867 0 66.2717 a b -1.53011 6 0
0 0 126.822 0 66.2718 a b -1.52344 6 0
0 0 126.774 0 66.2742 a b -1.51778 6 0
0 0 126.723 0 66.274 a b -1.51353 6 0
0 0 126.673 0 66.2746 a b -1.50951 6 0
0 0 126.627 0 66.2782 a b -1.50392 6 0
0 0 126.581 0 66.2789 a b -1.50157 6 0
0 0 126.534 0 66.2798 a b -1.49635 6 0
0 0 126.485 0 66.2853 a b -1.49606 6 0
0 0 126.438 0 66.2887 a b -1.49385 6 0
0 0 126.387 0 66.2951 a b -1.48833 6 0
0 0 126.337 0 66.2998 a b -1.48062 6 0
0 0 126.287 0 66.3076 a b -1.47506 6 0
0 0 126.237 0 66.3154 a b -1.47285 6 0
0 0 126.189 0 66.3172 a b -1.47257 6 0
0 0 126.141 0 66.3211 a b -1.46907 6 0
0 0 126.09 0 66.3216 a b -1.46459 6 0
0 0 126.042 0 66.3259 a b -1.46152 6 0
0 0 125.991 0 66.33 a b -1.45901 6 0
0 0 125.941 0 66.3364 a b -1.45603 6 0
0 0 125.893 0 66.3419 a b -1.45348 6 0
0 0 125.845 0 66.345 a b -1.45235 6 0
0 0 125.796 0 66.3471 a b -1.45193 6 0
0 0 125.754 0 66.3522 a b -1.44935 6 0
0 0 125.705 0 66.3552 a b -1.45052 6 0
0 0 125.66 0 66.3644 a b -1.45155 6 0
0 0 125.611 0 66.3706 a b -1.45135 6 0
0 0 125.567 0 66.3742 a b -1.4502 6 0
0 0 125.52 0 66.3792 a b -1.44894 6 0
0 0 125.471 0 66.3841 a b -1.44922 6 0
0 0 125.423 0 66.3896 a b -1.44805 6 0
0 0 125.37 0 66.3939 a b -1.44819 6 0
0 0 125.324 0 66.3965 a b -1.4475 6 0
0 0 125.273 0 66.4015 a b -1.448 6 0
0 0 125.222 0 66.4051 a b -1.44652 6 0
0 0 125.17 0 66.4118 a b -1.44462 6 0
0 0 125.125 0 66.4149 a b -1.44478 6 0
0 0 125.078 0 66.4212 a b -1.44573 6 0
0 0 125.03 0 66.4238 a b -1.44554 6 0
0 0 124.982 0 66.4243 a b -1.44469 6 0
0 0 124.939 0 66.4269 a b -1.44433 6 0
0 0 124.891 0 66.4347 a b -1.44685 6 0
0 0 124.839 0 66.4429 a b -1.44845 6 0
0 0 124.784 0 66.4477 a b -1.44769 6 0
0 0 124.735 0 66.4556 a b -1.44586 6 0
0 0 124.683 0 66.4673 a b -1.444 6 0
0 0 124.637 0 66.473 a b -1.44426 6 0
0 0 124.588 0 66.4757 a b -1.44259 6 0
0 0 124.535 0 66.4787 a b -1.44302 6 0
0 0 124.487 0 66.484 a b -1.44217 6 0
0 0 124.435 0 66.4902 a b -1.44233 6 0
0 0 124.386 0 66.4969 a b -1.44178 6 0
0 0 124.341 0 66.5045 a b -1.44181 6 0
0 0 124.292 0 66.5054 a b -1.44578 6 0
0 0 124.245 0 66.5106 a b -1.44629 6 0
0 0 124.197 0 66.5149 a b -1.44379 6 0
0 0 124.156 0 66.5225 a b -1.44276 6 0
0 0 124.104 0 66.5305 a b -1.44574 6 0
0 0 124.054 0 66.5374 a b -1.44652 6 0
0 0 124.006 0 66.5433 a b -1.44458 6 0
0 0 123.958 0 66.5539 a b -1.44218 6 0
0 0 123.909 0 66.5614 a b -1.44265 6 0
0 0 123.859 0 66.5646 a b -1.44182 6 0
0 0 123.807 0 66.5728 a b -1.44185 6 0
0 0 123.757 0 66.5729 a b -1.44374 6 0
0 0 123.709 0 66.5777 a b -1.44262 6 0
0 0 123.657 0 66.5856 a b -1.44112 6 0
0 0 123.609 0 66.5934 a b -1.44121 6 0
0 0 123.56 0 66.6005 a b -1.44185 6 0
0 0 123.51 0 66.6077 a b -1.44351 6 0
0 0 123.462 0 66.6124 a b -1.44558 6 0
0 0 123.417 0 66.6134 a b -1.44454 6 0
0 0 123.369 0 66.6223 a b -1.44452 6 0
0 0 123.321 0 66.6259 a b -1.44544 6 0
0 0 123.273 0 66.634 a b -1.44818 6 0
0 0 123.23 0 66.6413 a b -1.44857 6 0
0 0 123.18 0 66.6454 a b -1.44592 6 0
0 0 123.129 0 66.6526 a b -1.44623 6 0
0 0 123.079 0 66.6589 a b -1.44421 6 0
0 0 123.029 0 66.6693 a b -1.44644 6 0
0 0 122.976 0 66.6748 a b -1.46115 6 0
0 0 122.926 0 66.6796 a b -1.47626 6 0
0 0 122.878 0 66.6806 a b -1.48511 6 0
0 0 122.824 0 66.6813 a b -1.49501 6 0
0 0 122.776 0 66.6792 a b -1.50699 6 0
0 0 122.726 0 66.6821 a b -1.5172 6 0
0 0 122.679 0 66.6825 a b -1.52895 6 0
0 0 122.636 0 66.6786 a b -1.53707 6 0
0 0 122.59 0 66.679 a b -1.54207 6 0
0 0 122.534 0 66.68 a b -1.54863 6 0
0 0 122.485 0 66.68 a b -1.55404 6 0
0 0 122.439 0 66.6848 a b -1.55803 6 0
0 0 122.392 0 66.6835 a b -1.56035 6 0
0 0 122.343 0 66.6844 a b -1.56558 6 0
0 0 122.295 0 66.6842 a b -1.57156 6 0
0 0 122.249 0 66.6808 a b -1.57326 6 0
0 0 122.2 0 66.6784 a b -1.57613 6 0
0 0 122.149 0 66.682 a b -1.57829 6 0
0 0 122.099 0 66.6824 a b -1.57972 6 0
0 0 122.046 0 66.6759 a b -1.58141 6 0
0 0 122 0 66.6718 a b -1.58502 6 0
0 0 121.954 0 66.6656 a b -1.58611 6 0
0 0 121.901 0 66.6625 a b -1.58861 6 0
0 0 121.857 0 66.657 a b -1.58921 6 0
0 0 121.811 0 66.6568 a b -1.58779 6 0
0 0 121.765 0 66.6505 a b -1.58431 6 0
0 0 121.714 0 66.6429 a b -1.57948 6 0
0 0 121.66 0 66.6383 a b -1.57786 6 0
0 0 121.612 0 66.6434 a b -1.56913 6 0
0 0 121.57 0 66.6536 a b -1.56271 6 0
0 0 121.519 0 66.6511 a b -1.55266 6 0
0 0 121.468 0 66.6507 a b -1.54859 6 0
0 0 121.416 0 66.6489 a b -1.54204 6 0
0 0 121.371 0 66.6492 a b -1.53616 6 0
0 0 121.327 0 66.6506 a b -1.52933 6 0
0 0 121.282 0 66.6535 a b -1.52564 6 0
0 0 121.229 0 66.655 a b -1.52419 6 0
0 0 121.185 0 66.6582 a b -1.52056 6 0
0 0 121.132 0 66.6585 a b -1.51855 6 0
0 0 121.084 0 66.6624 a b -1.51735 6 0
0 0 121.038 0 66.6665 a b -1.51127 6 0
0 0 120.989 0 66.6702 a b -1.50719 6 0
0 0 120.941 0 66.6761 a b -1.50481 6 0
0 0 120.889 0 66.6818 a b -1.50643 6 0
0 0 120.839 0 66.6862 a b -1.50406 6 0
0 0 120.791 0 66.6972 a b -1.49929 6 0
0 0 120.751 0 66.6942 a b -1.50858 6 0
0 0 120.704 0 66.6939 a b -1.52965 6 0
0 0 120.653 0 66.6887 a b -1.55229 6 0
0 0 120.595 0 66.6811 a b -1.5655 6 0
0 0 120.543 0 66.6775 a b -1.57301 6 0
0 0 120.495 0 66.6719 a b -1.58014 6 0
0 0 120.449 0 66.6761 a b -1.58825 6 0
0 0 120.401 0 66.6729 a b -1.59296 6 0
0 0 120.353 0 66.6732 a b -1.59875 6 0
0 0 120.309 0 66.6658 a b -1.60381 6 0
0 0 120.261 0 66.6596 a b -1.60868 6 0
0 0 120.216 0 66.6583 a b -1.61065 6 0
0 0 120.17 0 66.6593 a b -1.61451 6 0
0 0 120.126 0 66.6608 a b -1.61411 6 0
0 0 120.075 0 66.6616 a b -1.6118 6 0
0 0 120.023 0 66.6586 a b -1.6038 6 0
0 0 119.969 0 66.6535 a b -1.58865 6 0
0 0 119.918 0 66.6589 a b -1.57321 6 0
0 0 119.874 0 66.6609 a b -1.5647 6 0
0 0 119.825 0 66.6625 a b -1.55906 6 0
0 0 119.783 0 66.6596 a b -1.55753 6 0
0 0 119.728 0 66.6547 a b -1.55812 6 0
0 0 119.676 0 66.6549 a b -1.55469 6 0
0 0 119.622 0 66.6535 a b -1.54966 6 0
0 0 119.58 0 66.6622 a b -1.5444 6 0
0 0 119.532 0 66.6634 a b -1.54423 6 0
0 0 119.484 0 66.6576 a b -1.54707 6 0
0 0 119.427 0 66.6672 a b -1.54662 6 0
0 0 119.386 0 66.6682 a b -1.54848 6 0
0 0 119.355 0 66.6756 a b -1.56044 6 0
0 0 119.326 0 66.6664 a b -1.57171 6 0
