0 0 13.6172 0 61.6493 a b 3.08781 7 0
0 0 13.6237 0 61.6128 a b 3.08652 7 0
0 0 13.6213 0 61.567 a b 3.0881 7 0
0 0 13.621 0 61.5211 a b 3.09268 7 0
0 0 13.622 0 61.4767 a b 3.09639 7 0
0 0 13.6303 0 61.4283 a b 3.09553 7 0
0 0 13.6338 0 61.3805 a b 3.09746 7 0
0 0 13.6356 0 61.3389 a b 3.09762 7 0
0 0 13.643 0 61.3049 a b 3.10091 7 0
0 0 13.6513 0 61.2835 a b 3.09452 7 0
0 0 13.6648 0 61.264 a b 3.09307 7 0
0 0 13.662 0 61.2537 a b 3.09883 7 0
0 0 13.6577 0 61.2403 a b 3.09192 7 0
0 0 13.6607 0 61.2213 a b 3.09367 7 0
0 0 13.6627 0 61.2025 a b 3.0942 7 0
0 0 13.6647 0 61.181 a b 3.09278 7 0
0 0 13.6652 0 61.1559 a b 3.0927 7 0
0 0 13.6667 0 61.124 a b 3.09218 7 0
0 0 13.6703 0 61.0874 a b 3.09347 7 0
0 0 13.669 0 61.0464 a b 3.09405 7 0
0 0 13.6638 0 61.0014 a b 3.09435 7 0
0 0 13.6698 0 60.956 a b 3.10078 7 0
0 0 13.6727 0 60.9093 a b 3.10576 7 0
0 0 13.6837 0 60.8617 a b 3.11103 7 0
0 0 13.6925 0 60.8202 a b 3.12477 7 0
0 0 13.6905 0 60.7796 a b 3.13476 7 0
0 0 13.6844 0 60.7543 a b 3.13697 7 0
0 0 13.6857 0 60.729 a b 3.13803 7 0
0 0 13.6894 0 60.7133 a b -3.13815 7 0
0 0 13.6883 0 60.6989 a b -3.13244 7 0
0 0 13.6879 0 60.684 a b -3.129 7 0
0 0 13.6901 0 60.6693 a b -3.1293 7 0
0 0 13.6933 0 60.655 a b -3.12721 7 0
0 0 13.6929 0 60.635 a b -3.12332 7 0
0 0 13.6901 0 60.6076 a b -3.12147 7 0
0 0 13.6891 0 60.5825 a b -3.12161 7 0
0 0 13.6901 0 60.5539 a b -3.11924 7 0
0 0 13.6869 0 60.5143 a b -3.11666 7 0
0 0 13.6892 0 60.4801 a b -3.11306 7 0
0 0 13.6895 0 60.4497 a b -3.10978 7 0
0 0 13.6929 0 60.4129 a b -3.10576 7 0
0 0 13.6944 0 60.372 a b -3.10156 7 0
0 0 13.6907 0 60.3391 a b -3.09986 7 0
0 0 13.6895 0 60.3089 a b -3.09963 7 0
0 0 13.6924 0 60.285 a b -3.09669 7 0
0 0 13.6929 0 60.2535 a b -3.0921 7 0
0 0 13.6942 0 60.2257 a b -3.08949 7 0
0 0 13.6953 0 60.2061 a b -3.08972 7 0
0 0 13.6955 0 60.1814 a b -3.09209 7 0
0 0 13.6981 0 60.1564 a b -3.09555 7 0
0 0 13.6969 0 60.1388 a b -3.09809 7 0
0 0 13.6962 0 60.1196 a b -3.09697 7 0
0 0 13.6954 0 60.0935 a b -3.09506 7 0
0 0 13.6958 0 60.0643 a b -3.09523 7 0
0 0 13.6953 0 60.0336 a b -3.09775 7 0
0 0 13.6926 0 60.0011 a b -3.10215 7 0
0 0 13.6922 0 59.9739 a b -3.10403 7 0
0 0 13.6917 0 59.9431 a b -3.10096 7 0
0 0 13.69 0 59.9153 a b -3.09959 7 0
0 0 13.6888 0 59.8826 a b -3.09898 7 0
0 0 13.6897 0 59.8464 a b -3.09848 7 0
0 0 13.6929 0 59.8131 a b -3.10036 7 0
0 0 13.6937 0 59.7823 a b -3.10477 7 0
0 0 13.6967 0 59.7502 a b -3.10523 7 0
0 0 13.6968 0 59.7193 a b -3.10272 7 0
0 0 13.6954 0 59.687 a b -3.10198 7 0
0 0 13.6863 0 59.6499 a b -3.10345 7 0
0 0 13.684 0 59.6171 a b -3.10581 7 0
0 0 13.6836 0 59.588 a b -3.10472 7 0
0 0 13.6851 0 59.5588 a b -3.1029 7 0
0 0 13.6878 0 59.5271 a b -3.10168 7 0
0 0 13.6887 0 59.4968 a b -3.10274 7 0
0 0 13.6859 0 59.4694 a b -3.10251 7 0
0 0 13.6855 0 59.4427 a b -3.10339 7 0
0 0 13.6876 0 59.4228 a b -3.10773 7 0
0 0 13.6821 0 59.4017 a b -3.1057 7 0
0 0 13.6789 0 59.3799 a b -3.09946 7 0
0 0 13.6812 0 59.3579 a b -3.09429 7 0
0 0 13.6843 0 59.3368 a b -3.09497 7 0
0 0 13.6816 0 59.3148 a b -3.09401 7 0
0 0 13.6778 0 59.2903 a b -3.08966 7 0
0 0 13.6769 0 59.2622 a b -3.08723 7 0
0 0 13.677 0 59.2353 a b -3.0851 7 0
0 0 13.6736 0 59.205 a b -3.08013 7 0
0 0 13.6713 0 59.1746 a b -3.07584 7 0
0 0 13.673 0 59.1439 a b -3.07179 7 0
0 0 13.6725 0 59.1119 a b -3.06732 7 0
0 0 13.6701 0 59.0785 a b -3.06213 7 0
0 0 13.6676 0 59.044 a b -3.05671 7 0
0 0 13.6682 0 59.0091 a b -3.05217 7 0
0 0 13.6682 0 58.9738 a b -3.04713 7 0
0 0 13.6715 0 58.9368 a b -3.04825 7 0
0 0 13.6634 0 58.9089 a b -3.04432 7 0
0 0 13.6537 0 58.8847 a b -3.036 7 0
0 0 13.6516 0 58.8544 a b -3.03191 7 0
0 0 13.6567 0 58.829 a b -3.03424 7 0
0 0 13.6555 0 58.8021 a b -3.03798 7 0
0 0 13.6522 0 58.7825 a b -3.04037 7 0
0 0 13.6515 0 58.7597 a b -3.03829 7 0
0 0 13.6526 0 58.7369 a b -3.03558 7 0
0 0 13.6505 0 58.7142 a b -3.03352 7 0
0 0 13.6466 0 58.6912 a b -3.03337 7 0
0 0 13.6428 0 58.662 a b -3.0314 7 0
0 0 13.641 0 58.6325 a b -3.02652 7 0
0 0 13.6393 0 58.6019 a b -3.02357 7 0
0 0 13.6369 0 58.57 a b -3.02183 7 0
0 0 13.6371 0 58.5372 a b -3.01913 7 0
0 0 13.6355 0 58.5004 a b -3.01177 7 0
0 0 13.6362 0 58.4697 a b -3.00797 7 0
0 0 13.632 0 58.4387 a b -3.01414 7 0
0 0 13.6264 0 58.4064 a b -3.01367 7 0
0 0 13.6225 0 58.375 a b -3.0048 7 0
0 0 13.6241 0 58.3527 a b -3.00316 7 0
0 0 13.6243 0 58.3337 a b -3.01414 7 0
0 0 13.6253 0 58.3118 a b -3.02934 7 0
0 0 13.6236 0 58.2805 a b -3.03676 7 0
0 0 13.6215 0 58.2546 a b -3.03672 7 0
0 0 13.6221 0 58.2289 a b -3.03961 7 0
0 0 13.6207 0 58.2031 a b -3.04826 7 0
0 0 13.6215 0 58.173 a b -3.05375 7 0
0 0 13.6205 0 58.1422 a b -3.05439 7 0
0 0 13.6178 0 58.1121 a b -3.05434 7 0
0 0 13.6176 0 58.0827 a b -3.05626 7 0
0 0 13.6156 0 58.0506 a b -3.06011 7 0
0 0 13.6161 0 58.0156 a b -3.06414 7 0
0 0 13.6133 0 57.9789 a b -3.0663 7 0
0 0 13.611 0 57.9484 a b -3.06666 7 0
0 0 13.6113 0 57.9212 a b -3.07102 7 0
0 0 13.6114 0 57.8928 a b -3.07447 7 0
0 0 13.6076 0 57.868 a b -3.07616 7 0
0 0 13.6065 0 57.8439 a b -3.07926 7 0
0 0 13.6041 0 57.8161 a b -3.081 7 0
0 0 13.603 0 57.7867 a b -3.0829 7 0
0 0 13.6019 0 57.7557 a b -3.08697 7 0
0 0 13.6008 0 57.7279 a b -3.08814 7 0
0 0 13.6021 0 57.7009 a b -3.08928 7 0
0 0 13.6013 0 57.6708 a b -3.09031 7 0
0 0 13.5995 0 57.6406 a b -3.09256 7 0
0 0 13.6018 0 57.6103 a b -3.09264 7 0
0 0 13.6039 0 57.579 a b -3.09341 7 0
0 0 13.6032 0 57.5492 a b -3.09632 7 0
0 0 13.6033 0 57.5208 a b -3.10147 7 0
0 0 13.6051 0 57.4902 a b -3.10148 7 0
0 0 13.6066 0 57.4608 a b -3.09868 7 0
0 0 13.6035 0 57.4314 a b -3.09929 7 0
0 0 13.5999 0 57.4051 a b -3.10644 7 0
0 0 13.6021 0 57.381 a b -3.11079 7 0
0 0 13.604 0 57.3542 a b -3.10907 7 0
0 0 13.6033 0 57.3267 a b -3.10559 7 0
0 0 13.6028 0 57.2996 a b -3.10329 7 0
0 0 13.6 0 57.2726 a b -3.10604 7 0
0 0 13.5993 0 57.2426 a b -3.11179 7 0
0 0 13.6007 0 57.2178 a b -3.11362 7 0
0 0 13.6025 0 57.1887 a b -3.11094 7 0
0 0 13.6031 0 57.1593 a b -3.10578 7 0
0 0 13.6019 0 57.1286 a b -3.10526 7 0
0 0 13.6017 0 57.0997 a b -3.10755 7 0
0 0 13.6031 0 57.0694 a b -3.11132 7 0
0 0 13.6043 0 57.0382 a b -3.11526 7 0
0 0 13.605 0 57.0061 a b -3.11705 7 0
0 0 13.6057 0 56.9723 a b -3.11474 7 0
0 0 13.6055 0 56.9436 a b -3.11204 7 0
0 0 13.604 0 56.916 a b -3.11487 7 0
0 0 13.6051 0 56.8916 a b -3.11932 7 0
0 0 13.6076 0 56.8676 a b -3.12266 7 0
0 0 13.6079 0 56.8419 a b -3.12271 7 0
0 0 13.61 0 56.82 a b -3.121 7 0
0 0 13.6091 0 56.7943 a b -3.12081 7 0
0 0 13.6105 0 56.7672 a b -3.12372 7 0
0 0 13.6105 0 56.7383 a b -3.12895 7 0
0 0 13.6115 0 56.712 a b -3.13024 7 0
0 0 13.6125 0 56.6814 a b -3.12764 7 0
0 0 13.6142 0 56.6545 a b -3.12517 7 0
0 0 13.614 0 56.6229 a b -3.1226 7 0
0 0 13.6155 0 56.5929 a b -3.11561 7 0
0 0 13.6146 0 56.5607 a b -3.10655 7 0
0 0 13.6138 0 56.5264 a b -3.09829 7 0
0 0 13.6145 0 56.4887 a b -3.09352 7 0
0 0 13.6142 0 56.45 a b -3.08568 7 0
0 0 13.6109 0 56.4171 a b -3.07548 7 0
0 0 13.6087 0 56.3908 a b -3.06801 7 0
0 0 13.607 0 56.3618 a b -3.06523 7 0
0 0 13.6084 0 56.3307 a b -3.06288 7 0
0 0 13.606 0 56.3065 a b -3.05743 7 0
0 0 13.6068 0 56.282 a b -3.05381 7 0
0 0 13.6075 0 56.2554 a b -3.05243 7 0
0 0 13.6084 0 56.2299 a b -3.05038 7 0
0 0 13.6076 0 56.2034 a b -3.04705 7 0
0 0 13.6056 0 56.1748 a b -3.04467 7 0
0 0 13.6041 0 56.1492 a b -3.04214 7 0
0 0 13.6011 0 56.1157 a b -3.03961 7 0
0 0 13.6004 0 56.0837 a b -3.03499 7 0
0 0 13.5993 0 56.0451 a b -3.03138 7 0
0 0 13.5986 0 56.0086 a b -3.02927 7 0
0 0 13.5959 0 55.9794 a b -3.02972 7 0
0 0 13.5893 0 55.9478 a b -3.02987 7 0
0 0 13.5836 0 55.9169 a b -3.02342 7 0
0 0 13.5795 0 55.8887 a b -3.01846 7 0
0 0 13.5823 0 55.8615 a b -3.01851 7 0
0 0 13.5837 0 55.8353 a b -3.0234 7 0
0 0 13.5776 0 55.811 a b -3.02034 7 0
0 0 13.5797 0 55.7893 a b -3.01175 7 0
0 0 13.5855 0 55.7644 a b -3.01287 7 0
0 0 13.5836 0 55.7367 a b -3.02288 7 0
0 0 13.5785 0 55.7077 a b -3.0311 7 0
0 0 13.5795 0 55.6807 a b -3.03655 7 0
0 0 13.5829 0 55.6518 a b -3.04749 7 0
0 0 13.5827 0 55.6201 a b -3.05799 7 0
0 0 13.5818 0 55.5877 a b -3.06983 7 0
0 0 13.5793 0 55.5575 a b -3.08175 7 0
0 0 13.5782 0 55.5268 a b -3.09252 7 0
0 0 13.5725 0 55.4983 a b -3.10039 7 0
0 0 13.5632 0 55.4751 a b -3.10122 7 0
0 0 13.5615 0 55.4506 a b -3.10293 7 0
0 0 13.5637 0 55.4262 a b -3.10696 7 0
0 0 13.5679 0 55.4037 a b -3.11428 7 0
0 0 13.5691 0 55.378 a b -3.12029 7 0
0 0 13.5673 0 55.3478 a b -3.1219 7 0
0 0 13.5659 0 55.3111 a b -3.12485 7 0
0 0 13.5649 0 55.2808 a b -3.12993 7 0
0 0 13.5646 0 55.2498 a b -3.13295 7 0
0 0 13.5669 0 55.2146 a b -3.13636 7 0
0 0 13.5709 0 55.178 a b -3.1406 7 0
0 0 13.5709 0 55.1453 a b 3.13846 7 0
0 0 13.5713 0 55.1076 a b 3.13562 7 0
0 0 13.5698 0 55.073 a b 3.13838 7 0
0 0 13.5674 0 55.0502 a b 3.13777 7 0
0 0 13.5692 0 55.0173 a b 3.1317 7 0
0 0 13.5721 0 54.983 a b 3.12361 7 0
0 0 13.5756 0 54.9502 a b 3.12563 7 0
0 0 13.5771 0 54.9294 a b 3.13078 7 0
0 0 13.5777 0 54.9114 a b 3.12524 7 0
0 0 13.5807 0 54.8885 a b 3.11934 7 0
0 0 13.5823 0 54.8687 a b 3.11886 7 0
0 0 13.5827 0 54.8535 a b 3.11792 7 0
0 0 13.5845 0 54.8288 a b 3.11492 7 0
0 0 13.5844 0 54.8019 a b 3.11345 7 0
0 0 13.5864 0 54.7737 a b 3.11221 7 0
0 0 13.5875 0 54.7461 a b 3.1104 7 0
0 0 13.5907 0 54.7139 a b 3.10814 7 0
0 0 13.5927 0 54.6785 a b 3.10743 7 0
0 0 13.5944 0 54.6455 a b 3.10625 7 0
0 0 13.5958 0 54.6158 a b 3.10514 7 0
0 0 13.5971 0 54.583 a b 3.10394 7 0
0 0 13.6027 0 54.5502 a b 3.10292 7 0
0 0 13.6054 0 54.5154 a b 3.09918 7 0
0 0 13.6082 0 54.4824 a b 3.09732 7 0
0 0 13.6095 0 54.4524 a b 3.09923 7 0
0 0 13.6122 0 54.4304 a b 3.09887 7 0
0 0 13.6151 0 54.4112 a b 3.09511 7 0
0 0 13.6176 0 54.3885 a b 3.09153 7 0
0 0 13.6191 0 54.3658 a b 3.08951 7 0
0 0 13.6197 0 54.3416 a b 3.08911 7 0
0 0 13.6227 0 54.3178 a b 3.08868 7 0
0 0 13.624 0 54.2908 a b 3.08592 7 0
0 0 13.6265 0 54.264 a b 3.08218 7 0
0 0 13.6316 0 54.2276 a b 3.08126 7 0
0 0 13.6334 0 54.1933 a b 3.08207 7 0
0 0 13.6354 0 54.1606 a b 3.08014 7 0
0 0 13.642 0 54.1262 a b 3.07976 7 0
0 0 13.6476 0 54.0921 a b 3.08619 7 0
0 0 13.6477 0 54.061 a b 3.09164 7 0
0 0 13.6514 0 54.0273 a b 3.09396 7 0
0 0 13.6569 0 53.9937 a b 3.0971 7 0
0 0 13.6635 0 53.9574 a b 3.10919 7 0
0 0 13.6616 0 53.9276 a b 3.12442 7 0
0 0 13.6645 0 53.9029 a b 3.13321 7 0
0 0 13.6672 0 53.8785 a b 3.1381 7 0
0 0 13.6665 0 53.8573 a b -3.13962 7 0
0 0 13.6647 0 53.8351 a b -3.13608 7 0
0 0 13.6624 0 53.8133 a b -3.13297 7 0
0 0 13.6639 0 53.7921 a b -3.1329 7 0
0 0 13.6639 0 53.7718 a b -3.13156 7 0
0 0 13.6639 0 53.7475 a b -3.12929 7 0
0 0 13.6629 0 53.7216 a b -3.12729 7 0
0 0 13.663 0 53.6938 a b -3.12436 7 0
0 0 13.663 0 53.6631 a b -3.12087 7 0
0 0 13.6621 0 53.6321 a b -3.11819 7 0
0 0 13.6623 0 53.5967 a b -3.11676 7 0
0 0 13.6623 0 53.5606 a b -3.11383 7 0
0 0 13.6638 0 53.5261 a b -3.10946 7 0
0 0 13.6623 0 53.4895 a b -3.10683 7 0
0 0 13.6622 0 53.4525 a b -3.11063 7 0
0 0 13.6621 0 53.4173 a b -3.10848 7 0
0 0 13.6587 0 53.3907 a b -3.10325 7 0
0 0 13.6552 0 53.3639 a b -3.09557 7 0
0 0 13.6523 0 53.3354 a b -3.09436 7 0
0 0 13.6523 0 53.3125 a b -3.09927 7 0
0 0 13.6577 0 53.2916 a b -3.10475 7 0
0 0 13.665 0 53.2711 a b -3.10641 7 0
0 0 13.665 0 53.248 a b -3.10061 7 0
0 0 13.6622 0 53.2226 a b -3.09861 7 0
0 0 13.6578 0 53.1951 a b -3.09906 7 0
0 0 13.6569 0 53.1688 a b -3.10052 7 0
0 0 13.66 0 53.14 a b -3.10107 7 0
0 0 13.6625 0 53.1093 a b -3.10106 7 0
0 0 13.6637 0 53.0746 a b -3.10155 7 0
0 0 13.6641 0 53.0404 a b -3.10192 7 0
0 0 13.6617 0 53.0032 a b -3.10425 7 0
0 0 13.659 0 52.972 a b -3.10785 7 0
0 0 13.657 0 52.9427 a b -3.10988 7 0
0 0 13.6526 0 52.9145 a b -3.10877 7 0
0 0 13.6525 0 52.8887 a b -3.10478 7 0
0 0 13.6589 0 52.8598 a b -3.10327 7 0
0 0 13.6633 0 52.8327 a b -3.10522 7 0
0 0 13.6638 0 52.8078 a b -3.10714 7 0
0 0 13.6602 0 52.781 a b -3.10686 7 0
0 0 13.6566 0 52.7543 a b -3.10618 7 0
0 0 13.6589 0 52.7253 a b -3.10673 7 0
0 0 13.6618 0 52.6948 a b -3.10942 7 0
0 0 13.6617 0 52.6657 a b -3.11018 7 0
0 0 13.6612 0 52.6367 a b -3.10873 7 0
0 0 13.6617 0 52.606 a b -3.10804 7 0
0 0 13.6627 0 52.5747 a b -3.10879 7 0
0 0 13.6647 0 52.5397 a b -3.11101 7 0
0 0 13.6673 0 52.5033 a b -3.11439 7 0
0 0 13.6632 0 52.4669 a b -3.11597 7 0
0 0 13.6592 0 52.4389 a b -3.11665 7 0
0 0 13.6554 0 52.4112 a b -3.1151 7 0
0 0 13.656 0 52.3838 a b -3.11262 7 0
0 0 13.6576 0 52.3572 a b -3.11084 7 0
0 0 13.6612 0 52.3305 a b -3.11308 7 0
0 0 13.662 0 52.305 a b -3.11697 7 0
0 0 13.6581 0 52.2809 a b -3.11737 7 0
0 0 13.6564 0 52.2565 a b -3.11356 7 0
0 0 13.6585 0 52.229 a b -3.11098 7 0
0 0 13.6595 0 52.1989 a b -3.11397 7 0
0 0 13.6617 0 52.17 a b -3.11751 7 0
0 0 13.6628 0 52.1392 a b -3.12071 7 0
0 0 13.6616 0 52.1094 a b -3.12018 7 0
0 0 13.661 0 52.078 a b -3.11646 7 0
0 0 13.6618 0 52.0443 a b -3.11399 7 0
0 0 13.6647 0 52.0081 a b -3.11572 7 0
0 0 13.6656 0 51.9713 a b -3.12046 7 0
0 0 13.6642 0 51.9402 a b -3.12131 7 0
0 0 13.6641 0 51.9136 a b -3.12161 7 0
0 0 13.6649 0 51.8874 a b -3.12424 7 0
0 0 13.6643 0 51.8628 a b -3.12551 7 0
0 0 13.6633 0 51.8342 a b -3.12428 7 0
0 0 13.6628 0 51.8104 a b -3.12244 7 0
0 0 13.6657 0 51.7831 a b -3.12263 7 0
0 0 13.6648 0 51.7568 a b -3.12368 7 0
0 0 13.6648 0 51.7284 a b -3.12603 7 0
0 0 13.6661 0 51.7011 a b -3.12531 7 0
0 0 13.6666 0 51.6726 a b -3.12373 7 0
0 0 13.6671 0 51.6428 a b -3.12375 7 0
0 0 13.668 0 51.612 a b -3.12777 7 0
0 0 13.6685 0 51.5804 a b -3.12915 7 0
0 0 13.6677 0 51.5469 a b -3.13113 7 0
0 0 13.6659 0 51.5107 a b -3.13412 7 0
0 0 13.6647 0 51.4768 a b -3.13651 7 0
0 0 13.6652 0 51.445 a b -3.13746 7 0
0 0 13.664 0 51.4171 a b -3.14143 7 0
0 0 13.6656 0 51.3909 a b 3.14159 7 0
0 0 13.6656 0 51.3672 a b -3.13741 7 0
0 0 13.6673 0 51.3438 a b -3.13852 7 0
0 0 13.6705 0 51.3186 a b -3.14099 7 0
0 0 13.6717 0 51.2924 a b -3.14148 7 0
0 0 13.6731 0 51.2657 a b 3.14044 7 0
0 0 13.675 0 51.2392 a b 3.13748 7 0
0 0 13.6764 0 51.2109 a b 3.13639 7 0
0 0 13.6783 0 51.1799 a b 3.13741 7 0
0 0 13.6773 0 51.15 a b 3.1374 7 0
0 0 13.682 0 51.115 a b 3.1338 7 0
0 0 13.683 0 51.0839 a b 3.13087 7 0
0 0 13.6817 0 51.0516 a b 3.13174 7 0
0 0 13.6848 0 51.015 a b 3.13407 7 0
0 0 13.6842 0 50.977 a b 3.13604 7 0
0 0 13.6824 0 50.9385 a b 3.13449 7 0
0 0 13.6801 0 50.9083 a b 3.12733 7 0
0 0 13.6888 0 50.8832 a b 3.12862 7 0
0 0 13.6903 0 50.857 a b 3.13885 7 0
0 0 13.6859 0 50.8346 a b -3.14089 7 0
0 0 13.686 0 50.8114 a b 3.13956 7 0
0 0 13.6873 0 50.7928 a b 3.13268 7 0
0 0 13.6914 0 50.7776 a b 3.13021 7 0
0 0 13.6929 0 50.7628 a b 3.13365 7 0
0 0 13.6887 0 50.7514 a b 3.13823 7 0
0 0 13.6901 0 50.734 a b 3.13538 7 0
0 0 13.6897 0 50.7213 a b 3.12677 7 0
0 0 13.6931 0 50.6988 a b 3.12846 7 0
0 0 13.6923 0 50.6763 a b 3.12955 7 0
0 0 13.6919 0 50.6468 a b 3.13154 7 0
0 0 13.6924 0 50.6085 a b 3.13649 7 0
0 0 13.6924 0 50.5648 a b -3.14094 7 0
0 0 13.6926 0 50.5211 a b -3.13254 7 0
0 0 13.6938 0 50.48 a b -3.11826 7 0
0 0 13.6961 0 50.4264 a b -3.10926 7 0
0 0 13.6987 0 50.381 a b -3.10529 7 0
0 0 13.6997 0 50.3378 a b -3.09859 7 0
0 0 13.6988 0 50.2993 a b -3.09704 7 0
0 0 13.6971 0 50.2636 a b -3.09666 7 0
0 0 13.697 0 50.2303 a b -3.0935 7 0
0 0 13.6976 0 50.1969 a b -3.09092 7 0
0 0 13.6978 0 50.1661 a b -3.08764 7 0
0 0 13.6983 0 50.1386 a b -3.0849 7 0
0 0 13.6961 0 50.1132 a b -3.08156 7 0
0 0 13.6962 0 50.0875 a b -3.07924 7 0
0 0 13.6954 0 50.0638 a b -3.07687 7 0
0 0 13.6946 0 50.0403 a b -3.0763 7 0
0 0 13.6942 0 50.0203 a b -3.07377 7 0
0 0 13.6954 0 49.9941 a b -3.0707 7 0
0 0 13.6958 0 49.9761 a b -3.0712 7 0
0 0 13.6961 0 49.9571 a b -3.07644 7 0
0 0 13.6946 0 49.9397 a b -3.08338 7 0
0 0 13.6869 0 49.9259 a b -3.08243 7 0
0 0 13.6867 0 49.9095 a b -3.07445 7 0
0 0 13.6878 0 49.8851 a b -3.06974 7 0
0 0 13.6933 0 49.856 a b -3.07376 7 0
0 0 13.6933 0 49.821 a b -3.08068 7 0
0 0 13.6885 0 49.7907 a b -3.08118 7 0
0 0 13.6859 0 49.7545 a b -3.07567 7 0
0 0 13.6865 0 49.7143 a b -3.07142 7 0
0 0 13.688 0 49.6737 a b -3.07247 7 0
0 0 13.686 0 49.6336 a b -3.07517 7 0
0 0 13.6825 0 49.5962 a b -3.07418 7 0
0 0 13.681 0 49.5527 a b -3.07227 7 0
0 0 13.6808 0 49.5173 a b -3.07247 7 0
0 0 13.6781 0 49.4863 a b -3.07478 7 0
0 0 13.6704 0 49.4543 a b -3.07205 7 0
0 0 13.6681 0 49.4318 a b -3.06938 7 0
0 0 13.6703 0 49.4106 a b -3.06451 7 0
0 0 13.6702 0 49.3875 a b -3.06115 7 0
0 0 13.6717 0 49.3674 a b -3.06014 7 0
0 0 13.675 0 49.3468 a b -3.06489 7 0
0 0 13.6748 0 49.3265 a b -3.06801 7 0
0 0 13.6725 0 49.3032 a b -3.06795 7 0
0 0 13.6684 0 49.282 a b -3.06919 7 0
0 0 13.6673 0 49.2553 a b -3.06938 7 0
0 0 13.6664 0 49.2256 a b -3.06782 7 0
0 0 13.6672 0 49.1962 a b -3.06875 7 0
0 0 13.6657 0 49.1631 a b -3.07 7 0
0 0 13.6631 0 49.1261 a b -3.06973 7 0
0 0 13.6607 0 49.0912 a b -3.06975 7 0
0 0 13.659 0 49.0562 a b -3.06967 7 0
0 0 13.6589 0 49.0213 a b -3.07058 7 0
0 0 13.6564 0 48.9792 a b -3.07213 7 0
0 0 13.6546 0 48.9423 a b -3.06853 7 0
0 0 13.6511 0 48.9077 a b -3.06426 7 0
0 0 13.648 0 48.8834 a b -3.06335 7 0
0 0 13.6444 0 48.8561 a b -3.06567 7 0
0 0 13.6431 0 48.8351 a b -3.07055 7 0
0 0 13.6451 0 48.8127 a b -3.073 7 0
0 0 13.6453 0 48.7871 a b -3.07081 7 0
0 0 13.6422 0 48.761 a b -3.0696 7 0
0 0 13.6392 0 48.7372 a b -3.07225 7 0
0 0 13.6401 0 48.7107 a b -3.07327 7 0
0 0 13.6395 0 48.6806 a b -3.07245 7 0
0 0 13.6368 0 48.6537 a b -3.07084 7 0
0 0 13.634 0 48.6227 a b -3.07115 7 0
0 0 13.6326 0 48.591 a b -3.07166 7 0
0 0 13.6334 0 48.5606 a b -3.07134 7 0
0 0 13.633 0 48.531 a b -3.07131 7 0
0 0 13.6307 0 48.5014 a b -3.07266 7 0
0 0 13.6305 0 48.469 a b -3.07428 7 0
0 0 13.6333 0 48.4384 a b -3.06925 7 0
0 0 13.6286 0 48.4157 a b -3.06806 7 0
0 0 13.6261 0 48.3942 a b -3.07423 7 0
0 0 13.6288 0 48.369 a b -3.07778 7 0
0 0 13.6266 0 48.3446 a b -3.07544 7 0
0 0 13.6229 0 48.317 a b -3.07487 7 0
0 0 13.6199 0 48.2915 a b -3.07745 7 0
0 0 13.62 0 48.2661 a b -3.07949 7 0
0 0 13.6197 0 48.2403 a b -3.07759 7 0
0 0 13.619 0 48.2112 a b -3.07838 7 0
0 0 13.6162 0 48.1833 a b -3.07999 7 0
0 0 13.6198 0 48.1498 a b -3.07994 7 0
0 0 13.6182 0 48.1112 a b -3.08202 7 0
0 0 13.6181 0 48.0783 a b -3.08366 7 0
0 0 13.6179 0 48.045 a b -3.08383 7 0
0 0 13.6166 0 48.0079 a b -3.08601 7 0
0 0 13.6139 0 47.9761 a b -3.08654 7 0
0 0 13.6121 0 47.9484 a b -3.08489 7 0
0 0 13.6099 0 47.9171 a b -3.08428 7 0
0 0 13.6096 0 47.893 a b -3.08589 7 0
0 0 13.61 0 47.8666 a b -3.08858 7 0
0 0 13.6085 0 47.845 a b -3.0892 7 0
0 0 13.6081 0 47.821 a b -3.0888 7 0
0 0 13.6076 0 47.7918 a b -3.08843 7 0
0 0 13.6077 0 47.764 a b -3.0885 7 0
0 0 13.6069 0 47.7387 a b -3.08961 7 0
0 0 13.6065 0 47.7126 a b -3.09044 7 0
0 0 13.6065 0 47.6804 a b -3.09065 7 0
0 0 13.6065 0 47.6511 a b -3.08968 7 0
0 0 13.6062 0 47.6171 a b -3.09226 7 0
0 0 13.6047 0 47.5842 a b -3.09452 7 0
0 0 13.606 0 47.5532 a b -3.09032 7 0
0 0 13.6089 0 47.5199 a b -3.08893 7 0
0 0 13.6075 0 47.488 a b -3.09756 7 0
0 0 13.6009 0 47.4623 a b -3.0961 7 0
0 0 13.5986 0 47.434 a b -3.09143 7 0
0 0 13.5985 0 47.4035 a b -3.08949 7 0
0 0 13.5994 0 47.3761 a b -3.0914 7 0
0 0 13.6028 0 47.3536 a b -3.0958 7 0
0 0 13.6023 0 47.3284 a b -3.10248 7 0
0 0 13.5998 0 47.3044 a b -3.102 7 0
0 0 13.5967 0 47.2784 a b -3.09954 7 0
0 0 13.597 0 47.2501 a b -3.0994 7 0
0 0 13.5986 0 47.2218 a b -3.09981 7 0
0 0 13.5985 0 47.1905 a b -3.10365 7 0
0 0 13.5983 0 47.1594 a b -3.10734 7 0
0 0 13.5954 0 47.1291 a b -3.10588 7 0
0 0 13.5946 0 47.0977 a b -3.10257 7 0
0 0 13.5939 0 47.0625 a b -3.10289 7 0
0 0 13.5922 0 47.0244 a b -3.10468 7 0
0 0 13.5899 0 46.9872 a b -3.10882 7 0
0 0 13.5936 0 46.9585 a b -3.10951 7 0
0 0 13.5937 0 46.9302 a b -3.10785 7 0
0 0 13.5924 0 46.9032 a b -3.10623 7 0
0 0 13.5926 0 46.8804 a b -3.10638 7 0
0 0 13.5935 0 46.8593 a b -3.10862 7 0
0 0 13.5937 0 46.8345 a b -3.11441 7 0
0 0 13.5928 0 46.8088 a b -3.11779 7 0
0 0 13.5945 0 46.7828 a b -3.11679 7 0
0 0 13.5935 0 46.7584 a b -3.11534 7 0
0 0 13.5929 0 46.7345 a b -3.11698 7 0
0 0 13.5946 0 46.7076 a b -3.11813 7 0
0 0 13.5956 0 46.6798 a b -3.1198 7 0
0 0 13.5945 0 46.6515 a b -3.12071 7 0
0 0 13.5929 0 46.6189 a b -3.12017 7 0
0 0 13.5942 0 46.5857 a b -3.11815 7 0
0 0 13.5908 0 46.5507 a b -3.11782 7 0
0 0 13.5932 0 46.517 a b -3.1216 7 0
0 0 13.5912 0 46.48 a b -3.1233 7 0
0 0 13.5949 0 46.4473 a b -3.12127 7 0
0 0 13.5925 0 46.4181 a b -3.12058 7 0
0 0 13.5914 0 46.3904 a b -3.12362 7 0
0 0 13.5909 0 46.365 a b -3.12607 7 0
0 0 13.5915 0 46.3393 a b -3.12639 7 0
0 0 13.5894 0 46.3147 a b -3.12683 7 0
0 0 13.5898 0 46.2912 a b -3.12903 7 0
0 0 13.5915 0 46.2662 a b -3.12939 7 0
0 0 13.5921 0 46.2427 a b -3.129 7 0
0 0 13.5915 0 46.2163 a b -3.12932 7 0
0 0 13.5922 0 46.1881 a b -3.13224 7 0
0 0 13.5933 0 46.1592 a b -3.13436 7 0
0 0 13.5944 0 46.1266 a b -3.13552 7 0
0 0 13.5952 0 46.0933 a b -3.13302 7 0
0 0 13.5959 0 46.062 a b -3.13373 7 0
0 0 13.597 0 46.0264 a b -3.13878 7 0
0 0 13.5938 0 45.9923 a b 3.14109 7 0
0 0 13.5924 0 45.957 a b 3.13811 7 0
0 0 13.5945 0 45.9266 a b 3.14062 7 0
0 0 13.5946 0 45.8969 a b 3.1406 7 0
0 0 13.5947 0 45.8743 a b 3.13868 7 0
0 0 13.596 0 45.8535 a b 3.13481 7 0
0 0 13.5933 0 45.8281 a b 3.13589 7 0
0 0 13.5969 0 45.803 a b 3.13687 7 0
0 0 13.5975 0 45.7757 a b 3.13471 7 0
0 0 13.5973 0 45.7485 a b 3.12938 7 0
0 0 13.5991 0 45.7232 a b 3.12753 7 0
0 0 13.6025 0 45.6934 a b 3.13028 7 0
0 0 13.6042 0 45.6634 a b 3.13177 7 0
0 0 13.6021 0 45.6315 a b 3.13061 7 0
0 0 13.6015 0 45.6017 a b 3.12546 7 0
0 0 13.6029 0 45.5689 a b 3.12225 7 0
0 0 13.6061 0 45.5357 a b 3.12313 7 0
0 0 13.605 0 45.4987 a b 3.12544 7 0
0 0 13.6041 0 45.463 a b 3.12691 7 0
0 0 13.6059 0 45.4391 a b 3.12341 7 0
0 0 13.6071 0 45.4116 a b 3.1196 7 0
0 0 13.6106 0 45.3869 a b 3.11575 7 0
0 0 13.6121 0 45.3631 a b 3.1127 7 0
0 0 13.614 0 45.3394 a b 3.10973 7 0
0 0 13.6166 0 45.3154 a b 3.11134 7 0
0 0 13.6177 0 45.2858 a b 3.11126 7 0
0 0 13.6186 0 45.2579 a b 3.11068 7 0
0 0 13.6217 0 45.2282 a b 3.1079 7 0
0 0 13.6249 0 45.197 a b 3.10421 7 0
0 0 13.6279 0 45.1662 a b 3.10137 7 0
0 0 13.6297 0 45.1324 a b 3.09849 7 0
0 0 13.631 0 45.1008 a b 3.1001 7 0
0 0 13.6328 0 45.0687 a b 3.09977 7 0
0 0 13.6318 0 45.0461 a b 3.10969 7 0
0 0 13.6322 0 45.012 a b 3.12127 7 0
0 0 13.633 0 44.9731 a b 3.13332 7 0
0 0 13.6361 0 44.946 a b 3.13984 7 0
0 0 13.6365 0 44.9213 a b 3.14101 7 0
0 0 13.6361 0 44.8965 a b -3.13847 7 0
0 0 13.6369 0 44.8739 a b -3.13562 7 0
0 0 13.6367 0 44.8499 a b -3.13619 7 0
0 0 13.6363 0 44.8248 a b -3.13545 7 0
0 0 13.637 0 44.7983 a b -3.13203 7 0
0 0 13.6379 0 44.7687 a b -3.12688 7 0
0 0 13.639 0 44.7353 a b -3.12522 7 0
0 0 13.6405 0 44.7028 a b -3.12538 7 0
0 0 13.6353 0 44.6669 a b -3.12393 7 0
0 0 13.6335 0 44.63 a b -3.12217 7 0
0 0 13.6344 0 44.5937 a b -3.1194 7 0
0 0 13.6364 0 44.562 a b -3.11653 7 0
0 0 13.6377 0 44.5278 a b -3.11668 7 0
0 0 13.6382 0 44.4911 a b -3.11649 7 0
0 0 13.6399 0 44.457 a b -3.11977 7 0
0 0 13.6362 0 44.4296 a b -3.11585 7 0
0 0 13.6368 0 44.4081 a b -3.11198 7 0
0 0 13.6379 0 44.3885 a b -3.11146 7 0
0 0 13.64 0 44.3666 a b -3.11639 7 0
0 0 13.6383 0 44.3488 a b -3.11986 7 0
0 0 13.6378 0 44.3291 a b -3.11598 7 0
0 0 13.6391 0 44.309 a b -3.11014 7 0
0 0 13.6418 0 44.2838 a b -3.11162 7 0
0 0 13.6394 0 44.2565 a b -3.11365 7 0
0 0 13.6402 0 44.223 a b -3.11332 7 0
0 0 13.641 0 44.1902 a b -3.11333 7 0
0 0 13.6407 0 44.1538 a b -3.11318 7 0
0 0 13.6399 0 44.1161 a b -3.11235 7 0
0 0 13.6413 0 44.0804 a b -3.11225 7 0
0 0 13.6424 0 44.0453 a b -3.11242 7 0
0 0 13.6426 0 44.01 a b -3.11191 7 0
0 0 13.6397 0 43.97 a b -3.11219 7 0
0 0 13.6386 0 43.9315 a b -3.11549 7 0
0 0 13.6355 0 43.8987 a b -3.11417 7 0
0 0 13.6359 0 43.8735 a b -3.11194 7 0
0 0 13.6361 0 43.8492 a b -3.11001 7 0
0 0 13.6388 0 43.8312 a b -3.11269 7 0
0 0 13.6411 0 43.8058 a b -3.11622 7 0
0 0 13.6391 0 43.7825 a b -3.11442 7 0
0 0 13.6378 0 43.7609 a b -3.11274 7 0
0 0 13.6386 0 43.7376 a b -3.11361 7 0
0 0 13.6391 0 43.7123 a b -3.11372 7 0
0 0 13.6383 0 43.6832 a b -3.11595 7 0
0 0 13.6392 0 43.651 a b -3.11721 7 0
0 0 13.6378 0 43.6195 a b -3.11664 7 0
0 0 13.6377 0 43.5876 a b -3.11662 7 0
0 0 13.6394 0 43.5547 a b -3.1186 7 0
0 0 13.6405 0 43.5221 a b -3.12075 7 0
0 0 13.6369 0 43.4871 a b -3.12199 7 0
0 0 13.6375 0 43.4486 a b -3.1218 7 0
0 0 13.6378 0 43.4137 a b -3.12095 7 0
0 0 13.638 0 43.3845 a b -3.1215 7 0
0 0 13.6343 0 43.3584 a b -3.12443 7 0
0 0 13.6365 0 43.3346 a b -3.127 7 0
0 0 13.639 0 43.3106 a b -3.12825 7 0
0 0 13.639 0 43.2878 a b -3.12504 7 0
0 0 13.637 0 43.264 a b -3.12595 7 0
0 0 13.6366 0 43.2388 a b -3.13071 7 0
0 0 13.6362 0 43.2115 a b -3.13242 7 0
0 0 13.6364 0 43.1851 a b -3.13052 7 0
0 0 13.6336 0 43.1555 a b -3.13095 7 0
0 0 13.6353 0 43.128 a b -3.13377 7 0
0 0 13.6355 0 43.0957 a b -3.13453 7 0
0 0 13.6379 0 43.0612 a b -3.13527 7 0
0 0 13.6393 0 43.0265 a b -3.13792 7 0
0 0 13.6419 0 42.993 a b -3.13836 7 0
0 0 13.6455 0 42.9631 a b -3.135 7 0
0 0 13.6435 0 42.9386 a b -3.13715 7 0
0 0 13.6452 0 42.9187 a b 3.14027 7 0
0 0 13.6507 0 42.8936 a b 3.1351 7 0
0 0 13.6508 0 42.8703 a b 3.1385 7 0
0 0 13.6498 0 42.8458 a b 3.13789 7 0
0 0 13.6503 0 42.8215 a b 3.13529 7 0
0 0 13.6495 0 42.7994 a b 3.13217 7 0
0 0 13.6504 0 42.7724 a b 3.1336 7 0
0 0 13.6521 0 42.7458 a b 3.13552 7 0
0 0 13.6548 0 42.715 a b 3.13398 7 0
0 0 13.655 0 42.6808 a b 3.13249 7 0
0 0 13.6576 0 42.6445 a b 3.13125 7 0
0 0 13.66 0 42.6076 a b 3.12847 7 0
0 0 13.6593 0 42.5717 a b 3.12651 7 0
0 0 13.6601 0 42.5325 a b 3.12437 7 0
0 0 13.6619 0 42.4912 a b 3.12407 7 0
0 0 13.6637 0 42.4554 a b 3.12415 7 0
0 0 13.6619 0 42.4255 a b 3.12064 7 0
0 0 13.6619 0 42.4051 a b 3.11575 7 0
0 0 13.6624 0 42.386 a b 3.1198 7 0
0 0 13.6674 0 42.3625 a b 3.12523 7 0
0 0 13.6651 0 42.3335 a b 3.12311 7 0
0 0 13.6652 0 42.3119 a b 3.11405 7 0
0 0 13.6665 0 42.2924 a b 3.10993 7 0
0 0 13.6661 0 42.2726 a b 3.11499 7 0
0 0 13.6668 0 42.2407 a b 3.11735 7 0
0 0 13.6721 0 42.2094 a b 3.11234 7 0
0 0 13.6731 0 42.1791 a b 3.10812 7 0
0 0 13.6737 0 42.1474 a b 3.10781 7 0
0 0 13.6736 0 42.1133 a b 3.10778 7 0
0 0 13.6788 0 42.0782 a b 3.10428 7 0
0 0 13.6791 0 42.0447 a b 3.10124 7 0
0 0 13.6791 0 42.0095 a b 3.09858 7 0
0 0 13.6786 0 41.9761 a b 3.10069 7 0
0 0 13.6825 0 41.941 a b 3.10204 7 0
0 0 13.6862 0 41.9104 a b 3.094 7 0
0 0 13.6797 0 41.8942 a b 3.09088 7 0
0 0 13.6776 0 41.8769 a b 3.10015 7 0
0 0 13.6831 0 41.8518 a b 3.10865 7 0
0 0 13.6911 0 41.8247 a b 3.10525 7 0
0 0 13.6937 0 41.7991 a b 3.09372 7 0
0 0 13.6951 0 41.7814 a b 3.08691 7 0
0 0 13.6926 0 41.7608 a b 3.09281 7 0
0 0 13.6967 0 41.7308 a b 3.09918 7 0
0 0 13.704 0 41.6994 a b 3.10026 7 0
0 0 13.7057 0 41.6672 a b 3.09781 7 0
0 0 13.7024 0 41.638 a b 3.10019 7 0
0 0 13.6999 0 41.6071 a b 3.10931 7 0
0 0 13.7045 0 41.5713 a b 3.1159 7 0
0 0 13.7024 0 41.5352 a b 3.1234 7 0
0 0 13.6999 0 41.4958 a b 3.1342 7 0
0 0 13.7003 0 41.4604 a b -3.1359 7 0
0 0 13.7049 0 41.429 a b -3.12731 7 0
0 0 13.7003 0 41.4015 a b -3.12038 7 0
0 0 13.6947 0 41.3764 a b -3.10719 7 0
0 0 13.6949 0 41.3489 a b -3.09281 7 0
0 0 13.7014 0 41.3266 a b -3.08634 7 0
0 0 13.705 0 41.3018 a b -3.08725 7 0
0 0 13.7011 0 41.2784 a b -3.08472 7 0
0 0 13.7009 0 41.2566 a b -3.08063 7 0
0 0 13.6989 0 41.2344 a b -3.07661 7 0
0 0 13.7037 0 41.2057 a b -3.07488 7 0
0 0 13.704 0 41.1765 a b -3.07115 7 0
0 0 13.7029 0 41.1465 a b -3.0643 7 0
0 0 13.702 0 41.1158 a b -3.06097 7 0
0 0 13.6997 0 41.079 a b -3.05721 7 0
0 0 13.6991 0 41.0416 a b -3.05361 7 0
0 0 13.701 0 41.007 a b -3.05032 7 0
0 0 13.6953 0 40.978 a b -3.04849 7 0
0 0 13.6913 0 40.9466 a b -3.04526 7 0
0 0 13.6873 0 40.9267 a b -3.03638 7 0
0 0 13.684 0 40.9161 a b -3.03067 7 0
0 0 13.6955 0 40.91 a b -3.03785 7 0
0 0 13.6928 0 40.9248 a b -3.03421 7 0
0 0 13.6946 0 40.9037 a b -3.04726 7 0
0 0 13.6869 0 40.8894 a b -3.05045 7 0
0 0 13.6879 0 40.8666 a b -3.04731 7 0
0 0 13.6846 0 40.8527 a b -3.0434 7 0
0 0 13.6834 0 40.8402 a b -3.04409 7 0
0 0 13.6822 0 40.8272 a b -3.04355 7 0
0 0 13.6796 0 40.8149 a b -3.04175 7 0
0 0 13.6856 0 40.8062 a b -3.03941 7 0
0 0 13.6822 0 40.7968 a b -3.03599 7 0
0 0 13.6789 0 40.7816 a b -3.04395 7 0
0 0 13.6766 0 40.7699 a b -3.04383 7 0
0 0 13.6768 0 40.7482 a b -3.04118 7 0
0 0 13.674 0 40.7204 a b -3.03937 7 0
0 0 13.6748 0 40.6872 a b -3.04001 7 0
0 0 13.6711 0 40.6487 a b -3.04079 7 0
0 0 13.6709 0 40.6008 a b -3.04002 7 0
0 0 13.666 0 40.5564 a b -3.03658 7 0
0 0 13.6693 0 40.5059 a b -3.03939 7 0
0 0 13.6648 0 40.4562 a b -3.04335 7 0
0 0 13.6573 0 40.4147 a b -3.03849 7 0
0 0 13.6514 0 40.3753 a b -3.03308 7 0
0 0 13.6455 0 40.3373 a b -3.02739 7 0
0 0 13.6457 0 40.3047 a b -3.02783 7 0
0 0 13.6439 0 40.275 a b -3.0307 7 0
0 0 13.6459 0 40.2454 a b -3.03189 7 0
0 0 13.643 0 40.2207 a b -3.02915 7 0
0 0 13.6432 0 40.1967 a b -3.0246 7 0
0 0 13.6341 0 40.1676 a b -3.02178 7 0
0 0 13.6301 0 40.1434 a b -3.02169 7 0
0 0 13.6326 0 40.1246 a b -3.02148 7 0
0 0 13.6327 0 40.1054 a b -3.02038 7 0
0 0 13.637 0 40.0884 a b -3.02144 7 0
0 0 13.6436 0 40.0714 a b -3.02483 7 0
0 0 13.6362 0 40.0503 a b -3.02722 7 0
0 0 13.6297 0 40.0265 a b -3.02863 7 0
0 0 13.6211 0 40.0038 a b -3.03174 7 0
0 0 13.6043 0 39.9826 a b -3.0248 7 0
0 0 13.6083 0 39.9538 a b -3.01592 7 0
0 0 13.6145 0 39.9237 a b -3.01895 7 0
0 0 13.6166 0 39.9006 a b -3.02804 7 0
0 0 13.6123 0 39.8752 a b -3.02979 7 0
0 0 13.6077 0 39.8444 a b -3.0291 7 0
0 0 13.6067 0 39.8089 a b -3.0337 7 0
0 0 13.605 0 39.7705 a b -3.04408 7 0
0 0 13.6023 0 39.7392 a b -3.05628 7 0
0 0 13.5958 0 39.7103 a b -3.06652 7 0
0 0 13.5903 0 39.6809 a b -3.0712 7 0
0 0 13.5926 0 39.6496 a b -3.07487 7 0
0 0 13.594 0 39.6191 a b -3.08141 7 0
0 0 13.5929 0 39.589 a b -3.08979 7 0
0 0 13.593 0 39.5614 a b -3.09777 7 0
0 0 13.5826 0 39.5298 a b -3.10285 7 0
0 0 13.5864 0 39.5022 a b -3.10218 7 0
0 0 13.5906 0 39.4673 a b -3.09934 7 0
0 0 13.6025 0 39.4368 a b -3.1044 7 0
0 0 13.6057 0 39.408 a b -3.11643 7 0
0 0 13.5963 0 39.3869 a b -3.1218 7 0
0 0 13.5936 0 39.3596 a b -3.12028 7 0
0 0 13.6011 0 39.3304 a b -3.1231 7 0
0 0 13.602 0 39.3029 a b -3.1304 7 0
0 0 13.6006 0 39.279 a b -3.13555 7 0
0 0 13.5982 0 39.248 a b -3.13854 7 0
0 0 13.5984 0 39.2175 a b -3.1411 7 0
0 0 13.5986 0 39.1861 a b 3.1389 7 0
0 0 13.5966 0 39.1592 a b 3.13873 7 0
0 0 13.5999 0 39.1284 a b 3.1384 7 0
0 0 13.6042 0 39.0954 a b 3.1328 7 0
0 0 13.6027 0 39.0607 a b 3.13154 7 0
0 0 13.6008 0 39.0299 a b 3.12941 7 0
0 0 13.6 0 39.0051 a b 3.13149 7 0
0 0 13.6085 0 38.9707 a b 3.13324 7 0
0 0 13.6184 0 38.9346 a b 3.12379 7 0
0 0 13.6122 0 38.9149 a b 3.11712 7 0
0 0 13.6065 0 38.8953 a b 3.12342 7 0
0 0 13.5988 0 38.8666 a b 3.12467 7 0
0 0 13.6024 0 38.8366 a b 3.11921 7 0
0 0 13.6073 0 38.8141 a b 3.11528 7 0
0 0 13.6064 0 38.792 a b 3.11857 7 0
0 0 13.6057 0 38.7643 a b 3.12553 7 0
0 0 13.605 0 38.7325 a b 3.13232 7 0
0 0 13.6089 0 38.702 a b 3.13651 7 0
0 0 13.6101 0 38.6673 a b 3.13819 7 0
0 0 13.6116 0 38.6348 a b 3.13851 7 0
0 0 13.6166 0 38.5994 a b 3.14041 7 0
0 0 13.6245 0 38.5648 a b -3.13507 7 0
0 0 13.618 0 38.5372 a b -3.12875 7 0
0 0 13.6148 0 38.5093 a b -3.12544 7 0
0 0 13.6132 0 38.4832 a b -3.12291 7 0
0 0 13.6129 0 38.4544 a b -3.11649 7 0
0 0 13.6125 0 38.4336 a b -3.11084 7 0
0 0 13.6111 0 38.4077 a b -3.10791 7 0
0 0 13.611 0 38.3833 a b -3.10575 7 0
0 0 13.6097 0 38.3572 a b -3.1029 7 0
0 0 13.6098 0 38.335 a b -3.10166 7 0
0 0 13.6103 0 38.3077 a b -3.10024 7 0
0 0 13.6083 0 38.2786 a b -3.09649 7 0
0 0 13.6081 0 38.2473 a b -3.09502 7 0
0 0 13.6087 0 38.2158 a b -3.09312 7 0
0 0 13.6068 0 38.1858 a b -3.08983 7 0
0 0 13.6066 0 38.151 a b -3.08892 7 0
0 0 13.6109 0 38.1155 a b -3.08665 7 0
0 0 13.6082 0 38.0846 a b -3.08512 7 0
0 0 13.6094 0 38.0506 a b -3.08267 7 0
0 0 13.6059 0 38.0164 a b -3.08028 7 0
0 0 13.6038 0 37.9823 a b -3.07948 7 0
0 0 13.6069 0 37.9545 a b -3.0808 7 0
0 0 13.5987 0 37.9264 a b -3.0774 7 0
0 0 13.5966 0 37.9081 a b -3.07165 7 0
0 0 13.5969 0 37.8814 a b -3.0666 7 0
0 0 13.596 0 37.8479 a b -3.06597 7 0
0 0 13.5955 0 37.8289 a b -3.06903 7 0
0 0 13.5988 0 37.8066 a b -3.07327 7 0
0 0 13.6011 0 37.7782 a b -3.07285 7 0
0 0 13.6033 0 37.7565 a b -3.07005 7 0
0 0 13.6002 0 37.7284 a b -3.06732 7 0
0 0 13.596 0 37.7009 a b -3.06748 7 0
0 0 13.5976 0 37.6731 a b -3.06917 7 0
0 0 13.5992 0 37.6395 a b -3.06761 7 0
0 0 13.5979 0 37.6099 a b -3.06696 7 0
0 0 13.5968 0 37.5752 a b -3.06608 7 0
0 0 13.5947 0 37.5419 a b -3.06588 7 0
0 0 13.5846 0 37.5082 a b -3.07104 7 0
0 0 13.5817 0 37.4772 a b -3.07609 7 0
0 0 13.5797 0 37.4463 a b -3.07325 7 0
0 0 13.5811 0 37.4174 a b -3.06354 7 0
0 0 13.5743 0 37.3918 a b -3.05901 7 0
0 0 13.5708 0 37.3686 a b -3.06421 7 0
0 0 13.5705 0 37.3449 a b -3.07218 7 0
0 0 13.5783 0 37.3173 a b -3.07503 7 0
0 0 13.5834 0 37.2935 a b -3.07158 7 0
0 0 13.5791 0 37.2662 a b -3.06413 7 0
0 0 13.5736 0 37.2468 a b -3.06409 7 0
0 0 13.5708 0 37.2198 a b -3.0651 7 0
0 0 13.5707 0 37.1888 a b -3.06891 7 0
0 0 13.5741 0 37.1581 a b -3.07137 7 0
0 0 13.5768 0 37.1257 a b -3.07014 7 0
0 0 13.5738 0 37.0899 a b -3.06763 7 0
0 0 13.5704 0 37.055 a b -3.06525 7 0
0 0 13.5639 0 37.0178 a b -3.07621 7 0
0 0 13.5632 0 36.9797 a b -3.07959 7 0
0 0 13.5634 0 36.9501 a b -3.07121 7 0
0 0 13.5595 0 36.923 a b -3.06736 7 0
0 0 13.5614 0 36.8867 a b -3.06756 7 0
0 0 13.5661 0 36.8575 a b -3.07257 7 0
0 0 13.5644 0 36.8317 a b -3.07637 7 0
0 0 13.562 0 36.8093 a b -3.07591 7 0
0 0 13.5645 0 36.7704 a b -3.07148 7 0
0 0 13.5592 0 36.7468 a b -3.0723 7 0
0 0 13.5516 0 36.7174 a b -3.07611 7 0
0 0 13.5541 0 36.689 a b -3.07848 7 0
0 0 13.5542 0 36.6606 a b -3.07706 7 0
0 0 13.5553 0 36.6308 a b -3.07466 7 0
0 0 13.5587 0 36.5971 a b -3.07454 7 0
0 0 13.5588 0 36.5665 a b -3.07838 7 0
0 0 13.5533 0 36.5384 a b -3.08048 7 0
0 0 13.545 0 36.5065 a b -3.07986 7 0
0 0 13.5446 0 36.4693 a b -3.07351 7 0
0 0 13.5519 0 36.4471 a b -3.07348 7 0
0 0 13.5531 0 36.4297 a b -3.07657 7 0
0 0 13.5546 0 36.4056 a b -3.08055 7 0
0 0 13.5587 0 36.381 a b -3.08525 7 0
0 0 13.5546 0 36.357 a b -3.0837 7 0
0 0 13.5497 0 36.3325 a b -3.08179 7 0
0 0 13.5498 0 36.3073 a b -3.08238 7 0
0 0 13.5477 0 36.2748 a b -3.08495 7 0
0 0 13.5433 0 36.239 a b -3.08779 7 0
0 0 13.5447 0 36.2053 a b -3.08807 7 0
0 0 13.5457 0 36.1748 a b -3.08838 7 0
0 0 13.5477 0 36.141 a b -3.0887 7 0
0 0 13.5468 0 36.1062 a b -3.09131 7 0
0 0 13.5444 0 36.068 a b -3.09291 7 0
0 0 13.5409 0 36.0333 a b -3.09361 7 0
0 0 13.5383 0 35.9995 a b -3.08948 7 0
0 0 13.5411 0 35.9652 a b -3.08316 7 0
0 0 13.5453 0 35.941 a b -3.08632 7 0
0 0 13.547 0 35.9125 a b -3.09165 7 0
0 0 13.5434 0 35.9009 a b -3.0974 7 0
0 0 13.5405 0 35.8748 a b -3.09445 7 0
0 0 13.5443 0 35.8539 a b -3.09165 7 0
0 0 13.5442 0 35.8341 a b -3.09156 7 0
0 0 13.5496 0 35.8132 a b -3.09574 7 0
0 0 13.5446 0 35.7861 a b -3.09934 7 0
0 0 13.5423 0 35.7569 a b -3.09855 7 0
0 0 13.5411 0 35.7267 a b -3.09785 7 0
0 0 13.5402 0 35.6894 a b -3.09992 7 0
0 0 13.5425 0 35.6549 a b -3.10026 7 0
0 0 13.5404 0 35.6197 a b -3.09823 7 0
0 0 13.5338 0 35.5882 a b -3.09802 7 0
0 0 13.5288 0 35.555 a b -3.10105 7 0
0 0 13.5229 0 35.5216 a b -3.10006 7 0
0 0 13.5275 0 35.4949 a b -3.09679 7 0
0 0 13.5309 0 35.4664 a b -3.09929 7 0
0 0 13.5343 0 35.4403 a b -3.10526 7 0
0 0 13.5333 0 35.4153 a b -3.10861 7 0
0 0 13.5351 0 35.3966 a b -3.10756 7 0
0 0 13.5313 0 35.3772 a b -3.10648 7 0
0 0 13.5307 0 35.354 a b -3.10653 7 0
0 0 13.5308 0 35.3344 a b -3.11046 7 0
0 0 13.5318 0 35.3089 a b -3.1131 7 0
0 0 13.532 0 35.2794 a b -3.1157 7 0
0 0 13.5324 0 35.2489 a b -3.11399 7 0
0 0 13.5325 0 35.22 a b -3.11473 7 0
0 0 13.5346 0 35.1919 a b -3.11749 7 0
0 0 13.5319 0 35.1535 a b -3.12089 7 0
0 0 13.5283 0 35.1268 a b -3.12172 7 0
0 0 13.5298 0 35.0778 a b -3.1222 7 0
0 0 13.5336 0 35.0357 a b -3.12442 7 0
0 0 13.541 0 35.0126 a b -3.12765 7 0
0 0 13.5405 0 34.9829 a b -3.13 7 0
0 0 13.5396 0 34.9508 a b -3.12984 7 0
0 0 13.5426 0 34.9285 a b -3.13047 7 0
0 0 13.5402 0 34.9082 a b -3.13041 7 0
0 0 13.5418 0 34.8837 a b -3.13002 7 0
0 0 13.5424 0 34.858 a b -3.13042 7 0
0 0 13.5438 0 34.8319 a b -3.13348 7 0
0 0 13.5408 0 34.807 a b -3.13367 7 0
0 0 13.5444 0 34.7737 a b -3.13503 7 0
0 0 13.5521 0 34.7519 a b -3.13662 7 0
0 0 13.5467 0 34.7095 a b -3.13712 7 0
0 0 13.5373 0 34.6743 a b -3.14107 7 0
0 0 13.5369 0 34.6435 a b 3.13982 7 0
0 0 13.5383 0 34.6123 a b 3.13925 7 0
0 0 13.5431 0 34.5905 a b 3.14054 7 0
0 0 13.5391 0 34.5645 a b 3.14073 7 0
0 0 13.5453 0 34.5287 a b 3.13923 7 0
0 0 13.5594 0 34.4855 a b 3.13772 7 0
0 0 13.5609 0 34.4442 a b 3.13434 7 0
0 0 13.5601 0 34.4207 a b 3.13508 7 0
0 0 13.558 0 34.3949 a b 3.13393 7 0
0 0 13.5622 0 34.372 a b 3.1323 7 0
0 0 13.5652 0 34.3518 a b 3.13143 7 0
0 0 13.5632 0 34.3282 a b 3.13208 7 0
0 0 13.564 0 34.3049 a b 3.13218 7 0
0 0 13.5662 0 34.2812 a b 3.13101 7 0
0 0 13.566 0 34.2539 a b 3.1278 7 0
0 0 13.5741 0 34.2304 a b 3.12816 7 0
0 0 13.573 0 34.2018 a b 3.12801 7 0
0 0 13.5704 0 34.1632 a b 3.12386 7 0
0 0 13.5667 0 34.1319 a b 3.12023 7 0
0 0 13.5739 0 34.089 a b 3.11993 7 0
0 0 13.5776 0 34.0587 a b 3.1217 7 0
0 0 13.5834 0 34.0256 a b 3.12286 7 0
0 0 13.5858 0 34.0027 a b 3.12603 7 0
0 0 13.5867 0 33.9606 a b 3.12808 7 0
0 0 13.5855 0 33.9321 a b 3.12725 7 0
0 0 13.5843 0 33.9087 a b 3.1252 7 0
0 0 13.5891 0 33.8893 a b 3.12692 7 0
0 0 13.5895 0 33.8603 a b 3.12968 7 0
0 0 13.591 0 33.8424 a b 3.13217 7 0
0 0 13.5883 0 33.8271 a b 3.13407 7 0
0 0 13.5849 0 33.8102 a b 3.13443 7 0
0 0 13.582 0 33.7841 a b 3.13893 7 0
0 0 13.5799 0 33.7636 a b 3.13925 7 0
0 0 13.5801 0 33.7361 a b 3.14107 7 0
0 0 13.5825 0 33.7013 a b -3.13801 7 0
0 0 13.5859 0 33.6707 a b -3.13469 7 0
0 0 13.5873 0 33.6415 a b -3.13298 7 0
0 0 13.5844 0 33.6051 a b -3.1314 7 0
0 0 13.5867 0 33.5619 a b -3.12785 7 0
0 0 13.5903 0 33.5193 a b -3.12605 7 0
0 0 13.5995 0 33.4605 a b -3.12274 7 0
0 0 13.6061 0 33.4261 a b -3.11822 7 0
0 0 13.6075 0 33.3941 a b -3.11579 7 0
0 0 13.6078 0 33.368 a b -3.11505 7 0
0 0 13.6076 0 33.3444 a b -3.11398 7 0
0 0 13.6071 0 33.32 a b -3.11527 7 0
0 0 13.6029 0 33.295 a b -3.11614 7 0
0 0 13.5997 0 33.2683 a b -3.11336 7 0
0 0 13.6027 0 33.2462 a b -3.11279 7 0
0 0 13.6037 0 33.2187 a b -3.11138 7 0
0 0 13.5996 0 33.1923 a b -3.1111 7 0
0 0 13.6063 0 33.1662 a b -3.10841 7 0
0 0 13.6076 0 33.1324 a b -3.1063 7 0
0 0 13.6027 0 33.1024 a b -3.10666 7 0
0 0 13.5999 0 33.0605 a b -3.10481 7 0
0 0 13.5978 0 33.0258 a b -3.1033 7 0
0 0 13.5968 0 32.9947 a b -3.10315 7 0
0 0 13.6006 0 32.97 a b -3.1006 7 0
0 0 13.6027 0 32.9418 a b -3.09986 7 0
0 0 13.5985 0 32.9137 a b -3.10109 7 0
0 0 13.5966 0 32.8824 a b -3.10212 7 0
0 0 13.5982 0 32.8548 a b -3.09991 7 0
0 0 13.5954 0 32.831 a b -3.0984 7 0
0 0 13.5951 0 32.8097 a b -3.09664 7 0
0 0 13.6009 0 32.7937 a b -3.09492 7 0
0 0 13.6038 0 32.7712 a b -3.09238 7 0
0 0 13.6047 0 32.7404 a b -3.09153 7 0
0 0 13.5999 0 32.7089 a b -3.0922 7 0
0 0 13.5988 0 32.6802 a b -3.08904 7 0
0 0 13.6005 0 32.6524 a b -3.08823 7 0
0 0 13.5926 0 32.6146 a b -3.08909 7 0
0 0 13.5917 0 32.585 a b -3.08772 7 0
0 0 13.5955 0 32.5407 a b -3.08861 7 0
0 0 13.5923 0 32.5006 a b -3.09079 7 0
0 0 13.5917 0 32.4694 a b -3.08592 7 0
0 0 13.5931 0 32.4465 a b -3.08423 7 0
0 0 13.5918 0 32.418 a b -3.08598 7 0
0 0 13.5893 0 32.3941 a b -3.08871 7 0
0 0 13.5935 0 32.3648 a b -3.08792 7 0
0 0 13.5947 0 32.3396 a b -3.08512 7 0
0 0 13.5937 0 32.3143 a b -3.08508 7 0
0 0 13.5913 0 32.2904 a b -3.087 7 0
0 0 13.589 0 32.2649 a b -3.08878 7 0
0 0 13.5831 0 32.2304 a b -3.08809 7 0
0 0 13.5848 0 32.1957 a b -3.08622 7 0
0 0 13.5859 0 32.1663 a b -3.08694 7 0
0 0 13.5858 0 32.125 a b -3.08782 7 0
0 0 13.5843 0 32.0971 a b -3.08784 7 0
0 0 13.578 0 32.0664 a b -3.09055 7 0
0 0 13.5762 0 32.0347 a b -3.08996 7 0
0 0 13.5764 0 32.0061 a b -3.08754 7 0
0 0 13.5764 0 31.9893 a b -3.08307 7 0
0 0 13.5817 0 31.9781 a b -3.08292 7 0
0 0 13.5876 0 31.9607 a b -3.08816 7 0
0 0 13.5846 0 31.9365 a b -3.0889 7 0
0 0 13.584 0 31.9146 a b -3.08315 7 0
0 0 13.5842 0 31.8944 a b -3.08526 7 0
0 0 13.5847 0 31.8684 a b -3.089 7 0
0 0 13.586 0 31.8377 a b -3.09005 7 0
0 0 13.5844 0 31.8033 a b -3.08682 7 0
0 0 13.5798 0 31.7713 a b -3.08852 7 0
0 0 13.5754 0 31.7377 a b -3.08931 7 0
0 0 13.5808 0 31.7003 a b -3.08838 7 0
0 0 13.5772 0 31.6634 a b -3.08848 7 0
0 0 13.5738 0 31.6212 a b -3.09074 7 0
0 0 13.5738 0 31.5819 a b -3.09201 7 0
0 0 13.5737 0 31.548 a b -3.09502 7 0
0 0 13.5711 0 31.5127 a b -3.10039 7 0
0 0 13.5706 0 31.4832 a b -3.09322 7 0
0 0 13.5734 0 31.4632 a b -3.08268 7 0
0 0 13.5723 0 31.4448 a b -3.08364 7 0
0 0 13.5689 0 31.4282 a b -3.09431 7 0
0 0 13.575 0 31.4049 a b -3.10178 7 0
0 0 13.5782 0 31.3822 a b -3.09622 7 0
0 0 13.5733 0 31.3575 a b -3.09187 7 0
0 0 13.5694 0 31.3299 a b -3.09555 7 0
0 0 13.5699 0 31.2982 a b -3.09881 7 0
0 0 13.57 0 31.2659 a b -3.09722 7 0
0 0 13.5677 0 31.2324 a b -3.09735 7 0
0 0 13.5671 0 31.1987 a b -3.09587 7 0
0 0 13.5644 0 31.1681 a b -3.09581 7 0
0 0 13.5655 0 31.1344 a b -3.09523 7 0
0 0 13.5656 0 31.1036 a b -3.09791 7 0
0 0 13.5651 0 31.0669 a b -3.10185 7 0
0 0 13.5619 0 31.0306 a b -3.10632 7 0
0 0 13.5611 0 30.9983 a b -3.10942 7 0
0 0 13.5566 0 30.9703 a b -3.10573 7 0
0 0 13.5498 0 30.9431 a b -3.10116 7 0
0 0 13.5447 0 30.9199 a b -3.10115 7 0
0 0 13.544 0 30.8985 a b -3.10724 7 0
0 0 13.548 0 30.8742 a b -3.11212 7 0
0 0 13.5545 0 30.8528 a b -3.11258 7 0
0 0 13.5609 0 30.8305 a b -3.10862 7 0
0 0 13.5531 0 30.8047 a b -3.10742 7 0
0 0 13.549 0 30.7734 a b -3.1108 7 0
0 0 13.5487 0 30.7471 a b -3.1158 7 0
0 0 13.5524 0 30.7105 a b -3.11737 7 0
0 0 13.5565 0 30.6757 a b -3.11829 7 0
0 0 13.5551 0 30.6409 a b -3.1185 7 0
0 0 13.5523 0 30.6061 a b -3.12129 7 0
0 0 13.5501 0 30.571 a b -3.127 7 0
0 0 13.5504 0 30.5383 a b -3.12922 7 0
0 0 13.5448 0 30.5043 a b -3.13005 7 0
0 0 13.5423 0 30.4674 a b -3.13285 7 0
0 0 13.5403 0 30.439 a b -3.13358 7 0
0 0 13.5403 0 30.4173 a b -3.13552 7 0
0 0 13.5485 0 30.3923 a b -3.13517 7 0
0 0 13.5482 0 30.3722 a b -3.13396 7 0
0 0 13.549 0 30.3505 a b -3.13473 7 0
0 0 13.5536 0 30.3279 a b -3.1368 7 0
0 0 13.5568 0 30.3023 a b -3.14052 7 0
0 0 13.5594 0 30.2792 a b 3.14049 7 0
0 0 13.5558 0 30.2536 a b -3.14095 7 0
0 0 13.5534 0 30.2255 a b -3.14123 7 0
0 0 13.5509 0 30.192 a b 3.13906 7 0
0 0 13.5559 0 30.1615 a b 3.13852 7 0
0 0 13.5624 0 30.1305 a b 3.13774 7 0
0 0 13.5653 0 30.097 a b 3.13414 7 0
0 0 13.5657 0 30.061 a b 3.13223 7 0
0 0 13.5622 0 30.0263 a b 3.13126 7 0
0 0 13.558 0 29.9891 a b 3.12901 7 0
0 0 13.5557 0 29.9583 a b 3.12453 7 0
0 0 13.5551 0 29.9264 a b 3.12235 7 0
0 0 13.5546 0 29.9104 a b 3.12455 7 0
0 0 13.5588 0 29.8936 a b 3.12965 7 0
0 0 13.5672 0 29.8744 a b 3.12828 7 0
0 0 13.5607 0 29.865 a b 3.12522 7 0
0 0 13.5682 0 29.8755 a b 3.12806 7 0
0 0 13.5707 0 29.8607 a b 3.10973 7 0
0 0 13.5664 0 29.8409 a b 3.11369 7 0
0 0 13.5703 0 29.821 a b 3.1134 7 0
0 0 13.5675 0 29.7938 a b 3.10946 7 0
0 0 13.57 0 29.757 a b 3.10838 7 0
0 0 13.5751 0 29.7123 a b 3.11189 7 0
0 0 13.581 0 29.666 a b 3.11185 7 0
0 0 13.588 0 29.6197 a b 3.10819 7 0
0 0 13.5853 0 29.5687 a b 3.10811 7 0
0 0 13.5794 0 29.5163 a b 3.11061 7 0
0 0 13.5808 0 29.4708 a b 3.10465 7 0
0 0 13.585 0 29.4294 a b 3.10389 7 0
0 0 13.5863 0 29.3893 a b 3.10216 7 0
0 0 13.5923 0 29.3504 a b 3.1031 7 0
0 0 13.5975 0 29.3223 a b 3.1037 7 0
0 0 13.5959 0 29.2931 a b 3.10541 7 0
0 0 13.5934 0 29.271 a b 3.1091 7 0
0 0 13.5904 0 29.2528 a b 3.11591 7 0
0 0 13.5903 0 29.236 a b 3.12132 7 0
0 0 13.5919 0 29.2261 a b 3.12472 7 0
0 0 13.5917 0 29.2115 a b 3.1276 7 0
0 0 13.5938 0 29.1913 a b 3.12878 7 0
0 0 13.5943 0 29.1702 a b 3.12748 7 0
0 0 13.5897 0 29.1428 a b 3.12968 7 0
0 0 13.5922 0 29.1137 a b 3.13423 7 0
0 0 13.5948 0 29.0792 a b 3.13923 7 0
0 0 13.5961 0 29.052 a b 3.13992 7 0
0 0 13.5965 0 29.0133 a b 3.14027 7 0
0 0 13.5979 0 28.9718 a b -3.13952 7 0
0 0 13.5985 0 28.9464 a b -3.13623 7 0
0 0 13.6032 0 28.9185 a b -3.13397 7 0
0 0 13.6054 0 28.8917 a b -3.12912 7 0
0 0 13.6028 0 28.8696 a b -3.1279 7 0
0 0 13.6091 0 28.8277 a b -3.13068 7 0
0 0 13.6001 0 28.771 a b -3.13556 7 0
0 0 13.6059 0 28.6996 a b -3.13462 7 0
0 0 13.6094 0 28.6312 a b -3.13388 7 0
0 0 13.6093 0 28.5851 a b -3.13031 7 0
0 0 13.6104 0 28.5396 a b -3.12527 7 0
0 0 13.6161 0 28.498 a b -3.12109 7 0
0 0 13.6189 0 28.4642 a b -3.12571 7 0
0 0 13.6169 0 28.4385 a b -3.1301 7 0
0 0 13.6211 0 28.424 a b -3.13154 7 0
0 0 13.6227 0 28.4134 a b -3.12979 7 0
0 0 13.6234 0 28.4016 a b -3.131 7 0
0 0 13.623 0 28.3892 a b 3.14149 7 0
0 0 13.6271 0 28.3732 a b 3.13719 7 0
0 0 13.6334 0 28.3568 a b 3.14078 7 0
0 0 13.6325 0 28.3279 a b -3.13579 7 0
0 0 13.6332 0 28.2906 a b -3.13262 7 0
0 0 13.6267 0 28.2628 a b -3.13304 7 0
0 0 13.6136 0 28.225 a b -3.13442 7 0
0 0 13.6213 0 28.1852 a b -3.13397 7 0
0 0 13.6363 0 28.1282 a b -3.13667 7 0
0 0 13.6428 0 28.0754 a b -3.13497 7 0
0 0 13.6426 0 28.0459 a b -3.12957 7 0
0 0 13.6404 0 28.0252 a b -3.13036 7 0
0 0 13.6433 0 28.0008 a b -3.13268 7 0
0 0 13.6458 0 27.9817 a b -3.13161 7 0
0 0 13.6478 0 27.9716 a b -3.1285 7 0
0 0 13.6426 0 27.961 a b -3.12707 7 0
0 0 13.6412 0 27.9478 a b 3.14149 7 0
0 0 13.6391 0 27.9266 a b -3.14108 7 0
0 0 13.6425 0 27.9089 a b -3.13833 7 0
0 0 13.6428 0 27.8878 a b -3.14064 7 0
0 0 13.6434 0 27.8639 a b 3.13962 7 0
0 0 13.646 0 27.8302 a b 3.13954 7 0
0 0 13.6508 0 27.7907 a b 3.13959 7 0
0 0 13.6518 0 27.7493 a b 3.13801 7 0
0 0 13.6531 0 27.7118 a b 3.13481 7 0
0 0 13.6578 0 27.6719 a b 3.13601 7 0
0 0 13.6653 0 27.6349 a b 3.13733 7 0
0 0 13.6683 0 27.5978 a b 3.13729 7 0
0 0 13.6712 0 27.5634 a b 3.13447 7 0
0 0 13.6707 0 27.5337 a b 3.13451 7 0
0 0 13.6732 0 27.5041 a b 3.13594 7 0
0 0 13.6756 0 27.4744 a b 3.13434 7 0
0 0 13.6762 0 27.4467 a b 3.13285 7 0
0 0 13.6758 0 27.4191 a b 3.13106 7 0
0 0 13.677 0 27.3975 a b 3.13084 7 0
0 0 13.6781 0 27.3735 a b 3.13128 7 0
0 0 13.6788 0 27.3486 a b 3.1297 7 0
0 0 13.68 0 27.322 a b 3.12794 7 0
0 0 13.6791 0 27.2937 a b 3.12514 7 0
0 0 13.6794 0 27.2665 a b 3.12562 7 0
0 0 13.68 0 27.2345 a b 3.12648 7 0
0 0 13.6844 0 27.2073 a b 3.12563 7 0
0 0 13.6872 0 27.1734 a b 3.12462 7 0
0 0 13.6882 0 27.1402 a b 3.1216 7 0
0 0 13.6839 0 27.1162 a b 3.12279 7 0
0 0 13.6895 0 27.0994 a b 3.12206 7 0
