0 0 19.327 0 61.6039 a b 3.04297 7 0
0 0 19.3267 0 61.5967 a b 3.07398 7 0
0 0 19.3325 0 61.5967 a b 3.0933 7 0
0 0 19.3245 0 61.5866 a b 3.0894 7 0
0 0 19.3266 0 61.6028 a b 3.08409 7 0
0 0 19.3339 0 61.5838 a b 3.08904 7 0
0 0 19.3374 0 61.5627 a b 3.09887 7 0
0 0 19.3283 0 61.5298 a b 3.10847 7 0
0 0 19.3228 0 61.4956 a b 3.10429 7 0
0 0 19.3233 0 61.4665 a b 3.09662 7 0
0 0 19.3285 0 61.4365 a b 3.09178 7 0
0 0 19.3379 0 61.4071 a b 3.09293 7 0
0 0 19.3414 0 61.3771 a b 3.10083 7 0
0 0 19.3425 0 61.3501 a b 3.10884 7 0
0 0 19.3387 0 61.3187 a b 3.10884 7 0
0 0 19.3386 0 61.2893 a b 3.10295 7 0
0 0 19.3403 0 61.2568 a b 3.09751 7 0
0 0 19.344 0 61.222 a b 3.09939 7 0
0 0 19.3477 0 61.1931 a b 3.10629 7 0
0 0 19.3461 0 61.1655 a b 3.11093 7 0
0 0 19.347 0 61.136 a b 3.11157 7 0
0 0 19.3512 0 61.1136 a b 3.1098 7 0
0 0 19.3562 0 61.0876 a b 3.10939 7 0
0 0 19.3561 0 61.0582 a b 3.10979 7 0
0 0 19.3558 0 61.0339 a b 3.11233 7 0
0 0 19.3546 0 61.0209 a b 3.11207 7 0
0 0 19.3557 0 60.9942 a b 3.11351 7 0
0 0 19.3529 0 60.9624 a b 3.11329 7 0
0 0 19.3579 0 60.9321 a b 3.11387 7 0
0 0 19.3595 0 60.907 a b 3.11522 7 0
0 0 19.3605 0 60.8774 a b 3.11548 7 0
0 0 19.3593 0 60.842 a b 3.11647 7 0
0 0 19.3572 0 60.8104 a b 3.1217 7 0
0 0 19.3569 0 60.7771 a b 3.12067 7 0
0 0 19.3582 0 60.7393 a b 3.12141 7 0
0 0 19.361 0 60.7067 a b 3.1239 7 0
0 0 19.3666 0 60.6798 a b 3.12745 7 0
0 0 19.3647 0 60.6504 a b 3.12751 7 0
0 0 19.3659 0 60.6189 a b 3.12805 7 0
0 0 19.3669 0 60.5913 a b 3.1314 7 0
0 0 19.3677 0 60.5744 a b 3.13714 7 0
0 0 19.3668 0 60.5585 a b 3.13665 7 0
0 0 19.3606 0 60.5327 a b -3.13988 7 0
0 0 19.3619 0 60.5198 a b 3.13952 7 0
0 0 19.3667 0 60.4876 a b -3.1383 7 0
0 0 19.3714 0 60.4655 a b -3.13502 7 0
0 0 19.3744 0 60.4406 a b -3.13326 7 0
0 0 19.3708 0 60.4191 a b -3.13473 7 0
0 0 19.3638 0 60.3844 a b -3.13108 7 0
0 0 19.3591 0 60.3518 a b -3.12181 7 0
0 0 19.3644 0 60.3217 a b -3.11447 7 0
0 0 19.3623 0 60.2809 a b -3.1091 7 0
0 0 19.3601 0 60.2374 a b -3.10479 7 0
0 0 19.3551 0 60.2015 a b -3.09962 7 0
0 0 19.3516 0 60.1642 a b -3.08647 7 0
0 0 19.3551 0 60.1302 a b -3.07649 7 0
0 0 19.3658 0 60.0981 a b -3.07411 7 0
0 0 19.3628 0 60.0731 a b -3.07992 7 0
0 0 19.3556 0 60.0414 a b -3.08043 7 0
0 0 19.3465 0 60.0141 a b -3.07292 7 0
0 0 19.3444 0 59.9841 a b -3.05991 7 0
0 0 19.3461 0 59.9564 a b -3.05521 7 0
0 0 19.3475 0 59.9311 a b -3.05571 7 0
0 0 19.3427 0 59.9052 a b -3.05128 7 0
0 0 19.3408 0 59.8736 a b -3.04289 7 0
0 0 19.3453 0 59.8389 a b -3.03874 7 0
0 0 19.346 0 59.8136 a b -3.04449 7 0
0 0 19.3394 0 59.7864 a b -3.04861 7 0
0 0 19.3348 0 59.7602 a b -3.04216 7 0
0 0 19.3305 0 59.7292 a b -3.03664 7 0
0 0 19.3289 0 59.7032 a b -3.03699 7 0
0 0 19.3286 0 59.6726 a b -3.03916 7 0
0 0 19.3266 0 59.6477 a b -3.03918 7 0
0 0 19.3296 0 59.6167 a b -3.03889 7 0
0 0 19.328 0 59.5906 a b -3.03903 7 0
0 0 19.3233 0 59.5599 a b -3.04153 7 0
0 0 19.3161 0 59.5256 a b -3.04116 7 0
0 0 19.3143 0 59.4958 a b -3.04061 7 0
0 0 19.3112 0 59.4627 a b -3.03969 7 0
0 0 19.3099 0 59.4248 a b -3.04045 7 0
0 0 19.3077 0 59.3872 a b -3.04187 7 0
0 0 19.3049 0 59.3489 a b -3.04567 7 0
0 0 19.3019 0 59.3199 a b -3.04793 7 0
0 0 19.2889 0 59.2856 a b -3.04345 7 0
0 0 19.2836 0 59.2465 a b -3.03588 7 0
0 0 19.284 0 59.2094 a b -3.04347 7 0
0 0 19.2809 0 59.1789 a b -3.05218 7 0
0 0 19.2764 0 59.1572 a b -3.05153 7 0
0 0 19.2764 0 59.1279 a b -3.04191 7 0
0 0 19.2712 0 59.0931 a b -3.03338 7 0
0 0 19.2689 0 59.0627 a b -3.04071 7 0
0 0 19.2671 0 59.0397 a b -3.05138 7 0
0 0 19.2619 0 59.0201 a b -3.04878 7 0
0 0 19.2579 0 58.994 a b -3.04133 7 0
0 0 19.259 0 58.9626 a b -3.03496 7 0
0 0 19.2552 0 58.928 a b -3.03979 7 0
0 0 19.2543 0 58.9102 a b -3.0478 7 0
0 0 19.2522 0 58.8893 a b -3.04519 7 0
0 0 19.2462 0 58.8602 a b -3.03626 7 0
0 0 19.24 0 58.8188 a b -3.03819 7 0
0 0 19.2437 0 58.7947 a b -3.04739 7 0
0 0 19.2467 0 58.7724 a b -3.04596 7 0
0 0 19.2429 0 58.7393 a b -3.04007 7 0
0 0 19.2352 0 58.7037 a b -3.04425 7 0
0 0 19.2325 0 58.6764 a b -3.04999 7 0
0 0 19.2286 0 58.6507 a b -3.04929 7 0
0 0 19.2272 0 58.6158 a b -3.04671 7 0
0 0 19.2204 0 58.5819 a b -3.04753 7 0
0 0 19.2192 0 58.5477 a b -3.05491 7 0
0 0 19.2166 0 58.5192 a b -3.05486 7 0
0 0 19.2131 0 58.485 a b -3.05468 7 0
0 0 19.2118 0 58.4495 a b -3.05932 7 0
0 0 19.2127 0 58.4211 a b -3.06366 7 0
0 0 19.2121 0 58.3945 a b -3.06309 7 0
0 0 19.2086 0 58.3702 a b -3.06534 7 0
0 0 19.2093 0 58.3512 a b -3.07003 7 0
0 0 19.2083 0 58.3249 a b -3.0777 7 0
0 0 19.2056 0 58.3006 a b -3.08204 7 0
0 0 19.2013 0 58.2789 a b -3.08943 7 0
0 0 19.1985 0 58.2528 a b -3.09865 7 0
0 0 19.1989 0 58.2295 a b -3.11146 7 0
0 0 19.2 0 58.2085 a b -3.11659 7 0
0 0 19.1967 0 58.184 a b -3.12092 7 0
0 0 19.1925 0 58.1526 a b -3.12558 7 0
0 0 19.193 0 58.1222 a b -3.13321 7 0
0 0 19.1907 0 58.0919 a b -3.14001 7 0
0 0 19.1894 0 58.0569 a b 3.13766 7 0
0 0 19.192 0 58.0254 a b 3.13501 7 0
0 0 19.1972 0 57.9906 a b 3.13457 7 0
0 0 19.2019 0 57.956 a b 3.1351 7 0
0 0 19.203 0 57.9263 a b 3.1338 7 0
0 0 19.2042 0 57.9004 a b 3.13324 7 0
0 0 19.2059 0 57.8738 a b 3.13218 7 0
0 0 19.2113 0 57.8531 a b 3.13695 7 0
0 0 19.2104 0 57.828 a b 3.13348 7 0
0 0 19.2107 0 57.7971 a b 3.13365 7 0
0 0 19.2129 0 57.7682 a b 3.13859 7 0
0 0 19.2151 0 57.7509 a b 3.13595 7 0
0 0 19.2131 0 57.7184 a b 3.13302 7 0
0 0 19.2136 0 57.6905 a b 3.14002 7 0
0 0 19.2177 0 57.6708 a b 3.14044 7 0
0 0 19.2164 0 57.6447 a b 3.13397 7 0
0 0 19.2132 0 57.6072 a b 3.13611 7 0
0 0 19.2078 0 57.5747 a b 3.13925 7 0
0 0 19.2089 0 57.5419 a b 3.13983 7 0
0 0 19.2131 0 57.5054 a b 3.13817 7 0
0 0 19.2146 0 57.469 a b 3.13758 7 0
0 0 19.2171 0 57.4415 a b 3.14033 7 0
0 0 19.2155 0 57.4132 a b 3.13734 7 0
0 0 19.2134 0 57.3799 a b 3.13604 7 0
0 0 19.2108 0 57.3502 a b 3.14111 7 0
0 0 19.2135 0 57.3299 a b 3.14136 7 0
0 0 19.2158 0 57.3003 a b 3.13694 7 0
0 0 19.2176 0 57.2689 a b 3.13706 7 0
0 0 19.2207 0 57.2399 a b 3.14127 7 0
0 0 19.2219 0 57.2141 a b 3.1378 7 0
0 0 19.2205 0 57.1884 a b 3.1278 7 0
0 0 19.2176 0 57.1572 a b 3.12649 7 0
0 0 19.2168 0 57.1242 a b 3.13357 7 0
0 0 19.2195 0 57.0832 a b 3.1399 7 0
0 0 19.2193 0 57.0434 a b -3.13994 7 0
0 0 19.2227 0 57.0047 a b 3.13931 7 0
0 0 19.22 0 56.9657 a b 3.1317 7 0
0 0 19.2068 0 56.9261 a b 3.13226 7 0
0 0 19.203 0 56.8894 a b -3.14018 7 0
0 0 19.2098 0 56.8552 a b -3.14023 7 0
0 0 19.2147 0 56.8216 a b 3.13614 7 0
0 0 19.2097 0 56.7896 a b -3.13979 7 0
0 0 19.2084 0 56.7679 a b -3.12814 7 0
0 0 19.212 0 56.7568 a b -3.13213 7 0
0 0 19.2086 0 56.7431 a b 3.13803 7 0
0 0 19.2043 0 56.7254 a b 3.1359 7 0
0 0 19.2064 0 56.6997 a b -3.12914 7 0
0 0 19.2203 0 56.6738 a b -3.11295 7 0
0 0 19.2225 0 56.6529 a b -3.14138 7 0
0 0 19.2104 0 56.622 a b 3.13649 7 0
0 0 19.2051 0 56.5832 a b -3.12872 7 0
0 0 19.21 0 56.5409 a b -3.12094 7 0
0 0 19.2094 0 56.5001 a b -3.12558 7 0
0 0 19.2085 0 56.4578 a b -3.13416 7 0
0 0 19.2085 0 56.4166 a b -3.13824 7 0
0 0 19.209 0 56.3736 a b -3.13613 7 0
0 0 19.2137 0 56.3302 a b -3.13327 7 0
0 0 19.2224 0 56.2939 a b -3.13929 7 0
0 0 19.2203 0 56.2678 a b -3.13837 7 0
0 0 19.2169 0 56.2427 a b -3.13166 7 0
0 0 19.2179 0 56.2253 a b -3.13635 7 0
0 0 19.219 0 56.207 a b -3.12013 7 0
0 0 19.2245 0 56.1833 a b -3.12359 7 0
0 0 19.225 0 56.1647 a b 3.14129 7 0
0 0 19.2179 0 56.1484 a b 3.13613 7 0
0 0 19.2162 0 56.1157 a b -3.1391 7 0
0 0 19.2172 0 56.0821 a b -3.13843 7 0
0 0 19.2187 0 56.0463 a b 3.13935 7 0
0 0 19.2185 0 56.0141 a b 3.13489 7 0
0 0 19.2197 0 55.9825 a b 3.13595 7 0
0 0 19.2201 0 55.9475 a b 3.13644 7 0
0 0 19.2236 0 55.9153 a b 3.13521 7 0
0 0 19.2264 0 55.8885 a b 3.13398 7 0
0 0 19.2271 0 55.8591 a b 3.13565 7 0
0 0 19.2283 0 55.8351 a b 3.1379 7 0
0 0 19.2283 0 55.8076 a b 3.139 7 0
0 0 19.2297 0 55.7882 a b 3.13993 7 0
0 0 19.2312 0 55.762 a b -3.13955 7 0
0 0 19.2327 0 55.7407 a b -3.1377 7 0
0 0 19.2362 0 55.7202 a b -3.13432 7 0
0 0 19.238 0 55.6911 a b -3.1344 7 0
0 0 19.2361 0 55.667 a b -3.13502 7 0
0 0 19.2376 0 55.6397 a b -3.13508 7 0
0 0 19.2313 0 55.6067 a b -3.13295 7 0
0 0 19.229 0 55.5727 a b -3.1307 7 0
0 0 19.2313 0 55.531 a b -3.12899 7 0
0 0 19.2317 0 55.4871 a b -3.12986 7 0
0 0 19.2352 0 55.4568 a b -3.13178 7 0
0 0 19.2362 0 55.4222 a b -3.12875 7 0
0 0 19.2315 0 55.3834 a b -3.1264 7 0
0 0 19.2293 0 55.3476 a b -3.12873 7 0
0 0 19.2322 0 55.3205 a b -3.13024 7 0
0 0 19.2327 0 55.297 a b -3.12213 7 0
0 0 19.2308 0 55.2679 a b -3.11763 7 0
0 0 19.2312 0 55.2434 a b -3.12316 7 0
0 0 19.2422 0 55.2159 a b -3.11989 7 0
0 0 19.2327 0 55.1943 a b -3.11515 7 0
0 0 19.2302 0 55.1785 a b -3.12377 7 0
0 0 19.2304 0 55.1604 a b -3.12792 7 0
0 0 19.2332 0 55.1316 a b -3.12291 7 0
0 0 19.2275 0 55.1037 a b -3.11842 7 0
0 0 19.2255 0 55.0675 a b -3.12085 7 0
0 0 19.2265 0 55.0175 a b -3.12555 7 0
0 0 19.2262 0 54.9814 a b -3.13163 7 0
0 0 19.2311 0 54.9433 a b -3.13397 7 0
0 0 19.2338 0 54.9095 a b -3.13537 7 0
0 0 19.2313 0 54.8757 a b -3.13665 7 0
0 0 19.2293 0 54.8421 a b 3.14141 7 0
0 0 19.2309 0 54.8135 a b 3.13843 7 0
0 0 19.2291 0 54.7833 a b 3.13268 7 0
0 0 19.2407 0 54.7564 a b 3.12374 7 0
0 0 19.2416 0 54.7295 a b 3.1211 7 0
0 0 19.2381 0 54.7081 a b 3.11449 7 0
0 0 19.2355 0 54.6835 a b 3.10353 7 0
0 0 19.2426 0 54.6622 a b 3.10372 7 0
0 0 19.236 0 54.6372 a b 3.10274 7 0
0 0 19.2344 0 54.61 a b 3.09617 7 0
0 0 19.2334 0 54.5781 a b 3.08941 7 0
0 0 19.2367 0 54.5555 a b 3.09107 7 0
0 0 19.2351 0 54.5273 a b 3.08183 7 0
0 0 19.2443 0 54.491 a b 3.07292 7 0
0 0 19.2512 0 54.4573 a b 3.07264 7 0
0 0 19.2513 0 54.4365 a b 3.07374 7 0
0 0 19.2539 0 54.4124 a b 3.06742 7 0
0 0 19.2577 0 54.3898 a b 3.05749 7 0
0 0 19.259 0 54.3598 a b 3.0523 7 0
0 0 19.2592 0 54.3319 a b 3.0522 7 0
0 0 19.2609 0 54.3076 a b 3.05377 7 0
0 0 19.2612 0 54.2826 a b 3.04918 7 0
0 0 19.2624 0 54.2472 a b 3.05045 7 0
0 0 19.266 0 54.2181 a b 3.05416 7 0
0 0 19.2708 0 54.2004 a b 3.05507 7 0
0 0 19.2776 0 54.1654 a b 3.04763 7 0
0 0 19.2831 0 54.1254 a b 3.04753 7 0
0 0 19.2863 0 54.097 a b 3.0545 7 0
0 0 19.2876 0 54.0794 a b 3.05574 7 0
0 0 19.2883 0 54.0548 a b 3.04677 7 0
0 0 19.2911 0 54.0118 a b 3.04328 7 0
0 0 19.2993 0 53.9801 a b 3.05239 7 0
0 0 19.3056 0 53.9558 a b 3.0598 7 0
0 0 19.3092 0 53.937 a b 3.05776 7 0
0 0 19.3126 0 53.9117 a b 3.05322 7 0
0 0 19.3144 0 53.8931 a b 3.04544 7 0
0 0 19.3072 0 53.8688 a b 3.04456 7 0
0 0 19.3054 0 53.844 a b 3.04922 7 0
0 0 19.2999 0 53.8128 a b 3.05584 7 0
0 0 19.3057 0 53.7808 a b 3.06488 7 0
0 0 19.3135 0 53.7559 a b 3.06198 7 0
0 0 19.3165 0 53.7176 a b 3.05608 7 0
0 0 19.3214 0 53.6739 a b 3.06093 7 0
0 0 19.3306 0 53.6373 a b 3.06736 7 0
0 0 19.3372 0 53.6061 a b 3.06965 7 0
0 0 19.3408 0 53.5722 a b 3.06719 7 0
0 0 19.3361 0 53.5437 a b 3.06193 7 0
0 0 19.3328 0 53.5108 a b 3.06482 7 0
0 0 19.3411 0 53.4806 a b 3.07441 7 0
0 0 19.3543 0 53.453 a b 3.07296 7 0
0 0 19.3569 0 53.423 a b 3.06591 7 0
0 0 19.3498 0 53.3988 a b 3.06536 7 0
0 0 19.3494 0 53.3677 a b 3.07593 7 0
0 0 19.3608 0 53.343 a b 3.07541 7 0
0 0 19.3585 0 53.3253 a b 3.06467 7 0
0 0 19.3465 0 53.3031 a b 3.07113 7 0
0 0 19.3597 0 53.2714 a b 3.08383 7 0
0 0 19.3744 0 53.2475 a b 3.0761 7 0
0 0 19.3694 0 53.224 a b 3.06806 7 0
0 0 19.3644 0 53.1973 a b 3.07297 7 0
0 0 19.3728 0 53.1671 a b 3.08236 7 0
0 0 19.3837 0 53.1358 a b 3.07898 7 0
0 0 19.386 0 53.106 a b 3.07152 7 0
0 0 19.3799 0 53.0763 a b 3.07098 7 0
0 0 19.3778 0 53.0462 a b 3.07495 7 0
0 0 19.3842 0 53.0057 a b 3.07905 7 0
0 0 19.3861 0 52.9734 a b 3.07838 7 0
0 0 19.3887 0 52.9395 a b 3.08133 7 0
0 0 19.3928 0 52.9005 a b 3.08449 7 0
0 0 19.3937 0 52.8678 a b 3.08615 7 0
0 0 19.3976 0 52.8338 a b 3.08752 7 0
0 0 19.4006 0 52.8075 a b 3.09058 7 0
0 0 19.4029 0 52.7816 a b 3.09338 7 0
0 0 19.4028 0 52.754 a b 3.09809 7 0
0 0 19.4056 0 52.7254 a b 3.0962 7 0
0 0 19.4082 0 52.7067 a b 3.09277 7 0
0 0 19.4082 0 52.6939 a b 3.0934 7 0
0 0 19.4056 0 52.6767 a b 3.10273 7 0
0 0 19.4089 0 52.6479 a b 3.1078 7 0
0 0 19.4103 0 52.6244 a b 3.10898 7 0
0 0 19.4119 0 52.5958 a b 3.11013 7 0
0 0 19.4124 0 52.5673 a b 3.11114 7 0
0 0 19.4127 0 52.5312 a b 3.1092 7 0
0 0 19.4142 0 52.4999 a b 3.10979 7 0
0 0 19.4171 0 52.4641 a b 3.11182 7 0
0 0 19.4203 0 52.4243 a b 3.11234 7 0
0 0 19.4201 0 52.3914 a b 3.11391 7 0
0 0 19.4191 0 52.3516 a b 3.11639 7 0
0 0 19.4263 0 52.315 a b 3.11478 7 0
0 0 19.428 0 52.2824 a b 3.11812 7 0
0 0 19.4311 0 52.2423 a b 3.11994 7 0
0 0 19.4311 0 52.2157 a b 3.11785 7 0
0 0 19.4294 0 52.1962 a b 3.11832 7 0
0 0 19.4262 0 52.1759 a b 3.12271 7 0
0 0 19.4238 0 52.1531 a b 3.12548 7 0
0 0 19.4207 0 52.1288 a b 3.12556 7 0
0 0 19.425 0 52.1137 a b 3.12495 7 0
0 0 19.4329 0 52.0988 a b 3.13121 7 0
0 0 19.4322 0 52.0725 a b 3.13594 7 0
0 0 19.4369 0 52.0481 a b 3.1404 7 0
0 0 19.4304 0 52.0177 a b -3.13634 7 0
0 0 19.4257 0 51.981 a b -3.13579 7 0
0 0 19.436 0 51.9421 a b -3.13686 7 0
0 0 19.4452 0 51.9079 a b -3.12212 7 0
0 0 19.4396 0 51.8706 a b -3.10908 7 0
0 0 19.4367 0 51.827 a b -3.11169 7 0
0 0 19.4443 0 51.7921 a b -3.11097 7 0
0 0 19.4473 0 51.7627 a b -3.10014 7 0
0 0 19.4362 0 51.7342 a b -3.08952 7 0
0 0 19.4346 0 51.709 a b -3.09112 7 0
0 0 19.4466 0 51.6871 a b -3.0882 7 0
0 0 19.447 0 51.6697 a b -3.07126 7 0
0 0 19.4262 0 51.6511 a b -3.06217 7 0
0 0 19.4254 0 51.6276 a b -3.07459 7 0
0 0 19.4378 0 51.6071 a b -3.07706 7 0
0 0 19.4368 0 51.5811 a b -3.07017 7 0
0 0 19.4272 0 51.5562 a b -3.06637 7 0
0 0 19.421 0 51.5275 a b -3.06977 7 0
0 0 19.4188 0 51.4986 a b -3.07368 7 0
0 0 19.4229 0 51.464 a b -3.07355 7 0
0 0 19.4212 0 51.4264 a b -3.07005 7 0
0 0 19.42 0 51.3894 a b -3.06834 7 0
0 0 19.4209 0 51.3529 a b -3.06997 7 0
0 0 19.4189 0 51.3245 a b -3.0717 7 0
0 0 19.4159 0 51.2954 a b -3.0797 7 0
0 0 19.4174 0 51.2566 a b -3.08431 7 0
0 0 19.4168 0 51.2255 a b -3.07843 7 0
0 0 19.4136 0 51.2016 a b -3.07704 7 0
0 0 19.4136 0 51.1809 a b -3.07814 7 0
0 0 19.4126 0 51.1553 a b -3.08188 7 0
0 0 19.4126 0 51.1297 a b -3.08407 7 0
0 0 19.4124 0 51.1064 a b -3.0823 7 0
0 0 19.4093 0 51.0794 a b -3.08732 7 0
0 0 19.4069 0 51.0441 a b -3.08969 7 0
0 0 19.4064 0 51.0124 a b -3.08942 7 0
0 0 19.4062 0 50.9862 a b -3.09207 7 0
0 0 19.408 0 50.9561 a b -3.09607 7 0
0 0 19.4043 0 50.923 a b -3.09915 7 0
0 0 19.4014 0 50.8939 a b -3.09821 7 0
0 0 19.3984 0 50.865 a b -3.10164 7 0
0 0 19.3974 0 50.839 a b -3.10519 7 0
0 0 19.3971 0 50.8109 a b -3.10825 7 0
0 0 19.3979 0 50.7885 a b -3.10924 7 0
0 0 19.3986 0 50.757 a b -3.11092 7 0
0 0 19.4021 0 50.7328 a b -3.11252 7 0
0 0 19.402 0 50.7026 a b -3.1202 7 0
0 0 19.3978 0 50.6683 a b -3.12725 7 0
0 0 19.3965 0 50.637 a b -3.12734 7 0
0 0 19.3989 0 50.6072 a b -3.1296 7 0
0 0 19.3993 0 50.5803 a b -3.13615 7 0
0 0 19.3994 0 50.5506 a b 3.14064 7 0
0 0 19.3969 0 50.5196 a b 3.13752 7 0
0 0 19.3953 0 50.4892 a b -3.14159 7 0
0 0 19.3983 0 50.4668 a b -3.1378 7 0
0 0 19.3965 0 50.4433 a b -3.1367 7 0
0 0 19.3929 0 50.4156 a b -3.13157 7 0
0 0 19.3992 0 50.3922 a b -3.1218 7 0
0 0 19.4069 0 50.378 a b -3.12801 7 0
0 0 19.3996 0 50.3527 a b -3.13467 7 0
0 0 19.3912 0 50.3241 a b -3.12823 7 0
0 0 19.3897 0 50.2947 a b -3.11704 7 0
0 0 19.3962 0 50.2648 a b -3.11098 7 0
0 0 19.3989 0 50.2302 a b -3.11108 7 0
0 0 19.3941 0 50.1992 a b -3.11245 7 0
0 0 19.3946 0 50.1638 a b -3.11005 7 0
0 0 19.3992 0 50.125 a b -3.1061 7 0
0 0 19.401 0 50.093 a b -3.10434 7 0
0 0 19.4016 0 50.0618 a b -3.10553 7 0
0 0 19.3977 0 50.0314 a b -3.104 7 0
0 0 19.3958 0 50.0068 a b -3.10338 7 0
0 0 19.3922 0 49.9746 a b -3.0989 7 0
0 0 19.3925 0 49.9517 a b -3.09837 7 0
0 0 19.3888 0 49.9251 a b -3.09198 7 0
0 0 19.399 0 49.9005 a b -3.0879 7 0
0 0 19.3979 0 49.8789 a b -3.08946 7 0
0 0 19.3941 0 49.8552 a b -3.08981 7 0
0 0 19.3882 0 49.8262 a b -3.08384 7 0
0 0 19.3935 0 49.7974 a b -3.08197 7 0
0 0 19.3847 0 49.7671 a b -3.07793 7 0
0 0 19.3851 0 49.7332 a b -3.07382 7 0
0 0 19.3887 0 49.6965 a b -3.07254 7 0
0 0 19.3879 0 49.6645 a b -3.07559 7 0
0 0 19.3799 0 49.6357 a b -3.07162 7 0
0 0 19.3817 0 49.5931 a b -3.06163 7 0
0 0 19.3827 0 49.5566 a b -3.0617 7 0
0 0 19.3822 0 49.5254 a b -3.06341 7 0
0 0 19.3777 0 49.4984 a b -3.06258 7 0
0 0 19.3785 0 49.4713 a b -3.06064 7 0
0 0 19.375 0 49.4458 a b -3.05778 7 0
0 0 19.3758 0 49.4192 a b -3.0562 7 0
0 0 19.3755 0 49.3966 a b -3.05625 7 0
0 0 19.3779 0 49.3769 a b -3.05537 7 0
0 0 19.3756 0 49.3535 a b -3.05016 7 0
0 0 19.3778 0 49.3194 a b -3.05331 7 0
0 0 19.3741 0 49.2965 a b -3.06043 7 0
0 0 19.3717 0 49.2754 a b -3.06175 7 0
0 0 19.3692 0 49.247 a b -3.05814 7 0
0 0 19.3656 0 49.2233 a b -3.05371 7 0
0 0 19.3629 0 49.1841 a b -3.05054 7 0
0 0 19.3628 0 49.1538 a b -3.05493 7 0
0 0 19.3628 0 49.1278 a b -3.05859 7 0
0 0 19.3606 0 49.0983 a b -3.05652 7 0
0 0 19.3584 0 49.0653 a b -3.05385 7 0
0 0 19.3543 0 49.0244 a b -3.05287 7 0
0 0 19.3531 0 48.9879 a b -3.05989 7 0
0 0 19.3549 0 48.9595 a b -3.06489 7 0
0 0 19.3526 0 48.9303 a b -3.06082 7 0
0 0 19.3476 0 48.8969 a b -3.05562 7 0
0 0 19.3437 0 48.8582 a b -3.05786 7 0
0 0 19.3393 0 48.8304 a b -3.06381 7 0
0 0 19.3357 0 48.8084 a b -3.06792 7 0
0 0 19.3379 0 48.7858 a b -3.0641 7 0
0 0 19.339 0 48.7605 a b -3.06237 7 0
0 0 19.3336 0 48.7341 a b -3.06278 7 0
0 0 19.3294 0 48.7075 a b -3.07156 7 0
0 0 19.3291 0 48.6892 a b -3.07695 7 0
0 0 19.3301 0 48.6662 a b -3.07725 7 0
0 0 19.3321 0 48.6414 a b -3.074 7 0
0 0 19.3298 0 48.6132 a b -3.0744 7 0
0 0 19.3297 0 48.5839 a b -3.07724 7 0
0 0 19.3306 0 48.5487 a b -3.08238 7 0
0 0 19.3255 0 48.5146 a b -3.08791 7 0
0 0 19.3263 0 48.4762 a b -3.09464 7 0
0 0 19.3298 0 48.4381 a b -3.09536 7 0
0 0 19.3276 0 48.4021 a b -3.09488 7 0
0 0 19.3216 0 48.3683 a b -3.09944 7 0
0 0 19.3205 0 48.3344 a b -3.10686 7 0
0 0 19.3221 0 48.3013 a b -3.11012 7 0
0 0 19.3244 0 48.2731 a b -3.10607 7 0
0 0 19.3241 0 48.2513 a b -3.1035 7 0
0 0 19.3241 0 48.2363 a b -3.10386 7 0
0 0 19.3226 0 48.2186 a b -3.10831 7 0
0 0 19.3215 0 48.2042 a b -3.11045 7 0
0 0 19.3168 0 48.1863 a b -3.10903 7 0
0 0 19.3175 0 48.1611 a b -3.10778 7 0
0 0 19.3198 0 48.1389 a b -3.10169 7 0
0 0 19.3169 0 48.1154 a b -3.0978 7 0
0 0 19.3182 0 48.0868 a b -3.09735 7 0
0 0 19.319 0 48.0488 a b -3.10344 7 0
0 0 19.3226 0 48.0103 a b -3.10693 7 0
0 0 19.3253 0 47.9726 a b -3.10327 7 0
0 0 19.3247 0 47.9359 a b -3.10411 7 0
0 0 19.3244 0 47.8964 a b -3.10945 7 0
0 0 19.3249 0 47.8581 a b -3.11058 7 0
0 0 19.3276 0 47.824 a b -3.10765 7 0
0 0 19.3288 0 47.798 a b -3.10793 7 0
0 0 19.3279 0 47.7715 a b -3.11271 7 0
0 0 19.325 0 47.7418 a b -3.11515 7 0
0 0 19.3258 0 47.7158 a b -3.109 7 0
0 0 19.3256 0 47.6948 a b -3.10805 7 0
0 0 19.3284 0 47.6697 a b -3.10758 7 0
0 0 19.327 0 47.6485 a b -3.1095 7 0
0 0 19.3263 0 47.6227 a b -3.10459 7 0
0 0 19.326 0 47.6052 a b -3.10097 7 0
0 0 19.3259 0 47.5835 a b -3.10305 7 0
0 0 19.3263 0 47.5515 a b -3.10994 7 0
0 0 19.3257 0 47.5149 a b -3.10641 7 0
0 0 19.3241 0 47.4925 a b -3.09988 7 0
0 0 19.3232 0 47.4649 a b -3.09921 7 0
0 0 19.3185 0 47.4341 a b -3.10505 7 0
0 0 19.3183 0 47.3985 a b -3.10215 7 0
0 0 19.3206 0 47.3654 a b -3.09625 7 0
0 0 19.3228 0 47.3402 a b -3.09768 7 0
0 0 19.3207 0 47.3069 a b -3.10398 7 0
0 0 19.3176 0 47.2698 a b -3.10293 7 0
0 0 19.3175 0 47.2405 a b -3.09753 7 0
0 0 19.3203 0 47.2098 a b -3.10138 7 0
0 0 19.3189 0 47.1738 a b -3.10744 7 0
0 0 19.3217 0 47.1363 a b -3.09946 7 0
0 0 19.3238 0 47.1102 a b -3.09734 7 0
0 0 19.3222 0 47.0794 a b -3.11045 7 0
0 0 19.3172 0 47.0446 a b -3.11651 7 0
0 0 19.3151 0 47.0105 a b -3.1069 7 0
0 0 19.3186 0 46.9853 a b -3.09856 7 0
0 0 19.3227 0 46.9623 a b -3.10413 7 0
0 0 19.3196 0 46.9392 a b -3.11395 7 0
0 0 19.3081 0 46.9111 a b -3.11395 7 0
0 0 19.3077 0 46.888 a b -3.10459 7 0
0 0 19.3122 0 46.8701 a b -3.10261 7 0
0 0 19.3153 0 46.8463 a b -3.10435 7 0
0 0 19.3148 0 46.8222 a b -3.11052 7 0
0 0 19.3096 0 46.7914 a b -3.11083 7 0
0 0 19.3136 0 46.7542 a b -3.10929 7 0
0 0 19.312 0 46.7176 a b -3.11304 7 0
0 0 19.3118 0 46.6818 a b -3.11132 7 0
0 0 19.3165 0 46.6472 a b -3.11122 7 0
0 0 19.3169 0 46.6131 a b -3.11377 7 0
0 0 19.3161 0 46.5775 a b -3.11593 7 0
0 0 19.3126 0 46.5446 a b -3.11561 7 0
0 0 19.3143 0 46.516 a b -3.11396 7 0
0 0 19.3155 0 46.4889 a b -3.1126 7 0
0 0 19.315 0 46.465 a b -3.11636 7 0
0 0 19.3119 0 46.4406 a b -3.11798 7 0
0 0 19.3098 0 46.4193 a b -3.11843 7 0
0 0 19.3077 0 46.403 a b -3.11881 7 0
0 0 19.3065 0 46.3839 a b -3.11603 7 0
0 0 19.3072 0 46.3632 a b -3.11412 7 0
0 0 19.3091 0 46.3418 a b -3.1158 7 0
0 0 19.3112 0 46.3223 a b -3.12075 7 0
0 0 19.311 0 46.2913 a b -3.12204 7 0
0 0 19.3084 0 46.2575 a b -3.12094 7 0
0 0 19.3109 0 46.2191 a b -3.12331 7 0
0 0 19.3125 0 46.1894 a b -3.12635 7 0
0 0 19.3103 0 46.1586 a b -3.12465 7 0
0 0 19.3129 0 46.1288 a b -3.12296 7 0
0 0 19.3112 0 46.1019 a b -3.12141 7 0
0 0 19.3123 0 46.0691 a b -3.11983 7 0
0 0 19.3127 0 46.0412 a b -3.11761 7 0
0 0 19.3133 0 46.0085 a b -3.11546 7 0
0 0 19.3116 0 45.9787 a b -3.11329 7 0
0 0 19.3098 0 45.9523 a b -3.10909 7 0
0 0 19.3106 0 45.9162 a b -3.10275 7 0
0 0 19.3114 0 45.8844 a b -3.10091 7 0
0 0 19.3105 0 45.8535 a b -3.0985 7 0
0 0 19.3104 0 45.826 a b -3.09378 7 0
0 0 19.3118 0 45.7928 a b -3.09062 7 0
0 0 19.3112 0 45.7644 a b -3.09039 7 0
0 0 19.3109 0 45.7434 a b -3.08854 7 0
0 0 19.3079 0 45.7106 a b -3.08025 7 0
0 0 19.3078 0 45.6755 a b -3.08236 7 0
0 0 19.3058 0 45.6564 a b -3.08593 7 0
0 0 19.3055 0 45.6393 a b -3.07723 7 0
0 0 19.3054 0 45.6048 a b -3.06945 7 0
0 0 19.3067 0 45.5724 a b -3.07113 7 0
0 0 19.3043 0 45.5466 a b -3.07937 7 0
0 0 19.2991 0 45.5238 a b -3.0784 7 0
0 0 19.2951 0 45.4935 a b -3.07257 7 0
0 0 19.2958 0 45.4635 a b -3.06342 7 0
0 0 19.2952 0 45.4294 a b -3.06209 7 0
0 0 19.2949 0 45.4052 a b -3.06231 7 0
0 0 19.2932 0 45.3711 a b -3.06213 7 0
0 0 19.2924 0 45.3395 a b -3.06194 7 0
0 0 19.2919 0 45.3049 a b -3.06507 7 0
0 0 19.2921 0 45.2739 a b -3.06308 7 0
0 0 19.2887 0 45.2437 a b -3.0604 7 0
0 0 19.2849 0 45.2101 a b -3.06227 7 0
0 0 19.2835 0 45.1803 a b -3.06814 7 0
0 0 19.2852 0 45.1488 a b -3.0685 7 0
0 0 19.2855 0 45.1201 a b -3.0657 7 0
0 0 19.2817 0 45.0912 a b -3.06518 7 0
0 0 19.2793 0 45.0665 a b -3.07255 7 0
0 0 19.2762 0 45.0449 a b -3.07555 7 0
0 0 19.2749 0 45.0196 a b -3.07569 7 0
0 0 19.2726 0 44.9931 a b -3.07616 7 0
0 0 19.272 0 44.9654 a b -3.07654 7 0
0 0 19.2711 0 44.942 a b -3.07724 7 0
0 0 19.2695 0 44.9185 a b -3.081 7 0
0 0 19.2667 0 44.8933 a b -3.08524 7 0
0 0 19.2673 0 44.8658 a b -3.09115 7 0
0 0 19.2681 0 44.837 a b -3.09785 7 0
0 0 19.267 0 44.8055 a b -3.1054 7 0
0 0 19.2661 0 44.7719 a b -3.10891 7 0
0 0 19.2665 0 44.7421 a b -3.1128 7 0
0 0 19.2629 0 44.7095 a b -3.11957 7 0
0 0 19.2621 0 44.6782 a b -3.1267 7 0
0 0 19.2672 0 44.6492 a b -3.13273 7 0
0 0 19.2698 0 44.6164 a b -3.14042 7 0
0 0 19.2693 0 44.5848 a b 3.13619 7 0
0 0 19.2699 0 44.5565 a b 3.13224 7 0
0 0 19.2667 0 44.5261 a b 3.12691 7 0
0 0 19.2688 0 44.5003 a b 3.12356 7 0
0 0 19.2731 0 44.4753 a b 3.11628 7 0
0 0 19.2703 0 44.4508 a b 3.11104 7 0
0 0 19.2682 0 44.4238 a b 3.11266 7 0
0 0 19.2672 0 44.406 a b 3.11362 7 0
0 0 19.2686 0 44.3802 a b 3.10791 7 0
0 0 19.273 0 44.3498 a b 3.10802 7 0
0 0 19.2745 0 44.3207 a b 3.11236 7 0
0 0 19.2782 0 44.2946 a b 3.11078 7 0
0 0 19.2806 0 44.2629 a b 3.10617 7 0
0 0 19.2776 0 44.2377 a b 3.10207 7 0
0 0 19.2812 0 44.2006 a b 3.1034 7 0
0 0 19.2857 0 44.1684 a b 3.10721 7 0
0 0 19.2891 0 44.1342 a b 3.11318 7 0
0 0 19.2901 0 44.1081 a b 3.1131 7 0
0 0 19.2926 0 44.0791 a b 3.11008 7 0
0 0 19.2933 0 44.0415 a b 3.10625 7 0
0 0 19.2932 0 44.0013 a b 3.11056 7 0
0 0 19.2977 0 43.974 a b 3.12226 7 0
0 0 19.3017 0 43.9559 a b 3.12279 7 0
0 0 19.3026 0 43.9314 a b 3.11481 7 0
0 0 19.3013 0 43.8962 a b 3.11114 7 0
0 0 19.3023 0 43.8643 a b 3.11739 7 0
0 0 19.3047 0 43.8366 a b 3.12596 7 0
0 0 19.3081 0 43.8144 a b 3.12615 7 0
0 0 19.3084 0 43.7841 a b 3.12179 7 0
0 0 19.31 0 43.7588 a b 3.11891 7 0
0 0 19.3098 0 43.7313 a b 3.12236 7 0
0 0 19.311 0 43.7083 a b 3.12708 7 0
0 0 19.3124 0 43.6816 a b 3.13105 7 0
0 0 19.3156 0 43.6568 a b 3.13189 7 0
0 0 19.3152 0 43.6299 a b 3.13292 7 0
0 0 19.3167 0 43.6035 a b 3.13153 7 0
0 0 19.3163 0 43.5748 a b 3.13342 7 0
0 0 19.3171 0 43.5473 a b 3.13528 7 0
0 0 19.3183 0 43.5179 a b 3.13964 7 0
0 0 19.3207 0 43.49 a b -3.14036 7 0
0 0 19.3245 0 43.4629 a b -3.14066 7 0
0 0 19.321 0 43.4336 a b -3.14108 7 0
0 0 19.3221 0 43.4053 a b -3.13859 7 0
0 0 19.3261 0 43.3727 a b -3.13568 7 0
0 0 19.3277 0 43.3457 a b -3.1366 7 0
0 0 19.3278 0 43.3139 a b -3.13683 7 0
0 0 19.3287 0 43.283 a b -3.13783 7 0
0 0 19.3284 0 43.2532 a b -3.13732 7 0
0 0 19.3259 0 43.2253 a b -3.13295 7 0
0 0 19.3303 0 43.1968 a b -3.13043 7 0
0 0 19.3311 0 43.1715 a b -3.13816 7 0
0 0 19.3314 0 43.1435 a b 3.14059 7 0
0 0 19.3308 0 43.112 a b -3.13305 7 0
0 0 19.332 0 43.0744 a b -3.126 7 0
0 0 19.3361 0 43.044 a b -3.13491 7 0
0 0 19.3339 0 43.0249 a b 3.14095 7 0
0 0 19.3331 0 42.9969 a b -3.13669 7 0
0 0 19.332 0 42.9672 a b -3.13102 7 0
0 0 19.3307 0 42.9381 a b -3.13047 7 0
0 0 19.3315 0 42.911 a b -3.13202 7 0
0 0 19.3353 0 42.8844 a b -3.13415 7 0
0 0 19.338 0 42.853 a b -3.13157 7 0
0 0 19.3394 0 42.824 a b -3.12699 7 0
0 0 19.3419 0 42.7869 a b -3.12384 7 0
0 0 19.3434 0 42.7523 a b -3.12287 7 0
0 0 19.3428 0 42.7112 a b -3.12625 7 0
0 0 19.3436 0 42.6864 a b -3.13192 7 0
0 0 19.3419 0 42.6666 a b -3.1274 7 0
0 0 19.3442 0 42.6343 a b -3.1192 7 0
0 0 19.3427 0 42.597 a b -3.11457 7 0
0 0 19.3463 0 42.5639 a b -3.12035 7 0
0 0 19.3475 0 42.5494 a b -3.12725 7 0
0 0 19.3441 0 42.5366 a b -3.12222 7 0
0 0 19.3453 0 42.5042 a b -3.1145 7 0
0 0 19.3477 0 42.4682 a b -3.11464 7 0
0 0 19.3481 0 42.4452 a b -3.11946 7 0
0 0 19.3441 0 42.4252 a b -3.12035 7 0
0 0 19.343 0 42.4 a b -3.11639 7 0
0 0 19.3438 0 42.37 a b -3.11149 7 0
0 0 19.3471 0 42.3328 a b -3.10918 7 0
0 0 19.3477 0 42.296 a b -3.11081 7 0
0 0 19.346 0 42.262 a b -3.11294 7 0
0 0 19.3441 0 42.228 a b -3.11413 7 0
0 0 19.3432 0 42.1967 a b -3.11345 7 0
0 0 19.3439 0 42.167 a b -3.1114 7 0
0 0 19.3456 0 42.1318 a b -3.11076 7 0
0 0 19.3452 0 42.1048 a b -3.11003 7 0
0 0 19.3422 0 42.0707 a b -3.10823 7 0
0 0 19.3447 0 42.0403 a b -3.10903 7 0
0 0 19.3446 0 42.0143 a b -3.10907 7 0
0 0 19.3433 0 41.9843 a b -3.10756 7 0
0 0 19.3419 0 41.9541 a b -3.10734 7 0
0 0 19.3399 0 41.9294 a b -3.10659 7 0
0 0 19.3362 0 41.8998 a b -3.10565 7 0
0 0 19.3352 0 41.8742 a b -3.10471 7 0
0 0 19.3348 0 41.8495 a b -3.10364 7 0
0 0 19.3357 0 41.8229 a b -3.10372 7 0
0 0 19.3362 0 41.7925 a b -3.10278 7 0
0 0 19.3346 0 41.7652 a b -3.09931 7 0
0 0 19.335 0 41.7335 a b -3.10052 7 0
0 0 19.3339 0 41.6995 a b -3.10236 7 0
0 0 19.3317 0 41.6655 a b -3.09931 7 0
0 0 19.3305 0 41.6389 a b -3.09955 7 0
0 0 19.3301 0 41.5995 a b -3.10107 7 0
0 0 19.3302 0 41.5652 a b -3.09917 7 0
0 0 19.329 0 41.5345 a b -3.0963 7 0
0 0 19.3306 0 41.5056 a b -3.09908 7 0
0 0 19.3304 0 41.4735 a b -3.10115 7 0
0 0 19.3336 0 41.4444 a b -3.09796 7 0
0 0 19.3353 0 41.4175 a b -3.09516 7 0
0 0 19.3361 0 41.3981 a b -3.09594 7 0
0 0 19.3346 0 41.3764 a b -3.10061 7 0
0 0 19.3322 0 41.3532 a b -3.10084 7 0
0 0 19.3296 0 41.326 a b -3.09566 7 0
0 0 19.3286 0 41.3023 a b -3.09006 7 0
0 0 19.3306 0 41.2768 a b -3.08912 7 0
0 0 19.3279 0 41.2497 a b -3.09052 7 0
0 0 19.3279 0 41.2179 a b -3.09261 7 0
0 0 19.327 0 41.1835 a b -3.09101 7 0
0 0 19.3271 0 41.153 a b -3.08752 7 0
0 0 19.3252 0 41.1229 a b -3.08446 7 0
0 0 19.3259 0 41.0908 a b -3.08524 7 0
0 0 19.3228 0 41.0585 a b -3.08749 7 0
0 0 19.324 0 41.0228 a b -3.08691 7 0
0 0 19.3249 0 40.99 a b -3.08267 7 0
0 0 19.3259 0 40.9623 a b -3.07776 7 0
0 0 19.3214 0 40.9355 a b -3.08299 7 0
0 0 19.321 0 40.905 a b -3.09474 7 0
0 0 19.3237 0 40.8647 a b -3.09506 7 0
0 0 19.3259 0 40.8375 a b -3.08315 7 0
0 0 19.3213 0 40.8207 a b -3.07691 7 0
0 0 19.3185 0 40.8019 a b -3.08564 7 0
0 0 19.318 0 40.7763 a b -3.09672 7 0
0 0 19.3168 0 40.7452 a b -3.09165 7 0
0 0 19.3157 0 40.7213 a b -3.08262 7 0
0 0 19.3167 0 40.6998 a b -3.07945 7 0
0 0 19.317 0 40.675 a b -3.08164 7 0
0 0 19.3129 0 40.643 a b -3.08514 7 0
0 0 19.3152 0 40.6145 a b -3.09018 7 0
0 0 19.3169 0 40.5818 a b -3.09201 7 0
0 0 19.3176 0 40.5485 a b -3.08827 7 0
0 0 19.3137 0 40.5155 a b -3.08388 7 0
0 0 19.3105 0 40.4774 a b -3.08451 7 0
0 0 19.3105 0 40.4445 a b -3.08947 7 0
0 0 19.3118 0 40.4094 a b -3.09463 7 0
0 0 19.3146 0 40.3787 a b -3.09363 7 0
0 0 19.3116 0 40.348 a b -3.09283 7 0
0 0 19.312 0 40.3217 a b -3.095 7 0
0 0 19.3094 0 40.3019 a b -3.09951 7 0
0 0 19.3072 0 40.2805 a b -3.10232 7 0
0 0 19.3106 0 40.2548 a b -3.09912 7 0
0 0 19.3125 0 40.2309 a b -3.09695 7 0
0 0 19.3117 0 40.2105 a b -3.10077 7 0
0 0 19.3085 0 40.1858 a b -3.10388 7 0
0 0 19.3065 0 40.1591 a b -3.10781 7 0
0 0 19.3081 0 40.1295 a b -3.11085 7 0
0 0 19.3092 0 40.1011 a b -3.11318 7 0
0 0 19.3113 0 40.0693 a b -3.11605 7 0
0 0 19.3122 0 40.037 a b -3.12091 7 0
0 0 19.3126 0 40.0076 a b -3.12632 7 0
0 0 19.3136 0 39.9821 a b -3.13191 7 0
0 0 19.3171 0 39.9527 a b -3.13847 7 0
0 0 19.3104 0 39.9178 a b 3.13949 7 0
0 0 19.3102 0 39.8836 a b 3.1408 7 0
0 0 19.3203 0 39.8537 a b 3.13951 7 0
0 0 19.3239 0 39.8294 a b 3.12973 7 0
0 0 19.3214 0 39.8007 a b 3.12019 7 0
0 0 19.3126 0 39.776 a b 3.11731 7 0
0 0 19.3101 0 39.7497 a b 3.12099 7 0
0 0 19.3173 0 39.7264 a b 3.12426 7 0
0 0 19.32 0 39.7027 a b 3.11919 7 0
0 0 19.3204 0 39.6765 a b 3.11533 7 0
0 0 19.3208 0 39.644 a b 3.11668 7 0
0 0 19.3255 0 39.6092 a b 3.1187 7 0
0 0 19.3279 0 39.5798 a b 3.11941 7 0
0 0 19.3336 0 39.5508 a b 3.11824 7 0
0 0 19.33 0 39.5286 a b 3.11369 7 0
0 0 19.3229 0 39.5083 a b 3.11652 7 0
0 0 19.3298 0 39.4798 a b 3.12313 7 0
0 0 19.3401 0 39.4448 a b 3.12529 7 0
0 0 19.3448 0 39.409 a b 3.11795 7 0
0 0 19.3383 0 39.3853 a b 3.11543 7 0
0 0 19.3384 0 39.3597 a b 3.11571 7 0
0 0 19.338 0 39.3342 a b 3.1188 7 0
0 0 19.3409 0 39.2994 a b 3.12518 7 0
0 0 19.3481 0 39.2595 a b 3.12483 7 0
0 0 19.353 0 39.2365 a b 3.12054 7 0
0 0 19.351 0 39.2118 a b 3.12197 7 0
0 0 19.353 0 39.1792 a b 3.12496 7 0
0 0 19.3571 0 39.1448 a b 3.12461 7 0
0 0 19.3564 0 39.1193 a b 3.12319 7 0
0 0 19.3618 0 39.0898 a b 3.1241 7 0
0 0 19.3617 0 39.0607 a b 3.12527 7 0
0 0 19.3666 0 39.0285 a b 3.12557 7 0
0 0 19.368 0 38.9973 a b 3.12461 7 0
0 0 19.3685 0 38.9767 a b 3.12532 7 0
0 0 19.3683 0 38.9464 a b 3.12784 7 0
0 0 19.3679 0 38.9189 a b 3.12841 7 0
0 0 19.3707 0 38.8879 a b 3.12655 7 0
0 0 19.3644 0 38.8655 a b 3.12942 7 0
0 0 19.3637 0 38.8337 a b 3.13103 7 0
0 0 19.366 0 38.8022 a b 3.13243 7 0
0 0 19.3674 0 38.767 a b 3.13337 7 0
0 0 19.37 0 38.737 a b 3.13592 7 0
0 0 19.3671 0 38.7077 a b 3.13952 7 0
0 0 19.3644 0 38.6708 a b 3.13894 7 0
0 0 19.3686 0 38.6395 a b 3.13545 7 0
0 0 19.3722 0 38.6055 a b 3.1388 7 0
0 0 19.3706 0 38.5739 a b -3.1399 7 0
0 0 19.3661 0 38.5452 a b -3.14093 7 0
0 0 19.3687 0 38.5158 a b 3.13841 7 0
0 0 19.3712 0 38.4875 a b 3.13973 7 0
0 0 19.3697 0 38.4624 a b -3.13862 7 0
0 0 19.3641 0 38.4371 a b -3.13304 7 0
0 0 19.3688 0 38.4126 a b -3.13416 7 0
0 0 19.3731 0 38.3834 a b -3.13614 7 0
0 0 19.3727 0 38.3534 a b -3.1355 7 0
0 0 19.3687 0 38.3259 a b -3.13922 7 0
0 0 19.3722 0 38.2969 a b 3.14116 7 0
0 0 19.3775 0 38.2626 a b -3.13627 7 0
0 0 19.3742 0 38.233 a b -3.12861 7 0
0 0 19.3678 0 38.2087 a b -3.12799 7 0
0 0 19.3705 0 38.177 a b -3.13745 7 0
0 0 19.3805 0 38.1385 a b -3.13888 7 0
0 0 19.3787 0 38.1119 a b -3.12761 7 0
0 0 19.3731 0 38.0915 a b -3.12031 7 0
0 0 19.3664 0 38.0698 a b -3.12726 7 0
0 0 19.3719 0 38.0323 a b -3.13684 7 0
0 0 19.3836 0 37.997 a b -3.13543 7 0
0 0 19.387 0 37.9679 a b -3.12444 7 0
0 0 19.3793 0 37.9466 a b -3.11985 7 0
0 0 19.3782 0 37.9187 a b -3.12859 7 0
0 0 19.3806 0 37.8845 a b -3.13738 7 0
0 0 19.3828 0 37.8492 a b -3.14104 7 0
0 0 19.3812 0 37.8214 a b -3.13579 7 0
0 0 19.3797 0 37.7954 a b -3.13305 7 0
0 0 19.38 0 37.7708 a b -3.13318 7 0
0 0 19.3834 0 37.7452 a b -3.13639 7 0
0 0 19.3868 0 37.7216 a b -3.13589 7 0
0 0 19.383 0 37.6959 a b -3.13483 7 0
0 0 19.381 0 37.6668 a b -3.13714 7 0
0 0 19.3853 0 37.6416 a b -3.13829 7 0
0 0 19.388 0 37.6167 a b -3.13466 7 0
0 0 19.3841 0 37.5938 a b -3.13517 7 0
0 0 19.3885 0 37.5663 a b -3.13809 7 0
0 0 19.3901 0 37.5359 a b -3.14117 7 0
0 0 19.3904 0 37.5009 a b 3.14149 7 0
0 0 19.3928 0 37.463 a b -3.14072 7 0
0 0 19.3891 0 37.4357 a b 3.14034 7 0
0 0 19.3921 0 37.4073 a b 3.13614 7 0
0 0 19.3943 0 37.3737 a b 3.13609 7 0
0 0 19.3873 0 37.3528 a b 3.13773 7 0
0 0 19.3879 0 37.3287 a b 3.13715 7 0
0 0 19.3862 0 37.2927 a b 3.13818 7 0
0 0 19.3871 0 37.2721 a b 3.13858 7 0
0 0 19.3857 0 37.2527 a b 3.13777 7 0
0 0 19.3861 0 37.2304 a b 3.13546 7 0
0 0 19.3881 0 37.1985 a b -3.14158 7 0
0 0 19.3912 0 37.1809 a b -3.13455 7 0
0 0 19.3887 0 37.1567 a b -3.13335 7 0
0 0 19.3898 0 37.128 a b -3.13454 7 0
0 0 19.3904 0 37.1022 a b -3.13373 7 0
0 0 19.3925 0 37.0738 a b -3.13163 7 0
0 0 19.3904 0 37.0394 a b -3.12786 7 0
0 0 19.3955 0 36.9932 a b -3.12363 7 0
0 0 19.3935 0 36.961 a b -3.12034 7 0
0 0 19.3898 0 36.9249 a b -3.12166 7 0
0 0 19.3923 0 36.8854 a b -3.12232 7 0
0 0 19.3951 0 36.8492 a b -3.11654 7 0
0 0 19.3984 0 36.8194 a b -3.11407 7 0
0 0 19.3966 0 36.7885 a b -3.11753 7 0
0 0 19.3926 0 36.7618 a b -3.11557 7 0
0 0 19.396 0 36.734 a b -3.10983 7 0
0 0 19.4017 0 36.7101 a b -3.10942 7 0
0 0 19.405 0 36.6898 a b -3.1123 7 0
0 0 19.3958 0 36.6701 a b -3.11146 7 0
0 0 19.3948 0 36.6502 a b -3.10693 7 0
0 0 19.3916 0 36.6196 a b -3.1054 7 0
0 0 19.3864 0 36.5873 a b -3.10085 7 0
0 0 19.3921 0 36.5569 a b -3.09461 7 0
0 0 19.3891 0 36.5271 a b -3.09344 7 0
0 0 19.3889 0 36.4928 a b -3.09131 7 0
0 0 19.3918 0 36.458 a b -3.08935 7 0
0 0 19.3933 0 36.4247 a b -3.08863 7 0
0 0 19.3931 0 36.3935 a b -3.09035 7 0
0 0 19.3884 0 36.3599 a b -3.09095 7 0
0 0 19.3842 0 36.3305 a b -3.08817 7 0
0 0 19.3851 0 36.3004 a b -3.08371 7 0
0 0 19.3833 0 36.2744 a b -3.08075 7 0
0 0 19.3925 0 36.2475 a b -3.08178 7 0
0 0 19.3909 0 36.2289 a b -3.08816 7 0
0 0 19.3845 0 36.205 a b -3.08867 7 0
0 0 19.3802 0 36.1812 a b -3.08059 7 0
0 0 19.3901 0 36.1543 a b -3.07264 7 0
0 0 19.3888 0 36.1338 a b -3.0718 7 0
0 0 19.3871 0 36.0955 a b -3.07955 7 0
0 0 19.3747 0 36.0758 a b -3.08095 7 0
0 0 19.3703 0 36.0637 a b -3.07329 7 0
0 0 19.386 0 36.0274 a b -3.06749 7 0
0 0 19.3966 0 35.9834 a b -3.06816 7 0
0 0 19.3945 0 35.955 a b -3.07338 7 0
0 0 19.3888 0 35.9238 a b -3.07719 7 0
0 0 19.3846 0 35.8976 a b -3.07862 7 0
0 0 19.3859 0 35.8672 a b -3.07934 7 0
0 0 19.3887 0 35.8401 a b -3.07653 7 0
0 0 19.3861 0 35.801 a b -3.07499 7 0
0 0 19.3849 0 35.7631 a b -3.07949 7 0
0 0 19.3826 0 35.7321 a b -3.08546 7 0
0 0 19.3743 0 35.7027 a b -3.08842 7 0
0 0 19.3731 0 35.6796 a b -3.08673 7 0
0 0 19.3727 0 35.6461 a b -3.08428 7 0
0 0 19.3751 0 35.6102 a b -3.08728 7 0
0 0 19.3699 0 35.5697 a b -3.09304 7 0
0 0 19.3724 0 35.5512 a b -3.1006 7 0
0 0 19.3741 0 35.5159 a b -3.09528 7 0
0 0 19.3736 0 35.4752 a b -3.10817 7 0
0 0 19.3781 0 35.4474 a b -3.12318 7 0
0 0 19.3724 0 35.4268 a b -3.12852 7 0
0 0 19.3698 0 35.3957 a b -3.13297 7 0
0 0 19.3634 0 35.366 a b 3.13975 7 0
0 0 19.3669 0 35.3328 a b 3.12675 7 0
0 0 19.3755 0 35.2985 a b 3.12391 7 0
0 0 19.3692 0 35.2724 a b 3.12728 7 0
0 0 19.364 0 35.2506 a b 3.12484 7 0
0 0 19.368 0 35.2158 a b 3.11834 7 0
0 0 19.3755 0 35.1786 a b 3.12497 7 0
0 0 19.3766 0 35.1574 a b 3.13379 7 0
0 0 19.376 0 35.1354 a b 3.13238 7 0
0 0 19.3814 0 35.1099 a b 3.12538 7 0
0 0 19.3863 0 35.0822 a b 3.12405 7 0
0 0 19.3934 0 35.0581 a b 3.12465 7 0
0 0 19.3911 0 35.0313 a b 3.1238 7 0
0 0 19.391 0 34.9976 a b 3.12185 7 0
0 0 19.387 0 34.9559 a b 3.12638 7 0
0 0 19.3833 0 34.9231 a b 3.12943 7 0
0 0 19.379 0 34.8963 a b 3.12396 7 0
0 0 19.3793 0 34.8641 a b 3.12093 7 0
0 0 19.3844 0 34.8362 a b 3.12312 7 0
0 0 19.3825 0 34.8097 a b 3.12543 7 0
0 0 19.3837 0 34.783 a b 3.12607 7 0
0 0 19.3834 0 34.7569 a b 3.12356 7 0
0 0 19.3897 0 34.7301 a b 3.12415 7 0
0 0 19.3906 0 34.7015 a b 3.12932 7 0
0 0 19.3941 0 34.6818 a b 3.13177 7 0
0 0 19.3919 0 34.6593 a b 3.13239 7 0
0 0 19.3913 0 34.6319 a b 3.12823 7 0
0 0 19.392 0 34.6066 a b 3.12899 7 0
0 0 19.3986 0 34.5817 a b 3.12776 7 0
0 0 19.3991 0 34.5658 a b 3.12656 7 0
0 0 19.4075 0 34.5505 a b 3.12992 7 0
0 0 19.4072 0 34.5079 a b 3.13147 7 0
0 0 19.4099 0 34.4664 a b 3.12978 7 0
0 0 19.4156 0 34.4239 a b 3.12359 7 0
0 0 19.4152 0 34.3836 a b 3.11907 7 0
0 0 19.4067 0 34.345 a b 3.12334 7 0
0 0 19.4122 0 34.3187 a b 3.13365 7 0
0 0 19.4156 0 34.2973 a b 3.1335 7 0
0 0 19.4137 0 34.266 a b 3.13033 7 0
0 0 19.413 0 34.2427 a b 3.12625 7 0
0 0 19.4118 0 34.2132 a b 3.13058 7 0
0 0 19.4098 0 34.1899 a b 3.13423 7 0
0 0 19.4124 0 34.1675 a b 3.13392 7 0
0 0 19.4161 0 34.1395 a b 3.13528 7 0
0 0 19.4122 0 34.114 a b 3.1367 7 0
0 0 19.4128 0 34.0924 a b 3.13842 7 0
0 0 19.4122 0 34.0633 a b 3.1367 7 0
0 0 19.4143 0 34.0284 a b 3.13976 7 0
0 0 19.4215 0 34.0002 a b -3.13757 7 0
0 0 19.4243 0 33.9744 a b -3.13859 7 0
0 0 19.4167 0 33.9377 a b 3.1392 7 0
0 0 19.4193 0 33.8917 a b 3.14069 7 0
0 0 19.4232 0 33.8654 a b 3.14147 7 0
0 0 19.4202 0 33.8239 a b -3.13753 7 0
0 0 19.4227 0 33.783 a b -3.13597 7 0
0 0 19.427 0 33.7633 a b -3.14087 7 0
0 0 19.4234 0 33.736 a b -3.14059 7 0
0 0 19.4269 0 33.7055 a b -3.13637 7 0
0 0 19.4301 0 33.6837 a b -3.13533 7 0
0 0 19.4256 0 33.653 a b -3.13147 7 0
0 0 19.4266 0 33.6369 a b -3.1288 7 0
0 0 19.424 0 33.6147 a b -3.12912 7 0
0 0 19.4237 0 33.5953 a b -3.13456 7 0
0 0 19.4293 0 33.5617 a b -3.13245 7 0
0 0 19.4273 0 33.5387 a b -3.12416 7 0
0 0 19.4267 0 33.5178 a b -3.11885 7 0
0 0 19.4273 0 33.4901 a b -3.11926 7 0
0 0 19.4276 0 33.457 a b -3.12737 7 0
0 0 19.4242 0 33.4219 a b -3.12966 7 0
0 0 19.4172 0 33.3808 a b -3.12315 7 0
0 0 19.4131 0 33.3482 a b -3.11593 7 0
0 0 19.4203 0 33.3171 a b -3.11317 7 0
0 0 19.4211 0 33.28 a b -3.11676 7 0
0 0 19.43 0 33.2453 a b -3.11886 7 0
0 0 19.4278 0 33.2155 a b -3.11561 7 0
0 0 19.4332 0 33.1922 a b -3.11506 7 0
0 0 19.4337 0 33.1711 a b -3.1176 7 0
0 0 19.4297 0 33.1507 a b -3.1224 7 0
0 0 19.4233 0 33.1256 a b -3.12077 7 0
0 0 19.4238 0 33.1026 a b -3.11272 7 0
0 0 19.429 0 33.0772 a b -3.10947 7 0
0 0 19.4334 0 33.0593 a b -3.10946 7 0
0 0 19.4341 0 33.0325 a b -3.11151 7 0
0 0 19.4328 0 33.0011 a b -3.11657 7 0
0 0 19.4258 0 32.9713 a b -3.11551 7 0
0 0 19.4225 0 32.9414 a b -3.11261 7 0
0 0 19.4161 0 32.9097 a b -3.10717 7 0
0 0 19.4158 0 32.8845 a b -3.10478 7 0
0 0 19.4193 0 32.845 a b -3.10849 7 0
0 0 19.4186 0 32.8049 a b -3.10893 7 0
0 0 19.4225 0 32.7746 a b -3.11107 7 0
0 0 19.4216 0 32.7377 a b -3.10663 7 0
0 0 19.4243 0 32.7099 a b -3.10646 7 0
0 0 19.4243 0 32.6828 a b -3.11126 7 0
0 0 19.4196 0 32.6577 a b -3.11328 7 0
0 0 19.4194 0 32.6309 a b -3.1091 7 0
0 0 19.4256 0 32.6052 a b -3.10698 7 0
0 0 19.4288 0 32.5823 a b -3.1071 7 0
0 0 19.4302 0 32.5556 a b -3.10937 7 0
0 0 19.4273 0 32.5257 a b -3.10975 7 0
0 0 19.4262 0 32.5025 a b -3.11391 7 0
0 0 19.4219 0 32.4873 a b -3.11514 7 0
0 0 19.4204 0 32.4548 a b -3.11123 7 0
0 0 19.4244 0 32.4187 a b -3.10565 7 0
0 0 19.4248 0 32.3939 a b -3.11311 7 0
0 0 19.4277 0 32.3581 a b -3.124 7 0
0 0 19.4276 0 32.3416 a b -3.12246 7 0
0 0 19.4145 0 32.3045 a b -3.11436 7 0
0 0 19.4172 0 32.2638 a b -3.10993 7 0
0 0 19.4193 0 32.2225 a b -3.10857 7 0
0 0 19.4248 0 32.1856 a b -3.1159 7 0
0 0 19.425 0 32.1607 a b -3.11787 7 0
0 0 19.4252 0 32.135 a b -3.11304 7 0
0 0 19.4195 0 32.0966 a b -3.10843 7 0
0 0 19.4215 0 32.0687 a b -3.11531 7 0
0 0 19.4255 0 32.0529 a b -3.11835 7 0
0 0 19.4299 0 32.031 a b -3.11424 7 0
0 0 19.4148 0 32.0037 a b -3.10845 7 0
0 0 19.4216 0 31.9818 a b -3.11258 7 0
0 0 19.4225 0 31.9637 a b -3.11728 7 0
0 0 19.4245 0 31.9367 a b -3.11249 7 0
0 0 19.4185 0 31.912 a b -3.10869 7 0
0 0 19.4194 0 31.8882 a b -3.11538 7 0
0 0 19.4159 0 31.8771 a b -3.11972 7 0
0 0 19.419 0 31.839 a b -3.11162 7 0
0 0 19.4114 0 31.8057 a b -3.11032 7 0
0 0 19.4121 0 31.7756 a b -3.10949 7 0
0 0 19.4059 0 31.7463 a b -3.10762 7 0
0 0 19.3978 0 31.7124 a b -3.10508 7 0
0 0 19.4012 0 31.6647 a b -3.10139 7 0
0 0 19.4063 0 31.6186 a b -3.10154 7 0
0 0 19.413 0 31.5825 a b -3.10069 7 0
0 0 19.4095 0 31.5431 a b -3.10447 7 0
0 0 19.3997 0 31.5166 a b -3.10366 7 0
0 0 19.3881 0 31.4887 a b -3.09872 7 0
0 0 19.3873 0 31.4604 a b -3.09602 7 0
0 0 19.3892 0 31.4292 a b -3.09461 7 0
0 0 19.3952 0 31.4076 a b -3.09998 7 0
0 0 19.3966 0 31.3872 a b -3.10258 7 0
0 0 19.3954 0 31.366 a b -3.09389 7 0
0 0 19.382 0 31.3367 a b -3.08791 7 0
0 0 19.3809 0 31.3022 a b -3.0917 7 0
0 0 19.3731 0 31.2788 a b -3.09597 7 0
0 0 19.3724 0 31.257 a b -3.09448 7 0
0 0 19.376 0 31.2312 a b -3.08614 7 0
0 0 19.3782 0 31.1967 a b -3.07827 7 0
0 0 19.3814 0 31.1685 a b -3.0726 7 0
0 0 19.3869 0 31.1317 a b -3.0778 7 0
0 0 19.3808 0 31.0971 a b -3.08198 7 0
0 0 19.3849 0 31.0677 a b -3.08515 7 0
0 0 19.3861 0 31.0342 a b -3.08315 7 0
0 0 19.3809 0 30.998 a b -3.07694 7 0
0 0 19.3788 0 30.9599 a b -3.07746 7 0
0 0 19.381 0 30.9255 a b -3.07963 7 0
0 0 19.3824 0 30.8933 a b -3.07854 7 0
0 0 19.3864 0 30.8661 a b -3.07472 7 0
0 0 19.3853 0 30.8413 a b -3.07261 7 0
0 0 19.3852 0 30.8177 a b -3.07667 7 0
0 0 19.3789 0 30.795 a b -3.08233 7 0
0 0 19.3647 0 30.7642 a b -3.07964 7 0
0 0 19.359 0 30.7367 a b -3.07366 7 0
0 0 19.3609 0 30.7045 a b -3.06569 7 0
0 0 19.3756 0 30.6781 a b -3.06716 7 0
0 0 19.382 0 30.6435 a b -3.07169 7 0
0 0 19.3819 0 30.6057 a b -3.07223 7 0
0 0 19.379 0 30.5788 a b -3.07416 7 0
0 0 19.3807 0 30.5546 a b -3.0734 7 0
0 0 19.3817 0 30.5224 a b -3.07217 7 0
0 0 19.3738 0 30.4901 a b -3.07067 7 0
0 0 19.3708 0 30.4553 a b -3.07468 7 0
0 0 19.3794 0 30.429 a b -3.07551 7 0
0 0 19.381 0 30.4073 a b -3.07477 7 0
0 0 19.3807 0 30.384 a b -3.07505 7 0
0 0 19.3806 0 30.3487 a b -3.07945 7 0
0 0 19.3667 0 30.3151 a b -3.08846 7 0
0 0 19.3552 0 30.2738 a b -3.08749 7 0
0 0 19.3506 0 30.2408 a b -3.08607 7 0
0 0 19.3465 0 30.2244 a b -3.08243 7 0
0 0 19.343 0 30.207 a b -3.08466 7 0
0 0 19.3421 0 30.1799 a b -3.09055 7 0
0 0 19.3438 0 30.1511 a b -3.09532 7 0
0 0 19.3419 0 30.1367 a b -3.09606 7 0
0 0 19.3487 0 30.1195 a b -3.0988 7 0
0 0 19.3488 0 30.1026 a b -3.1058 7 0
0 0 19.3515 0 30.0765 a b -3.11221 7 0
0 0 19.3586 0 30.0568 a b -3.11491 7 0
0 0 19.3569 0 30.0315 a b -3.11916 7 0
0 0 19.3569 0 30.008 a b -3.12531 7 0
0 0 19.3573 0 29.9786 a b -3.12995 7 0
0 0 19.3581 0 29.9437 a b -3.13143 7 0
0 0 19.3536 0 29.9176 a b -3.13199 7 0
0 0 19.3505 0 29.8834 a b -3.13249 7 0
0 0 19.3508 0 29.8496 a b -3.12872 7 0
0 0 19.3529 0 29.8253 a b -3.12266 7 0
0 0 19.3577 0 29.8001 a b -3.12083 7 0
0 0 19.3583 0 29.7644 a b -3.12131 7 0
0 0 19.35 0 29.7228 a b -3.12001 7 0
0 0 19.3466 0 29.6901 a b -3.11715 7 0
0 0 19.3484 0 29.6565 a b -3.11521 7 0
0 0 19.3476 0 29.6219 a b -3.11543 7 0
0 0 19.3477 0 29.5922 a b -3.11693 7 0
0 0 19.3519 0 29.5636 a b -3.11332 7 0
0 0 19.3552 0 29.531 a b -3.11036 7 0
0 0 19.3525 0 29.4992 a b -3.1105 7 0
0 0 19.3434 0 29.4736 a b -3.11209 7 0
0 0 19.3408 0 29.4463 a b -3.10781 7 0
0 0 19.3374 0 29.4188 a b -3.10404 7 0
0 0 19.3377 0 29.3886 a b -3.1025 7 0
0 0 19.3397 0 29.3519 a b -3.10545 7 0
0 0 19.3396 0 29.3157 a b -3.1043 7 0
0 0 19.3413 0 29.2849 a b -3.1017 7 0
0 0 19.3434 0 29.2465 a b -3.10199 7 0
0 0 19.3452 0 29.2186 a b -3.10374 7 0
0 0 19.3439 0 29.1883 a b -3.10496 7 0
0 0 19.3461 0 29.168 a b -3.10996 7 0
0 0 19.3448 0 29.1291 a b -3.1108 7 0
0 0 19.3445 0 29.0933 a b -3.10687 7 0
0 0 19.3477 0 29.0687 a b -3.10516 7 0
0 0 19.3449 0 29.048 a b -3.10362 7 0
0 0 19.3432 0 29.0244 a b -3.10511 7 0
0 0 19.339 0 29.0037 a b -3.10524 7 0
0 0 19.3403 0 28.9861 a b -3.10515 7 0
0 0 19.3356 0 28.9561 a b -3.10097 7 0
0 0 19.3346 0 28.9228 a b -3.09797 7 0
0 0 19.3356 0 28.9034 a b -3.10063 7 0
0 0 19.3363 0 28.8798 a b -3.09887 7 0
0 0 19.3357 0 28.8517 a b -3.09741 7 0
0 0 19.3354 0 28.8305 a b -3.10122 7 0
0 0 19.3464 0 28.8116 a b -3.10775 7 0
0 0 19.3482 0 28.7973 a b -3.11008 7 0
0 0 19.3551 0 28.7709 a b -3.10682 7 0
0 0 19.3557 0 28.7456 a b -3.10142 7 0
0 0 19.3639 0 28.7255 a b -3.10065 7 0
0 0 19.3437 0 28.6688 a b -3.10213 7 0
0 0 19.3378 0 28.6299 a b -3.10204 7 0
0 0 19.3509 0 28.6199 a b -3.10618 7 0
0 0 19.3347 0 28.5941 a b -3.10855 7 0
0 0 19.3368 0 28.564 a b -3.10845 7 0
0 0 19.3333 0 28.5247 a b -3.10017 7 0
0 0 19.3282 0 28.4815 a b -3.09552 7 0
0 0 19.3426 0 28.459 a b -3.10205 7 0
0 0 19.3482 0 28.4362 a b -3.10732 7 0
0 0 19.3479 0 28.4108 a b -3.10927 7 0
0 0 19.3546 0 28.3804 a b -3.10007 7 0
0 0 19.3413 0 28.3479 a b -3.09182 7 0
0 0 19.3415 0 28.3335 a b -3.10071 7 0
0 0 19.3474 0 28.3206 a b -3.10326 7 0
0 0 19.3604 0 28.3067 a b -3.08704 7 0
0 0 19.3592 0 28.287 a b -3.07652 7 0
0 0 19.3573 0 28.2537 a b -3.08887 7 0
0 0 19.3669 0 28.2119 a b -3.10028 7 0
0 0 19.3634 0 28.1702 a b -3.0926 7 0
0 0 19.3517 0 28.1311 a b -3.0845 7 0
0 0 19.3554 0 28.0986 a b -3.08521 7 0
0 0 19.3444 0 28.0635 a b -3.08579 7 0
0 0 19.3447 0 28.0266 a b -3.08237 7 0
0 0 19.3494 0 27.9797 a b -3.07713 7 0
0 0 19.348 0 27.9502 a b -3.07534 7 0
0 0 19.3503 0 27.9123 a b -3.07866 7 0
0 0 19.352 0 27.8806 a b -3.08078 7 0
0 0 19.3489 0 27.8401 a b -3.07972 7 0
0 0 19.3488 0 27.8006 a b -3.08237 7 0
0 0 19.344 0 27.7731 a b -3.08284 7 0
0 0 19.3418 0 27.7456 a b -3.08355 7 0
0 0 19.3442 0 27.707 a b -3.08321 7 0
0 0 19.3454 0 27.6796 a b -3.08483 7 0
0 0 19.3481 0 27.6566 a b -3.0844 7 0
0 0 19.3463 0 27.6364 a b -3.08184 7 0
0 0 19.3406 0 27.6174 a b -3.08017 7 0
0 0 19.3422 0 27.6019 a b -3.08157 7 0
0 0 19.3391 0 27.5913 a b -3.08377 7 0
0 0 19.3412 0 27.5808 a b -3.08552 7 0
0 0 19.3386 0 27.5588 a b -3.08769 7 0
0 0 19.3359 0 27.5375 a b -3.08523 7 0
0 0 19.3365 0 27.5208 a b -3.07995 7 0
0 0 19.3401 0 27.4903 a b -3.0827 7 0
0 0 19.3399 0 27.4724 a b -3.0875 7 0
0 0 19.3414 0 27.4428 a b -3.09079 7 0
0 0 19.3461 0 27.3949 a b -3.09769 7 0
0 0 19.341 0 27.3508 a b -3.09684 7 0
0 0 19.335 0 27.3138 a b -3.09668 7 0
0 0 19.3386 0 27.2653 a b -3.09935 7 0
0 0 19.3383 0 27.2202 a b -3.10319 7 0
0 0 19.3386 0 27.172 a b -3.11524 7 0
0 0 19.3388 0 27.1246 a b -3.131 7 0
0 0 19.3333 0 27.0745 a b 3.1372 7 0
0 0 19.333 0 27.0289 a b 3.12417 7 0
0 0 19.33 0 26.992 a b 3.11321 7 0
