0 0 13.6895 0 27.0994 a b -0.0195366 7 0
0 0 13.6839 0 27.1162 a b -0.0187997 7 0
0 0 13.6882 0 27.1402 a b -0.0199882 7 0
0 0 13.6872 0 27.1734 a b -0.0169743 7 0
0 0 13.6844 0 27.2073 a b -0.0159644 7 0
0 0 13.68 0 27.2345 a b -0.015108 7 0
0 0 13.6794 0 27.2665 a b -0.0159763 7 0
0 0 13.6791 0 27.2937 a b -0.0164503 7 0
0 0 13.68 0 27.322 a b -0.0136507 7 0
0 0 13.6788 0 27.3486 a b -0.0118943 7 0
0 0 13.6781 0 27.3735 a b -0.0103168 7 0
0 0 13.677 0 27.3975 a b -0.0107526 7 0
0 0 13.6758 0 27.4191 a b -0.0105349 7 0
0 0 13.6762 0 27.4467 a b -0.0087445 7 0
0 0 13.6756 0 27.4744 a b -0.00725731 7 0
0 0 13.6732 0 27.5041 a b -0.00565323 7 0
0 0 13.6707 0 27.5337 a b -0.00708286 7 0
0 0 13.6712 0 27.5634 a b -0.00712452 7 0
0 0 13.6683 0 27.5978 a b -0.00429959 7 0
0 0 13.6653 0 27.6349 a b -0.00426599 7 0
0 0 13.6578 0 27.6719 a b -0.00558209 7 0
0 0 13.6531 0 27.7118 a b -0.0067857 7 0
0 0 13.6518 0 27.7493 a b -0.00358037 7 0
0 0 13.6508 0 27.7907 a b -0.00200163 7 0
0 0 13.646 0 27.8302 a b -0.00205682 7 0
0 0 13.6434 0 27.8639 a b -0.00197123 7 0
0 0 13.6428 0 27.8878 a b 0.000948514 7 0
0 0 13.6425 0 27.9089 a b 0.00325861 7 0
0 0 13.6391 0 27.9266 a b 0.000511047 7 0
0 0 13.6412 0 27.9478 a b -0.000102366 7 0
0 0 13.6426 0 27.961 a b 0.0145259 7 0
0 0 13.6478 0 27.9716 a b 0.0130905 7 0
0 0 13.6458 0 27.9817 a b 0.00997857 7 0
0 0 13.6433 0 28.0008 a b 0.00891245 7 0
0 0 13.6404 0 28.0252 a b 0.0112343 7 0
0 0 13.6426 0 28.0459 a b 0.0120258 7 0
0 0 13.6428 0 28.0754 a b 0.00661904 7 0
0 0 13.6363 0 28.1282 a b 0.00492654 7 0
0 0 13.6213 0 28.1852 a b 0.00762426 7 0
0 0 13.6136 0 28.225 a b 0.00716887 7 0
0 0 13.6267 0 28.2628 a b 0.00854832 7 0
0 0 13.6332 0 28.2906 a b 0.0089752 7 0
0 0 13.6325 0 28.3279 a b 0.00580243 7 0
0 0 13.6334 0 28.3568 a b -0.000811075 7 0
0 0 13.6271 0 28.3732 a b -0.00440137 7 0
0 0 13.623 0 28.3892 a b -0.000102506 7 0
0 0 13.6234 0 28.4016 a b 0.0105895 7 0
0 0 13.6227 0 28.4134 a b 0.0117998 7 0
0 0 13.6211 0 28.424 a b 0.0100479 7 0
0 0 13.6169 0 28.4385 a b 0.0114971 7 0
0 0 13.6189 0 28.4642 a b 0.0158796 7 0
0 0 13.6161 0 28.498 a b 0.020501 7 0
0 0 13.6104 0 28.5396 a b 0.0163273 7 0
0 0 13.6093 0 28.5851 a b 0.0112825 7 0
0 0 13.6094 0 28.6312 a b 0.00770877 7 0
0 0 13.6059 0 28.6996 a b 0.00697009 7 0
0 0 13.6001 0 28.771 a b 0.00602768 7 0
0 0 13.6091 0 28.8277 a b 0.0109169 7 0
0 0 13.6028 0 28.8696 a b 0.0136925 7 0
0 0 13.6054 0 28.8917 a b 0.0124774 7 0
0 0 13.6032 0 28.9185 a b 0.00762724 7 0
0 0 13.5985 0 28.9464 a b 0.00536037 7 0
0 0 13.5979 0 28.9718 a b 0.00207315 7 0
0 0 13.5965 0 29.0133 a b -0.0013208 7 0
0 0 13.5961 0 29.052 a b -0.00167519 7 0
0 0 13.5948 0 29.0792 a b -0.00236747 7 0
0 0 13.5922 0 29.1137 a b -0.00736479 7 0
0 0 13.5897 0 29.1428 a b -0.0119137 7 0
0 0 13.5943 0 29.1702 a b -0.0141116 7 0
0 0 13.5938 0 29.1913 a b -0.0128167 7 0
0 0 13.5917 0 29.2115 a b -0.0139954 7 0
0 0 13.5919 0 29.2261 a b -0.0168703 7 0
0 0 13.5903 0 29.236 a b -0.0202698 7 0
0 0 13.5904 0 29.2528 a b -0.0256804 7 0
0 0 13.5934 0 29.271 a b -0.0324893 7 0
0 0 13.5959 0 29.2931 a b -0.0361787 7 0
0 0 13.5975 0 29.3223 a b -0.037896 7 0
0 0 13.5923 0 29.3504 a b -0.0384941 7 0
0 0 13.5863 0 29.3893 a b -0.0394328 7 0
0 0 13.585 0 29.4294 a b -0.0377073 7 0
0 0 13.5808 0 29.4708 a b -0.036943 7 0
0 0 13.5794 0 29.5163 a b -0.0309793 7 0
0 0 13.5853 0 29.5687 a b -0.0334794 7 0
0 0 13.588 0 29.6197 a b -0.0334023 7 0
0 0 13.581 0 29.666 a b -0.0297451 7 0
0 0 13.5751 0 29.7123 a b -0.029707 7 0
0 0 13.57 0 29.757 a b -0.0332162 7 0
0 0 13.5675 0 29.7938 a b -0.0321347 7 0
0 0 13.5703 0 29.821 a b -0.0281923 7 0
0 0 13.5664 0 29.8409 a b -0.0279004 7 0
0 0 13.5707 0 29.8607 a b -0.0318635 7 0
0 0 13.5682 0 29.8755 a b -0.0135302 7 0
0 0 13.5607 0 29.865 a b -0.0163709 7 0
0 0 13.5672 0 29.8744 a b -0.0133159 7 0
0 0 13.5588 0 29.8936 a b -0.0119437 7 0
0 0 13.5546 0 29.9104 a b -0.01704 7 0
0 0 13.5551 0 29.9264 a b -0.0192383 7 0
0 0 13.5557 0 29.9583 a b -0.0170675 7 0
0 0 13.558 0 29.9891 a b -0.0125857 7 0
0 0 13.5622 0 30.0263 a b -0.0103372 7 0
0 0 13.5657 0 30.061 a b -0.00936444 7 0
0 0 13.5653 0 30.097 a b -0.00744985 7 0
0 0 13.5624 0 30.1305 a b -0.00385023 7 0
0 0 13.5559 0 30.1615 a b -0.00307171 7 0
0 0 13.5509 0 30.192 a b -0.00253349 7 0
0 0 13.5534 0 30.2255 a b 0.000364492 7 0
0 0 13.5558 0 30.2536 a b 0.000647636 7 0
0 0 13.5594 0 30.2792 a b -0.00110268 7 0
0 0 13.5568 0 30.3023 a b 0.00107611 7 0
0 0 13.5536 0 30.3279 a b 0.00479304 7 0
0 0 13.549 0 30.3505 a b 0.00686445 7 0
0 0 13.5482 0 30.3722 a b 0.00763309 7 0
0 0 13.5485 0 30.3923 a b 0.00641813 7 0
0 0 13.5403 0 30.4173 a b 0.00607184 7 0
0 0 13.5403 0 30.439 a b 0.00801198 7 0
0 0 13.5423 0 30.4674 a b 0.00874441 7 0
0 0 13.5448 0 30.5043 a b 0.0115447 7 0
0 0 13.5504 0 30.5383 a b 0.0123724 7 0
0 0 13.5501 0 30.571 a b 0.0145975 7 0
0 0 13.5523 0 30.6061 a b 0.0203021 7 0
0 0 13.5551 0 30.6409 a b 0.0230904 7 0
0 0 13.5565 0 30.6757 a b 0.0233038 7 0
0 0 13.5524 0 30.7105 a b 0.0242265 7 0
0 0 13.5487 0 30.7471 a b 0.0257915 7 0
0 0 13.549 0 30.7734 a b 0.0307951 7 0
0 0 13.5531 0 30.8047 a b 0.0341713 7 0
0 0 13.5609 0 30.8305 a b 0.0329725 7 0
0 0 13.5545 0 30.8528 a b 0.0290137 7 0
0 0 13.548 0 30.8742 a b 0.0294766 7 0
0 0 13.544 0 30.8985 a b 0.0343499 7 0
0 0 13.5447 0 30.9199 a b 0.0404405 7 0
0 0 13.5498 0 30.9431 a b 0.0404351 7 0
0 0 13.5566 0 30.9703 a b 0.0358647 7 0
0 0 13.5611 0 30.9983 a b 0.0321773 7 0
0 0 13.5619 0 31.0306 a b 0.0352736 7 0
0 0 13.5651 0 31.0669 a b 0.0397406 7 0
0 0 13.5656 0 31.1036 a b 0.0436779 7 0
0 0 13.5655 0 31.1344 a b 0.0463675 7 0
0 0 13.5644 0 31.1681 a b 0.0457828 7 0
0 0 13.5671 0 31.1987 a b 0.0457204 7 0
0 0 13.5677 0 31.2324 a b 0.0442385 7 0
0 0 13.57 0 31.2659 a b 0.044375 7 0
0 0 13.5699 0 31.2982 a b 0.0427826 7 0
0 0 13.5694 0 31.3299 a b 0.0460382 7 0
0 0 13.5733 0 31.3575 a b 0.0497206 7 0
0 0 13.5782 0 31.3822 a b 0.0453693 7 0
0 0 13.575 0 31.4049 a b 0.0398171 7 0
0 0 13.5689 0 31.4282 a b 0.04728 7 0
0 0 13.5723 0 31.4448 a b 0.0579528 7 0
0 0 13.5734 0 31.4632 a b 0.0589113 7 0
0 0 13.5706 0 31.4832 a b 0.0483757 7 0
0 0 13.5711 0 31.5127 a b 0.0411999 7 0
0 0 13.5737 0 31.548 a b 0.0465697 7 0
0 0 13.5738 0 31.5819 a b 0.0495868 7 0
0 0 13.5738 0 31.6212 a b 0.0508519 7 0
0 0 13.5772 0 31.6634 a b 0.0531162 7 0
0 0 13.5808 0 31.7003 a b 0.0532094 7 0
0 0 13.5754 0 31.7377 a b 0.0522792 7 0
0 0 13.5798 0 31.7713 a b 0.0530726 7 0
0 0 13.5844 0 31.8033 a b 0.0547728 7 0
0 0 13.586 0 31.8377 a b 0.0515472 7 0
0 0 13.5847 0 31.8684 a b 0.0525923 7 0
0 0 13.5842 0 31.8944 a b 0.0563338 7 0
0 0 13.584 0 31.9146 a b 0.0584439 7 0
0 0 13.5846 0 31.9365 a b 0.0526952 7 0
0 0 13.5876 0 31.9607 a b 0.053434 7 0
0 0 13.5817 0 31.9781 a b 0.058673 7 0
0 0 13.5764 0 31.9893 a b 0.0585239 7 0
0 0 13.5764 0 32.0061 a b 0.0540535 7 0
0 0 13.5762 0 32.0347 a b 0.0516338 7 0
0 0 13.578 0 32.0664 a b 0.0510396 7 0
0 0 13.5843 0 32.0971 a b 0.053748 7 0
0 0 13.5858 0 32.125 a b 0.0537771 7 0
0 0 13.5859 0 32.1663 a b 0.0546501 7 0
0 0 13.5848 0 32.1957 a b 0.0553743 7 0
0 0 13.5831 0 32.2304 a b 0.0535 7 0
0 0 13.589 0 32.2649 a b 0.052814 7 0
0 0 13.5913 0 32.2904 a b 0.0545966 7 0
0 0 13.5937 0 32.3143 a b 0.0565137 7 0
0 0 13.5947 0 32.3396 a b 0.0564694 7 0
0 0 13.5935 0 32.3648 a b 0.053677 7 0
0 0 13.5893 0 32.3941 a b 0.052878 7 0
0 0 13.5918 0 32.418 a b 0.0556174 7 0
0 0 13.5931 0 32.4465 a b 0.0573662 7 0
0 0 13.5917 0 32.4694 a b 0.0556732 7 0
0 0 13.5923 0 32.5006 a b 0.0508051 7 0
0 0 13.5955 0 32.5407 a b 0.0529813 7 0
0 0 13.5917 0 32.585 a b 0.0538735 7 0
0 0 13.5926 0 32.6146 a b 0.0525043 7 0
0 0 13.6005 0 32.6524 a b 0.0533666 7 0
0 0 13.5988 0 32.6802 a b 0.0525527 7 0
0 0 13.5999 0 32.7089 a b 0.0493964 7 0
0 0 13.6047 0 32.7404 a b 0.0500591 7 0
0 0 13.6038 0 32.7712 a b 0.0492104 7 0
0 0 13.6009 0 32.7937 a b 0.0466758 7 0
0 0 13.5951 0 32.8097 a b 0.0449556 7 0
0 0 13.5954 0 32.831 a b 0.0431916 7 0
0 0 13.5982 0 32.8548 a b 0.041679 7 0
0 0 13.5966 0 32.8824 a b 0.0394692 7 0
0 0 13.5985 0 32.9137 a b 0.0405018 7 0
0 0 13.6027 0 32.9418 a b 0.0417321 7 0
0 0 13.6006 0 32.97 a b 0.0409959 7 0
0 0 13.5968 0 32.9947 a b 0.0384437 7 0
0 0 13.5978 0 33.0258 a b 0.038291 7 0
0 0 13.5999 0 33.0605 a b 0.0367803 7 0
0 0 13.6027 0 33.1024 a b 0.0349295 7 0
0 0 13.6076 0 33.1324 a b 0.0352898 7 0
0 0 13.6063 0 33.1662 a b 0.0331819 7 0
0 0 13.5996 0 33.1923 a b 0.0304881 7 0
0 0 13.6037 0 33.2187 a b 0.0302082 7 0
0 0 13.6027 0 33.2462 a b 0.0288017 7 0
0 0 13.5997 0 33.2683 a b 0.0282365 7 0
0 0 13.6029 0 33.295 a b 0.0254504 7 0
0 0 13.6071 0 33.32 a b 0.0263223 7 0
0 0 13.6076 0 33.3444 a b 0.0276079 7 0
0 0 13.6078 0 33.368 a b 0.0265412 7 0
0 0 13.6075 0 33.3941 a b 0.0257999 7 0
0 0 13.6061 0 33.4261 a b 0.0233711 7 0
0 0 13.5995 0 33.4605 a b 0.0188548 7 0
0 0 13.5903 0 33.5193 a b 0.01554 7 0
0 0 13.5867 0 33.5619 a b 0.0137394 7 0
0 0 13.5844 0 33.6051 a b 0.0101933 7 0
0 0 13.5873 0 33.6415 a b 0.00860924 7 0
0 0 13.5859 0 33.6707 a b 0.00690176 7 0
0 0 13.5825 0 33.7013 a b 0.00358009 7 0
0 0 13.5801 0 33.7361 a b -0.00052252 7 0
0 0 13.5799 0 33.7636 a b -0.00234005 7 0
0 0 13.582 0 33.7841 a b -0.00265891 7 0
0 0 13.5849 0 33.8102 a b -0.00715809 7 0
0 0 13.5883 0 33.8271 a b -0.00752628 7 0
0 0 13.591 0 33.8424 a b -0.0094245 7 0
0 0 13.5895 0 33.8603 a b -0.0119134 7 0
0 0 13.5891 0 33.8893 a b -0.0146743 7 0
0 0 13.5843 0 33.9087 a b -0.0163951 7 0
0 0 13.5855 0 33.9321 a b -0.0143457 7 0
0 0 13.5867 0 33.9606 a b -0.0135174 7 0
0 0 13.5858 0 34.0027 a b -0.0155618 7 0
0 0 13.5834 0 34.0256 a b -0.018736 7 0
0 0 13.5776 0 34.0587 a b -0.0198927 7 0
0 0 13.5739 0 34.089 a b -0.0216641 7 0
0 0 13.5667 0 34.1319 a b -0.0213583 7 0
0 0 13.5704 0 34.1632 a b -0.0177277 7 0
0 0 13.573 0 34.2018 a b -0.0135872 7 0
0 0 13.5741 0 34.2304 a b -0.013436 7 0
0 0 13.566 0 34.2539 a b -0.0137911 7 0
0 0 13.5662 0 34.2812 a b -0.0105854 7 0
0 0 13.564 0 34.3049 a b -0.00941584 7 0
0 0 13.5632 0 34.3282 a b -0.0095102 7 0
0 0 13.5652 0 34.3518 a b -0.010159 7 0
0 0 13.5622 0 34.372 a b -0.00929043 7 0
0 0 13.558 0 34.3949 a b -0.00766655 7 0
0 0 13.5601 0 34.4207 a b -0.00651516 7 0
0 0 13.5609 0 34.4442 a b -0.00724822 7 0
0 0 13.5594 0 34.4855 a b -0.00387242 7 0
0 0 13.5453 0 34.5287 a b -0.00236314 7 0
0 0 13.5391 0 34.5645 a b -0.000865669 7 0
0 0 13.5431 0 34.5905 a b -0.00104832 7 0
0 0 13.5383 0 34.6123 a b -0.00233904 7 0
0 0 13.5369 0 34.6435 a b -0.00176779 7 0
0 0 13.5373 0 34.6743 a b 0.000523631 7 0
0 0 13.5467 0 34.7095 a b 0.00446876 7 0
0 0 13.5521 0 34.7519 a b 0.00496858 7 0
0 0 13.5444 0 34.7737 a b 0.00656172 7 0
0 0 13.5408 0 34.807 a b 0.00792079 7 0
0 0 13.5438 0 34.8319 a b 0.00811276 7 0
0 0 13.5424 0 34.858 a b 0.0111736 7 0
0 0 13.5418 0 34.8837 a b 0.0115696 7 0
0 0 13.5402 0 34.9082 a b 0.0111798 7 0
0 0 13.5426 0 34.9285 a b 0.0111236 7 0
0 0 13.5396 0 34.9508 a b 0.0117563 7 0
0 0 13.5405 0 34.9829 a b 0.0115882 7 0
0 0 13.541 0 35.0126 a b 0.013938 7 0
0 0 13.5336 0 35.0357 a b 0.0171724 7 0
0 0 13.5298 0 35.0778 a b 0.0193897 7 0
0 0 13.5283 0 35.1268 a b 0.0198774 7 0
0 0 13.5319 0 35.1535 a b 0.0207048 7 0
0 0 13.5346 0 35.1919 a b 0.0241049 7 0
0 0 13.5325 0 35.22 a b 0.0268603 7 0
0 0 13.5324 0 35.2489 a b 0.0276004 7 0
0 0 13.532 0 35.2794 a b 0.0258947 7 0
0 0 13.5318 0 35.3089 a b 0.0284971 7 0
0 0 13.5308 0 35.3344 a b 0.0311305 7 0
0 0 13.5307 0 35.354 a b 0.0350636 7 0
0 0 13.5313 0 35.3772 a b 0.0351161 7 0
0 0 13.5351 0 35.3966 a b 0.0340376 7 0
0 0 13.5333 0 35.4153 a b 0.0329843 7 0
0 0 13.5343 0 35.4403 a b 0.0363366 7 0
0 0 13.5309 0 35.4664 a b 0.0422978 7 0
0 0 13.5275 0 35.4949 a b 0.0447984 7 0
0 0 13.5229 0 35.5216 a b 0.0415301 7 0
0 0 13.5288 0 35.555 a b 0.0405473 7 0
0 0 13.5338 0 35.5882 a b 0.0435759 7 0
0 0 13.5404 0 35.6197 a b 0.0433669 7 0
0 0 13.5425 0 35.6549 a b 0.0413323 7 0
0 0 13.5402 0 35.6894 a b 0.041669 7 0
0 0 13.5411 0 35.7267 a b 0.0437388 7 0
0 0 13.5423 0 35.7569 a b 0.0430415 7 0
0 0 13.5446 0 35.7861 a b 0.0422495 7 0
0 0 13.5496 0 35.8132 a b 0.0458565 7 0
0 0 13.5442 0 35.8341 a b 0.0500337 7 0
0 0 13.5443 0 35.8539 a b 0.0499392 7 0
0 0 13.5405 0 35.8748 a b 0.0471442 7 0
0 0 13.5434 0 35.9009 a b 0.0441948 7 0
0 0 13.547 0 35.9125 a b 0.0499406 7 0
0 0 13.5453 0 35.941 a b 0.055277 7 0
0 0 13.5411 0 35.9652 a b 0.0584341 7 0
0 0 13.5383 0 35.9995 a b 0.0521167 7 0
0 0 13.5409 0 36.0333 a b 0.0479798 7 0
0 0 13.5444 0 36.068 a b 0.0486821 7 0
0 0 13.5468 0 36.1062 a b 0.0502867 7 0
0 0 13.5477 0 36.141 a b 0.0528962 7 0
0 0 13.5457 0 36.1748 a b 0.0532158 7 0
0 0 13.5447 0 36.2053 a b 0.0535229 7 0
0 0 13.5433 0 36.239 a b 0.053805 7 0
0 0 13.5477 0 36.2748 a b 0.0566404 7 0
0 0 13.5498 0 36.3073 a b 0.0592141 7 0
0 0 13.5497 0 36.3325 a b 0.0598026 7 0
0 0 13.5546 0 36.357 a b 0.0578879 7 0
0 0 13.5587 0 36.381 a b 0.0563463 7 0
0 0 13.5546 0 36.4056 a b 0.0610476 7 0
0 0 13.5531 0 36.4297 a b 0.0650216 7 0
0 0 13.5519 0 36.4471 a b 0.068116 7 0
0 0 13.5446 0 36.4693 a b 0.0680793 7 0
0 0 13.545 0 36.5065 a b 0.0617339 7 0
0 0 13.5533 0 36.5384 a b 0.0611149 7 0
0 0 13.5588 0 36.5665 a b 0.0632122 7 0
0 0 13.5587 0 36.5971 a b 0.0670509 7 0
0 0 13.5553 0 36.6308 a b 0.06693 7 0
0 0 13.5542 0 36.6606 a b 0.0645326 7 0
0 0 13.5541 0 36.689 a b 0.0631168 7 0
0 0 13.5516 0 36.7174 a b 0.0654777 7 0
0 0 13.5592 0 36.7468 a b 0.0692942 7 0
0 0 13.5645 0 36.7704 a b 0.0701077 7 0
0 0 13.562 0 36.8093 a b 0.0656831 7 0
0 0 13.5644 0 36.8317 a b 0.0652256 7 0
0 0 13.5661 0 36.8575 a b 0.0690268 7 0
0 0 13.5614 0 36.8867 a b 0.0740323 7 0
0 0 13.5595 0 36.923 a b 0.0742354 7 0
0 0 13.5634 0 36.9501 a b 0.0703783 7 0
0 0 13.5632 0 36.9797 a b 0.0620009 7 0
0 0 13.5639 0 37.0178 a b 0.0653852 7 0
0 0 13.5704 0 37.055 a b 0.0763455 7 0
0 0 13.5738 0 37.0899 a b 0.073958 7 0
0 0 13.5768 0 37.1257 a b 0.071454 7 0
0 0 13.5741 0 37.1581 a b 0.0702243 7 0
0 0 13.5707 0 37.1888 a b 0.0726823 7 0
0 0 13.5708 0 37.2198 a b 0.0764929 7 0
0 0 13.5736 0 37.2468 a b 0.0775047 7 0
0 0 13.5791 0 37.2662 a b 0.0774587 7 0
0 0 13.5834 0 37.2935 a b 0.0700078 7 0
0 0 13.5783 0 37.3173 a b 0.0665618 7 0
0 0 13.5705 0 37.3449 a b 0.0694137 7 0
0 0 13.5708 0 37.3686 a b 0.0773783 7 0
0 0 13.5743 0 37.3918 a b 0.0825783 7 0
0 0 13.5811 0 37.4174 a b 0.0780565 7 0
0 0 13.5797 0 37.4463 a b 0.0683444 7 0
0 0 13.5817 0 37.4772 a b 0.0655054 7 0
0 0 13.5846 0 37.5082 a b 0.070549 7 0
0 0 13.5947 0 37.5419 a b 0.0757091 7 0
0 0 13.5968 0 37.5752 a b 0.0755079 7 0
0 0 13.5979 0 37.6099 a b 0.0746327 7 0
0 0 13.5992 0 37.6395 a b 0.0739861 7 0
0 0 13.5976 0 37.6731 a b 0.0724221 7 0
0 0 13.596 0 37.7009 a b 0.0741156 7 0
0 0 13.6002 0 37.7284 a b 0.0742775 7 0
0 0 13.6033 0 37.7565 a b 0.0715444 7 0
0 0 13.6011 0 37.7782 a b 0.0687448 7 0
0 0 13.5988 0 37.8066 a b 0.0683215 7 0
0 0 13.5955 0 37.8289 a b 0.0725608 7 0
0 0 13.596 0 37.8479 a b 0.0756223 7 0
0 0 13.5969 0 37.8814 a b 0.0749965 7 0
0 0 13.5966 0 37.9081 a b 0.0699424 7 0
0 0 13.5987 0 37.9264 a b 0.0641878 7 0
0 0 13.6069 0 37.9545 a b 0.0607959 7 0
0 0 13.6038 0 37.9823 a b 0.0621086 7 0
0 0 13.6059 0 38.0164 a b 0.0613136 7 0
0 0 13.6094 0 38.0506 a b 0.0589187 7 0
0 0 13.6082 0 38.0846 a b 0.0564728 7 0
0 0 13.6109 0 38.1155 a b 0.0549393 7 0
0 0 13.6066 0 38.151 a b 0.0526682 7 0
0 0 13.6068 0 38.1858 a b 0.0517651 7 0
0 0 13.6087 0 38.2158 a b 0.048474 7 0
0 0 13.6081 0 38.2473 a b 0.0465698 7 0
0 0 13.6083 0 38.2786 a b 0.0451057 7 0
0 0 13.6103 0 38.3077 a b 0.0413552 7 0
0 0 13.6098 0 38.335 a b 0.0399323 7 0
0 0 13.6097 0 38.3572 a b 0.0386914 7 0
0 0 13.611 0 38.3833 a b 0.0358462 7 0
0 0 13.6111 0 38.4077 a b 0.0336831 7 0
0 0 13.6125 0 38.4336 a b 0.0307481 7 0
0 0 13.6129 0 38.4544 a b 0.0251028 7 0
0 0 13.6132 0 38.4832 a b 0.0186846 7 0
0 0 13.6148 0 38.5093 a b 0.0161522 7 0
0 0 13.618 0 38.5372 a b 0.0128438 7 0
0 0 13.6245 0 38.5648 a b 0.00652625 7 0
0 0 13.6166 0 38.5994 a b -0.00118035 7 0
0 0 13.6116 0 38.6348 a b -0.00308554 7 0
0 0 13.6101 0 38.6673 a b -0.00340446 7 0
0 0 13.6089 0 38.702 a b -0.00508207 7 0
0 0 13.605 0 38.7325 a b -0.00927158 7 0
0 0 13.6057 0 38.7643 a b -0.0160628 7 0
0 0 13.6064 0 38.792 a b -0.0230226 7 0
0 0 13.6073 0 38.8141 a b -0.0263105 7 0
0 0 13.6024 0 38.8366 a b -0.0223812 7 0
0 0 13.5988 0 38.8666 a b -0.0169276 7 0
0 0 13.6065 0 38.8953 a b -0.0181741 7 0
0 0 13.6122 0 38.9149 a b -0.0244772 7 0
0 0 13.6184 0 38.9346 a b -0.0178013 7 0
0 0 13.6085 0 38.9707 a b -0.00834865 7 0
0 0 13.6 0 39.0051 a b -0.0101013 7 0
0 0 13.6008 0 39.0299 a b -0.0121793 7 0
0 0 13.6027 0 39.0607 a b -0.010057 7 0
0 0 13.6042 0 39.0954 a b -0.00879325 7 0
0 0 13.5999 0 39.1284 a b -0.00319465 7 0
0 0 13.5966 0 39.1592 a b -0.00285964 7 0
0 0 13.5986 0 39.1861 a b -0.0026931 7 0
0 0 13.5984 0 39.2175 a b 0.000493908 7 0
0 0 13.5982 0 39.248 a b 0.00305553 7 0
0 0 13.6006 0 39.279 a b 0.00603913 7 0
0 0 13.602 0 39.3029 a b 0.0111886 7 0
0 0 13.6011 0 39.3304 a b 0.0184929 7 0
0 0 13.5936 0 39.3596 a b 0.0213139 7 0
0 0 13.5963 0 39.3869 a b 0.0197956 7 0
0 0 13.6057 0 39.408 a b 0.0251593 7 0
0 0 13.6025 0 39.4368 a b 0.0371924 7 0
0 0 13.5906 0 39.4673 a b 0.0422522 7 0
0 0 13.5864 0 39.5022 a b 0.0394117 7 0
0 0 13.5826 0 39.5298 a b 0.0387461 7 0
0 0 13.593 0 39.5614 a b 0.0438185 7 0
0 0 13.5929 0 39.589 a b 0.0518051 7 0
0 0 13.594 0 39.6191 a b 0.0601849 7 0
0 0 13.5926 0 39.6496 a b 0.0667253 7 0
0 0 13.5903 0 39.6809 a b 0.0703932 7 0
0 0 13.5958 0 39.7103 a b 0.0750754 7 0
0 0 13.6023 0 39.7392 a b 0.0853114 7 0
0 0 13.605 0 39.7705 a b 0.0975104 7 0
0 0 13.6067 0 39.8089 a b 0.107896 7 0
0 0 13.6077 0 39.8444 a b 0.112491 7 0
0 0 13.6123 0 39.8752 a b 0.1118 7 0
0 0 13.6166 0 39.9006 a b 0.113551 7 0
0 0 13.6145 0 39.9237 a b 0.122644 7 0
0 0 13.6083 0 39.9538 a b 0.125674 7 0
0 0 13.6043 0 39.9826 a b 0.116788 7 0
0 0 13.6211 0 40.0038 a b 0.109856 7 0
0 0 13.6297 0 40.0265 a b 0.112963 7 0
0 0 13.6362 0 40.0503 a b 0.114374 7 0
0 0 13.6436 0 40.0714 a b 0.116762 7 0
0 0 13.637 0 40.0884 a b 0.120151 7 0
0 0 13.6327 0 40.1054 a b 0.121217 7 0
0 0 13.6326 0 40.1246 a b 0.12011 7 0
0 0 13.6301 0 40.1434 a b 0.119903 7 0
0 0 13.6341 0 40.1676 a b 0.119817 7 0
0 0 13.6432 0 40.1967 a b 0.11699 7 0
0 0 13.643 0 40.2207 a b 0.112442 7 0
0 0 13.6459 0 40.2454 a b 0.109702 7 0
0 0 13.6439 0 40.275 a b 0.110888 7 0
0 0 13.6457 0 40.3047 a b 0.113762 7 0
0 0 13.6455 0 40.3373 a b 0.114203 7 0
0 0 13.6514 0 40.3753 a b 0.108508 7 0
0 0 13.6573 0 40.4147 a b 0.103107 7 0
0 0 13.6648 0 40.4562 a b 0.0982471 7 0
0 0 13.6693 0 40.5059 a b 0.102203 7 0
0 0 13.666 0 40.5564 a b 0.10501 7 0
0 0 13.6709 0 40.6008 a b 0.101578 7 0
0 0 13.6711 0 40.6487 a b 0.100804 7 0
0 0 13.6748 0 40.6872 a b 0.101586 7 0
0 0 13.674 0 40.7204 a b 0.102219 7 0
0 0 13.6768 0 40.7482 a b 0.100408 7 0
0 0 13.6766 0 40.7699 a b 0.0977629 7 0
0 0 13.6789 0 40.7816 a b 0.0976396 7 0
0 0 13.6822 0 40.7968 a b 0.105604 7 0
0 0 13.6856 0 40.8062 a b 0.102186 7 0
0 0 13.6796 0 40.8149 a b 0.0998405 7 0
0 0 13.6822 0 40.8272 a b 0.0980419 7 0
0 0 13.6834 0 40.8402 a b 0.0975061 7 0
0 0 13.6846 0 40.8527 a b 0.098196 7 0
0 0 13.6879 0 40.8666 a b 0.0942793 7 0
0 0 13.6869 0 40.8894 a b 0.0911419 7 0
0 0 13.6946 0 40.9037 a b 0.0943286 7 0
0 0 13.6928 0 40.9248 a b 0.107384 7 0
0 0 13.6955 0 40.91 a b 0.103742 7 0
0 0 13.684 0 40.9161 a b 0.110922 7 0
0 0 13.6873 0 40.9267 a b 0.105209 7 0
0 0 13.6913 0 40.9466 a b 0.0963353 7 0
0 0 13.6953 0 40.978 a b 0.0930981 7 0
0 0 13.701 0 41.007 a b 0.0912697 7 0
0 0 13.6991 0 41.0416 a b 0.087987 7 0
0 0 13.6997 0 41.079 a b 0.0843831 7 0
0 0 13.702 0 41.1158 a b 0.0806256 7 0
0 0 13.7029 0 41.1465 a b 0.0772921 7 0
0 0 13.704 0 41.1765 a b 0.0704472 7 0
0 0 13.7037 0 41.2057 a b 0.0667152 7 0
0 0 13.6989 0 41.2344 a b 0.0649807 7 0
0 0 13.7009 0 41.2566 a b 0.0609619 7 0
0 0 13.7011 0 41.2784 a b 0.0568755 7 0
0 0 13.705 0 41.3018 a b 0.0543424 7 0
0 0 13.7014 0 41.3266 a b 0.0552572 7 0
0 0 13.6949 0 41.3489 a b 0.0487844 7 0
0 0 13.6947 0 41.3764 a b 0.034404 7 0
0 0 13.7003 0 41.4015 a b 0.0212172 7 0
0 0 13.7049 0 41.429 a b 0.0142831 7 0
0 0 13.7003 0 41.4604 a b 0.00568768 7 0
0 0 13.6999 0 41.4958 a b -0.00739421 7 0
0 0 13.7024 0 41.5352 a b -0.0181919 7 0
0 0 13.7045 0 41.5713 a b -0.0256969 7 0
0 0 13.6999 0 41.6071 a b -0.0322831 7 0
0 0 13.7024 0 41.638 a b -0.0414022 7 0
0 0 13.7057 0 41.6672 a b -0.0437873 7 0
0 0 13.704 0 41.6994 a b -0.041335 7 0
0 0 13.6967 0 41.7308 a b -0.0424124 7 0
0 0 13.6926 0 41.7608 a b -0.0487801 7 0
0 0 13.6951 0 41.7814 a b -0.0546839 7 0
0 0 13.6937 0 41.7991 a b -0.047874 7 0
0 0 13.6911 0 41.8247 a b -0.0363454 7 0
0 0 13.6831 0 41.8518 a b -0.0329413 7 0
0 0 13.6776 0 41.8769 a b -0.0414422 7 0
0 0 13.6797 0 41.8942 a b -0.0507095 7 0
0 0 13.6862 0 41.9104 a b -0.0475953 7 0
0 0 13.6825 0 41.941 a b -0.0395547 7 0
0 0 13.6786 0 41.9761 a b -0.0409062 7 0
0 0 13.6791 0 42.0095 a b -0.0430124 7 0
0 0 13.6791 0 42.0447 a b -0.0403507 7 0
0 0 13.6788 0 42.0782 a b -0.0373159 7 0
0 0 13.6736 0 42.1133 a b -0.0338152 7 0
0 0 13.6737 0 42.1474 a b -0.0337841 7 0
0 0 13.6731 0 42.1791 a b -0.0334704 7 0
0 0 13.6721 0 42.2094 a b -0.0292561 7 0
0 0 13.6668 0 42.2407 a b -0.0242408 7 0
0 0 13.6661 0 42.2726 a b -0.0266011 7 0
0 0 13.6665 0 42.2924 a b -0.03166 7 0
0 0 13.6652 0 42.3119 a b -0.0275404 7 0
0 0 13.6651 0 42.3335 a b -0.0184822 7 0
0 0 13.6674 0 42.3625 a b -0.0163635 7 0
0 0 13.6624 0 42.386 a b -0.0217943 7 0
0 0 13.6619 0 42.4051 a b -0.0258407 7 0
0 0 13.6619 0 42.4255 a b -0.020948 7 0
0 0 13.6637 0 42.4554 a b -0.0174398 7 0
0 0 13.6619 0 42.4912 a b -0.0175184 7 0
0 0 13.6601 0 42.5325 a b -0.017218 7 0
0 0 13.6593 0 42.5717 a b -0.0150835 7 0
0 0 13.66 0 42.6076 a b -0.0131189 7 0
0 0 13.6576 0 42.6445 a b -0.0103447 7 0
0 0 13.655 0 42.6808 a b -0.00909832 7 0
0 0 13.6548 0 42.715 a b -0.00761377 7 0
0 0 13.6521 0 42.7458 a b -0.00607129 7 0
0 0 13.6504 0 42.7724 a b -0.00798775 7 0
0 0 13.6495 0 42.7994 a b -0.00941918 7 0
0 0 13.6503 0 42.8215 a b -0.00630705 7 0
0 0 13.6498 0 42.8458 a b -0.00370523 7 0
0 0 13.6508 0 42.8703 a b -0.0030959 7 0
0 0 13.6507 0 42.8936 a b -0.00648886 7 0
0 0 13.6452 0 42.9187 a b -0.00132614 7 0
0 0 13.6435 0 42.9386 a b 0.00444704 7 0
0 0 13.6455 0 42.9631 a b 0.00659752 7 0
0 0 13.6419 0 42.993 a b 0.00323196 7 0
0 0 13.6393 0 43.0265 a b 0.0036688 7 0
0 0 13.6379 0 43.0612 a b 0.00631772 7 0
0 0 13.6355 0 43.0957 a b 0.00705956 7 0
0 0 13.6353 0 43.128 a b 0.00782019 7 0
0 0 13.6336 0 43.1555 a b 0.0106389 7 0
0 0 13.6364 0 43.1851 a b 0.0110736 7 0
0 0 13.6362 0 43.2115 a b 0.00917718 7 0
0 0 13.6366 0 43.2388 a b 0.0108843 7 0
0 0 13.637 0 43.264 a b 0.0156406 7 0
0 0 13.639 0 43.2878 a b 0.0165477 7 0
0 0 13.639 0 43.3106 a b 0.0133458 7 0
0 0 13.6365 0 43.3346 a b 0.0145888 7 0
0 0 13.6343 0 43.3584 a b 0.0171618 7 0
0 0 13.638 0 43.3845 a b 0.0200921 7 0
0 0 13.6378 0 43.4137 a b 0.0206445 7 0
0 0 13.6375 0 43.4486 a b 0.0197887 7 0
0 0 13.6369 0 43.4871 a b 0.0196067 7 0
0 0 13.6405 0 43.5221 a b 0.0208415 7 0
0 0 13.6394 0 43.5547 a b 0.0229967 7 0
0 0 13.6377 0 43.5876 a b 0.0249768 7 0
0 0 13.6378 0 43.6195 a b 0.0249514 7 0
0 0 13.6392 0 43.651 a b 0.0243837 7 0
0 0 13.6383 0 43.6832 a b 0.0256429 7 0
0 0 13.6391 0 43.7123 a b 0.0278683 7 0
0 0 13.6386 0 43.7376 a b 0.0279822 7 0
0 0 13.6378 0 43.7609 a b 0.0288517 7 0
0 0 13.6391 0 43.7825 a b 0.027169 7 0
0 0 13.6411 0 43.8058 a b 0.0253767 7 0
0 0 13.6388 0 43.8312 a b 0.0289075 7 0
0 0 13.6361 0 43.8492 a b 0.0315858 7 0
0 0 13.6359 0 43.8735 a b 0.0296553 7 0
0 0 13.6355 0 43.8987 a b 0.0274267 7 0
0 0 13.6386 0 43.9315 a b 0.0260992 7 0
0 0 13.6397 0 43.97 a b 0.0294012 7 0
0 0 13.6426 0 44.01 a b 0.0296829 7 0
0 0 13.6424 0 44.0453 a b 0.029168 7 0
0 0 13.6413 0 44.0804 a b 0.0293474 7 0
0 0 13.6399 0 44.1161 a b 0.0292418 7 0
0 0 13.6407 0 44.1538 a b 0.0284087 7 0
0 0 13.641 0 44.1902 a b 0.0282647 7 0
0 0 13.6402 0 44.223 a b 0.0282739 7 0
0 0 13.6394 0 44.2565 a b 0.0279404 7 0
0 0 13.6418 0 44.2838 a b 0.0299686 7 0
0 0 13.6391 0 44.309 a b 0.0314531 7 0
0 0 13.6378 0 44.3291 a b 0.0256118 7 0
0 0 13.6383 0 44.3488 a b 0.0217373 7 0
0 0 13.64 0 44.3666 a b 0.0252003 7 0
0 0 13.6379 0 44.3885 a b 0.0301349 7 0
0 0 13.6368 0 44.4081 a b 0.0296125 7 0
0 0 13.6362 0 44.4296 a b 0.0257443 7 0
0 0 13.6399 0 44.457 a b 0.0218239 7 0
0 0 13.6382 0 44.4911 a b 0.0251045 7 0
0 0 13.6377 0 44.5278 a b 0.0249162 7 0
0 0 13.6364 0 44.562 a b 0.0250662 7 0
0 0 13.6344 0 44.5937 a b 0.0221902 7 0
0 0 13.6335 0 44.63 a b 0.0194272 7 0
0 0 13.6353 0 44.6669 a b 0.0176599 7 0
0 0 13.6405 0 44.7028 a b 0.0162078 7 0
0 0 13.639 0 44.7353 a b 0.0163707 7 0
0 0 13.6379 0 44.7687 a b 0.0147096 7 0
0 0 13.637 0 44.7983 a b 0.00955971 7 0
0 0 13.6363 0 44.8248 a b 0.00614116 7 0
0 0 13.6367 0 44.8499 a b 0.00539802 7 0
0 0 13.6369 0 44.8739 a b 0.00597517 7 0
0 0 13.6361 0 44.8965 a b 0.00311846 7 0
0 0 13.6365 0 44.9213 a b -0.000583938 7 0
0 0 13.6361 0 44.946 a b -0.00175027 7 0
0 0 13.633 0 44.9731 a b -0.00826932 7 0
0 0 13.6322 0 45.012 a b -0.020319 7 0
0 0 13.6318 0 45.0461 a b -0.0318996 7 0
0 0 13.6328 0 45.0687 a b -0.0418224 7 0
0 0 13.631 0 45.1008 a b -0.0414934 7 0
0 0 13.6297 0 45.1324 a b -0.0430998 7 0
0 0 13.6279 0 45.1662 a b -0.0402195 7 0
0 0 13.6249 0 45.197 a b -0.0373873 7 0
0 0 13.6217 0 45.2282 a b -0.0336897 7 0
0 0 13.6186 0 45.2579 a b -0.0309089 7 0
0 0 13.6177 0 45.2858 a b -0.0303286 7 0
0 0 13.6166 0 45.3154 a b -0.0302567 7 0
0 0 13.614 0 45.3394 a b -0.031865 7 0
0 0 13.6121 0 45.3631 a b -0.0288937 7 0
0 0 13.6106 0 45.3869 a b -0.0258426 7 0
0 0 13.6071 0 45.4116 a b -0.021997 7 0
0 0 13.6059 0 45.4391 a b -0.018184 7 0
0 0 13.6041 0 45.463 a b -0.0146801 7 0
0 0 13.605 0 45.4987 a b -0.0161505 7 0
0 0 13.6061 0 45.5357 a b -0.0184632 7 0
0 0 13.6029 0 45.5689 a b -0.0193428 7 0
0 0 13.6015 0 45.6017 a b -0.0161314 7 0
0 0 13.6021 0 45.6315 a b -0.0109818 7 0
0 0 13.6042 0 45.6634 a b -0.00982563 7 0
0 0 13.6025 0 45.6934 a b -0.0113163 7 0
0 0 13.5991 0 45.7232 a b -0.0140642 7 0
0 0 13.5973 0 45.7485 a b -0.0122103 7 0
0 0 13.5975 0 45.7757 a b -0.00688424 7 0
0 0 13.5969 0 45.803 a b -0.00472754 7 0
0 0 13.5933 0 45.8281 a b -0.00570102 7 0
0 0 13.596 0 45.8535 a b -0.00678069 7 0
0 0 13.5947 0 45.8743 a b -0.00290994 7 0
0 0 13.5946 0 45.8969 a b -0.000990599 7 0
0 0 13.5945 0 45.9266 a b -0.000970703 7 0
0 0 13.5924 0 45.957 a b -0.00347825 7 0
0 0 13.5938 0 45.9923 a b -0.00049983 7 0
0 0 13.597 0 46.0264 a b 0.0028109 7 0
0 0 13.5959 0 46.062 a b 0.0078633 7 0
0 0 13.5952 0 46.0933 a b 0.00857637 7 0
0 0 13.5944 0 46.1266 a b 0.00607357 7 0
0 0 13.5933 0 46.1592 a b 0.00723344 7 0
0 0 13.5922 0 46.1881 a b 0.00935011 7 0
0 0 13.5915 0 46.2163 a b 0.0122695 7 0
0 0 13.5921 0 46.2427 a b 0.0125938 7 0
0 0 13.5915 0 46.2662 a b 0.0122061 7 0
0 0 13.5898 0 46.2912 a b 0.0125587 7 0
0 0 13.5894 0 46.3147 a b 0.0147657 7 0
0 0 13.5915 0 46.3393 a b 0.0152017 7 0
0 0 13.5909 0 46.365 a b 0.0155215 7 0
0 0 13.5914 0 46.3904 a b 0.0179775 7 0
0 0 13.5925 0 46.4181 a b 0.0210172 7 0
0 0 13.5949 0 46.4473 a b 0.0203179 7 0
0 0 13.5912 0 46.48 a b 0.0182953 7 0
0 0 13.5932 0 46.517 a b 0.0199888 7 0
0 0 13.5908 0 46.5507 a b 0.0237756 7 0
0 0 13.5942 0 46.5857 a b 0.023445 7 0
0 0 13.5929 0 46.6189 a b 0.0214275 7 0
0 0 13.5945 0 46.6515 a b 0.0208798 7 0
0 0 13.5956 0 46.6798 a b 0.0217896 7 0
0 0 13.5946 0 46.7076 a b 0.0234614 7 0
0 0 13.5929 0 46.7345 a b 0.0246127 7 0
0 0 13.5935 0 46.7584 a b 0.0262496 7 0
0 0 13.5945 0 46.7828 a b 0.0247988 7 0
0 0 13.5928 0 46.8088 a b 0.023805 7 0
0 0 13.5937 0 46.8345 a b 0.0271833 7 0
0 0 13.5935 0 46.8593 a b 0.0329704 7 0
0 0 13.5926 0 46.8804 a b 0.0352139 7 0
0 0 13.5924 0 46.9032 a b 0.0353639 7 0
0 0 13.5937 0 46.9302 a b 0.0337461 7 0
0 0 13.5936 0 46.9585 a b 0.0320857 7 0
0 0 13.5899 0 46.9872 a b 0.032768 7 0
0 0 13.5922 0 47.0244 a b 0.0369119 7 0
0 0 13.5939 0 47.0625 a b 0.0387046 7 0
0 0 13.5946 0 47.0977 a b 0.0390255 7 0
0 0 13.5954 0 47.1291 a b 0.0357145 7 0
0 0 13.5983 0 47.1594 a b 0.0342538 7 0
0 0 13.5985 0 47.1905 a b 0.0379396 7 0
0 0 13.5986 0 47.2218 a b 0.0417791 7 0
0 0 13.597 0 47.2501 a b 0.0421943 7 0
0 0 13.5967 0 47.2784 a b 0.0420513 7 0
0 0 13.5998 0 47.3044 a b 0.0395921 7 0
0 0 13.6023 0 47.3284 a b 0.0391129 7 0
0 0 13.6028 0 47.3536 a b 0.0457942 7 0
0 0 13.5994 0 47.3761 a b 0.0501958 7 0
0 0 13.5985 0 47.4035 a b 0.0521011 7 0
0 0 13.5986 0 47.434 a b 0.0501634 7 0
0 0 13.6009 0 47.4623 a b 0.0454934 7 0
0 0 13.6075 0 47.488 a b 0.0440369 7 0
0 0 13.6089 0 47.5199 a b 0.0526583 7 0
0 0 13.606 0 47.5532 a b 0.0512719 7 0
0 0 13.6047 0 47.5842 a b 0.0470704 7 0
0 0 13.6062 0 47.6171 a b 0.0493329 7 0
0 0 13.6065 0 47.6511 a b 0.0519107 7 0
0 0 13.6065 0 47.6804 a b 0.0509444 7 0
0 0 13.6065 0 47.7126 a b 0.0511525 7 0
0 0 13.6069 0 47.7387 a b 0.0519845 7 0
0 0 13.6077 0 47.764 a b 0.0530968 7 0
0 0 13.6076 0 47.7918 a b 0.0531647 7 0
0 0 13.6081 0 47.821 a b 0.0527901 7 0
0 0 13.6085 0 47.845 a b 0.052389 7 0
0 0 13.61 0 47.8666 a b 0.0530149 7 0
0 0 13.6096 0 47.893 a b 0.0556991 7 0
0 0 13.6099 0 47.9171 a b 0.0573117 7 0
0 0 13.6121 0 47.9484 a b 0.0567075 7 0
0 0 13.6139 0 47.9761 a b 0.055056 7 0
0 0 13.6166 0 48.0079 a b 0.0555779 7 0
0 0 13.6179 0 48.045 a b 0.0577595 7 0
0 0 13.6181 0 48.0783 a b 0.0579342 7 0
0 0 13.6182 0 48.1112 a b 0.0595695 7 0
0 0 13.6198 0 48.1498 a b 0.0616513 7 0
0 0 13.6162 0 48.1833 a b 0.0616069 7 0
0 0 13.619 0 48.2112 a b 0.0632091 7 0
0 0 13.6197 0 48.2403 a b 0.0640017 7 0
0 0 13.62 0 48.2661 a b 0.0621022 7 0
0 0 13.6199 0 48.2915 a b 0.0641433 7 0
0 0 13.6229 0 48.317 a b 0.0667215 7 0
0 0 13.6266 0 48.3446 a b 0.0661524 7 0
0 0 13.6288 0 48.369 a b 0.0638126 7 0
0 0 13.6261 0 48.3942 a b 0.0673597 7 0
0 0 13.6286 0 48.4157 a b 0.0735359 7 0
0 0 13.6333 0 48.4384 a b 0.0723423 7 0
0 0 13.6305 0 48.469 a b 0.0673175 7 0
0 0 13.6307 0 48.5014 a b 0.0689307 7 0
0 0 13.633 0 48.531 a b 0.0702808 7 0
0 0 13.6334 0 48.5606 a b 0.0702506 7 0
0 0 13.6326 0 48.591 a b 0.0699314 7 0
0 0 13.634 0 48.6227 a b 0.0704474 7 0
0 0 13.6368 0 48.6537 a b 0.0707512 7 0
0 0 13.6395 0 48.6806 a b 0.06914 7 0
0 0 13.6401 0 48.7107 a b 0.0683196 7 0
0 0 13.6392 0 48.7372 a b 0.0693424 7 0
0 0 13.6422 0 48.761 a b 0.0719891 7 0
0 0 13.6453 0 48.7871 a b 0.0707861 7 0
0 0 13.6451 0 48.8127 a b 0.0685967 7 0
0 0 13.6431 0 48.8351 a b 0.0710469 7 0
0 0 13.6444 0 48.8561 a b 0.0759215 7 0
0 0 13.648 0 48.8834 a b 0.0782383 7 0
0 0 13.6511 0 48.9077 a b 0.0773291 7 0
0 0 13.6546 0 48.9423 a b 0.0730594 7 0
0 0 13.6564 0 48.9792 a b 0.0694642 7 0
0 0 13.6589 0 49.0213 a b 0.0710084 7 0
0 0 13.659 0 49.0562 a b 0.0719192 7 0
0 0 13.6607 0 49.0912 a b 0.0718433 7 0
0 0 13.6631 0 49.1261 a b 0.0718643 7 0
0 0 13.6657 0 49.1631 a b 0.0715947 7 0
0 0 13.6672 0 49.1962 a b 0.072845 7 0
0 0 13.6664 0 49.2256 a b 0.0737757 7 0
0 0 13.6673 0 49.2553 a b 0.0722108 7 0
0 0 13.6684 0 49.282 a b 0.0724061 7 0
0 0 13.6725 0 49.3032 a b 0.0736442 7 0
0 0 13.6748 0 49.3265 a b 0.0735833 7 0
0 0 13.675 0 49.3468 a b 0.0767063 7 0
0 0 13.6717 0 49.3674 a b 0.0814478 7 0
0 0 13.6702 0 49.3875 a b 0.0804434 7 0
0 0 13.6703 0 49.4106 a b 0.0770838 7 0
0 0 13.6681 0 49.4318 a b 0.0722079 7 0
0 0 13.6704 0 49.4543 a b 0.069539 7 0
0 0 13.6781 0 49.4863 a b 0.0668158 7 0
0 0 13.6808 0 49.5173 a b 0.0691258 7 0
0 0 13.681 0 49.5527 a b 0.0693183 7 0
0 0 13.6825 0 49.5962 a b 0.0674141 7 0
0 0 13.686 0 49.6336 a b 0.0664198 7 0
0 0 13.688 0 49.6737 a b 0.0691234 7 0
0 0 13.6865 0 49.7143 a b 0.0701738 7 0
0 0 13.6859 0 49.7545 a b 0.0659262 7 0
0 0 13.6885 0 49.7907 a b 0.0604148 7 0
0 0 13.6933 0 49.821 a b 0.0609113 7 0
0 0 13.6933 0 49.856 a b 0.0678323 7 0
0 0 13.6878 0 49.8851 a b 0.0718558 7 0
0 0 13.6867 0 49.9095 a b 0.0671445 7 0
0 0 13.6869 0 49.9259 a b 0.0591668 7 0
0 0 13.6946 0 49.9397 a b 0.0582119 7 0
0 0 13.6961 0 49.9571 a b 0.0651561 7 0
0 0 13.6958 0 49.9761 a b 0.0703895 7 0
0 0 13.6954 0 49.9941 a b 0.0708929 7 0
0 0 13.6942 0 50.0203 a b 0.0678249 7 0
0 0 13.6946 0 50.0403 a b 0.0652967 7 0
0 0 13.6954 0 50.0638 a b 0.064718 7 0
0 0 13.6962 0 50.0875 a b 0.0623561 7 0
0 0 13.6961 0 50.1132 a b 0.0600286 7 0
0 0 13.6983 0 50.1386 a b 0.0566916 7 0
0 0 13.6978 0 50.1661 a b 0.0539489 7 0
0 0 13.6976 0 50.1969 a b 0.0506728 7 0
0 0 13.697 0 50.2303 a b 0.0480961 7 0
0 0 13.6971 0 50.2636 a b 0.0449348 7 0
0 0 13.6988 0 50.2993 a b 0.0445539 7 0
0 0 13.6997 0 50.3378 a b 0.043004 7 0
0 0 13.6987 0 50.381 a b 0.0363063 7 0
0 0 13.6961 0 50.4264 a b 0.032333 7 0
0 0 13.6938 0 50.48 a b 0.0233297 7 0
0 0 13.6926 0 50.5211 a b 0.00905534 7 0
0 0 13.6924 0 50.5648 a b 0.000650377 7 0
0 0 13.6924 0 50.6085 a b -0.00510479 7 0
0 0 13.6919 0 50.6468 a b -0.010049 7 0
0 0 13.6923 0 50.6763 a b -0.0120396 7 0
0 0 13.6931 0 50.6988 a b -0.0131286 7 0
0 0 13.6897 0 50.7213 a b -0.0148181 7 0
0 0 13.6901 0 50.734 a b -0.00620803 7 0
0 0 13.6887 0 50.7514 a b -0.0033644 7 0
0 0 13.6929 0 50.7628 a b -0.00794357 7 0
0 0 13.6914 0 50.7776 a b -0.0113788 7 0
0 0 13.6873 0 50.7928 a b -0.00891071 7 0
0 0 13.686 0 50.8114 a b -0.0020313 7 0
0 0 13.6859 0 50.8346 a b 0.000702894 7 0
0 0 13.6903 0 50.857 a b -0.00274715 7 0
0 0 13.6888 0 50.8832 a b -0.0129728 7 0
0 0 13.6801 0 50.9083 a b -0.0142612 7 0
0 0 13.6824 0 50.9385 a b -0.00710489 7 0
0 0 13.6842 0 50.977 a b -0.00555259 7 0
0 0 13.6848 0 51.015 a b -0.00752354 7 0
0 0 13.6817 0 51.0516 a b -0.00985076 7 0
0 0 13.683 0 51.0839 a b -0.0107225 7 0
0 0 13.682 0 51.115 a b -0.00779384 7 0
0 0 13.6773 0 51.15 a b -0.00418895 7 0
0 0 13.6783 0 51.1799 a b -0.00418275 7 0
0 0 13.6764 0 51.2109 a b -0.00520482 7 0
0 0 13.675 0 51.2392 a b -0.00410961 7 0
0 0 13.6731 0 51.2657 a b -0.00115241 7 0
0 0 13.6717 0 51.2924 a b 0.000115451 7 0
0 0 13.6705 0 51.3186 a b 0.000606098 7 0
0 0 13.6673 0 51.3438 a b 0.00307602 7 0
0 0 13.6656 0 51.3672 a b 0.00418039 7 0
0 0 13.6656 0 51.3909 a b -6.63512e-06 7 0
0 0 13.664 0 51.4171 a b 0.000160131 7 0
0 0 13.6652 0 51.445 a b 0.00412847 7 0
0 0 13.6647 0 51.4768 a b 0.00508517 7 0
0 0 13.6659 0 51.5107 a b 0.00747587 7 0
0 0 13.6677 0 51.5469 a b 0.010464 7 0
0 0 13.6685 0 51.5804 a b 0.0124448 7 0
0 0 13.668 0 51.612 a b 0.0138252 7 0
0 0 13.6671 0 51.6428 a b 0.0178465 7 0
0 0 13.6666 0 51.6726 a b 0.017863 7 0
0 0 13.6661 0 51.7011 a b 0.01628 7 0
0 0 13.6648 0 51.7284 a b 0.0155612 7 0
0 0 13.6648 0 51.7568 a b 0.0179132 7 0
0 0 13.6657 0 51.7831 a b 0.0189578 7 0
0 0 13.6628 0 51.8104 a b 0.0191563 7 0
0 0 13.6633 0 51.8342 a b 0.0173114 7 0
0 0 13.6643 0 51.8628 a b 0.0160808 7 0
0 0 13.6649 0 51.8874 a b 0.017349 7 0
0 0 13.6641 0 51.9136 a b 0.0199833 7 0
0 0 13.6642 0 51.9402 a b 0.0202853 7 0
0 0 13.6656 0 51.9713 a b 0.0211324 7 0
0 0 13.6647 0 52.0081 a b 0.0258721 7 0
0 0 13.6618 0 52.0443 a b 0.0275998 7 0
0 0 13.661 0 52.078 a b 0.0251309 7 0
0 0 13.6616 0 52.1094 a b 0.021409 7 0
0 0 13.6628 0 52.1392 a b 0.0208875 7 0
0 0 13.6617 0 52.17 a b 0.0240845 7 0
0 0 13.6595 0 52.1989 a b 0.0276271 7 0
0 0 13.6585 0 52.229 a b 0.0306168 7 0
0 0 13.6564 0 52.2565 a b 0.0280357 7 0
0 0 13.6581 0 52.2809 a b 0.024219 7 0
0 0 13.662 0 52.305 a b 0.0246225 7 0
0 0 13.6612 0 52.3305 a b 0.0285163 7 0
0 0 13.6576 0 52.3572 a b 0.030756 7 0
0 0 13.656 0 52.3838 a b 0.0289708 7 0
0 0 13.6554 0 52.4112 a b 0.0264922 7 0
0 0 13.6592 0 52.4389 a b 0.0249446 7 0
0 0 13.6632 0 52.4669 a b 0.0256211 7 0
0 0 13.6673 0 52.5033 a b 0.0272066 7 0
0 0 13.6647 0 52.5397 a b 0.0305855 7 0
0 0 13.6627 0 52.5747 a b 0.0328073 7 0
0 0 13.6617 0 52.606 a b 0.0335538 7 0
0 0 13.6612 0 52.6367 a b 0.0328621 7 0
0 0 13.6617 0 52.6657 a b 0.0314162 7 0
0 0 13.6618 0 52.6948 a b 0.0321745 7 0
0 0 13.6589 0 52.7253 a b 0.0348653 7 0
0 0 13.6566 0 52.7543 a b 0.0354155 7 0
0 0 13.6602 0 52.781 a b 0.0347356 7 0
0 0 13.6638 0 52.8078 a b 0.0344506 7 0
0 0 13.6633 0 52.8327 a b 0.0363769 7 0
0 0 13.6589 0 52.8598 a b 0.0383199 7 0
0 0 13.6525 0 52.8887 a b 0.0368107 7 0
0 0 13.6526 0 52.9145 a b 0.0328203 7 0
0 0 13.657 0 52.9427 a b 0.031717 7 0
0 0 13.659 0 52.972 a b 0.0337467 7 0
0 0 13.6617 0 53.0032 a b 0.0373462 7 0
0 0 13.6641 0 53.0404 a b 0.039668 7 0
0 0 13.6637 0 53.0746 a b 0.0400436 7 0
0 0 13.6625 0 53.1093 a b 0.0405303 7 0
0 0 13.66 0 53.14 a b 0.0405276 7 0
0 0 13.6569 0 53.1688 a b 0.0410721 7 0
0 0 13.6578 0 53.1951 a b 0.0425283 7 0
0 0 13.6622 0 53.2226 a b 0.0429818 7 0
0 0 13.665 0 53.248 a b 0.0409875 7 0
0 0 13.665 0 53.2711 a b 0.0351807 7 0
0 0 13.6577 0 53.2916 a b 0.0368437 7 0
0 0 13.6523 0 53.3125 a b 0.0423208 7 0
0 0 13.6523 0 53.3354 a b 0.0472337 7 0
0 0 13.6552 0 53.3639 a b 0.0460258 7 0
0 0 13.6587 0 53.3907 a b 0.0383457 7 0
0 0 13.6621 0 53.4173 a b 0.0331171 7 0
0 0 13.6622 0 53.4525 a b 0.0309615 7 0
0 0 13.6623 0 53.4895 a b 0.0347605 7 0
0 0 13.6638 0 53.5261 a b 0.0321291 7 0
0 0 13.6623 0 53.5606 a b 0.027766 7 0
0 0 13.6623 0 53.5967 a b 0.0248279 7 0
0 0 13.6621 0 53.6321 a b 0.0234066 7 0
0 0 13.663 0 53.6631 a b 0.0207274 7 0
0 0 13.663 0 53.6938 a b 0.0172355 7 0
0 0 13.6629 0 53.7216 a b 0.0143036 7 0
0 0 13.6639 0 53.7475 a b 0.0123025 7 0
0 0 13.6639 0 53.7718 a b 0.010033 7 0
0 0 13.6639 0 53.7921 a b 0.00869736 7 0
0 0 13.6624 0 53.8133 a b 0.00862582 7 0
0 0 13.6647 0 53.8351 a b 0.00550916 7 0
0 0 13.6665 0 53.8573 a b 0.00197683 7 0
0 0 13.6672 0 53.8785 a b -0.00349057 7 0
0 0 13.6645 0 53.9029 a b -0.00838004 7 0
0 0 13.6616 0 53.9276 a b -0.0171692 7 0
0 0 13.6635 0 53.9574 a b -0.0323987 7 0
0 0 13.6569 0 53.9937 a b -0.0444894 7 0
0 0 13.6514 0 54.0273 a b -0.0476283 7 0
0 0 13.6477 0 54.061 a b -0.0499545 7 0
0 0 13.6476 0 54.0921 a b -0.055406 7 0
0 0 13.642 0 54.1262 a b -0.0618283 7 0
0 0 13.6354 0 54.1606 a b -0.0614558 7 0
0 0 13.6334 0 54.1933 a b -0.0595265 7 0
0 0 13.6316 0 54.2276 a b -0.0603365 7 0
0 0 13.6265 0 54.264 a b -0.0594116 7 0
0 0 13.624 0 54.2908 a b -0.0556754 7 0
0 0 13.6227 0 54.3178 a b -0.0529162 7 0
0 0 13.6197 0 54.3416 a b -0.0524873 7 0
0 0 13.6191 0 54.3658 a b -0.0520829 7 0
0 0 13.6176 0 54.3885 a b -0.0500633 7 0
0 0 13.6151 0 54.4112 a b -0.0464784 7 0
0 0 13.6122 0 54.4304 a b -0.0427259 7 0
0 0 13.6095 0 54.4524 a b -0.0423661 7 0
0 0 13.6082 0 54.4824 a b -0.0442767 7 0
0 0 13.6054 0 54.5154 a b -0.0424083 7 0
0 0 13.6027 0 54.5502 a b -0.0386745 7 0
0 0 13.5971 0 54.583 a b -0.0376551 7 0
0 0 13.5958 0 54.6158 a b -0.0364538 7 0
0 0 13.5944 0 54.6455 a b -0.0353385 7 0
0 0 13.5927 0 54.6785 a b -0.0341671 7 0
0 0 13.5907 0 54.7139 a b -0.0334487 7 0
0 0 13.5875 0 54.7461 a b -0.0311909 7 0
0 0 13.5864 0 54.7737 a b -0.0293847 7 0
0 0 13.5844 0 54.8019 a b -0.0281444 7 0
0 0 13.5845 0 54.8288 a b -0.0266704 7 0
0 0 13.5827 0 54.8535 a b -0.0236708 7 0
0 0 13.5823 0 54.8687 a b -0.0227347 7 0
0 0 13.5807 0 54.8885 a b -0.0222562 7 0
0 0 13.5777 0 54.9114 a b -0.0163533 7 0
0 0 13.5771 0 54.9294 a b -0.0108144 7 0
0 0 13.5756 0 54.9502 a b -0.0159607 7 0
0 0 13.5721 0 54.983 a b -0.0179838 7 0
0 0 13.5692 0 55.0173 a b -0.00989536 7 0
0 0 13.5674 0 55.0502 a b -0.00382383 7 0
0 0 13.5698 0 55.073 a b -0.00321497 7 0
0 0 13.5713 0 55.1076 a b -0.0059699 7 0
0 0 13.5709 0 55.1453 a b -0.00313706 7 0
0 0 13.5709 0 55.178 a b 0.000990803 7 0
0 0 13.5669 0 55.2146 a b 0.00523323 7 0
0 0 13.5646 0 55.2498 a b 0.00864627 7 0
0 0 13.5649 0 55.2808 a b 0.0116653 7 0
0 0 13.5659 0 55.3111 a b 0.0167414 7 0
0 0 13.5673 0 55.3478 a b 0.0196962 7 0
0 0 13.5691 0 55.378 a b 0.0212983 7 0
0 0 13.5679 0 55.4037 a b 0.027314 7 0
0 0 13.5637 0 55.4262 a b 0.0346358 7 0
0 0 13.5615 0 55.4506 a b 0.038664 7 0
0 0 13.5632 0 55.4751 a b 0.0403738 7 0
0 0 13.5725 0 55.4983 a b 0.0412047 7 0
0 0 13.5782 0 55.5268 a b 0.0490706 7 0
0 0 13.5793 0 55.5575 a b 0.0598462 7 0
0 0 13.5818 0 55.5877 a b 0.071762 7 0
0 0 13.5827 0 55.6201 a b 0.0835984 7 0
0 0 13.5829 0 55.6518 a b 0.0941074 7 0
0 0 13.5795 0 55.6807 a b 0.105042 7 0
0 0 13.5785 0 55.7077 a b 0.110492 7 0
0 0 13.5836 0 55.7367 a b 0.118713 7 0
0 0 13.5855 0 55.7644 a b 0.128725 7 0
0 0 13.5797 0 55.7893 a b 0.129843 7 0
0 0 13.5776 0 55.811 a b 0.121256 7 0
0 0 13.5837 0 55.8353 a b 0.118195 7 0
0 0 13.5823 0 55.8615 a b 0.123087 7 0
0 0 13.5795 0 55.8887 a b 0.123134 7 0
0 0 13.5836 0 55.9169 a b 0.11817 7 0
0 0 13.5893 0 55.9478 a b 0.111725 7 0
0 0 13.5959 0 55.9794 a b 0.111872 7 0
0 0 13.5986 0 56.0086 a b 0.112326 7 0
0 0 13.5993 0 56.0451 a b 0.110214 7 0
0 0 13.6004 0 56.0837 a b 0.106606 7 0
0 0 13.6011 0 56.1157 a b 0.101986 7 0
0 0 13.6041 0 56.1492 a b 0.0994503 7 0
0 0 13.6056 0 56.1748 a b 0.0969181 7 0
0 0 13.6076 0 56.2034 a b 0.0945459 7 0
0 0 13.6084 0 56.2299 a b 0.0912137 7 0
0 0 13.6075 0 56.2554 a b 0.0891652 7 0
0 0 13.6068 0 56.282 a b 0.0877836 7 0
0 0 13.606 0 56.3065 a b 0.0841604 7 0
0 0 13.6084 0 56.3307 a b 0.0787111 7 0
0 0 13.607 0 56.3618 a b 0.0763617 7 0
0 0 13.6087 0 56.3908 a b 0.0735825 7 0
0 0 13.6109 0 56.4171 a b 0.0661166 7 0
0 0 13.6142 0 56.45 a b 0.0559129 7 0
0 0 13.6145 0 56.4887 a b 0.0480681 7 0
0 0 13.6138 0 56.5264 a b 0.0432987 7 0
0 0 13.6146 0 56.5607 a b 0.0350408 7 0
0 0 13.6155 0 56.5929 a b 0.0259862 7 0
0 0 13.614 0 56.6229 a b 0.0189934 7 0
0 0 13.6142 0 56.6545 a b 0.0164214 7 0
0 0 13.6125 0 56.6814 a b 0.0139493 7 0
0 0 13.6115 0 56.712 a b 0.0113546 7 0
0 0 13.6105 0 56.7383 a b 0.0126429 7 0
0 0 13.6105 0 56.7672 a b 0.0178689 7 0
0 0 13.6091 0 56.7943 a b 0.0207825 7 0
0 0 13.61 0 56.82 a b 0.0205877 7 0
0 0 13.6079 0 56.8419 a b 0.018883 7 0
0 0 13.6076 0 56.8676 a b 0.0189311 7 0
0 0 13.6051 0 56.8916 a b 0.0222756 7 0
0 0 13.604 0 56.916 a b 0.0267247 7 0
0 0 13.6055 0 56.9436 a b 0.0295561 7 0
0 0 13.6057 0 56.9723 a b 0.0268514 7 0
0 0 13.605 0 57.0061 a b 0.0245415 7 0
0 0 13.6043 0 57.0382 a b 0.0263318 7 0
0 0 13.6031 0 57.0694 a b 0.0302732 7 0
0 0 13.6017 0 57.0997 a b 0.0340464 7 0
0 0 13.6019 0 57.1286 a b 0.0363354 7 0
0 0 13.6031 0 57.1593 a b 0.0358168 7 0
0 0 13.6025 0 57.1887 a b 0.0306486 7 0
0 0 13.6007 0 57.2178 a b 0.0279726 7 0
0 0 13.5993 0 57.2426 a b 0.0298032 7 0
0 0 13.6 0 57.2726 a b 0.0355539 7 0
0 0 13.6028 0 57.2996 a b 0.0383066 7 0
0 0 13.6033 0 57.3267 a b 0.0360066 7 0
0 0 13.604 0 57.3542 a b 0.0325245 7 0
0 0 13.6021 0 57.381 a b 0.0308061 7 0
0 0 13.5999 0 57.4051 a b 0.0351534 7 0
0 0 13.6035 0 57.4314 a b 0.042298 7 0
0 0 13.6066 0 57.4608 a b 0.0429164 7 0
0 0 13.6051 0 57.4902 a b 0.0401084 7 0
0 0 13.6033 0 57.5208 a b 0.0401186 7 0
0 0 13.6032 0 57.5492 a b 0.0452727 7 0
0 0 13.6039 0 57.579 a b 0.0481853 7 0
0 0 13.6018 0 57.6103 a b 0.0489515 7 0
0 0 13.5995 0 57.6406 a b 0.0490317 7 0
0 0 13.6013 0 57.6708 a b 0.0512787 7 0
0 0 13.6021 0 57.7009 a b 0.0523155 7 0
0 0 13.6008 0 57.7279 a b 0.0534512 7 0
0 0 13.6019 0 57.7557 a b 0.0546202 7 0
0 0 13.603 0 57.7867 a b 0.0586885 7 0
0 0 13.6041 0 57.8161 a b 0.0605912 7 0
0 0 13.6065 0 57.8439 a b 0.0623301 7 0
0 0 13.6076 0 57.868 a b 0.0654362 7 0
0 0 13.6114 0 57.8928 a b 0.0671181 7 0
0 0 13.6113 0 57.9212 a b 0.070573 7 0
0 0 13.611 0 57.9484 a b 0.0749281 7 0
0 0 13.6133 0 57.9789 a b 0.0752935 7 0
0 0 13.6161 0 58.0156 a b 0.0774546 7 0
0 0 13.6156 0 58.0506 a b 0.0814851 7 0
0 0 13.6176 0 58.0827 a b 0.0853282 7 0
0 0 13.6178 0 58.1121 a b 0.087251 7 0
0 0 13.6205 0 58.1422 a b 0.087202 7 0
0 0 13.6215 0 58.173 a b 0.0878394 7 0
0 0 13.6207 0 58.2031 a b 0.0933301 7 0
0 0 13.6221 0 58.2289 a b 0.101985 7 0
0 0 13.6215 0 58.2546 a b 0.104869 7 0
0 0 13.6236 0 58.2805 a b 0.104829 7 0
0 0 13.6253 0 58.3118 a b 0.112249 7 0
0 0 13.6243 0 58.3337 a b 0.127456 7 0
0 0 13.6241 0 58.3527 a b 0.138432 7 0
0 0 13.6225 0 58.375 a b 0.136797 7 0
0 0 13.6264 0 58.4064 a b 0.127922 7 0
0 0 13.632 0 58.4387 a b 0.127454 7 0
0 0 13.6362 0 58.4697 a b 0.133622 7 0
0 0 13.6355 0 58.5004 a b 0.129825 7 0
0 0 13.6371 0 58.5372 a b 0.122461 7 0
0 0 13.6369 0 58.57 a b 0.119759 7 0
0 0 13.6393 0 58.6019 a b 0.118025 7 0
0 0 13.641 0 58.6325 a b 0.115076 7 0
0 0 13.6428 0 58.662 a b 0.110192 7 0
0 0 13.6466 0 58.6912 a b 0.10822 7 0
0 0 13.6505 0 58.7142 a b 0.108074 7 0
0 0 13.6526 0 58.7369 a b 0.106015 7 0
0 0 13.6515 0 58.7597 a b 0.103306 7 0
0 0 13.6522 0 58.7825 a b 0.101225 7 0
0 0 13.6555 0 58.8021 a b 0.103613 7 0
0 0 13.6567 0 58.829 a b 0.107354 7 0
0 0 13.6516 0 58.8544 a b 0.10968 7 0
0 0 13.6537 0 58.8847 a b 0.105593 7 0
0 0 13.6634 0 58.9089 a b 0.0972775 7 0
0 0 13.6715 0 58.9368 a b 0.0933387 7 0
0 0 13.6682 0 58.9738 a b 0.0944644 7 0
0 0 13.6682 0 59.0091 a b 0.0894261 7 0
0 0 13.6676 0 59.044 a b 0.0848862 7 0
0 0 13.6701 0 59.0785 a b 0.0794587 7 0
0 0 13.6725 0 59.1119 a b 0.0742719 7 0
0 0 13.673 0 59.1439 a b 0.0698066 7 0
0 0 13.6713 0 59.1746 a b 0.0657552 7 0
0 0 13.6736 0 59.205 a b 0.0614628 7 0
0 0 13.677 0 59.2353 a b 0.0564959 7 0
0 0 13.6769 0 59.2622 a b 0.0543623 7 0
0 0 13.6778 0 59.2903 a b 0.0519353 7 0
0 0 13.6816 0 59.3148 a b 0.0475777 7 0
0 0 13.6843 0 59.3368 a b 0.0466258 7 0
0 0 13.6812 0 59.3579 a b 0.0473015 7 0
0 0 13.6789 0 59.3799 a b 0.0421323 7 0
0 0 13.6821 0 59.4017 a b 0.0358888 7 0
0 0 13.6876 0 59.4228 a b 0.033866 7 0
0 0 13.6855 0 59.4427 a b 0.0382067 7 0
0 0 13.6859 0 59.4694 a b 0.0390795 7 0
0 0 13.6887 0 59.4968 a b 0.0388535 7 0
0 0 13.6878 0 59.5271 a b 0.0399142 7 0
0 0 13.6851 0 59.5588 a b 0.0386961 7 0
0 0 13.6836 0 59.588 a b 0.0368688 7 0
0 0 13.684 0 59.6171 a b 0.0357792 7 0
0 0 13.6863 0 59.6499 a b 0.0381461 7 0
0 0 13.6954 0 59.687 a b 0.0396123 7 0
0 0 13.6968 0 59.7193 a b 0.0388716 7 0
0 0 13.6967 0 59.7502 a b 0.0363624 7 0
0 0 13.6937 0 59.7823 a b 0.0368199 7 0
0 0 13.6929 0 59.8131 a b 0.04123 7 0
0 0 13.6897 0 59.8464 a b 0.0431105 7 0
0 0 13.6888 0 59.8826 a b 0.0426081 7 0
0 0 13.69 0 59.9153 a b 0.0419999 7 0
0 0 13.6917 0 59.9431 a b 0.0406347 7 0
0 0 13.6922 0 59.9739 a b 0.037561 7 0
0 0 13.6926 0 60.0011 a b 0.0394396 7 0
0 0 13.6953 0 60.0336 a b 0.0438401 7 0
0 0 13.6958 0 60.0643 a b 0.0463595 7 0
0 0 13.6954 0 60.0935 a b 0.0465339 7 0
0 0 13.6962 0 60.1196 a b 0.0446246 7 0
0 0 13.6969 0 60.1388 a b 0.0435003 7 0
0 0 13.6981 0 60.1564 a b 0.0460414 7 0
0 0 13.6955 0 60.1814 a b 0.049507 7 0
0 0 13.6953 0 60.2061 a b 0.0518704 7 0
0 0 13.6942 0 60.2257 a b 0.0521058 7 0
0 0 13.6929 0 60.2535 a b 0.0494904 7 0
0 0 13.6924 0 60.285 a b 0.044904 7 0
0 0 13.6895 0 60.3089 a b 0.0419638 7 0
0 0 13.6907 0 60.3391 a b 0.0417366 7 0
0 0 13.6944 0 60.372 a b 0.0400282 7 0
0 0 13.6929 0 60.4129 a b 0.0358293 7 0
0 0 13.6895 0 60.4497 a b 0.0318162 7 0
0 0 13.6892 0 60.4801 a b 0.0285337 7 0
0 0 13.6869 0 60.5143 a b 0.0249323 7 0
0 0 13.6901 0 60.5539 a b 0.0223535 7 0
0 0 13.6891 0 60.5825 a b 0.019987 7 0
0 0 13.6901 0 60.6076 a b 0.0201183 7 0
0 0 13.6929 0 60.635 a b 0.0182725 7 0
0 0 13.6933 0 60.655 a b 0.0143852 7 0
0 0 13.6901 0 60.6693 a b 0.0122973 7 0
0 0 13.6879 0 60.684 a b 0.012588 7 0
0 0 13.6883 0 60.6989 a b 0.00914814 7 0
0 0 13.6894 0 60.7133 a b 0.00344196 7 0
0 0 13.6857 0 60.729 a b -0.00356327 7 0
0 0 13.6844 0 60.7543 a b -0.00462753 7 0
0 0 13.6905 0 60.7796 a b -0.00683234 7 0
0 0 13.6925 0 60.8202 a b -0.0168177 7 0
0 0 13.6837 0 60.8617 a b -0.0305579 7 0
0 0 13.6727 0 60.9093 a b -0.0358374 7 0
0 0 13.6698 0 60.956 a b -0.0408156 7 0
0 0 13.6638 0 61.0014 a b -0.047242 7 0
0 0 13.669 0 61.0464 a b -0.0475422 7 0
0 0 13.6703 0 61.0874 a b -0.0481216 7 0
0 0 13.6667 0 61.124 a b -0.0494151 7 0
0 0 13.6652 0 61.1559 a b -0.0488883 7 0
0 0 13.6647 0 61.181 a b -0.0488093 7 0
0 0 13.6627 0 61.2025 a b -0.0473888 7 0
0 0 13.6607 0 61.2213 a b -0.0479259 7 0
0 0 13.6577 0 61.2403 a b -0.0496761 7 0
0 0 13.662 0 61.2537 a b -0.0427628 7 0
0 0 13.6648 0 61.264 a b -0.0485217 7 0
0 0 13.6513 0 61.2835 a b -0.0470731 7 0
0 0 13.643 0 61.3049 a b -0.0406823 7 0
0 0 13.6356 0 61.3389 a b -0.0439773 7 0
0 0 13.6338 0 61.3805 a b -0.0441356 7 0
0 0 13.6303 0 61.4283 a b -0.0460591 7 0
0 0 13.622 0 61.4767 a b -0.0452043 7 0
0 0 13.621 0 61.5211 a b -0.0489101 7 0
0 0 13.6213 0 61.567 a b -0.0534941 7 0
0 0 13.6237 0 61.6128 a b -0.0550746 7 0
0 0 13.6172 0 61.6493 a b -0.053783 7 0
