0 0 19.9651 0 61.4674 a b 1.6086 8 0
0 0 19.9916 0 61.4723 a b 1.60969 8 0
0 0 20.0179 0 61.475 a b 1.61051 8 0
0 0 20.0409 0 61.4736 a b 1.61222 8 0
0 0 20.0697 0 61.4721 a b 1.60698 8 0
0 0 20.101 0 61.4742 a b 1.59782 8 0
0 0 20.1275 0 61.4747 a b 1.59584 8 0
0 0 20.1581 0 61.4708 a b 1.60014 8 0
0 0 20.1876 0 61.467 a b 1.60086 8 0
0 0 20.2177 0 61.4666 a b 1.5984 8 0
0 0 20.2472 0 61.4649 a b 1.59811 8 0
0 0 20.2743 0 61.4668 a b 1.59869 8 0
0 0 20.3016 0 61.4668 a b 1.60221 8 0
0 0 20.3218 0 61.465 a b 1.60378 8 0
0 0 20.3488 0 61.4664 a b 1.60273 8 0
0 0 20.3746 0 61.4632 a b 1.59872 8 0
0 0 20.3986 0 61.4619 a b 1.59444 8 0
0 0 20.4227 0 61.4621 a b 1.59046 8 0
0 0 20.4504 0 61.469 a b 1.5911 8 0
0 0 20.4815 0 61.4744 a b 1.59566 8 0
0 0 20.5086 0 61.477 a b 1.60118 8 0
0 0 20.535 0 61.4718 a b 1.59636 8 0
0 0 20.5683 0 61.4669 a b 1.58759 8 0
0 0 20.619 0 61.4688 a b 1.58661 8 0
0 0 20.6595 0 61.4617 a b 1.59103 8 0
0 0 20.6944 0 61.4572 a b 1.59017 8 0
0 0 20.7285 0 61.4565 a b 1.58836 8 0
0 0 20.7611 0 61.4561 a b 1.58714 8 0
0 0 20.7899 0 61.4582 a b 1.58525 8 0
0 0 20.815 0 61.4629 a b 1.58405 8 0
0 0 20.8412 0 61.4694 a b 1.5867 8 0
0 0 20.861 0 61.4721 a b 1.58974 8 0
0 0 20.878 0 61.4683 a b 1.58902 8 0
0 0 20.8933 0 61.4675 a b 1.58292 8 0
0 0 20.9141 0 61.4634 a b 1.57766 8 0
0 0 20.9364 0 61.4625 a b 1.57206 8 0
0 0 20.9605 0 61.4666 a b 1.57265 8 0
0 0 20.9812 0 61.4737 a b 1.57834 8 0
0 0 20.9992 0 61.4752 a b 1.58293 8 0
0 0 21.025 0 61.4727 a b 1.57795 8 0
0 0 21.0626 0 61.4706 a b 1.5679 8 0
0 0 21.1093 0 61.4665 a b 1.56401 8 0
0 0 21.1492 0 61.4664 a b 1.56863 8 0
0 0 21.1858 0 61.4631 a b 1.57208 8 0
0 0 21.2236 0 61.4664 a b 1.57501 8 0
0 0 21.2564 0 61.4686 a b 1.57425 8 0
0 0 21.2888 0 61.4716 a b 1.57216 8 0
0 0 21.3246 0 61.4762 a b 1.57112 8 0
0 0 21.3504 0 61.4769 a b 1.57152 8 0
0 0 21.3763 0 61.4806 a b 1.56973 8 0
0 0 21.4004 0 61.4811 a b 1.56544 8 0
0 0 21.4231 0 61.4803 a b 1.563 8 0
0 0 21.4429 0 61.4844 a b 1.56106 8 0
0 0 21.4603 0 61.4846 a b 1.55837 8 0
0 0 21.4845 0 61.4843 a b 1.55907 8 0
0 0 21.5034 0 61.4844 a b 1.5645 8 0
0 0 21.5267 0 61.4918 a b 1.5662 8 0
0 0 21.5426 0 61.4966 a b 1.55782 8 0
0 0 21.5692 0 61.4904 a b 1.54962 8 0
0 0 21.6105 0 61.4854 a b 1.55049 8 0
0 0 21.6556 0 61.4878 a b 1.55886 8 0
0 0 21.699 0 61.4922 a b 1.56024 8 0
0 0 21.7341 0 61.4956 a b 1.55676 8 0
0 0 21.7713 0 61.4985 a b 1.55321 8 0
0 0 21.8052 0 61.499 a b 1.55126 8 0
0 0 21.8376 0 61.5028 a b 1.54967 8 0
0 0 21.8752 0 61.5035 a b 1.54974 8 0
0 0 21.9084 0 61.5051 a b 1.5508 8 0
0 0 21.9414 0 61.5109 a b 1.54895 8 0
0 0 21.9669 0 61.5145 a b 1.54506 8 0
0 0 21.9956 0 61.5159 a b 1.54074 8 0
0 0 22.0211 0 61.5116 a b 1.53937 8 0
0 0 22.0451 0 61.5094 a b 1.5404 8 0
0 0 22.0701 0 61.5108 a b 1.54268 8 0
0 0 22.0935 0 61.5078 a b 1.54483 8 0
0 0 22.1151 0 61.5078 a b 1.54786 8 0
0 0 22.1317 0 61.5024 a b 1.54987 8 0
0 0 22.1475 0 61.5051 a b 1.54881 8 0
0 0 22.1837 0 61.5113 a b 1.54814 8 0
0 0 22.2164 0 61.5145 a b 1.54376 8 0
0 0 22.2484 0 61.5174 a b 1.54128 8 0
0 0 22.2811 0 61.5206 a b 1.53929 8 0
0 0 22.3118 0 61.5229 a b 1.53951 8 0
0 0 22.344 0 61.5241 a b 1.53928 8 0
0 0 22.3726 0 61.5282 a b 1.53623 8 0
0 0 22.4022 0 61.5289 a b 1.53324 8 0
0 0 22.4315 0 61.5306 a b 1.53287 8 0
0 0 22.4563 0 61.5338 a b 1.53415 8 0
0 0 22.4825 0 61.5365 a b 1.53335 8 0
0 0 22.5079 0 61.5386 a b 1.53287 8 0
0 0 22.5308 0 61.5426 a b 1.53207 8 0
0 0 22.5574 0 61.5448 a b 1.53176 8 0
0 0 22.5827 0 61.5485 a b 1.5308 8 0
0 0 22.6073 0 61.548 a b 1.52882 8 0
0 0 22.635 0 61.5536 a b 1.52802 8 0
0 0 22.6613 0 61.5482 a b 1.52907 8 0
0 0 22.6953 0 61.5455 a b 1.53046 8 0
0 0 22.7298 0 61.5496 a b 1.52713 8 0
0 0 22.7598 0 61.5536 a b 1.5235 8 0
0 0 22.788 0 61.5526 a b 1.52308 8 0
0 0 22.8164 0 61.5521 a b 1.52531 8 0
0 0 22.8462 0 61.5521 a b 1.52725 8 0
0 0 22.8738 0 61.5563 a b 1.52547 8 0
0 0 22.8961 0 61.5564 a b 1.5237 8 0
0 0 22.9196 0 61.5578 a b 1.52606 8 0
0 0 22.9452 0 61.5535 a b 1.52963 8 0
0 0 22.9711 0 61.5549 a b 1.52871 8 0
0 0 22.9914 0 61.5595 a b 1.52406 8 0
0 0 23.0116 0 61.5687 a b 1.52393 8 0
0 0 23.0419 0 61.5688 a b 1.52638 8 0
0 0 23.0712 0 61.5686 a b 1.52603 8 0
0 0 23.1068 0 61.5697 a b 1.51799 8 0
0 0 23.1456 0 61.5764 a b 1.50847 8 0
0 0 23.1803 0 61.5814 a b 1.50689 8 0
0 0 23.2154 0 61.5806 a b 1.50967 8 0
0 0 23.2465 0 61.5794 a b 1.50973 8 0
0 0 23.2775 0 61.5807 a b 1.51053 8 0
0 0 23.3063 0 61.5827 a b 1.51182 8 0
0 0 23.3345 0 61.5884 a b 1.51211 8 0
0 0 23.3616 0 61.5881 a b 1.5135 8 0
0 0 23.3879 0 61.5893 a b 1.51528 8 0
0 0 23.416 0 61.5916 a b 1.51643 8 0
0 0 23.4416 0 61.5972 a b 1.51886 8 0
0 0 23.4655 0 61.5993 a b 1.52183 8 0
0 0 23.4878 0 61.5985 a b 1.52419 8 0
0 0 23.5146 0 61.603 a b 1.52526 8 0
0 0 23.5394 0 61.6066 a b 1.52865 8 0
0 0 23.569 0 61.608 a b 1.5339 8 0
0 0 23.5905 0 61.6036 a b 1.53504 8 0
0 0 23.6292 0 61.6085 a b 1.53276 8 0
0 0 23.6721 0 61.6126 a b 1.53138 8 0
0 0 23.7113 0 61.613 a b 1.53454 8 0
0 0 23.7485 0 61.6122 a b 1.53749 8 0
0 0 23.7861 0 61.6146 a b 1.53718 8 0
0 0 23.8192 0 61.6184 a b 1.53828 8 0
0 0 23.8493 0 61.6191 a b 1.54045 8 0
0 0 23.8773 0 61.6232 a b 1.54287 8 0
0 0 23.9017 0 61.622 a b 1.54431 8 0
0 0 23.9229 0 61.6223 a b 1.54388 8 0
0 0 23.9435 0 61.6259 a b 1.5413 8 0
0 0 23.9645 0 61.6293 a b 1.54262 8 0
0 0 23.9895 0 61.6306 a b 1.54677 8 0
0 0 24.008 0 61.6314 a b 1.55248 8 0
0 0 24.032 0 61.6325 a b 1.55606 8 0
0 0 24.0564 0 61.631 a b 1.55728 8 0
0 0 24.0879 0 61.6301 a b 1.55578 8 0
0 0 24.1245 0 61.6291 a b 1.55195 8 0
0 0 24.1612 0 61.6317 a b 1.55036 8 0
0 0 24.1958 0 61.6373 a b 1.5541 8 0
0 0 24.2295 0 61.636 a b 1.55766 8 0
0 0 24.2632 0 61.6351 a b 1.56112 8 0
0 0 24.2905 0 61.6357 a b 1.56157 8 0
0 0 24.3174 0 61.6373 a b 1.55897 8 0
0 0 24.3486 0 61.6373 a b 1.55599 8 0
0 0 24.3773 0 61.6406 a b 1.55877 8 0
0 0 24.3984 0 61.6375 a b 1.5633 8 0
0 0 24.4207 0 61.6348 a b 1.56585 8 0
0 0 24.4369 0 61.6321 a b 1.56334 8 0
0 0 24.4571 0 61.6384 a b 1.56201 8 0
0 0 24.4792 0 61.646 a b 1.56975 8 0
0 0 24.4974 0 61.6527 a b 1.57668 8 0
0 0 24.5072 0 61.6512 a b 1.57841 8 0
0 0 24.5333 0 61.6443 a b 1.57098 8 0
0 0 24.5823 0 61.64 a b 1.56417 8 0
0 0 24.6351 0 61.6344 a b 1.56469 8 0
0 0 24.6811 0 61.6357 a b 1.57242 8 0
0 0 24.7212 0 61.6366 a b 1.57326 8 0
0 0 24.7594 0 61.637 a b 1.573 8 0
0 0 24.7996 0 61.6396 a b 1.57404 8 0
0 0 24.8336 0 61.6426 a b 1.57416 8 0
0 0 24.8702 0 61.647 a b 1.57299 8 0
0 0 24.9043 0 61.647 a b 1.57419 8 0
0 0 24.9293 0 61.6453 a b 1.57565 8 0
0 0 24.9531 0 61.6456 a b 1.57632 8 0
0 0 24.9733 0 61.6446 a b 1.57573 8 0
0 0 24.9933 0 61.643 a b 1.57698 8 0
0 0 25.0094 0 61.6458 a b 1.58029 8 0
0 0 25.0259 0 61.6457 a b 1.58415 8 0
0 0 25.0481 0 61.6466 a b 1.58814 8 0
0 0 25.0679 0 61.6484 a b 1.59076 8 0
0 0 25.0929 0 61.6475 a b 1.58938 8 0
0 0 25.1157 0 61.6413 a b 1.58383 8 0
0 0 25.1592 0 61.6428 a b 1.58377 8 0
0 0 25.1998 0 61.6464 a b 1.58485 8 0
0 0 25.2411 0 61.6484 a b 1.58276 8 0
0 0 25.282 0 61.6506 a b 1.58271 8 0
0 0 25.3231 0 61.6506 a b 1.58419 8 0
0 0 25.3605 0 61.6545 a b 1.5832 8 0
0 0 25.4014 0 61.6497 a b 1.58194 8 0
0 0 25.4363 0 61.6489 a b 1.58261 8 0
0 0 25.468 0 61.6538 a b 1.58258 8 0
0 0 25.4961 0 61.6566 a b 1.58076 8 0
0 0 25.5168 0 61.6526 a b 1.57864 8 0
0 0 25.5395 0 61.6535 a b 1.58072 8 0
0 0 25.5579 0 61.655 a b 1.57831 8 0
0 0 25.5735 0 61.6532 a b 1.57549 8 0
0 0 25.5944 0 61.6473 a b 1.57821 8 0
0 0 25.6136 0 61.649 a b 1.57952 8 0
0 0 25.6356 0 61.652 a b 1.5769 8 0
0 0 25.6566 0 61.6513 a b 1.57472 8 0
0 0 25.692 0 61.6555 a b 1.5741 8 0
0 0 25.7221 0 61.6551 a b 1.57125 8 0
0 0 25.7484 0 61.6541 a b 1.56846 8 0
0 0 25.7774 0 61.6527 a b 1.56966 8 0
0 0 25.8077 0 61.6557 a b 1.56996 8 0
0 0 25.8359 0 61.6551 a b 1.56875 8 0
0 0 25.8703 0 61.6552 a b 1.56496 8 0
0 0 25.9043 0 61.6608 a b 1.55464 8 0
0 0 25.9329 0 61.6582 a b 1.54552 8 0
0 0 25.964 0 61.6593 a b 1.53605 8 0
0 0 25.9968 0 61.6609 a b 1.52665 8 0
0 0 26.0296 0 61.6602 a b 1.5201 8 0
0 0 26.064 0 61.6643 a b 1.51369 8 0
0 0 26.102 0 61.6658 a b 1.51351 8 0
0 0 26.1452 0 61.6651 a b 1.51608 8 0
0 0 26.1853 0 61.6706 a b 1.51068 8 0
0 0 26.2198 0 61.6708 a b 1.5126 8 0
