0 0 26.2144 0 61.6074 a b -3.13986 8 0
0 0 26.2159 0 61.5973 a b -3.13522 8 0
0 0 26.2164 0 61.5783 a b -3.13461 8 0
0 0 26.2194 0 61.5563 a b -3.13624 8 0
0 0 26.2201 0 61.5319 a b -3.13641 8 0
0 0 26.2197 0 61.5116 a b -3.13474 8 0
0 0 26.2213 0 61.4916 a b -3.13044 8 0
0 0 26.2214 0 61.4731 a b -3.12936 8 0
0 0 26.2204 0 61.4569 a b -3.12945 8 0
0 0 26.2211 0 61.4377 a b -3.13186 8 0
0 0 26.2233 0 61.4183 a b -3.13235 8 0
0 0 26.2282 0 61.3954 a b -3.12943 8 0
0 0 26.225 0 61.3672 a b -3.12632 8 0
0 0 26.2178 0 61.3354 a b -3.12858 8 0
0 0 26.2184 0 61.3032 a b -3.13419 8 0
0 0 26.2243 0 61.2709 a b -3.13542 8 0
0 0 26.2277 0 61.2329 a b -3.13169 8 0
0 0 26.2301 0 61.1975 a b -3.13026 8 0
0 0 26.2313 0 61.1608 a b -3.13076 8 0
0 0 26.2295 0 61.1318 a b -3.13312 8 0
0 0 26.2273 0 61.0965 a b -3.13638 8 0
0 0 26.2292 0 61.0501 a b -3.13439 8 0
0 0 26.2306 0 61.0085 a b -3.13222 8 0
0 0 26.231 0 60.9629 a b -3.12917 8 0
0 0 26.2298 0 60.9199 a b -3.12877 8 0
0 0 26.2289 0 60.8854 a b -3.12876 8 0
0 0 26.2278 0 60.8529 a b -3.12538 8 0
0 0 26.2271 0 60.8239 a b -3.12329 8 0
0 0 26.2311 0 60.8035 a b -3.11974 8 0
0 0 26.2282 0 60.7856 a b -3.11734 8 0
0 0 26.2282 0 60.7647 a b -3.11902 8 0
0 0 26.2268 0 60.7541 a b -3.10975 8 0
0 0 26.2206 0 60.7437 a b -3.10809 8 0
0 0 26.2187 0 60.7265 a b -3.10591 8 0
0 0 26.2185 0 60.7078 a b -3.10364 8 0
0 0 26.2209 0 60.6861 a b -3.10495 8 0
0 0 26.221 0 60.6687 a b -3.10251 8 0
0 0 26.221 0 60.6587 a b -3.10372 8 0
0 0 26.2231 0 60.6372 a b -3.0964 8 0
0 0 26.2245 0 60.6246 a b -3.09992 8 0
0 0 26.2273 0 60.6063 a b -3.10889 8 0
0 0 26.2253 0 60.5889 a b -3.11267 8 0
0 0 26.2315 0 60.5722 a b -3.10855 8 0
0 0 26.229 0 60.552 a b -3.1088 8 0
0 0 26.2272 0 60.5346 a b -3.10745 8 0
0 0 26.2271 0 60.5137 a b -3.1088 8 0
0 0 26.2276 0 60.4868 a b -3.11013 8 0
0 0 26.2305 0 60.4723 a b -3.10639 8 0
0 0 26.2347 0 60.4597 a b -3.10778 8 0
0 0 26.2334 0 60.441 a b -3.11406 8 0
0 0 26.2256 0 60.4049 a b -3.11207 8 0
0 0 26.2216 0 60.3816 a b -3.09916 8 0
0 0 26.2165 0 60.3585 a b -3.1005 8 0
0 0 26.2139 0 60.3206 a b -3.10705 8 0
0 0 26.2155 0 60.2751 a b -3.10452 8 0
0 0 26.2177 0 60.2391 a b -3.09604 8 0
0 0 26.2227 0 60.2107 a b -3.09282 8 0
0 0 26.2246 0 60.1792 a b -3.1007 8 0
0 0 26.2246 0 60.1376 a b -3.11006 8 0
0 0 26.2188 0 60.0935 a b -3.10555 8 0
0 0 26.2157 0 60.0545 a b -3.09847 8 0
0 0 26.2189 0 60.0317 a b -3.10211 8 0
0 0 26.2196 0 60.0056 a b -3.10741 8 0
0 0 26.218 0 59.9808 a b -3.10052 8 0
0 0 26.224 0 59.9638 a b -3.09263 8 0
0 0 26.2292 0 59.9487 a b -3.09259 8 0
0 0 26.2241 0 59.9301 a b -3.09943 8 0
0 0 26.2144 0 59.9148 a b -3.10133 8 0
0 0 26.2069 0 59.8926 a b -3.098 8 0
0 0 26.2087 0 59.8605 a b -3.09112 8 0
0 0 26.2128 0 59.8231 a b -3.08759 8 0
0 0 26.2129 0 59.7862 a b -3.0884 8 0
0 0 26.2109 0 59.7467 a b -3.0895 8 0
0 0 26.2112 0 59.7092 a b -3.08982 8 0
0 0 26.2101 0 59.6671 a b -3.0908 8 0
0 0 26.2087 0 59.6265 a b -3.0928 8 0
0 0 26.2084 0 59.588 a b -3.09373 8 0
0 0 26.2079 0 59.5493 a b -3.09588 8 0
0 0 26.2076 0 59.5189 a b -3.09857 8 0
0 0 26.2107 0 59.4939 a b -3.1009 8 0
0 0 26.2096 0 59.4723 a b -3.10334 8 0
0 0 26.2085 0 59.4575 a b -3.10168 8 0
0 0 26.2077 0 59.4463 a b -3.09892 8 0
0 0 26.2082 0 59.4269 a b -3.09851 8 0
0 0 26.2146 0 59.4026 a b -3.10351 8 0
0 0 26.212 0 59.3877 a b -3.11359 8 0
0 0 26.2082 0 59.3609 a b -3.11822 8 0
0 0 26.2102 0 59.3212 a b -3.11477 8 0
0 0 26.2121 0 59.2744 a b -3.11682 8 0
0 0 26.2158 0 59.2331 a b -3.12819 8 0
0 0 26.2116 0 59.1971 a b -3.13972 8 0
0 0 26.2093 0 59.1583 a b 3.13342 8 0
0 0 26.2106 0 59.1213 a b 3.123 8 0
0 0 26.2126 0 59.0863 a b 3.1114 8 0
0 0 26.2158 0 59.0554 a b 3.10124 8 0
0 0 26.2132 0 59.0275 a b 3.09438 8 0
0 0 26.214 0 59.0067 a b 3.08706 8 0
0 0 26.2142 0 58.987 a b 3.08084 8 0
0 0 26.2143 0 58.968 a b 3.07957 8 0
0 0 26.2121 0 58.9479 a b 3.08025 8 0
0 0 26.2127 0 58.9293 a b 3.07427 8 0
0 0 26.215 0 58.9131 a b 3.06873 8 0
0 0 26.2157 0 58.8992 a b 3.06729 8 0
0 0 26.2193 0 58.873 a b 3.06973 8 0
0 0 26.2228 0 58.847 a b 3.06185 8 0
0 0 26.2317 0 58.8227 a b 3.05714 8 0
0 0 26.2375 0 58.7804 a b 3.05473 8 0
0 0 26.2476 0 58.7476 a b 3.04789 8 0
0 0 26.2487 0 58.7175 a b 3.0505 8 0
0 0 26.2539 0 58.6807 a b 3.0603 8 0
0 0 26.2545 0 58.6379 a b 3.06613 8 0
0 0 26.256 0 58.5999 a b 3.06153 8 0
0 0 26.2609 0 58.5715 a b 3.05614 8 0
0 0 26.2681 0 58.5487 a b 3.06153 8 0
0 0 26.2704 0 58.5194 a b 3.07432 8 0
0 0 26.2727 0 58.4905 a b 3.0829 8 0
0 0 26.2719 0 58.46 a b 3.08334 8 0
0 0 26.2738 0 58.439 a b 3.07541 8 0
0 0 26.28 0 58.4298 a b 3.07653 8 0
0 0 26.278 0 58.4079 a b 3.09132 8 0
0 0 26.2775 0 58.3813 a b 3.09959 8 0
0 0 26.2796 0 58.3571 a b 3.0978 8 0
0 0 26.2855 0 58.332 a b 3.10409 8 0
0 0 26.2914 0 58.3006 a b 3.11639 8 0
0 0 26.2983 0 58.2646 a b 3.12734 8 0
0 0 26.3027 0 58.2324 a b 3.14096 8 0
0 0 26.3042 0 58.1989 a b -3.1301 8 0
0 0 26.3033 0 58.1677 a b -3.11889 8 0
0 0 26.3047 0 58.1313 a b -3.10915 8 0
0 0 26.3046 0 58.0982 a b -3.10025 8 0
0 0 26.3017 0 58.0676 a b -3.09423 8 0
0 0 26.3034 0 58.0416 a b -3.09037 8 0
0 0 26.3044 0 58.0145 a b -3.08654 8 0
0 0 26.3054 0 57.9893 a b -3.08138 8 0
0 0 26.303 0 57.9626 a b -3.08012 8 0
0 0 26.3017 0 57.932 a b -3.08367 8 0
0 0 26.3001 0 57.9062 a b -3.08515 8 0
0 0 26.2979 0 57.8793 a b -3.08273 8 0
0 0 26.2944 0 57.8487 a b -3.08116 8 0
0 0 26.2925 0 57.8188 a b -3.08206 8 0
0 0 26.2939 0 57.7906 a b -3.08275 8 0
0 0 26.2908 0 57.7628 a b -3.08423 8 0
0 0 26.2892 0 57.7338 a b -3.08618 8 0
0 0 26.2882 0 57.702 a b -3.08364 8 0
0 0 26.2845 0 57.6698 a b -3.0792 8 0
0 0 26.2811 0 57.6431 a b -3.07992 8 0
0 0 26.2786 0 57.6115 a b -3.0851 8 0
0 0 26.2824 0 57.5833 a b -3.08568 8 0
0 0 26.28 0 57.5628 a b -3.08078 8 0
0 0 26.2788 0 57.5368 a b -3.08004 8 0
0 0 26.2786 0 57.5074 a b -3.08391 8 0
0 0 26.2776 0 57.4824 a b -3.08765 8 0
0 0 26.2783 0 57.456 a b -3.08554 8 0
0 0 26.2781 0 57.4268 a b -3.08205 8 0
0 0 26.2781 0 57.3985 a b -3.08301 8 0
0 0 26.2797 0 57.3699 a b -3.08565 8 0
0 0 26.2824 0 57.3404 a b -3.09039 8 0
0 0 26.2822 0 57.3081 a b -3.09364 8 0
0 0 26.28 0 57.2761 a b -3.09511 8 0
0 0 26.2796 0 57.2442 a b -3.09569 8 0
0 0 26.2794 0 57.2124 a b -3.09726 8 0
0 0 26.2785 0 57.1876 a b -3.10039 8 0
0 0 26.2751 0 57.154 a b -3.10629 8 0
0 0 26.2746 0 57.1208 a b -3.10824 8 0
0 0 26.2767 0 57.0951 a b -3.10814 8 0
0 0 26.2792 0 57.0758 a b -3.11089 8 0
0 0 26.28 0 57.0535 a b -3.11917 8 0
0 0 26.2784 0 57.0219 a b -3.12654 8 0
0 0 26.2774 0 56.9936 a b -3.12536 8 0
0 0 26.2775 0 56.9712 a b -3.12226 8 0
0 0 26.2766 0 56.9489 a b -3.12283 8 0
0 0 26.2742 0 56.9211 a b -3.12737 8 0
0 0 26.2729 0 56.8862 a b -3.12972 8 0
0 0 26.2724 0 56.8503 a b -3.13192 8 0
0 0 26.2754 0 56.8223 a b -3.13632 8 0
0 0 26.2743 0 56.796 a b 3.1405 8 0
0 0 26.2752 0 56.7614 a b 3.1367 8 0
0 0 26.2756 0 56.7299 a b 3.1348 8 0
0 0 26.2764 0 56.6992 a b 3.13043 8 0
0 0 26.2757 0 56.6664 a b 3.12624 8 0
0 0 26.2776 0 56.6354 a b 3.12623 8 0
0 0 26.2812 0 56.6105 a b 3.12387 8 0
0 0 26.2817 0 56.5847 a b 3.12013 8 0
0 0 26.2839 0 56.5614 a b 3.11753 8 0
0 0 26.2856 0 56.5397 a b 3.11529 8 0
0 0 26.2862 0 56.5155 a b 3.11379 8 0
0 0 26.2853 0 56.4922 a b 3.11195 8 0
0 0 26.2841 0 56.4671 a b 3.10926 8 0
0 0 26.2849 0 56.4418 a b 3.10852 8 0
0 0 26.2896 0 56.419 a b 3.1102 8 0
0 0 26.2978 0 56.3948 a b 3.10541 8 0
0 0 26.2968 0 56.362 a b 3.10155 8 0
0 0 26.2955 0 56.3329 a b 3.09953 8 0
0 0 26.2927 0 56.3024 a b 3.09799 8 0
0 0 26.2927 0 56.2748 a b 3.09923 8 0
0 0 26.2958 0 56.2461 a b 3.10029 8 0
0 0 26.2991 0 56.2162 a b 3.09736 8 0
0 0 26.2978 0 56.1886 a b 3.09457 8 0
0 0 26.2968 0 56.159 a b 3.09786 8 0
0 0 26.2989 0 56.1292 a b 3.1034 8 0
0 0 26.3026 0 56.098 a b 3.10698 8 0
0 0 26.3033 0 56.0687 a b 3.10877 8 0
0 0 26.3055 0 56.0347 a b 3.10841 8 0
0 0 26.3056 0 56.0006 a b 3.11001 8 0
0 0 26.307 0 55.9642 a b 3.11343 8 0
0 0 26.311 0 55.9263 a b 3.11529 8 0
0 0 26.3137 0 55.8929 a b 3.11474 8 0
0 0 26.3161 0 55.8585 a b 3.11618 8 0
0 0 26.3134 0 55.8242 a b 3.11964 8 0
0 0 26.315 0 55.7951 a b 3.12032 8 0
0 0 26.3142 0 55.7697 a b 3.12022 8 0
0 0 26.3167 0 55.7421 a b 3.12414 8 0
0 0 26.3176 0 55.7108 a b 3.1274 8 0
0 0 26.3207 0 55.6833 a b 3.12507 8 0
0 0 26.3251 0 55.6583 a b 3.12474 8 0
0 0 26.3281 0 55.6303 a b 3.13158 8 0
0 0 26.3223 0 55.5887 a b 3.13821 8 0
0 0 26.3208 0 55.5535 a b 3.13705 8 0
0 0 26.3206 0 55.5263 a b 3.13478 8 0
0 0 26.3244 0 55.4953 a b 3.14055 8 0
0 0 26.3311 0 55.4618 a b -3.13735 8 0
0 0 26.3374 0 55.4295 a b -3.13775 8 0
0 0 26.3384 0 55.4001 a b -3.13802 8 0
0 0 26.335 0 55.3729 a b -3.1394 8 0
0 0 26.3308 0 55.3499 a b 3.14055 8 0
0 0 26.3256 0 55.3236 a b 3.13712 8 0
0 0 26.3272 0 55.2977 a b 3.1393 8 0
0 0 26.3287 0 55.2758 a b -3.13154 8 0
0 0 26.3313 0 55.2439 a b -3.12011 8 0
0 0 26.334 0 55.2057 a b -3.12483 8 0
0 0 26.3351 0 55.1801 a b -3.13459 8 0
0 0 26.3364 0 55.1498 a b 3.14037 8 0
0 0 26.333 0 55.1309 a b 3.14048 8 0
0 0 26.3291 0 55.1031 a b -3.13866 8 0
0 0 26.325 0 55.0743 a b -3.13671 8 0
0 0 26.3219 0 55.0452 a b -3.13951 8 0
0 0 26.3228 0 55.0241 a b 3.13828 8 0
0 0 26.3289 0 55.0094 a b -3.13717 8 0
0 0 26.3306 0 54.9865 a b -3.12861 8 0
0 0 26.3364 0 54.9653 a b -3.1239 8 0
0 0 26.3302 0 54.9436 a b -3.11881 8 0
0 0 26.3224 0 54.9194 a b -3.12308 8 0
0 0 26.3163 0 54.8997 a b -3.13534 8 0
0 0 26.3289 0 54.8796 a b -3.13996 8 0
0 0 26.3364 0 54.8533 a b -3.12591 8 0
0 0 26.3302 0 54.814 a b -3.11524 8 0
0 0 26.3274 0 54.7736 a b -3.11679 8 0
0 0 26.3273 0 54.7331 a b -3.12332 8 0
0 0 26.3237 0 54.6942 a b -3.12996 8 0
0 0 26.3319 0 54.6545 a b -3.13137 8 0
0 0 26.3266 0 54.6139 a b -3.12043 8 0
0 0 26.3216 0 54.5806 a b -3.11685 8 0
0 0 26.3185 0 54.5514 a b -3.11832 8 0
0 0 26.3185 0 54.5229 a b -3.12205 8 0
0 0 26.3234 0 54.4935 a b -3.12123 8 0
0 0 26.3217 0 54.4711 a b -3.11564 8 0
0 0 26.3182 0 54.4473 a b -3.11436 8 0
0 0 26.3197 0 54.4203 a b -3.11786 8 0
0 0 26.3212 0 54.3913 a b -3.11509 8 0
0 0 26.3173 0 54.3634 a b -3.11142 8 0
0 0 26.3158 0 54.3342 a b -3.11205 8 0
0 0 26.3153 0 54.302 a b -3.11237 8 0
0 0 26.32 0 54.271 a b -3.11104 8 0
0 0 26.3197 0 54.2419 a b -3.10844 8 0
0 0 26.3168 0 54.2111 a b -3.11001 8 0
0 0 26.3145 0 54.1776 a b -3.11238 8 0
0 0 26.3142 0 54.1394 a b -3.10984 8 0
0 0 26.3139 0 54.1121 a b -3.10658 8 0
0 0 26.31 0 54.084 a b -3.10587 8 0
0 0 26.3105 0 54.0535 a b -3.10474 8 0
0 0 26.3101 0 54.0282 a b -3.10444 8 0
0 0 26.3111 0 53.9988 a b -3.10304 8 0
0 0 26.3101 0 53.9709 a b -3.10078 8 0
0 0 26.3094 0 53.9477 a b -3.09965 8 0
0 0 26.3051 0 53.9208 a b -3.10037 8 0
0 0 26.3076 0 53.8916 a b -3.09951 8 0
0 0 26.3092 0 53.8646 a b -3.09721 8 0
0 0 26.3078 0 53.8362 a b -3.09627 8 0
0 0 26.3049 0 53.806 a b -3.09678 8 0
0 0 26.3036 0 53.7723 a b -3.09548 8 0
0 0 26.3023 0 53.7457 a b -3.09322 8 0
0 0 26.3017 0 53.7188 a b -3.09197 8 0
0 0 26.3013 0 53.6951 a b -3.09312 8 0
0 0 26.3023 0 53.6704 a b -3.09288 8 0
0 0 26.3037 0 53.6468 a b -3.09547 8 0
0 0 26.3029 0 53.6167 a b -3.09844 8 0
0 0 26.3005 0 53.5865 a b -3.0966 8 0
0 0 26.2995 0 53.554 a b -3.08991 8 0
0 0 26.2978 0 53.5279 a b -3.08492 8 0
0 0 26.2953 0 53.503 a b -3.08678 8 0
0 0 26.2918 0 53.4765 a b -3.09296 8 0
0 0 26.285 0 53.4417 a b -3.09442 8 0
0 0 26.2957 0 53.4113 a b -3.08474 8 0
0 0 26.3085 0 53.3938 a b -3.09003 8 0
0 0 26.3137 0 53.3629 a b -3.10301 8 0
0 0 26.31 0 53.3266 a b -3.10815 8 0
0 0 26.3061 0 53.2945 a b -3.10727 8 0
0 0 26.3043 0 53.262 a b -3.10444 8 0
0 0 26.3044 0 53.2321 a b -3.10447 8 0
0 0 26.3011 0 53.1991 a b -3.10834 8 0
0 0 26.2965 0 53.1673 a b -3.10948 8 0
0 0 26.2989 0 53.1387 a b -3.10508 8 0
0 0 26.3029 0 53.1105 a b -3.1033 8 0
0 0 26.3089 0 53.0835 a b -3.10597 8 0
0 0 26.3114 0 53.0569 a b -3.11328 8 0
0 0 26.3086 0 53.029 a b -3.11815 8 0
0 0 26.3034 0 53.0006 a b -3.11899 8 0
0 0 26.3014 0 52.9692 a b -3.11931 8 0
0 0 26.2979 0 52.9399 a b -3.11902 8 0
0 0 26.3014 0 52.9104 a b -3.11639 8 0
0 0 26.3075 0 52.8845 a b -3.11926 8 0
0 0 26.3109 0 52.8576 a b -3.12452 8 0
0 0 26.3096 0 52.8282 a b -3.12714 8 0
0 0 26.3108 0 52.7982 a b -3.12799 8 0
0 0 26.3139 0 52.7682 a b -3.13007 8 0
0 0 26.3111 0 52.7384 a b -3.13281 8 0
0 0 26.3142 0 52.71 a b -3.13658 8 0
0 0 26.3144 0 52.6794 a b -3.13939 8 0
0 0 26.3156 0 52.648 a b -3.13892 8 0
0 0 26.3205 0 52.6124 a b -3.13956 8 0
0 0 26.3273 0 52.5808 a b 3.13687 8 0
0 0 26.3285 0 52.5584 a b 3.13089 8 0
0 0 26.3288 0 52.5332 a b 3.12916 8 0
0 0 26.3284 0 52.5044 a b 3.13249 8 0
0 0 26.3249 0 52.4699 a b 3.13623 8 0
0 0 26.3239 0 52.4359 a b 3.1326 8 0
0 0 26.3207 0 52.4055 a b 3.1259 8 0
0 0 26.3236 0 52.382 a b 3.12432 8 0
0 0 26.328 0 52.3531 a b 3.13204 8 0
0 0 26.3359 0 52.3204 a b 3.13747 8 0
0 0 26.3405 0 52.2902 a b 3.13528 8 0
0 0 26.3452 0 52.2615 a b 3.12871 8 0
0 0 26.3432 0 52.234 a b 3.12394 8 0
0 0 26.3413 0 52.2064 a b 3.12219 8 0
0 0 26.3388 0 52.1792 a b 3.12031 8 0
0 0 26.3447 0 52.1517 a b 3.12021 8 0
0 0 26.3428 0 52.1274 a b 3.12425 8 0
0 0 26.3443 0 52.0928 a b 3.13134 8 0
0 0 26.3493 0 52.0587 a b 3.12952 8 0
0 0 26.3508 0 52.0331 a b 3.12597 8 0
0 0 26.3558 0 52.0011 a b 3.12404 8 0
0 0 26.3575 0 51.9666 a b 3.12006 8 0
0 0 26.3579 0 51.936 a b 3.11565 8 0
0 0 26.3544 0 51.9083 a b 3.11481 8 0
0 0 26.3539 0 51.8787 a b 3.116 8 0
0 0 26.3601 0 51.8548 a b 3.1175 8 0
0 0 26.3622 0 51.8341 a b 3.12355 8 0
0 0 26.3625 0 51.8062 a b 3.12734 8 0
0 0 26.3652 0 51.7825 a b 3.1272 8 0
0 0 26.3674 0 51.7596 a b 3.13157 8 0
0 0 26.3672 0 51.7357 a b 3.13397 8 0
0 0 26.3647 0 51.712 a b 3.13221 8 0
0 0 26.3609 0 51.6814 a b 3.1284 8 0
0 0 26.3589 0 51.6522 a b 3.12885 8 0
0 0 26.3637 0 51.6225 a b 3.13612 8 0
0 0 26.3622 0 51.5895 a b -3.13607 8 0
0 0 26.3634 0 51.5552 a b -3.13098 8 0
0 0 26.369 0 51.5235 a b -3.12881 8 0
0 0 26.3716 0 51.4916 a b -3.12683 8 0
0 0 26.3702 0 51.4614 a b -3.12413 8 0
0 0 26.3684 0 51.4305 a b -3.12366 8 0
0 0 26.3648 0 51.3993 a b -3.12787 8 0
0 0 26.371 0 51.3677 a b -3.12641 8 0
0 0 26.3708 0 51.3413 a b -3.11365 8 0
0 0 26.3651 0 51.3117 a b -3.10241 8 0
0 0 26.361 0 51.2829 a b -3.0989 8 0
0 0 26.3626 0 51.2584 a b -3.09853 8 0
0 0 26.3657 0 51.2391 a b -3.09767 8 0
0 0 26.3737 0 51.214 a b -3.08808 8 0
0 0 26.3678 0 51.1938 a b -3.07483 8 0
0 0 26.3616 0 51.1728 a b -3.07067 8 0
0 0 26.3568 0 51.1485 a b -3.07523 8 0
0 0 26.357 0 51.1225 a b -3.07944 8 0
0 0 26.3596 0 51.0985 a b -3.07548 8 0
0 0 26.3578 0 51.0711 a b -3.07132 8 0
0 0 26.3561 0 51.0404 a b -3.07174 8 0
0 0 26.3564 0 51.0172 a b -3.07501 8 0
0 0 26.3547 0 50.9857 a b -3.07737 8 0
0 0 26.3514 0 50.9611 a b -3.07965 8 0
0 0 26.3486 0 50.9313 a b -3.08834 8 0
0 0 26.3486 0 50.8943 a b -3.0943 8 0
0 0 26.3505 0 50.8562 a b -3.08776 8 0
0 0 26.349 0 50.8251 a b -3.08319 8 0
0 0 26.3525 0 50.7922 a b -3.08567 8 0
0 0 26.3536 0 50.7599 a b -3.09227 8 0
0 0 26.3472 0 50.7286 a b -3.09666 8 0
0 0 26.3404 0 50.6982 a b -3.09793 8 0
0 0 26.3374 0 50.671 a b -3.09617 8 0
0 0 26.3362 0 50.6428 a b -3.0954 8 0
0 0 26.3377 0 50.6153 a b -3.09446 8 0
0 0 26.3413 0 50.5899 a b -3.0964 8 0
0 0 26.342 0 50.5572 a b -3.09759 8 0
0 0 26.3418 0 50.5271 a b -3.09671 8 0
0 0 26.341 0 50.5035 a b -3.09929 8 0
0 0 26.3438 0 50.4773 a b -3.10665 8 0
0 0 26.3395 0 50.4515 a b -3.11272 8 0
0 0 26.3356 0 50.4172 a b -3.11952 8 0
0 0 26.3371 0 50.3824 a b -3.12119 8 0
0 0 26.3377 0 50.3555 a b -3.12024 8 0
0 0 26.3409 0 50.3311 a b -3.12822 8 0
0 0 26.3412 0 50.2985 a b 3.13645 8 0
0 0 26.3465 0 50.267 a b 3.12072 8 0
0 0 26.3476 0 50.233 a b 3.10908 8 0
0 0 26.3426 0 50.1986 a b 3.10541 8 0
0 0 26.3366 0 50.1715 a b 3.10905 8 0
0 0 26.3322 0 50.1472 a b 3.10417 8 0
0 0 26.3323 0 50.1208 a b 3.09254 8 0
0 0 26.3361 0 50.0932 a b 3.0925 8 0
0 0 26.3439 0 50.0729 a b 3.10083 8 0
0 0 26.3557 0 50.0577 a b 3.10321 8 0
0 0 26.3625 0 50.0385 a b 3.08963 8 0
0 0 26.3568 0 50.0078 a b 3.07667 8 0
0 0 26.3562 0 49.972 a b 3.0708 8 0
0 0 26.3545 0 49.94 a b 3.06649 8 0
0 0 26.3556 0 49.9045 a b 3.06875 8 0
0 0 26.3648 0 49.8694 a b 3.07247 8 0
0 0 26.3733 0 49.8344 a b 3.06834 8 0
0 0 26.3781 0 49.7992 a b 3.05976 8 0
0 0 26.3771 0 49.7629 a b 3.05548 8 0
0 0 26.3799 0 49.7253 a b 3.05847 8 0
0 0 26.3857 0 49.6899 a b 3.06074 8 0
0 0 26.3862 0 49.6532 a b 3.05768 8 0
0 0 26.3793 0 49.6233 a b 3.05901 8 0
0 0 26.3828 0 49.5969 a b 3.07163 8 0
0 0 26.4023 0 49.5729 a b 3.07688 8 0
0 0 26.4097 0 49.5543 a b 3.06772 8 0
0 0 26.4074 0 49.5344 a b 3.06308 8 0
0 0 26.4068 0 49.514 a b 3.06561 8 0
0 0 26.4039 0 49.4954 a b 3.07122 8 0
0 0 26.4053 0 49.473 a b 3.07361 8 0
0 0 26.4027 0 49.4479 a b 3.07225 8 0
0 0 26.4034 0 49.4259 a b 3.07108 8 0
0 0 26.408 0 49.4066 a b 3.07275 8 0
0 0 26.415 0 49.3776 a b 3.0785 8 0
0 0 26.425 0 49.3502 a b 3.08444 8 0
0 0 26.4286 0 49.3193 a b 3.08575 8 0
0 0 26.4289 0 49.2817 a b 3.08221 8 0
0 0 26.4261 0 49.2494 a b 3.07953 8 0
0 0 26.4239 0 49.212 a b 3.08471 8 0
0 0 26.4297 0 49.1686 a b 3.09351 8 0
0 0 26.4365 0 49.1182 a b 3.10317 8 0
0 0 26.4441 0 49.0711 a b 3.09821 8 0
0 0 26.444 0 49.0331 a b 3.09395 8 0
0 0 26.4437 0 48.9918 a b 3.0992 8 0
0 0 26.4507 0 48.9525 a b 3.10409 8 0
0 0 26.4503 0 48.9213 a b 3.10642 8 0
0 0 26.4524 0 48.8996 a b 3.108 8 0
0 0 26.4537 0 48.8892 a b 3.11172 8 0
0 0 26.4517 0 48.8794 a b 3.12174 8 0
0 0 26.4512 0 48.8599 a b 3.13561 8 0
0 0 26.4496 0 48.8723 a b 3.13236 8 0
0 0 26.4484 0 48.8848 a b 3.12946 8 0
0 0 26.4453 0 48.8958 a b 3.12651 8 0
0 0 26.4465 0 48.8826 a b 3.13178 8 0
0 0 26.4512 0 48.8621 a b 3.12738 8 0
0 0 26.453 0 48.8439 a b 3.12093 8 0
0 0 26.4578 0 48.8193 a b 3.117 8 0
0 0 26.4631 0 48.794 a b 3.11892 8 0
0 0 26.4637 0 48.7657 a b 3.12313 8 0
0 0 26.4654 0 48.7347 a b 3.12798 8 0
0 0 26.4644 0 48.7026 a b 3.13004 8 0
0 0 26.4643 0 48.6719 a b 3.1311 8 0
0 0 26.465 0 48.6422 a b 3.13058 8 0
0 0 26.4699 0 48.6121 a b 3.13217 8 0
0 0 26.474 0 48.5865 a b 3.13725 8 0
0 0 26.4753 0 48.562 a b -3.14075 8 0
0 0 26.4718 0 48.5409 a b -3.13751 8 0
0 0 26.469 0 48.5154 a b -3.14029 8 0
0 0 26.4711 0 48.493 a b 3.14127 8 0
0 0 26.4774 0 48.4667 a b -3.13829 8 0
0 0 26.4783 0 48.4432 a b -3.129 8 0
0 0 26.4744 0 48.4177 a b -3.12192 8 0
0 0 26.472 0 48.3857 a b -3.12253 8 0
0 0 26.4723 0 48.3541 a b -3.12542 8 0
0 0 26.4765 0 48.3204 a b -3.126 8 0
0 0 26.4774 0 48.2876 a b -3.12286 8 0
0 0 26.4767 0 48.2597 a b -3.11875 8 0
0 0 26.4778 0 48.23 a b -3.11361 8 0
0 0 26.4758 0 48.2052 a b -3.11041 8 0
0 0 26.4762 0 48.1772 a b -3.10773 8 0
0 0 26.4771 0 48.1479 a b -3.10527 8 0
0 0 26.4763 0 48.119 a b -3.10256 8 0
0 0 26.4745 0 48.0904 a b -3.09824 8 0
0 0 26.4723 0 48.0619 a b -3.0949 8 0
0 0 26.4719 0 48.0339 a b -3.09137 8 0
0 0 26.4709 0 48.0084 a b -3.08671 8 0
0 0 26.4697 0 47.9811 a b -3.08506 8 0
0 0 26.4715 0 47.9529 a b -3.08395 8 0
0 0 26.4752 0 47.9201 a b -3.07344 8 0
0 0 26.4736 0 47.9002 a b -3.06007 8 0
0 0 26.4704 0 47.8835 a b -3.06049 8 0
0 0 26.4686 0 47.8512 a b -3.0657 8 0
0 0 26.469 0 47.8119 a b -3.05698 8 0
0 0 26.4706 0 47.788 a b -3.03912 8 0
0 0 26.4689 0 47.7676 a b -3.03245 8 0
0 0 26.4653 0 47.744 a b -3.03523 8 0
0 0 26.458 0 47.7064 a b -3.03666 8 0
0 0 26.4568 0 47.6752 a b -3.02904 8 0
0 0 26.4548 0 47.6502 a b -3.0275 8 0
0 0 26.4549 0 47.6175 a b -3.03368 8 0
0 0 26.4521 0 47.5771 a b -3.03162 8 0
0 0 26.448 0 47.5485 a b -3.02775 8 0
0 0 26.4428 0 47.5213 a b -3.03041 8 0
0 0 26.4361 0 47.4833 a b -3.0315 8 0
0 0 26.4354 0 47.4523 a b -3.02887 8 0
0 0 26.4358 0 47.4192 a b -3.02788 8 0
0 0 26.4386 0 47.3924 a b -3.02739 8 0
0 0 26.4355 0 47.3642 a b -3.03002 8 0
0 0 26.4324 0 47.3345 a b -3.03136 8 0
0 0 26.4314 0 47.3081 a b -3.02894 8 0
0 0 26.4309 0 47.2834 a b -3.02933 8 0
0 0 26.426 0 47.2543 a b -3.03403 8 0
0 0 26.4233 0 47.2217 a b -3.03403 8 0
0 0 26.4234 0 47.1936 a b -3.03284 8 0
0 0 26.4209 0 47.1672 a b -3.03354 8 0
0 0 26.4189 0 47.1397 a b -3.03757 8 0
0 0 26.4157 0 47.1087 a b -3.03844 8 0
0 0 26.4129 0 47.0787 a b -3.03577 8 0
0 0 26.417 0 47.0516 a b -3.03726 8 0
0 0 26.4129 0 47.0247 a b -3.04385 8 0
0 0 26.4047 0 46.9939 a b -3.04045 8 0
0 0 26.4011 0 46.9633 a b -3.03352 8 0
0 0 26.3958 0 46.9356 a b -3.03986 8 0
0 0 26.3883 0 46.9037 a b -3.04204 8 0
0 0 26.3937 0 46.8677 a b -3.03697 8 0
0 0 26.4036 0 46.8408 a b -3.03892 8 0
0 0 26.4038 0 46.8139 a b -3.04103 8 0
0 0 26.4043 0 46.7885 a b -3.04548 8 0
0 0 26.3962 0 46.763 a b -3.05269 8 0
0 0 26.3895 0 46.7305 a b -3.04917 8 0
0 0 26.3926 0 46.7003 a b -3.04431 8 0
0 0 26.3922 0 46.6708 a b -3.04663 8 0
0 0 26.3906 0 46.6437 a b -3.05139 8 0
0 0 26.3892 0 46.6142 a b -3.05237 8 0
0 0 26.3883 0 46.5863 a b -3.05148 8 0
0 0 26.3868 0 46.5612 a b -3.05345 8 0
0 0 26.3831 0 46.5336 a b -3.05786 8 0
0 0 26.3818 0 46.5031 a b -3.05704 8 0
0 0 26.3821 0 46.4667 a b -3.0571 8 0
0 0 26.3803 0 46.4352 a b -3.06363 8 0
0 0 26.3767 0 46.4043 a b -3.06402 8 0
0 0 26.3781 0 46.3715 a b -3.06296 8 0
0 0 26.3796 0 46.3457 a b -3.06671 8 0
0 0 26.3796 0 46.3192 a b -3.06688 8 0
0 0 26.3788 0 46.2977 a b -3.06893 8 0
0 0 26.3764 0 46.2761 a b -3.07231 8 0
0 0 26.3746 0 46.2526 a b -3.07275 8 0
0 0 26.3769 0 46.224 a b -3.0717 8 0
0 0 26.3768 0 46.1962 a b -3.07472 8 0
0 0 26.3762 0 46.1703 a b -3.07736 8 0
0 0 26.3766 0 46.1412 a b -3.07644 8 0
0 0 26.377 0 46.1061 a b -3.0769 8 0
0 0 26.3801 0 46.0729 a b -3.08083 8 0
0 0 26.3821 0 46.0425 a b -3.08696 8 0
0 0 26.3804 0 46.0106 a b -3.08958 8 0
0 0 26.3771 0 45.9737 a b -3.08866 8 0
0 0 26.3761 0 45.9294 a b -3.09164 8 0
0 0 26.375 0 45.8926 a b -3.09791 8 0
0 0 26.3735 0 45.8627 a b -3.09972 8 0
0 0 26.3704 0 45.8277 a b -3.09207 8 0
0 0 26.3709 0 45.7862 a b -3.08828 8 0
0 0 26.3715 0 45.7407 a b -3.0977 8 0
0 0 26.3732 0 45.7216 a b -3.11456 8 0
0 0 26.3698 0 45.7113 a b -3.11468 8 0
0 0 26.3722 0 45.6812 a b -3.10223 8 0
0 0 26.3749 0 45.6495 a b -3.10237 8 0
0 0 26.3729 0 45.6276 a b -3.11172 8 0
0 0 26.3662 0 45.6143 a b -3.12178 8 0
0 0 26.3601 0 45.5993 a b -3.12096 8 0
0 0 26.3595 0 45.5669 a b -3.11466 8 0
0 0 26.362 0 45.5323 a b -3.11975 8 0
0 0 26.3653 0 45.5019 a b -3.12432 8 0
0 0 26.3649 0 45.4703 a b -3.12732 8 0
0 0 26.364 0 45.4379 a b -3.1299 8 0
0 0 26.3623 0 45.407 a b -3.13221 8 0
0 0 26.3645 0 45.3717 a b -3.13331 8 0
0 0 26.3652 0 45.3416 a b -3.13502 8 0
0 0 26.3696 0 45.3081 a b -3.14009 8 0
0 0 26.3737 0 45.2808 a b 3.14069 8 0
0 0 26.3732 0 45.2546 a b 3.14048 8 0
0 0 26.375 0 45.2305 a b 3.13728 8 0
0 0 26.3763 0 45.2056 a b 3.13275 8 0
0 0 26.3833 0 45.1826 a b 3.13331 8 0
0 0 26.3831 0 45.1591 a b 3.13233 8 0
0 0 26.3781 0 45.1388 a b 3.12423 8 0
0 0 26.3741 0 45.1195 a b 3.12308 8 0
0 0 26.3681 0 45.0927 a b 3.12866 8 0
0 0 26.3679 0 45.0594 a b 3.1274 8 0
0 0 26.371 0 45.0269 a b 3.12529 8 0
0 0 26.3736 0 44.9964 a b 3.12239 8 0
0 0 26.3736 0 44.9699 a b 3.12054 8 0
0 0 26.3721 0 44.9407 a b 3.11963 8 0
0 0 26.37 0 44.9178 a b 3.11835 8 0
0 0 26.3727 0 44.8977 a b 3.1176 8 0
0 0 26.377 0 44.8746 a b 3.1212 8 0
0 0 26.3795 0 44.8544 a b 3.12577 8 0
0 0 26.3816 0 44.8241 a b 3.1285 8 0
0 0 26.376 0 44.8019 a b 3.12817 8 0
0 0 26.3781 0 44.7712 a b 3.12586 8 0
0 0 26.382 0 44.7315 a b 3.12782 8 0
0 0 26.3865 0 44.6928 a b 3.13168 8 0
0 0 26.389 0 44.6567 a b 3.13594 8 0
0 0 26.3954 0 44.6176 a b 3.13747 8 0
0 0 26.4023 0 44.5809 a b 3.13699 8 0
0 0 26.4081 0 44.5421 a b 3.13524 8 0
0 0 26.4054 0 44.5062 a b 3.13244 8 0
0 0 26.4013 0 44.4694 a b 3.13574 8 0
0 0 26.3993 0 44.4464 a b 3.13827 8 0
0 0 26.4009 0 44.4283 a b 3.13432 8 0
0 0 26.4052 0 44.4064 a b 3.1313 8 0
0 0 26.4126 0 44.3912 a b 3.1323 8 0
0 0 26.4176 0 44.3686 a b 3.13492 8 0
0 0 26.4159 0 44.3443 a b 3.13778 8 0
0 0 26.4088 0 44.3166 a b 3.14004 8 0
0 0 26.4013 0 44.2882 a b -3.14079 8 0
0 0 26.405 0 44.2577 a b 3.14055 8 0
0 0 26.4019 0 44.2288 a b -3.14138 8 0
0 0 26.4036 0 44.197 a b -3.13771 8 0
0 0 26.4071 0 44.1652 a b -3.13751 8 0
0 0 26.4096 0 44.1323 a b 3.14109 8 0
0 0 26.4107 0 44.0949 a b 3.13645 8 0
0 0 26.412 0 44.0648 a b 3.13947 8 0
0 0 26.4165 0 44.0344 a b 3.139 8 0
0 0 26.4169 0 44.0063 a b 3.13958 8 0
0 0 26.4156 0 43.9849 a b 3.14089 8 0
0 0 26.4188 0 43.964 a b 3.13678 8 0
0 0 26.4269 0 43.9426 a b 3.13249 8 0
0 0 26.441 0 43.9261 a b 3.12986 8 0
0 0 26.4454 0 43.9033 a b 3.1304 8 0
0 0 26.4426 0 43.877 a b 3.13487 8 0
0 0 26.4374 0 43.8528 a b 3.13153 8 0
0 0 26.4251 0 43.8172 a b 3.13043 8 0
0 0 26.4243 0 43.7902 a b 3.13085 8 0
0 0 26.4248 0 43.7594 a b 3.13151 8 0
0 0 26.4292 0 43.7308 a b 3.13318 8 0
0 0 26.4363 0 43.6953 a b 3.13212 8 0
0 0 26.4405 0 43.6637 a b 3.13268 8 0
0 0 26.4384 0 43.6352 a b 3.13511 8 0
0 0 26.4405 0 43.606 a b 3.13177 8 0
0 0 26.4368 0 43.578 a b 3.127 8 0
0 0 26.4396 0 43.5399 a b 3.13148 8 0
0 0 26.4462 0 43.5136 a b 3.13844 8 0
0 0 26.4519 0 43.4871 a b 3.13942 8 0
0 0 26.4532 0 43.4602 a b 3.13564 8 0
0 0 26.4465 0 43.4327 a b 3.13469 8 0
0 0 26.4381 0 43.4059 a b 3.1371 8 0
0 0 26.4394 0 43.3863 a b 3.13877 8 0
0 0 26.4515 0 43.3604 a b 3.13849 8 0
0 0 26.4594 0 43.3285 a b 3.13992 8 0
0 0 26.4627 0 43.2993 a b 3.14151 8 0
0 0 26.4653 0 43.2701 a b 3.14086 8 0
0 0 26.467 0 43.2395 a b 3.13738 8 0
0 0 26.4654 0 43.2087 a b 3.13428 8 0
0 0 26.4655 0 43.1688 a b 3.14077 8 0
0 0 26.4702 0 43.1317 a b -3.1347 8 0
0 0 26.4709 0 43.0916 a b -3.13431 8 0
0 0 26.4733 0 43.0618 a b -3.14 8 0
0 0 26.4733 0 43.0357 a b 3.13594 8 0
0 0 26.4703 0 43.007 a b 3.13694 8 0
0 0 26.4716 0 42.9764 a b -3.13731 8 0
0 0 26.4754 0 42.9478 a b -3.13823 8 0
0 0 26.4731 0 42.9239 a b 3.13845 8 0
0 0 26.4726 0 42.9019 a b -3.1386 8 0
0 0 26.4779 0 42.8806 a b -3.12845 8 0
0 0 26.4783 0 42.8469 a b -3.12482 8 0
0 0 26.4795 0 42.8154 a b -3.13175 8 0
0 0 26.4806 0 42.7862 a b -3.13862 8 0
0 0 26.4809 0 42.7604 a b 3.14151 8 0
0 0 26.484 0 42.726 a b -3.13592 8 0
0 0 26.4873 0 42.6849 a b -3.13265 8 0
0 0 26.4863 0 42.6517 a b -3.13368 8 0
0 0 26.4848 0 42.6183 a b -3.13169 8 0
0 0 26.484 0 42.5804 a b -3.1276 8 0
0 0 26.4841 0 42.5414 a b -3.13021 8 0
0 0 26.4861 0 42.5117 a b -3.1388 8 0
0 0 26.4877 0 42.4887 a b -3.12876 8 0
0 0 26.4891 0 42.4482 a b -3.12245 8 0
0 0 26.4908 0 42.419 a b -3.12918 8 0
0 0 26.4938 0 42.4044 a b -3.13791 8 0
0 0 26.4933 0 42.3868 a b -3.1347 8 0
0 0 26.4924 0 42.3498 a b -3.12908 8 0
0 0 26.4995 0 42.3172 a b -3.12955 8 0
0 0 26.4969 0 42.286 a b -3.1307 8 0
0 0 26.4864 0 42.2613 a b -3.12697 8 0
0 0 26.4881 0 42.2293 a b -3.11855 8 0
0 0 26.4921 0 42.1886 a b -3.11552 8 0
0 0 26.4953 0 42.1539 a b -3.11791 8 0
0 0 26.4968 0 42.1214 a b -3.1207 8 0
0 0 26.4969 0 42.0902 a b -3.12544 8 0
0 0 26.4925 0 42.0655 a b -3.12795 8 0
0 0 26.4919 0 42.0365 a b -3.13094 8 0
0 0 26.4936 0 42.0113 a b -3.12793 8 0
0 0 26.4946 0 41.9855 a b -3.12091 8 0
0 0 26.4934 0 41.9609 a b -3.11955 8 0
0 0 26.4936 0 41.9336 a b -3.12446 8 0
0 0 26.4986 0 41.9084 a b -3.13065 8 0
0 0 26.4969 0 41.8798 a b -3.12351 8 0
0 0 26.4944 0 41.8504 a b -3.11681 8 0
0 0 26.4935 0 41.8235 a b -3.11876 8 0
0 0 26.4957 0 41.7884 a b -3.12309 8 0
0 0 26.4995 0 41.7596 a b -3.12842 8 0
0 0 26.5049 0 41.7316 a b -3.1256 8 0
0 0 26.5017 0 41.6992 a b -3.11743 8 0
0 0 26.5008 0 41.6666 a b -3.11422 8 0
0 0 26.4997 0 41.637 a b -3.11947 8 0
0 0 26.4989 0 41.6058 a b -3.12708 8 0
0 0 26.5004 0 41.5757 a b -3.12848 8 0
0 0 26.5002 0 41.545 a b -3.12412 8 0
0 0 26.5029 0 41.5184 a b -3.11796 8 0
0 0 26.5027 0 41.4959 a b -3.11878 8 0
0 0 26.5045 0 41.4699 a b -3.12339 8 0
0 0 26.5037 0 41.4412 a b -3.11949 8 0
0 0 26.5056 0 41.4159 a b -3.11643 8 0
0 0 26.508 0 41.3939 a b -3.11811 8 0
0 0 26.5092 0 41.3721 a b -3.12369 8 0
0 0 26.5102 0 41.3425 a b -3.12941 8 0
0 0 26.512 0 41.309 a b -3.12451 8 0
0 0 26.5091 0 41.2835 a b -3.12243 8 0
0 0 26.508 0 41.2576 a b -3.12662 8 0
0 0 26.5087 0 41.2263 a b -3.13234 8 0
0 0 26.5079 0 41.1939 a b -3.12641 8 0
0 0 26.5097 0 41.1654 a b -3.12475 8 0
0 0 26.5099 0 41.1336 a b -3.12413 8 0
0 0 26.5136 0 41.0995 a b -3.12658 8 0
0 0 26.5096 0 41.0658 a b -3.12913 8 0
0 0 26.5079 0 41.0337 a b -3.12721 8 0
0 0 26.508 0 41.0083 a b -3.12162 8 0
0 0 26.5118 0 40.9795 a b -3.12413 8 0
0 0 26.5171 0 40.9485 a b -3.12723 8 0
0 0 26.5213 0 40.9195 a b -3.12885 8 0
0 0 26.5192 0 40.8953 a b -3.1295 8 0
0 0 26.5178 0 40.8717 a b -3.12908 8 0
0 0 26.5194 0 40.849 a b -3.13104 8 0
0 0 26.5207 0 40.8243 a b -3.1313 8 0
0 0 26.52 0 40.7945 a b -3.12838 8 0
0 0 26.5214 0 40.756 a b -3.12845 8 0
0 0 26.5264 0 40.726 a b -3.13023 8 0
0 0 26.5301 0 40.6925 a b -3.13124 8 0
0 0 26.5277 0 40.658 a b -3.12937 8 0
0 0 26.5289 0 40.6243 a b -3.12877 8 0
0 0 26.5314 0 40.5914 a b -3.13006 8 0
0 0 26.5308 0 40.5603 a b -3.13211 8 0
0 0 26.5345 0 40.5298 a b -3.13153 8 0
0 0 26.5363 0 40.5018 a b -3.13057 8 0
0 0 26.5388 0 40.4751 a b -3.13092 8 0
0 0 26.5387 0 40.4463 a b -3.13035 8 0
0 0 26.5406 0 40.4202 a b -3.13129 8 0
0 0 26.5407 0 40.3942 a b -3.13529 8 0
0 0 26.5423 0 40.3644 a b -3.13341 8 0
0 0 26.5404 0 40.3436 a b -3.13001 8 0
0 0 26.5364 0 40.3185 a b -3.12735 8 0
0 0 26.5341 0 40.2918 a b -3.13028 8 0
0 0 26.5295 0 40.2621 a b -3.13148 8 0
0 0 26.5335 0 40.2338 a b -3.12779 8 0
0 0 26.5356 0 40.2058 a b -3.12364 8 0
0 0 26.5417 0 40.178 a b -3.12527 8 0
0 0 26.5452 0 40.152 a b -3.13093 8 0
0 0 26.5447 0 40.1178 a b -3.1343 8 0
0 0 26.5473 0 40.0851 a b -3.13213 8 0
0 0 26.5477 0 40.0565 a b -3.13059 8 0
0 0 26.5486 0 40.0272 a b -3.13364 8 0
0 0 26.5466 0 39.9967 a b -3.13564 8 0
0 0 26.5518 0 39.9573 a b -3.13312 8 0
0 0 26.5548 0 39.9274 a b -3.13397 8 0
0 0 26.5583 0 39.8932 a b -3.13948 8 0
0 0 26.5597 0 39.8607 a b -3.1394 8 0
0 0 26.5607 0 39.8346 a b -3.14058 8 0
0 0 26.557 0 39.8096 a b 3.1384 8 0
0 0 26.5526 0 39.7833 a b 3.13699 8 0
0 0 26.5456 0 39.7579 a b 3.14028 8 0
0 0 26.5421 0 39.7387 a b -3.13821 8 0
0 0 26.5446 0 39.7252 a b -3.1385 8 0
0 0 26.5455 0 39.7051 a b 3.14129 8 0
0 0 26.545 0 39.6877 a b -3.136 8 0
0 0 26.5463 0 39.6758 a b -3.12871 8 0
0 0 26.548 0 39.6614 a b -3.12938 8 0
0 0 26.5499 0 39.6386 a b -3.13205 8 0
0 0 26.5518 0 39.6131 a b -3.13141 8 0
0 0 26.5536 0 39.5849 a b -3.13337 8 0
0 0 26.5638 0 39.5523 a b -3.1349 8 0
0 0 26.5656 0 39.5112 a b -3.12809 8 0
0 0 26.5683 0 39.4698 a b -3.12697 8 0
0 0 26.5768 0 39.4201 a b -3.13568 8 0
0 0 26.5869 0 39.367 a b 3.14075 8 0
0 0 26.5913 0 39.306 a b 3.13884 8 0
0 0 26.5948 0 39.245 a b 3.13349 8 0
0 0 26.5985 0 39.2036 a b 3.13198 8 0
0 0 26.6019 0 39.1587 a b 3.13842 8 0
0 0 26.5898 0 39.1097 a b -3.14074 8 0
0 0 26.5919 0 39.0652 a b 3.12926 8 0
0 0 26.5878 0 39.0628 a b -3.13599 8 0
0 0 26.583 0 39.0489 a b -3.12757 8 0
0 0 26.5779 0 39.0372 a b -3.12353 8 0
0 0 26.5876 0 39.0317 a b -3.12135 8 0
0 0 26.5763 0 39.0396 a b -3.12335 8 0
0 0 26.5699 0 39.0534 a b -3.1262 8 0
0 0 26.573 0 39.0689 a b -3.1392 8 0
0 0 26.5781 0 39.0783 a b -3.12363 8 0
0 0 26.5763 0 39.0678 a b -3.11836 8 0
0 0 26.5726 0 39.0537 a b -3.12732 8 0
0 0 26.5754 0 39.028 a b -3.13777 8 0
0 0 26.577 0 38.9981 a b -3.13784 8 0
0 0 26.5827 0 38.9765 a b -3.13242 8 0
0 0 26.5888 0 38.9481 a b -3.13865 8 0
0 0 26.5928 0 38.9225 a b 3.13796 8 0
0 0 26.5893 0 38.8921 a b 3.13563 8 0
0 0 26.586 0 38.8661 a b 3.1362 8 0
0 0 26.5847 0 38.8357 a b 3.13953 8 0
0 0 26.5889 0 38.8048 a b -3.14149 8 0
0 0 26.5892 0 38.7737 a b -3.14077 8 0
0 0 26.5905 0 38.7416 a b 3.14104 8 0
0 0 26.5944 0 38.7097 a b 3.13911 8 0
0 0 26.5958 0 38.6787 a b 3.13919 8 0
0 0 26.5939 0 38.6529 a b 3.13744 8 0
0 0 26.5885 0 38.6242 a b 3.1371 8 0
0 0 26.5898 0 38.5904 a b 3.13806 8 0
0 0 26.5885 0 38.5668 a b 3.13849 8 0
0 0 26.5915 0 38.539 a b 3.13964 8 0
0 0 26.5904 0 38.5098 a b 3.14086 8 0
0 0 26.5873 0 38.4823 a b 3.13994 8 0
0 0 26.5831 0 38.4547 a b 3.13902 8 0
0 0 26.5888 0 38.4289 a b 3.14022 8 0
0 0 26.5984 0 38.4038 a b 3.14106 8 0
0 0 26.6012 0 38.3758 a b 3.13961 8 0
0 0 26.5954 0 38.3443 a b 3.13704 8 0
0 0 26.5923 0 38.314 a b 3.13711 8 0
0 0 26.5965 0 38.2837 a b 3.13963 8 0
0 0 26.6018 0 38.2541 a b 3.13642 8 0
0 0 26.6042 0 38.2224 a b 3.1318 8 0
0 0 26.6 0 38.198 a b 3.13292 8 0
0 0 26.5978 0 38.1696 a b 3.13727 8 0
0 0 26.6052 0 38.1373 a b 3.13766 8 0
0 0 26.6101 0 38.0991 a b 3.13854 8 0
0 0 26.6118 0 38.0694 a b 3.14007 8 0
0 0 26.6117 0 38.0457 a b -3.13903 8 0
0 0 26.6077 0 38.025 a b -3.13834 8 0
0 0 26.6091 0 37.9987 a b -3.13972 8 0
0 0 26.6157 0 37.9663 a b -3.14151 8 0
0 0 26.6163 0 37.9305 a b 3.14153 8 0
0 0 26.614 0 37.9025 a b -3.13757 8 0
0 0 26.6201 0 37.8704 a b -3.13981 8 0
0 0 26.6222 0 37.8397 a b -3.13586 8 0
0 0 26.628 0 37.8172 a b -3.13028 8 0
0 0 26.6219 0 37.7865 a b -3.1311 8 0
0 0 26.6305 0 37.7492 a b -3.13558 8 0
0 0 26.6355 0 37.7222 a b -3.13867 8 0
0 0 26.6352 0 37.6983 a b -3.13702 8 0
0 0 26.6288 0 37.6732 a b -3.13125 8 0
0 0 26.631 0 37.6442 a b -3.13151 8 0
0 0 26.6323 0 37.619 a b -3.13297 8 0
0 0 26.6313 0 37.588 a b -3.13106 8 0
0 0 26.6396 0 37.5505 a b -3.12854 8 0
0 0 26.6413 0 37.5241 a b -3.12784 8 0
0 0 26.6438 0 37.4989 a b -3.13034 8 0
0 0 26.6421 0 37.4635 a b -3.13599 8 0
0 0 26.6386 0 37.4342 a b -3.13402 8 0
0 0 26.6369 0 37.4148 a b -3.12743 8 0
0 0 26.6341 0 37.3945 a b -3.12386 8 0
0 0 26.6398 0 37.3736 a b -3.12412 8 0
0 0 26.6345 0 37.3454 a b -3.1204 8 0
0 0 26.6301 0 37.3242 a b -3.12042 8 0
0 0 26.636 0 37.2845 a b -3.12484 8 0
0 0 26.641 0 37.2505 a b -3.12019 8 0
0 0 26.6453 0 37.2137 a b -3.11715 8 0
0 0 26.6451 0 37.1832 a b -3.11859 8 0
0 0 26.6343 0 37.152 a b -3.11735 8 0
0 0 26.6416 0 37.1193 a b -3.11654 8 0
0 0 26.6601 0 37.0906 a b -3.11517 8 0
0 0 26.6578 0 37.0577 a b -3.11453 8 0
0 0 26.6522 0 37.0295 a b -3.1134 8 0
0 0 26.6583 0 37.006 a b -3.11236 8 0
0 0 26.6518 0 36.9782 a b -3.11331 8 0
0 0 26.6538 0 36.9455 a b -3.11083 8 0
0 0 26.649 0 36.9252 a b -3.10588 8 0
0 0 26.6521 0 36.9037 a b -3.10873 8 0
0 0 26.6503 0 36.8784 a b -3.10782 8 0
0 0 26.6442 0 36.8557 a b -3.10439 8 0
0 0 26.6527 0 36.8305 a b -3.10264 8 0
0 0 26.6434 0 36.806 a b -3.1017 8 0
0 0 26.6428 0 36.7775 a b -3.10208 8 0
0 0 26.6427 0 36.7501 a b -3.09989 8 0
0 0 26.6547 0 36.7156 a b -3.09999 8 0
0 0 26.6486 0 36.6845 a b -3.09749 8 0
0 0 26.6476 0 36.6586 a b -3.09852 8 0
0 0 26.6495 0 36.627 a b -3.098 8 0
0 0 26.6446 0 36.6004 a b -3.09472 8 0
0 0 26.6407 0 36.5669 a b -3.09148 8 0
0 0 26.6511 0 36.5404 a b -3.09345 8 0
0 0 26.655 0 36.5124 a b -3.0939 8 0
0 0 26.6486 0 36.4722 a b -3.08798 8 0
0 0 26.6445 0 36.4405 a b -3.08686 8 0
0 0 26.6477 0 36.4087 a b -3.09462 8 0
0 0 26.6603 0 36.384 a b -3.09275 8 0
0 0 26.6521 0 36.3413 a b -3.08582 8 0
0 0 26.6421 0 36.3125 a b -3.08596 8 0
0 0 26.6564 0 36.2889 a b -3.09052 8 0
0 0 26.6545 0 36.2684 a b -3.08887 8 0
0 0 26.6502 0 36.2341 a b -3.08491 8 0
0 0 26.6514 0 36.1981 a b -3.08507 8 0
0 0 26.6485 0 36.163 a b -3.08451 8 0
0 0 26.6422 0 36.1363 a b -3.08188 8 0
0 0 26.645 0 36.1039 a b -3.08145 8 0
0 0 26.6521 0 36.0846 a b -3.0826 8 0
0 0 26.6622 0 36.0532 a b -3.08576 8 0
0 0 26.6507 0 36.0272 a b -3.08403 8 0
0 0 26.6534 0 35.9982 a b -3.08185 8 0
0 0 26.638 0 35.9495 a b -3.08221 8 0
0 0 26.6283 0 35.9157 a b -3.08084 8 0
0 0 26.6184 0 35.8842 a b -3.07457 8 0
0 0 26.6068 0 35.8486 a b -3.07366 8 0
0 0 26.6043 0 35.821 a b -3.07369 8 0
0 0 26.6085 0 35.7837 a b -3.07401 8 0
0 0 26.6021 0 35.7567 a b -3.07288 8 0
0 0 26.6123 0 35.7287 a b -3.07235 8 0
0 0 26.6108 0 35.7019 a b -3.07466 8 0
0 0 26.6138 0 35.6645 a b -3.07726 8 0
0 0 26.6021 0 35.6333 a b -3.06856 8 0
0 0 26.592 0 35.6089 a b -3.06708 8 0
0 0 26.5916 0 35.5809 a b -3.07085 8 0
0 0 26.5988 0 35.5584 a b -3.07482 8 0
0 0 26.6193 0 35.5269 a b -3.07392 8 0
0 0 26.6095 0 35.4951 a b -3.06584 8 0
0 0 26.5935 0 35.4745 a b -3.07028 8 0
0 0 26.5862 0 35.4478 a b -3.07963 8 0
0 0 26.5771 0 35.4134 a b -3.07294 8 0
0 0 26.5728 0 35.3888 a b -3.06415 8 0
0 0 26.5738 0 35.3614 a b -3.0639 8 0
0 0 26.5716 0 35.3309 a b -3.0703 8 0
0 0 26.5733 0 35.2933 a b -3.06943 8 0
0 0 26.5714 0 35.2668 a b -3.06577 8 0
0 0 26.566 0 35.2437 a b -3.06445 8 0
0 0 26.5671 0 35.2151 a b -3.07086 8 0
0 0 26.5784 0 35.1874 a b -3.07452 8 0
0 0 26.5819 0 35.1539 a b -3.07143 8 0
0 0 26.5837 0 35.1232 a b -3.07037 8 0
0 0 26.583 0 35.0921 a b -3.07306 8 0
0 0 26.5666 0 35.0582 a b -3.06939 8 0
0 0 26.5536 0 35.0237 a b -3.06626 8 0
0 0 26.5505 0 34.9927 a b -3.06453 8 0
0 0 26.553 0 34.9675 a b -3.06379 8 0
0 0 26.5561 0 34.9451 a b -3.06604 8 0
0 0 26.5579 0 34.9298 a b -3.06926 8 0
0 0 26.5532 0 34.9172 a b -3.06758 8 0
0 0 26.5484 0 34.8962 a b -3.06219 8 0
0 0 26.5471 0 34.8861 a b -3.06068 8 0
0 0 26.5487 0 34.8628 a b -3.06087 8 0
0 0 26.5576 0 34.8395 a b -3.06218 8 0
0 0 26.5764 0 34.7992 a b -3.06614 8 0
0 0 26.5641 0 34.7691 a b -3.06942 8 0
0 0 26.5708 0 34.7388 a b -3.07249 8 0
0 0 26.5857 0 34.7052 a b -3.07593 8 0
0 0 26.5746 0 34.6701 a b -3.07304 8 0
0 0 26.5539 0 34.6314 a b -3.06485 8 0
0 0 26.5272 0 34.6075 a b -3.06014 8 0
0 0 26.5143 0 34.5839 a b -3.06798 8 0
0 0 26.527 0 34.5336 a b -3.06791 8 0
0 0 26.5362 0 34.5 a b -3.06319 8 0
0 0 26.5634 0 34.4754 a b -3.06706 8 0
0 0 26.5763 0 34.4482 a b -3.0733 8 0
0 0 26.5704 0 34.4223 a b -3.07897 8 0
0 0 26.561 0 34.4046 a b -3.08261 8 0
0 0 26.5352 0 34.3743 a b -3.07487 8 0
0 0 26.5305 0 34.355 a b -3.06985 8 0
0 0 26.5406 0 34.3262 a b -3.07204 8 0
0 0 26.5578 0 34.3055 a b -3.07998 8 0
0 0 26.5631 0 34.2756 a b -3.08147 8 0
0 0 26.5623 0 34.2362 a b -3.08397 8 0
0 0 26.5581 0 34.2114 a b -3.08387 8 0
0 0 26.5597 0 34.1873 a b -3.08399 8 0
0 0 26.5511 0 34.158 a b -3.08137 8 0
0 0 26.5026 0 34.0937 a b -3.07649 8 0
0 0 26.4932 0 34.0514 a b -3.08043 8 0
0 0 26.5014 0 34.015 a b -3.08429 8 0
0 0 26.5162 0 33.9809 a b -3.08773 8 0
0 0 26.5209 0 33.9546 a b -3.09507 8 0
0 0 26.4897 0 33.9309 a b -3.09689 8 0
0 0 26.4945 0 33.905 a b -3.09852 8 0
0 0 26.4985 0 33.8634 a b -3.11181 8 0
0 0 26.4813 0 33.8418 a b -3.113 8 0
0 0 26.5058 0 33.8375 a b -3.10984 8 0
0 0 26.564 0 33.8252 a b -3.11543 8 0
0 0 26.5766 0 33.793 a b -3.12812 8 0
0 0 26.5686 0 33.7711 a b -3.13703 8 0
0 0 26.5596 0 33.7496 a b -3.14067 8 0
0 0 26.5529 0 33.7252 a b 3.1395 8 0
0 0 26.5363 0 33.7034 a b 3.13792 8 0
0 0 26.5353 0 33.6715 a b 3.13271 8 0
0 0 26.5351 0 33.6453 a b 3.12498 8 0
0 0 26.545 0 33.6087 a b 3.12232 8 0
0 0 26.5468 0 33.5762 a b 3.11755 8 0
0 0 26.5475 0 33.5487 a b 3.11208 8 0
0 0 26.5528 0 33.5241 a b 3.10723 8 0
0 0 26.5317 0 33.4907 a b 3.10687 8 0
0 0 26.5223 0 33.4383 a b 3.1088 8 0
0 0 26.5271 0 33.3905 a b 3.1073 8 0
0 0 26.5201 0 33.3656 a b 3.10342 8 0
0 0 26.5157 0 33.3343 a b 3.10851 8 0
0 0 26.5303 0 33.3058 a b 3.1118 8 0
0 0 26.5381 0 33.2765 a b 3.1116 8 0
0 0 26.5485 0 33.2579 a b 3.11259 8 0
0 0 26.5549 0 33.2241 a b 3.11342 8 0
0 0 26.5509 0 33.1942 a b 3.11378 8 0
0 0 26.5668 0 33.183 a b 3.10989 8 0
0 0 26.5719 0 33.1677 a b 3.1133 8 0
0 0 26.5678 0 33.1391 a b 3.11471 8 0
0 0 26.5521 0 33.1094 a b 3.11788 8 0
0 0 26.5274 0 33.0711 a b 3.12172 8 0
0 0 26.537 0 33.0264 a b 3.12255 8 0
0 0 26.5344 0 33.0011 a b 3.1231 8 0
0 0 26.5368 0 32.9752 a b 3.12498 8 0
0 0 26.5597 0 32.9489 a b 3.12655 8 0
0 0 26.5813 0 32.9275 a b 3.12636 8 0
0 0 26.601 0 32.8989 a b 3.12376 8 0
0 0 26.615 0 32.8523 a b 3.11784 8 0
0 0 26.6092 0 32.8287 a b 3.11528 8 0
0 0 26.6079 0 32.8081 a b 3.12395 8 0
0 0 26.5981 0 32.775 a b 3.13056 8 0
0 0 26.5976 0 32.7239 a b 3.13053 8 0
0 0 26.6037 0 32.6951 a b 3.12701 8 0
0 0 26.6076 0 32.6717 a b 3.12545 8 0
0 0 26.6042 0 32.6506 a b 3.12889 8 0
0 0 26.61 0 32.6269 a b 3.13913 8 0
0 0 26.603 0 32.6001 a b -3.1415 8 0
0 0 26.6072 0 32.5773 a b -3.13632 8 0
0 0 26.5958 0 32.5463 a b -3.13536 8 0
0 0 26.5856 0 32.5226 a b -3.13631 8 0
0 0 26.5832 0 32.4863 a b -3.1331 8 0
0 0 26.5934 0 32.4528 a b -3.12892 8 0
0 0 26.6091 0 32.416 a b -3.12164 8 0
0 0 26.6207 0 32.3891 a b -3.12806 8 0
0 0 26.6328 0 32.3523 a b -3.12598 8 0
0 0 26.638 0 32.3241 a b -3.13188 8 0
0 0 26.6252 0 32.2848 a b -3.13412 8 0
0 0 26.6049 0 32.2462 a b -3.12675 8 0
0 0 26.5782 0 32.1913 a b -3.12074 8 0
0 0 26.5674 0 32.1674 a b -3.12105 8 0
0 0 26.5814 0 32.1393 a b -3.11753 8 0
0 0 26.6069 0 32.123 a b -3.11576 8 0
0 0 26.6135 0 32.0932 a b -3.11755 8 0
0 0 26.6195 0 32.0735 a b -3.12069 8 0
0 0 26.6113 0 32.0376 a b -3.12345 8 0
0 0 26.606 0 32.0183 a b -3.12245 8 0
0 0 26.599 0 31.9855 a b -3.11907 8 0
0 0 26.5893 0 31.9617 a b -3.11803 8 0
0 0 26.5961 0 31.943 a b -3.11481 8 0
0 0 26.5958 0 31.9175 a b -3.11949 8 0
0 0 26.6109 0 31.8622 a b -3.12204 8 0
0 0 26.6357 0 31.8249 a b -3.12131 8 0
0 0 26.643 0 31.7875 a b -3.1229 8 0
0 0 26.6183 0 31.7658 a b -3.12558 8 0
0 0 26.5692 0 31.7411 a b -3.12296 8 0
0 0 26.5447 0 31.6916 a b -3.11668 8 0
0 0 26.5606 0 31.6577 a b -3.11208 8 0
0 0 26.5753 0 31.6345 a b -3.10604 8 0
0 0 26.5885 0 31.6282 a b -3.11271 8 0
0 0 26.6016 0 31.6035 a b -3.12096 8 0
0 0 26.6103 0 31.5615 a b -3.11691 8 0
0 0 26.6092 0 31.5335 a b -3.11287 8 0
0 0 26.6015 0 31.5184 a b -3.11458 8 0
0 0 26.5862 0 31.4877 a b -3.11526 8 0
0 0 26.585 0 31.4506 a b -3.11685 8 0
0 0 26.5902 0 31.4186 a b -3.113 8 0
0 0 26.6064 0 31.3833 a b -3.10986 8 0
0 0 26.6206 0 31.3338 a b -3.11176 8 0
0 0 26.6225 0 31.3061 a b -3.11214 8 0
0 0 26.6216 0 31.281 a b -3.11266 8 0
0 0 26.6096 0 31.2431 a b -3.11458 8 0
0 0 26.5992 0 31.2202 a b -3.11346 8 0
0 0 26.5896 0 31.2103 a b -3.1174 8 0
0 0 26.5973 0 31.1838 a b -3.11524 8 0
0 0 26.5924 0 31.1541 a b -3.11072 8 0
0 0 26.589 0 31.1312 a b -3.10749 8 0
0 0 26.5804 0 31.1108 a b -3.11071 8 0
0 0 26.5784 0 31.0758 a b -3.11825 8 0
0 0 26.577 0 31.032 a b -3.11751 8 0
0 0 26.5703 0 31.0007 a b -3.10498 8 0
0 0 26.5721 0 30.9865 a b -3.1033 8 0
0 0 26.5765 0 30.9518 a b -3.10884 8 0
0 0 26.5814 0 30.9054 a b -3.11682 8 0
0 0 26.5776 0 30.8775 a b -3.11162 8 0
0 0 26.5752 0 30.8558 a b -3.10219 8 0
0 0 26.5831 0 30.8312 a b -3.10154 8 0
0 0 26.5914 0 30.7978 a b -3.10683 8 0
0 0 26.5884 0 30.7773 a b -3.10447 8 0
0 0 26.5803 0 30.7472 a b -3.09979 8 0
0 0 26.5776 0 30.7179 a b -3.10547 8 0
0 0 26.5711 0 30.6824 a b -3.10834 8 0
0 0 26.5694 0 30.6583 a b -3.09657 8 0
0 0 26.5635 0 30.6407 a b -3.08783 8 0
0 0 26.5596 0 30.6165 a b -3.09197 8 0
0 0 26.5663 0 30.5731 a b -3.09547 8 0
0 0 26.5649 0 30.5253 a b -3.09488 8 0
0 0 26.5615 0 30.488 a b -3.08613 8 0
0 0 26.5716 0 30.4504 a b -3.07586 8 0
0 0 26.5696 0 30.4056 a b -3.07402 8 0
0 0 26.5613 0 30.3723 a b -3.0684 8 0
0 0 26.5697 0 30.3448 a b -3.0682 8 0
0 0 26.5769 0 30.3161 a b -3.06835 8 0
0 0 26.5786 0 30.2816 a b -3.06888 8 0
0 0 26.5742 0 30.2489 a b -3.074 8 0
0 0 26.5595 0 30.2299 a b -3.0704 8 0
0 0 26.538 0 30.222 a b -3.07244 8 0
0 0 26.5307 0 30.1926 a b -3.0712 8 0
0 0 26.5397 0 30.1642 a b -3.05376 8 0
0 0 26.5536 0 30.1274 a b -3.02835 8 0
0 0 26.5541 0 30.0878 a b -2.99356 8 0
0 0 26.5431 0 30.0764 a b -2.99667 8 0
0 0 26.5322 0 30.0597 a b -3.01383 8 0
0 0 26.5229 0 30.0319 a b -3.02464 8 0
0 0 26.5102 0 30.0212 a b -3.02321 8 0
0 0 26.5039 0 29.9817 a b -3.01052 8 0
0 0 26.5044 0 29.9294 a b -3.00314 8 0
0 0 26.5158 0 29.8594 a b -2.99062 8 0
0 0 26.5333 0 29.7904 a b -2.97258 8 0
0 0 26.5528 0 29.7498 a b -2.96365 8 0
0 0 26.5371 0 29.7754 a b -2.97956 8 0
0 0 26.5086 0 29.8079 a b -2.9938 8 0
0 0 26.5081 0 29.8113 a b -3.02452 8 0
0 0 26.5242 0 29.8198 a b -3.04295 8 0
0 0 26.5198 0 29.8009 a b -3.03685 8 0
0 0 26.5395 0 29.7711 a b -3.03307 8 0
0 0 26.5678 0 29.734 a b -3.03609 8 0
0 0 26.5729 0 29.6936 a b -3.04091 8 0
0 0 26.5725 0 29.6647 a b -3.03846 8 0
0 0 26.5694 0 29.6382 a b -3.04447 8 0
0 0 26.5663 0 29.6063 a b -3.04509 8 0
0 0 26.5734 0 29.5832 a b -3.04374 8 0
0 0 26.5742 0 29.553 a b -3.04579 8 0
0 0 26.5725 0 29.5321 a b -3.04406 8 0
0 0 26.5659 0 29.5038 a b -3.04304 8 0
0 0 26.5726 0 29.4772 a b -3.04593 8 0
0 0 26.5761 0 29.4442 a b -3.0419 8 0
0 0 26.5754 0 29.4229 a b -3.04622 8 0
0 0 26.5882 0 29.3953 a b -3.05175 8 0
0 0 26.6238 0 29.3637 a b -3.04869 8 0
0 0 26.6678 0 29.3389 a b -3.04375 8 0
0 0 26.651 0 29.3021 a b -3.04049 8 0
0 0 26.5877 0 29.2401 a b -3.05643 8 0
0 0 26.5684 0 29.192 a b -3.05786 8 0
0 0 26.58 0 29.1565 a b -3.06689 8 0
0 0 26.6008 0 29.1073 a b -3.07129 8 0
0 0 26.5959 0 29.0333 a b -3.0598 8 0
0 0 26.5972 0 28.9973 a b -3.05062 8 0
0 0 26.5814 0 28.9787 a b -3.0562 8 0
0 0 26.5499 0 28.969 a b -3.07415 8 0
0 0 26.5113 0 28.9345 a b -3.08455 8 0
0 0 26.5122 0 28.9008 a b -3.08491 8 0
0 0 26.576 0 28.8884 a b -3.07794 8 0
0 0 26.6349 0 28.8993 a b -3.06988 8 0
0 0 26.6688 0 28.9021 a b -3.05658 8 0
0 0 26.6736 0 28.8903 a b -3.05288 8 0
0 0 26.6337 0 28.8592 a b -3.06893 8 0
0 0 26.516 0 28.822 a b -3.10147 8 0
0 0 26.4472 0 28.7256 a b -3.11122 8 0
0 0 26.4496 0 28.6662 a b -3.12274 8 0
0 0 26.4737 0 28.6801 a b -3.13762 8 0
0 0 26.5069 0 28.6798 a b 3.13252 8 0
0 0 26.5209 0 28.6613 a b 3.13031 8 0
0 0 26.5717 0 28.6254 a b 3.13395 8 0
0 0 26.6191 0 28.6027 a b 3.13932 8 0
0 0 26.626 0 28.5826 a b 3.136 8 0
0 0 26.6204 0 28.5464 a b 3.1362 8 0
0 0 26.6234 0 28.5362 a b 3.14149 8 0
0 0 26.6338 0 28.5244 a b -3.1375 8 0
0 0 26.6302 0 28.5104 a b -3.13454 8 0
0 0 26.6282 0 28.4986 a b -3.13532 8 0
0 0 26.6273 0 28.4765 a b -3.13207 8 0
0 0 26.6337 0 28.4545 a b -3.13307 8 0
0 0 26.6429 0 28.4387 a b -3.1263 8 0
0 0 26.6498 0 28.4232 a b -3.12747 8 0
0 0 26.644 0 28.3664 a b -3.12712 8 0
0 0 26.6219 0 28.309 a b -3.12782 8 0
0 0 26.6212 0 28.2591 a b -3.12929 8 0
0 0 26.6251 0 28.208 a b -3.13006 8 0
0 0 26.6323 0 28.1574 a b -3.12768 8 0
0 0 26.6334 0 28.1172 a b -3.124 8 0
0 0 26.629 0 28.0919 a b -3.12312 8 0
0 0 26.6222 0 28.065 a b -3.1277 8 0
0 0 26.6224 0 28.0434 a b -3.12619 8 0
0 0 26.6211 0 28.0221 a b -3.12481 8 0
0 0 26.6215 0 28.0003 a b -3.12615 8 0
0 0 26.6177 0 27.9733 a b -3.12179 8 0
0 0 26.6186 0 27.9602 a b -3.123 8 0
0 0 26.6131 0 27.9309 a b -3.12135 8 0
0 0 26.621 0 27.9139 a b -3.121 8 0
0 0 26.6229 0 27.8866 a b -3.11934 8 0
0 0 26.6219 0 27.8625 a b -3.11985 8 0
0 0 26.6224 0 27.8355 a b -3.11909 8 0
0 0 26.6202 0 27.8088 a b -3.11881 8 0
0 0 26.6238 0 27.7801 a b -3.11967 8 0
0 0 26.6253 0 27.742 a b -3.11803 8 0
0 0 26.6249 0 27.6935 a b -3.11374 8 0
0 0 26.6286 0 27.6434 a b -3.11344 8 0
0 0 26.638 0 27.6026 a b -3.1128 8 0
0 0 26.6353 0 27.5808 a b -3.11754 8 0
0 0 26.6309 0 27.5384 a b -3.12265 8 0
0 0 26.629 0 27.4893 a b -3.1244 8 0
0 0 26.6331 0 27.4352 a b -3.12279 8 0
0 0 26.6319 0 27.3871 a b -3.11954 8 0
0 0 26.6355 0 27.3487 a b -3.11864 8 0
0 0 26.6367 0 27.3222 a b -3.11813 8 0
0 0 26.6396 0 27.2995 a b -3.11999 8 0
0 0 26.6341 0 27.2876 a b -3.11823 8 0
0 0 26.6325 0 27.2742 a b -3.12075 8 0
0 0 26.6309 0 27.264 a b -3.12575 8 0
