0 0 27.267 0 61.5368 a b 1.51989 9 0
0 0 27.2947 0 61.539 a b 1.5209 9 0
0 0 27.3204 0 61.5395 a b 1.52154 9 0
0 0 27.3432 0 61.5423 a b 1.52111 9 0
0 0 27.3676 0 61.544 a b 1.52095 9 0
0 0 27.3857 0 61.5435 a b 1.5227 9 0
0 0 27.4104 0 61.5465 a b 1.52588 9 0
0 0 27.4372 0 61.5484 a b 1.52698 9 0
0 0 27.4661 0 61.5538 a b 1.52535 9 0
0 0 27.5007 0 61.5565 a b 1.52607 9 0
0 0 27.5359 0 61.5567 a b 1.52858 9 0
0 0 27.57 0 61.5596 a b 1.52912 9 0
0 0 27.6038 0 61.5604 a b 1.53058 9 0
0 0 27.6371 0 61.5617 a b 1.53447 9 0
0 0 27.6717 0 61.5632 a b 1.53534 9 0
0 0 27.7031 0 61.5669 a b 1.53648 9 0
0 0 27.7342 0 61.5661 a b 1.53835 9 0
0 0 27.7631 0 61.5673 a b 1.53843 9 0
0 0 27.7903 0 61.5739 a b 1.54083 9 0
0 0 27.8163 0 61.5708 a b 1.54229 9 0
0 0 27.8409 0 61.5677 a b 1.54292 9 0
0 0 27.8661 0 61.5668 a b 1.53974 9 0
0 0 27.8877 0 61.5734 a b 1.54289 9 0
0 0 27.917 0 61.5756 a b 1.54912 9 0
0 0 27.9429 0 61.5748 a b 1.54904 9 0
0 0 27.9822 0 61.5748 a b 1.54904 9 0
0 0 28.0231 0 61.5781 a b 1.55075 9 0
0 0 28.066 0 61.5794 a b 1.55467 9 0
0 0 28.0998 0 61.5777 a b 1.55594 9 0
0 0 28.1342 0 61.5771 a b 1.55407 9 0
0 0 28.1688 0 61.5756 a b 1.55748 9 0
0 0 28.1973 0 61.5774 a b 1.5611 9 0
0 0 28.2204 0 61.5762 a b 1.55973 9 0
0 0 28.2409 0 61.5796 a b 1.55582 9 0
0 0 28.2641 0 61.5868 a b 1.55539 9 0
0 0 28.2767 0 61.5887 a b 1.55846 9 0
0 0 28.2954 0 61.584 a b 1.5628 9 0
0 0 28.3184 0 61.5803 a b 1.56003 9 0
0 0 28.3405 0 61.5815 a b 1.55598 9 0
0 0 28.3686 0 61.5904 a b 1.55992 9 0
0 0 28.3935 0 61.5936 a b 1.56914 9 0
0 0 28.423 0 61.5905 a b 1.57367 9 0
0 0 28.4596 0 61.5931 a b 1.56598 9 0
0 0 28.4991 0 61.5995 a b 1.56031 9 0
0 0 28.5408 0 61.5988 a b 1.56017 9 0
0 0 28.5763 0 61.5965 a b 1.56095 9 0
0 0 28.6118 0 61.5935 a b 1.56103 9 0
0 0 28.6458 0 61.5885 a b 1.56118 9 0
0 0 28.6733 0 61.5915 a b 1.56221 9 0
0 0 28.6979 0 61.594 a b 1.56497 9 0
0 0 28.716 0 61.5961 a b 1.56673 9 0
0 0 28.7312 0 61.5967 a b 1.56495 9 0
0 0 28.7524 0 61.5974 a b 1.56002 9 0
0 0 28.7743 0 61.5996 a b 1.56289 9 0
0 0 28.7874 0 61.5969 a b 1.5687 9 0
0 0 28.8063 0 61.597 a b 1.56844 9 0
0 0 28.8285 0 61.5998 a b 1.56903 9 0
0 0 28.8536 0 61.6025 a b 1.57136 9 0
0 0 28.8827 0 61.6001 a b 1.57261 9 0
0 0 28.9218 0 61.6007 a b 1.56866 9 0
0 0 28.9733 0 61.6032 a b 1.56642 9 0
0 0 29.0163 0 61.6057 a b 1.56595 9 0
0 0 29.0569 0 61.6063 a b 1.56784 9 0
0 0 29.0977 0 61.6058 a b 1.56858 9 0
0 0 29.1382 0 61.6017 a b 1.56884 9 0
0 0 29.1692 0 61.6005 a b 1.56847 9 0
0 0 29.1988 0 61.6012 a b 1.569 9 0
0 0 29.23 0 61.6042 a b 1.57162 9 0
0 0 29.2514 0 61.6086 a b 1.57329 9 0
0 0 29.2717 0 61.6094 a b 1.57268 9 0
0 0 29.2918 0 61.61 a b 1.57058 9 0
0 0 29.3129 0 61.6089 a b 1.57123 9 0
0 0 29.327 0 61.6068 a b 1.57387 9 0
0 0 29.3449 0 61.606 a b 1.57512 9 0
0 0 29.3666 0 61.6063 a b 1.57696 9 0
0 0 29.3936 0 61.6072 a b 1.57779 9 0
0 0 29.4229 0 61.6082 a b 1.57767 9 0
0 0 29.4602 0 61.6124 a b 1.57749 9 0
0 0 29.5006 0 61.6147 a b 1.5789 9 0
0 0 29.5393 0 61.6132 a b 1.57849 9 0
0 0 29.5812 0 61.6126 a b 1.58017 9 0
0 0 29.619 0 61.6134 a b 1.5815 9 0
0 0 29.6535 0 61.613 a b 1.58305 9 0
0 0 29.687 0 61.613 a b 1.58121 9 0
0 0 29.7197 0 61.6086 a b 1.58232 9 0
0 0 29.7435 0 61.6113 a b 1.58485 9 0
0 0 29.7697 0 61.6165 a b 1.58528 9 0
0 0 29.7915 0 61.619 a b 1.58197 9 0
0 0 29.8113 0 61.6167 a b 1.57758 9 0
0 0 29.8299 0 61.6128 a b 1.57942 9 0
0 0 29.8472 0 61.6127 a b 1.58547 9 0
0 0 29.8632 0 61.6171 a b 1.58726 9 0
0 0 29.8833 0 61.6196 a b 1.58457 9 0
0 0 29.9137 0 61.6186 a b 1.58176 9 0
0 0 29.9479 0 61.6248 a b 1.58154 9 0
0 0 29.9892 0 61.6251 a b 1.58498 9 0
0 0 30.0374 0 61.626 a b 1.58335 9 0
0 0 30.0791 0 61.6225 a b 1.57942 9 0
0 0 30.1183 0 61.6197 a b 1.57934 9 0
0 0 30.163 0 61.6172 a b 1.58013 9 0
0 0 30.2041 0 61.62 a b 1.57935 9 0
0 0 30.2372 0 61.6208 a b 1.57704 9 0
0 0 30.2705 0 61.6184 a b 1.57558 9 0
0 0 30.3008 0 61.6146 a b 1.57596 9 0
0 0 30.3275 0 61.6161 a b 1.57837 9 0
0 0 30.3534 0 61.6229 a b 1.57698 9 0
0 0 30.3762 0 61.6293 a b 1.57347 9 0
0 0 30.3941 0 61.6292 a b 1.5692 9 0
0 0 30.4108 0 61.6216 a b 1.56988 9 0
0 0 30.4321 0 61.6315 a b 1.57334 9 0
0 0 30.4494 0 61.6352 a b 1.57436 9 0
0 0 30.4709 0 61.6391 a b 1.56658 9 0
0 0 30.4914 0 61.6318 a b 1.56363 9 0
0 0 30.5241 0 61.6371 a b 1.56261 9 0
0 0 30.5554 0 61.6369 a b 1.56229 9 0
0 0 30.5874 0 61.6334 a b 1.56144 9 0
0 0 30.6233 0 61.637 a b 1.55997 9 0
0 0 30.6504 0 61.6408 a b 1.55641 9 0
0 0 30.6801 0 61.6377 a b 1.55605 9 0
0 0 30.7129 0 61.6405 a b 1.55481 9 0
0 0 30.7401 0 61.6365 a b 1.55234 9 0
0 0 30.7646 0 61.6376 a b 1.54972 9 0
0 0 30.7911 0 61.638 a b 1.54623 9 0
0 0 30.815 0 61.6427 a b 1.54124 9 0
0 0 30.8398 0 61.6446 a b 1.53718 9 0
0 0 30.8661 0 61.6442 a b 1.53457 9 0
0 0 30.8919 0 61.6434 a b 1.53405 9 0
0 0 30.9218 0 61.6439 a b 1.5334 9 0
0 0 30.958 0 61.644 a b 1.53115 9 0
0 0 31.0026 0 61.643 a b 1.53005 9 0
0 0 31.0379 0 61.6411 a b 1.53208 9 0
0 0 31.0738 0 61.6406 a b 1.53673 9 0
0 0 31.1091 0 61.6357 a b 1.53767 9 0
0 0 31.1381 0 61.6416 a b 1.53543 9 0
0 0 31.1668 0 61.6435 a b 1.53626 9 0
0 0 31.1975 0 61.6466 a b 1.53945 9 0
0 0 31.2305 0 61.6462 a b 1.54407 9 0
0 0 31.2617 0 61.6453 a b 1.54518 9 0
0 0 31.2871 0 61.6486 a b 1.54342 9 0
0 0 31.3126 0 61.6507 a b 1.54267 9 0
0 0 31.3387 0 61.6543 a b 1.54475 9 0
0 0 31.3594 0 61.6555 a b 1.5473 9 0
0 0 31.385 0 61.6586 a b 1.54787 9 0
0 0 31.4161 0 61.6621 a b 1.54814 9 0
0 0 31.4444 0 61.6603 a b 1.55066 9 0
0 0 31.4726 0 61.6569 a b 1.55171 9 0
0 0 31.5068 0 61.6542 a b 1.55187 9 0
0 0 31.5396 0 61.6584 a b 1.55056 9 0
0 0 31.5719 0 61.6601 a b 1.55437 9 0
0 0 31.604 0 61.6588 a b 1.55819 9 0
0 0 31.629 0 61.658 a b 1.55846 9 0
0 0 31.6514 0 61.658 a b 1.55697 9 0
0 0 31.6777 0 61.6636 a b 1.55709 9 0
0 0 31.7004 0 61.6638 a b 1.55982 9 0
0 0 31.7241 0 61.6631 a b 1.56416 9 0
0 0 31.748 0 61.6604 a b 1.56457 9 0
0 0 31.775 0 61.6654 a b 1.56053 9 0
0 0 31.8035 0 61.6693 a b 1.56282 9 0
0 0 31.8279 0 61.6703 a b 1.56944 9 0
0 0 31.852 0 61.6699 a b 1.57343 9 0
0 0 31.8827 0 61.6694 a b 1.57096 9 0
0 0 31.9277 0 61.6673 a b 1.56678 9 0
0 0 31.9727 0 61.6663 a b 1.56428 9 0
0 0 32.0066 0 61.6673 a b 1.56483 9 0
0 0 32.042 0 61.6675 a b 1.56444 9 0
0 0 32.0731 0 61.6672 a b 1.56425 9 0
0 0 32.1006 0 61.6677 a b 1.56458 9 0
0 0 32.1277 0 61.6692 a b 1.56423 9 0
0 0 32.1579 0 61.6686 a b 1.56495 9 0
0 0 32.1827 0 61.6694 a b 1.56502 9 0
0 0 32.2041 0 61.6728 a b 1.56517 9 0
0 0 32.2285 0 61.6735 a b 1.56469 9 0
0 0 32.2559 0 61.6769 a b 1.56627 9 0
0 0 32.2801 0 61.681 a b 1.56915 9 0
0 0 32.3021 0 61.6737 a b 1.57001 9 0
0 0 32.3293 0 61.6722 a b 1.56905 9 0
0 0 32.3563 0 61.6798 a b 1.56997 9 0
0 0 32.3812 0 61.6848 a b 1.57221 9 0
0 0 32.4142 0 61.6859 a b 1.57376 9 0
0 0 32.4545 0 61.6832 a b 1.57387 9 0
0 0 32.4904 0 61.6829 a b 1.57427 9 0
0 0 32.5254 0 61.6815 a b 1.57708 9 0
0 0 32.5525 0 61.6827 a b 1.57949 9 0
0 0 32.5841 0 61.6801 a b 1.57923 9 0
0 0 32.6173 0 61.683 a b 1.57946 9 0
0 0 32.6458 0 61.6828 a b 1.58151 9 0
0 0 32.6709 0 61.6841 a b 1.58269 9 0
0 0 32.6992 0 61.685 a b 1.58242 9 0
0 0 32.7273 0 61.6826 a b 1.58296 9 0
0 0 32.7535 0 61.6864 a b 1.58517 9 0
0 0 32.7795 0 61.6869 a b 1.58702 9 0
0 0 32.8065 0 61.6867 a b 1.58568 9 0
0 0 32.8344 0 61.6837 a b 1.58234 9 0
0 0 32.8621 0 61.6847 a b 1.5834 9 0
0 0 32.8913 0 61.6908 a b 1.58676 9 0
0 0 32.9204 0 61.6952 a b 1.5854 9 0
0 0 32.9499 0 61.6909 a b 1.58392 9 0
0 0 32.9839 0 61.6922 a b 1.58539 9 0
0 0 33.0095 0 61.6934 a b 1.58663 9 0
0 0 33.0376 0 61.6971 a b 1.58762 9 0
0 0 33.0659 0 61.6972 a b 1.58479 9 0
0 0 33.0935 0 61.6974 a b 1.58215 9 0
0 0 33.1215 0 61.6958 a b 1.58249 9 0
0 0 33.147 0 61.699 a b 1.58532 9 0
0 0 33.1712 0 61.7042 a b 1.58447 9 0
0 0 33.1975 0 61.7058 a b 1.58259 9 0
0 0 33.2245 0 61.705 a b 1.58139 9 0
0 0 33.2506 0 61.7027 a b 1.58252 9 0
0 0 33.2759 0 61.7024 a b 1.58342 9 0
0 0 33.3048 0 61.7017 a b 1.58456 9 0
0 0 33.3362 0 61.7015 a b 1.58539 9 0
0 0 33.3631 0 61.707 a b 1.58487 9 0
0 0 33.4 0 61.7102 a b 1.58365 9 0
0 0 33.4358 0 61.7096 a b 1.58193 9 0
0 0 33.4751 0 61.7061 a b 1.58237 9 0
0 0 33.5095 0 61.7046 a b 1.58249 9 0
0 0 33.5437 0 61.7063 a b 1.58076 9 0
0 0 33.5703 0 61.7026 a b 1.57938 9 0
0 0 33.5948 0 61.7002 a b 1.58184 9 0
0 0 33.6179 0 61.7035 a b 1.58225 9 0
0 0 33.6363 0 61.7045 a b 1.57826 9 0
0 0 33.6523 0 61.7015 a b 1.57666 9 0
0 0 33.67 0 61.7037 a b 1.57974 9 0
0 0 33.6917 0 61.706 a b 1.57933 9 0
0 0 33.7151 0 61.7027 a b 1.57646 9 0
0 0 33.7364 0 61.7031 a b 1.5737 9 0
0 0 33.758 0 61.7059 a b 1.57021 9 0
0 0 33.7849 0 61.7065 a b 1.56987 9 0
0 0 33.8202 0 61.7113 a b 1.57181 9 0
0 0 33.853 0 61.7171 a b 1.56221 9 0
0 0 33.8888 0 61.7148 a b 1.5497 9 0
0 0 33.9359 0 61.7163 a b 1.53895 9 0
0 0 33.9856 0 61.711 a b 1.51472 9 0
0 0 34.0393 0 61.7087 a b 1.49558 9 0
0 0 34.0897 0 61.7062 a b 1.47458 9 0
0 0 34.1333 0 61.71 a b 1.45349 9 0
0 0 34.1771 0 61.7119 a b 1.43944 9 0
0 0 34.2121 0 61.7202 a b 1.43192 9 0
