0.016682 -0.003433 0.046606
0.016993 -0.013785 0.277106
0.013282 -0.003749 0.362230
0.014311 0.010291 0.337312
0.011590 0.021057 0.398615
0.010166 0.032513 0.410115
0.008878 0.044620 0.424297
0.007595 0.057569 0.440403
0.006328 0.069630 0.477795
0.005403 0.084391 0.470853
0.003911 0.100184 0.515432
0.004633 0.116737 0.505288
0.003468 0.136480 0.510232
0.003624 0.156729 0.521256
0.001774 0.179333 0.544864
0.000371 0.200418 0.558911
0.000965 0.221853 0.578246
0.001327 0.243502 0.554596
0.001735 0.263457 0.553846
0.002954 0.283795 0.563399
0.002076 0.303145 0.588682
0.002490 0.321356 0.614752
-0.000030 0.338139 0.642282
0.001815 0.353544 0.627566
0.000411 0.367788 0.647468
0.001992 0.382857 0.639114
0.000374 0.402054 0.666113
0.001722 0.419806 0.640181
0.001429 0.440600 0.641190
-0.001399 0.461668 0.677965
-0.000357 0.481987 0.673545
-0.000369 0.502398 0.677508
-0.001970 0.523383 0.677608
-0.001388 0.545585 0.685580
-0.002370 0.565969 0.727898
-0.002051 0.586063 0.747274
-0.002983 0.605047 0.739738
-0.002725 0.623706 0.763635
-0.002346 0.643075 0.790916
-0.002353 0.661063 0.779337
-0.002897 0.678042 0.790223
-0.001527 0.697054 0.785417
-0.003045 0.715927 0.828067
-0.003691 0.734714 0.837380
-0.001972 0.754626 0.835521
-0.002183 0.774623 0.844061
-0.004576 0.795082 0.894641
-0.005449 0.814263 0.865761
-0.004812 0.831570 0.902714
-0.003313 0.846861 0.940177
-0.003828 0.863669 0.949689
-0.003265 0.881425 0.949160
-0.003228 0.897973 0.972659
-0.004600 0.917869 0.998076
-0.005063 0.937270 1.014610
-0.004711 0.959601 1.051239
-0.004383 0.984364 1.046214
-0.004160 1.012130 1.064831
-0.007369 1.044018 1.125220
-0.006100 1.078998 1.136225
-0.005510 1.116092 1.164729
-0.006462 1.151731 1.186548
-0.007497 1.186657 1.216126
-0.008458 1.221611 1.252284
-0.007912 1.254813 1.279263
-0.007393 1.287409 1.278817
-0.007069 1.317712 1.283150
-0.007243 1.345493 1.333039
-0.008772 1.372145 1.352525
-0.008364 1.396463 1.379184
-0.008562 1.421368 1.395946
-0.007550 1.444529 1.411300
-0.008552 1.467867 1.441059
-0.007640 1.495367 1.446816
-0.007702 1.521517 1.465872
-0.007213 1.551289 1.501539
-0.008234 1.583321 1.524351
-0.010238 1.614695 1.573828
-0.009682 1.647122 1.578434
-0.010298 1.681188 1.640335
-0.021226 1.711447 1.628892
-0.022979 1.742195 1.672611
-0.022313 1.773741 1.734601
-0.021727 1.801762 1.738618
-0.024835 1.830990 1.810411
-0.025335 1.858123 1.823632
-0.024678 1.884898 1.834233
-0.023968 1.912333 1.884393
-0.024406 1.942803 1.921359
-0.025449 1.972473 1.950652
-0.024795 2.002738 1.987448
-0.025332 2.035530 2.034154
-0.024709 2.066409 2.051665
-0.024628 2.097947 2.096281
-0.023102 2.127963 2.123715
-0.023124 2.158027 2.149002
-0.023144 2.188103 2.196926
-0.024205 2.219369 2.244557
-0.021405 2.247248 2.241754
-0.020399 2.275664 2.253913
-0.019656 2.302209 2.275501
-0.019121 2.332513 2.339211
-0.018196 2.359855 2.374920
-0.017887 2.387702 2.402206
-0.017245 2.415012 2.417042
-0.017806 2.443086 2.477481
-0.017674 2.469889 2.487988
-0.016670 2.499542 2.535076
-0.015940 2.529726 2.578716
-0.015275 2.560292 2.601099
-0.016837 2.591018 2.663298
-0.016351 2.621038 2.698865
-0.016540 2.651906 2.744740
-0.015259 2.682875 2.770673
-0.014773 2.712709 2.810085
-0.013725 2.743109 2.824472
-0.013003 2.772095 2.868434
-0.013496 2.802083 2.884827
-0.011904 2.830944 2.910867
-0.011150 2.859561 2.945953
-0.019684 2.886176 3.028621
-0.018045 2.913576 3.051208
-0.019090 2.942793 3.120254
-0.019242 2.971452 3.143275
-0.017685 3.001770 3.190436
-0.016209 3.033797 3.217566
-0.013631 3.063480 3.243299
-0.012898 3.095395 3.292767
-0.013135 3.127705 3.343854
-0.010278 3.159056 3.363060
-0.009751 3.189603 3.413090
-0.009683 3.218444 3.425940
-0.008211 3.249434 3.506786
-0.007181 3.279743 3.547559
-0.006511 3.308003 3.580913
-0.005133 3.337424 3.614227
-0.003565 3.363758 3.629548
-0.002561 3.391391 3.640478
-0.001615 3.420348 3.707475
0.000443 3.449834 3.751604
0.002438 3.476984 3.765433
0.003047 3.505678 3.788495
0.004627 3.536342 3.824569
0.006774 3.566819 3.911113
0.007424 3.596363 3.949895
0.007815 3.625826 3.975078
0.010184 3.655692 3.991345
0.012197 3.683719 4.040513
0.012366 3.712902 4.082441
0.013534 3.741116 4.111361
0.015977 3.773971 4.164213
0.017920 3.804318 4.190762
0.018767 3.834603 4.216234
0.020591 3.863022 4.260380
0.021734 3.891718 4.305162
0.022703 3.921606 4.372239
0.025186 3.948940 4.426255
0.026560 3.978811 4.458002
0.029025 4.007189 4.487070
0.030831 4.037655 4.546880
0.030086 4.065972 4.589154
0.030702 4.097339 4.614893
0.032084 4.129130 4.583526
0.034016 4.159470 4.394709
0.035777 4.189485 4.247249
0.035694 4.219141 4.148498
0.036621 4.247956 4.103228
0.038127 4.276743 4.065097
0.039261 4.304735 4.133059
0.041401 4.336087 4.213342
0.043413 4.365899 4.244704
0.043828 4.395550 4.326408
0.046050 4.424636 4.363579
0.047424 4.451124 4.411145
0.049778 4.478073 4.450438
0.050053 4.507939 4.500255
0.052739 4.536962 4.560714
0.053416 4.566858 4.638758
0.055644 4.597176 4.703792
0.059066 4.628092 4.750523
0.060074 4.659547 4.830975
0.061769 4.690625 4.888728
0.063676 4.719187 4.980978
0.063104 4.747730 4.907254
0.061803 4.776458 4.549900
0.058073 4.804756 3.947257
0.055319 4.831451 3.202944
0.055377 4.858070 2.466165
0.055111 4.883531 1.797270
0.057626 4.911389 1.398959
0.059521 4.937390 1.197618
0.061792 4.963475 1.224781
0.062527 4.991745 1.351088
0.061626 5.021888 1.456874
0.061726 5.050144 1.577582
0.061460 5.083299 1.702385
0.061936 5.114350 1.821320
0.061591 5.147269 1.883451
0.061242 5.179977 1.957972
0.061798 5.209476 1.995163
0.047943 5.236586 2.116284
0.043833 5.265834 2.208105
0.044034 5.293577 2.293566
0.046114 5.324468 2.340779
0.047930 5.351458 2.366051
0.049909 5.380812 2.413081
0.050126 5.410160 2.503810
0.050889 5.439099 2.532215
0.050092 5.468258 2.605940
0.050261 5.496527 2.671398
0.050107 5.528634 2.785382
0.049799 5.560893 2.886105
0.050265 5.593241 2.915386
0.050448 5.623659 2.974398
0.050702 5.655752 3.042201
0.052054 5.683936 3.149149
0.052902 5.714854 3.188632
0.053915 5.742322 3.292423
0.054695 5.774483 3.316988
0.056158 5.807376 3.420929
0.057657 5.839834 3.457023
0.057590 5.868958 3.500760
0.059589 5.896638 3.585703
0.061530 5.924051 3.668844
0.061795 5.958082 3.763241
0.061795 5.990471 3.810003
0.065317 6.021110 3.758898
0.065327 6.051725 3.631262
0.064972 6.079706 3.478819
0.066990 6.108425 3.475194
0.067041 6.138023 3.412945
0.067120 6.166324 3.407530
0.068847 6.198435 3.474708
0.068735 6.230045 3.516862
0.071454 6.260727 3.558520
0.073120 6.292483 3.651526
0.074190 6.321634 3.632310
0.075961 6.354554 3.538871
0.076443 6.382417 3.217652
0.073966 6.409025 2.933778
0.079122 6.426471 2.735831
0.080516 6.449411 2.751849
0.080830 6.476311 2.831872
0.081999 6.504390 2.843934
0.083781 6.532013 2.899250
0.083463 6.562929 2.974385
0.083318 6.589989 3.038806
0.084248 6.622163 3.108887
0.085128 6.654987 3.153219
0.086618 6.682531 3.189769
0.089438 6.715075 3.136310
0.092143 6.746433 2.845015
0.090023 6.777619 2.447107
0.087318 6.808262 2.048992
0.084418 6.837063 1.928245
0.083694 6.863678 1.906883
0.082370 6.893639 1.905635
0.083516 6.919480 1.924588
0.083162 6.947164 1.957885
0.084499 6.979812 2.032938
0.085616 7.010107 2.051754
0.085715 7.043336 2.099271
0.085190 7.075079 2.160273
0.083598 7.103005 2.191009
0.083707 7.131662 2.230191
0.084889 7.160353 2.286094
0.085271 7.190415 2.342659
0.085098 7.223653 2.391603
0.083949 7.252812 2.424315
0.084528 7.283518 2.523277
0.084693 7.312299 2.559146
0.084716 7.340526 2.648197
0.085353 7.369959 2.683326
0.084918 7.403982 2.754175
0.085039 7.433100 2.808053
0.084580 7.460482 2.851707
0.085543 7.490802 2.891181
0.086036 7.520072 2.949828
0.087002 7.549844 3.007328
0.086880 7.580040 3.063019
0.095491 7.610724 3.078068
0.096906 7.639765 3.128809
0.096169 7.666873 3.183842
0.098436 7.696847 3.248383
0.099498 7.729571 3.287790
0.100858 7.761418 3.352436
0.102508 7.793427 3.420919
0.103909 7.823299 3.477293
0.103744 7.854668 3.530657
0.104691 7.883612 3.604650
0.104863 7.910239 3.659880
0.106787 7.938337 3.710851
0.107480 7.966494 3.782093
0.108519 7.991747 3.839200
0.108091 8.021043 3.822068
0.105851 8.052569 3.595384
0.104592 8.083457 3.271957
0.105558 8.114040 2.980836
0.107037 8.142798 2.825994
0.106707 8.172363 2.781792
0.108379 8.202986 2.764360
0.108894 8.232806 2.804180
0.110296 8.261478 2.844694
0.110505 8.292711 2.874042
0.110405 8.324809 2.908131
0.111356 8.355917 3.013018
0.108811 8.385466 3.054940
0.109213 8.413960 3.106418
0.111157 8.442693 3.126550
0.111649 8.472898 3.179285
0.111766 8.502084 3.190573
0.112006 8.531668 3.268242
0.113784 8.562388 3.317470
0.115304 8.595553 3.372763
0.117283 8.628625 3.450032
0.116901 8.658736 3.484872
0.117075 8.690139 3.501215
0.118691 8.721961 3.551338
0.119605 8.751490 3.554130
0.120068 8.781089 3.598353
0.127623 8.801512 3.644445
0.129889 8.824295 3.648545
0.127939 8.853057 3.269499
0.125968 8.879883 2.834421
0.126702 8.908465 2.419671
0.126549 8.937290 2.197247
0.127291 8.964614 2.203788
0.128576 8.993255 2.220719
0.127237 9.023714 2.204830
0.127436 9.057018 2.207413
0.128239 9.085234 2.190886
0.129540 9.115982 2.166012
0.130829 9.145898 2.193933
0.130291 9.178687 2.214062
0.129195 9.208486 2.245124
0.130223 9.236348 2.214801
0.131518 9.266349 2.230520
0.131909 9.294407 2.265703
0.130423 9.323664 2.219736
0.132128 9.355495 2.242957
0.133882 9.386592 2.187668
0.135596 9.418631 2.241159
0.134401 9.448397 2.224060
0.135669 9.478801 2.204588
0.134823 9.508684 2.227115
0.135893 9.537246 2.208386
0.137108 9.562744 2.253275
0.138891 9.590480 2.302815
0.139158 9.618554 2.313683
0.138718 9.652653 2.301834
0.139120 9.683195 2.303393
0.140690 9.713095 2.313261
0.140426 9.744151 2.318557
0.140962 9.772613 2.329567
0.142012 9.801503 2.386965
0.142635 9.831992 2.410072
0.140703 9.860832 2.411923
0.141871 9.888968 2.446219
0.143089 9.917152 2.448257
0.143229 9.948085 2.390145
0.132085 9.975956 2.457360
0.131839 10.007198 2.225988
0.133429 10.034249 1.968152
0.131415 10.063122 1.671735
0.129903 10.092166 1.502669
0.126996 10.123315 1.483109
0.126339 10.156005 1.485384
0.125915 10.187805 1.483237
0.125841 10.218682 1.500781
0.126143 10.250300 1.548807
0.126540 10.281367 1.567170
0.125456 10.314667 1.557296
0.126340 10.345177 1.626921
0.124456 10.373465 1.663408
0.123188 10.402200 1.693865
0.121086 10.429495 1.679128
0.123285 10.456684 1.707885
0.122079 10.485763 1.717434
0.121616 10.514316 1.738043
0.122147 10.542817 1.730056
0.123293 10.572034 1.772242
0.121673 10.601605 1.801148
0.120638 10.633449 1.800295
0.122178 10.663652 1.860842
0.122099 10.694385 1.861958
0.122989 10.724486 1.875960
0.125204 10.757357 1.882960
0.124367 10.785695 1.933748
0.123216 10.815566 1.917927
0.121581 10.846036 1.927758
0.122705 10.874933 1.928808
0.122831 10.903182 1.967289
0.123044 10.929540 1.996241
0.123122 10.955425 2.011057
0.123653 10.986706 1.989749
0.122200 11.017892 1.986931
0.122564 11.046541 2.030667
0.122637 11.074273 2.103163
0.123643 11.106058 2.139554
0.122437 11.136534 2.152343
0.130636 11.165895 2.085467
0.133582 11.194667 2.137438
0.132688 11.224706 2.166904
0.133991 11.252496 2.201924
0.133386 11.280626 2.233990
0.133152 11.311242 2.221990
0.132460 11.339133 2.249257
0.133067 11.368301 2.325292
0.132641 11.399314 2.307166
0.131552 11.428854 2.312030
0.130590 11.458120 2.306313
0.132187 11.484769 2.355149
0.134122 11.512988 2.396734
0.135148 11.541345 2.444221
0.134472 11.570994 2.438253
0.134799 11.601512 2.459856
0.135921 11.628533 2.468979
0.136849 11.656769 2.470773
0.134316 11.687436 2.477901
0.135258 11.716606 2.528752
0.137300 11.746070 2.541555
0.135883 11.779826 2.532597
0.135006 11.813599 2.503522
0.135713 11.843941 2.535207
0.138003 11.875803 2.612741
0.135673 11.903346 2.598668
0.136053 11.931730 2.648106
0.134758 11.965339 2.594332
0.133243 11.997514 2.605670
0.134443 12.028929 2.654120
0.135345 12.057443 2.660281
0.135056 12.085117 2.669338
0.137184 12.113145 2.698080
0.137552 12.141106 2.730792
0.136244 12.172705 2.711148
0.139691 12.203870 2.763013
0.140818 12.229604 2.810419
0.140744 12.262374 2.792518
0.144886 12.293730 2.849883
0.141531 12.328867 2.773827
0.137251 12.353451 2.844567
0.138746 12.381380 2.879806
0.141048 12.411643 2.912810
0.139494 12.441125 2.880182
0.137912 12.471545 2.834469
0.137685 12.497614 2.586317
0.134368 12.522187 2.269889
0.136127 12.548373 1.956449
0.140636 12.581045 1.873321
0.141811 12.611907 1.911020
0.142303 12.646358 1.916419
0.143284 12.675052 1.937774
0.143942 12.705063 1.970482
0.142516 12.732367 2.042504
0.140149 12.764153 2.051883
0.142073 12.792265 2.105031
0.144374 12.819910 2.179241
0.145218 12.845757 2.235808
0.142499 12.875510 2.267714
0.142690 12.903823 2.319969
0.142806 12.937256 2.359694
0.144343 12.968843 2.433061
0.140747 13.000427 2.457580
0.147739 13.026406 2.584244
0.144708 13.057974 2.586113
0.142921 13.085547 2.601935
0.143919 13.115362 2.712839
0.149107 13.144480 2.753117
0.150124 13.174684 2.812019
0.150605 13.205789 2.894605
0.148786 13.239823 2.899170
0.156066 13.264546 3.006843
0.155968 13.295638 3.065466
0.152613 13.330113 3.077694
0.155196 13.362847 3.196559
0.154278 13.397993 3.273101
0.154985 13.433251 3.340993
0.154296 13.466799 3.427044
0.153608 13.500810 3.514193
0.153871 13.530739 3.560895
0.156334 13.562701 3.466974
0.160380 13.595545 3.504124
0.160549 13.627585 3.534552
0.157993 13.655773 3.666670
0.158825 13.686613 3.687007
0.161285 13.718313 3.721619
0.162160 13.748718 3.774450
0.161411 13.778752 3.803307
0.164292 13.809345 3.843604
0.167214 13.844905 3.973118
0.167441 13.874176 4.002338
0.165506 13.906329 4.034924
0.170675 13.939870 4.128263
0.173582 13.975453 4.170420
0.175894 14.006066 4.193596
0.179138 14.039944 4.273911
0.180532 14.067636 4.307630
0.180022 14.095275 4.320619
0.180969 14.123540 4.331351
0.181232 14.153989 4.181785
0.181224 14.184479 3.836655
0.181300 14.215957 3.379037
0.181646 14.239881 2.936307
0.182683 14.265665 2.862474
0.183057 14.295082 2.873665
0.183922 14.326450 2.920801
0.182982 14.358341 2.983838
0.185749 14.385454 2.997519
0.184359 14.417307 3.055100
0.187913 14.447346 3.110424
0.190369 14.475017 3.153219
0.192075 14.508319 3.227587
0.190217 14.536995 3.267710
0.191946 14.562537 3.286245
0.192898 14.589896 3.311806
0.195564 14.619425 3.365815
0.195520 14.653799 3.459530
0.197140 14.683424 3.502339
0.197220 14.711840 3.521615
0.196433 14.739060 3.496762
0.200500 14.776025 3.280969
0.200983 14.808363 2.908595
0.201393 14.840718 2.575017
0.203844 14.873586 2.330033
0.204003 14.900016 2.260838
0.205650 14.932161 2.290470
0.207260 14.961937 2.340936
0.207542 14.993183 2.406041
0.208091 15.023686 2.475509
0.211039 15.057486 2.480572
0.211494 15.089479 2.531814
0.212810 15.121500 2.595371
0.213357 15.152969 2.593466
0.211307 15.184178 2.565389
0.213306 15.215222 2.637298
0.211241 15.245344 2.634321
0.213048 15.275961 2.680284
0.215684 15.304577 2.751614
0.215038 15.336533 2.753468
0.214416 15.364680 2.771248
0.214365 15.392804 2.795439
0.214604 15.421023 2.824636
0.215216 15.450816 2.830485
0.217573 15.478656 2.875303
0.219130 15.510110 2.902064
0.220930 15.538285 2.905785
0.221590 15.569259 2.921222
0.222455 15.601885 2.986970
0.223454 15.631200 2.975045
0.223595 15.659715 3.010541
0.222786 15.690435 3.040066
0.222761 15.721905 3.071615
0.224162 15.750277 3.076800
0.225134 15.782437 3.172501
0.226740 15.812959 3.172990
0.230322 15.843694 3.196403
0.230512 15.872826 3.202239
0.228827 15.901806 3.216291
0.230007 15.933994 3.270005
0.228380 15.961672 3.283898
0.220437 15.996265 3.267608
0.218578 16.025870 3.261013
0.223321 16.055705 3.296735
0.224197 16.085411 3.331835
0.226338 16.116437 3.320848
0.226455 16.147155 3.370029
0.224127 16.176485 3.423505
0.226470 16.206694 3.422705
0.228095 16.234918 3.431330
0.230792 16.269109 3.454680
0.231387 16.299835 3.168523
0.233075 16.325152 2.743292
0.230355 16.355341 2.262833
0.232635 16.387334 1.854817
0.228038 16.420419 1.695432
0.226948 16.453515 1.677862
0.227087 16.481360 1.682016
0.227297 16.512001 1.654105
0.226816 16.538465 1.656245
0.226838 16.564900 1.630764
0.228447 16.595167 1.656514
0.230813 16.628218 1.727998
0.234338 16.656837 1.682426
0.233688 16.687256 1.717796
0.234641 16.720069 1.694828
0.230551 16.756191 1.724276
0.235106 16.789679 1.800534
0.233194 16.822079 1.841161
0.233642 16.850250 1.864216
0.234141 16.878725 1.880661
0.233574 16.906867 1.938636
0.235229 16.933716 1.886984
0.236769 16.961689 1.845137
0.234743 16.993669 1.818802
0.238963 17.024306 1.901434
0.239007 17.056737 1.904296
0.240508 17.089790 1.914974
0.239290 17.115524 1.990228
0.241984 17.143901 2.103848
0.249618 17.170496 2.051154
0.245060 17.196276 1.975261
0.239046 17.227103 2.094674
0.242961 17.260464 2.100060
0.246929 17.297186 2.166036
0.245561 17.330191 2.135000
0.244340 17.358197 2.162002
0.240734 17.390650 2.252720
0.241474 17.420663 2.276838
0.241553 17.446756 2.330471
0.241271 17.474293 2.325833
0.242218 17.508569 2.317055
0.243230 17.536918 2.393278
0.243940 17.571995 2.384819
0.241270 17.601771 2.396140
0.242856 17.631137 2.402795
0.244707 17.661982 2.372282
0.243397 17.686170 2.402523
0.239819 17.712595 2.493225
0.240445 17.743418 2.516430
0.240261 17.774382 2.453816
0.242261 17.804914 2.550412
0.249469 17.836228 2.576187
0.246618 17.875513 2.643468
0.246336 17.901264 2.687286
0.243480 17.928448 2.771669
0.241224 17.955247 2.760320
0.241257 17.982871 2.794572
0.239375 18.014282 2.811771
0.242081 18.047758 2.818321
0.239209 18.083620 2.608415
0.234759 18.112445 2.161794
0.240110 18.137906 1.717867
0.238342 18.162459 1.367260
0.236888 18.189464 1.191977
0.241029 18.211827 1.157454
0.241727 18.235247 1.183623
0.237860 18.269552 1.172492
0.235398 18.303608 1.172320
0.235477 18.340621 1.175359
0.235665 18.375071 1.173029
0.238119 18.396140 1.225828
0.237115 18.424456 1.289214
0.235693 18.454056 1.338760
0.234856 18.480864 1.389984
0.236504 18.509468 1.366306
0.237054 18.540102 1.351400
0.235947 18.569551 1.344893
0.237680 18.601644 1.327853
0.238320 18.633710 1.294521
0.239063 18.661862 1.341107
0.239802 18.688698 1.386537
0.240508 18.715046 1.344972
0.238369 18.742713 1.398781
0.238287 18.775681 1.385238
0.240720 18.810706 1.376690
0.240852 18.845997 1.387077
0.241456 18.876131 1.355297
0.242814 18.911119 1.228653
0.242426 18.940721 1.279539
0.244138 18.968696 1.256231
0.244968 19.003563 1.246411
0.243901 19.030718 1.286809
0.243382 19.064880 1.249731
0.245052 19.098789 1.296681
0.242419 19.131419 1.353250
0.244077 19.164883 1.271868
0.246386 19.195510 1.237014
0.243544 19.219976 1.280074
0.245219 19.251174 1.317541
0.245532 19.279682 1.263626
0.240672 19.309983 1.311014
0.244410 19.341249 1.271017
0.244747 19.366804 1.271273
0.242598 19.396457 1.307883
0.244592 19.424737 1.234448
0.244119 19.449821 1.257005
0.246483 19.462130 1.350732
0.244318 19.482668 1.379865
0.244276 19.510018 1.433290
0.242358 19.547382 1.348376
0.238756 19.584103 1.379257
0.236450 19.615322 1.396535
0.238161 19.646546 1.380931
0.244136 19.676386 1.333118
0.244825 19.703677 1.412896
0.245019 19.730808 1.338394
0.241937 19.760853 1.422543
0.249799 19.788500 1.335922
0.244728 19.818662 1.357947
0.247348 19.849198 1.379590
0.245955 19.879268 1.338462
0.239920 19.911303 1.395186
0.240107 19.947732 1.397753
0.240772 19.978248 1.393356
0.234828 20.016983 1.395245
0.230248 20.045059 1.368223
0.233545 20.073801 1.388462
0.234326 20.110986 1.389884
0.221749 20.150022 1.409242
0.224853 20.183128 1.372537
0.228620 20.217199 1.419097
0.229516 20.249799 1.303144
0.226095 20.282478 1.389776
0.227894 20.313799 1.425010
0.226376 20.347667 1.415999
0.229922 20.375015 1.392827
0.230570 20.421222 1.405816
0.235118 20.454380 1.349002
0.234999 20.477598 1.320449
0.232357 20.512513 1.351319
0.228611 20.541187 1.382693
0.229546 20.569300 1.342017
0.225933 20.592991 1.324688
0.226864 20.622563 1.361295
0.226082 20.655334 1.344671
0.223746 20.691653 1.336889
0.225445 20.725655 1.368862
0.223178 20.751483 1.361152
0.219429 20.784065 1.372943
0.214746 20.810752 1.345234
0.214970 20.835131 1.383553
0.219718 20.866227 1.384360
0.217094 20.895227 1.358238
0.215440 20.919460 1.352386
0.214709 20.944940 1.428086
0.212041 20.972122 1.481219
0.214523 20.996556 1.543551
0.219030 21.024950 1.531882
0.218327 21.057072 1.516946
0.219881 21.082752 1.531541
0.218425 21.109281 1.617075
0.221086 21.135098 1.682951
0.222033 21.165334 1.706115
0.223874 21.194643 1.691344
0.228072 21.233740 1.670085
0.229331 21.260559 1.698412
0.227571 21.270359 1.834068
0.225687 21.289581 1.950540
0.226042 21.302992 2.011597
0.233076 21.326093 2.055232
0.231350 21.347844 2.142369
0.228991 21.375869 2.054215
0.230912 21.402812 2.091109
0.232216 21.424618 2.098777
0.237575 21.455611 2.105830
0.238308 21.478061 2.151732
0.239692 21.511321 2.074426
0.240916 21.545767 2.024529
0.242447 21.579211 2.005450
0.247231 21.605541 2.090836
0.248250 21.625583 2.161105
0.244251 21.652787 2.038665
0.246798 21.672796 2.093673
0.245287 21.703409 2.031305
0.247124 21.729587 2.051420
0.248749 21.750187 2.096897
0.248314 21.773286 2.031062
0.247534 21.798921 2.052986
0.250334 21.828098 2.070935
0.252861 21.860727 2.154640
0.252579 21.889729 2.152059
0.247088 21.921363 2.163160
0.249221 21.956547 2.204598
0.250223 21.987913 2.194059
0.252896 22.014768 2.239284
0.252269 22.045821 2.173712
0.253024 22.076653 2.259849
0.253939 22.104642 2.218452
0.254924 22.133231 2.319596
0.256221 22.157250 2.257893
0.260130 22.182847 2.325981
0.264541 22.212361 2.375433
0.261372 22.243452 2.403178
0.263819 22.274696 2.410586
0.263007 22.306275 2.410850
0.268542 22.340921 2.427197
0.269816 22.369237 2.485168
0.266728 22.401139 2.490019
0.265555 22.433805 2.490346
0.263098 22.465022 2.497186
0.265097 22.490404 2.576270
0.266267 22.516999 2.569523
0.265844 22.544312 2.553238
0.264338 22.573012 2.579636
0.264924 22.599011 2.594918
0.266483 22.627739 2.656255
0.263301 22.656490 2.626514
0.266211 22.684961 2.691895
0.271464 22.713249 2.725859
0.270033 22.744978 2.759456
0.269043 22.777205 2.782995
0.271960 22.809573 2.805996
0.270921 22.842121 2.790173
0.270946 22.878268 2.844590
0.271442 22.907146 2.856081
0.272510 22.937510 2.826639
0.272140 22.966069 2.849445
0.269913 22.993561 2.817874
0.275842 23.024056 2.854999
0.279072 23.051670 2.917968
0.276053 23.083162 2.918802
0.277982 23.113899 2.874554
0.281543 23.143726 2.936781
0.282017 23.173144 2.903405
0.282476 23.205989 2.774296
0.283306 23.235893 2.500217
0.282625 23.266954 2.167893
0.278104 23.291614 2.035219
0.281303 23.323024 2.027310
0.281308 23.348286 2.057556
0.279016 23.378377 1.993210
0.280113 23.412877 2.008296
0.278381 23.439867 2.042185
0.283975 23.469546 2.033389
0.286985 23.497379 1.769921
0.286348 23.527994 1.421764
0.285808 23.553909 1.081899
0.281267 23.580586 1.008002
0.277792 23.609681 0.988349
0.276241 23.640424 0.963238
0.282169 23.671267 0.993288
0.280824 23.701025 1.035548
0.279571 23.731835 1.013617
0.279943 23.761721 1.037490
0.278283 23.790929 0.997908
0.278655 23.820615 1.032437
0.278338 23.847241 1.056666
0.275170 23.878866 1.082666
0.275757 23.910114 1.108225
0.277521 23.941286 1.065234
0.273602 23.969304 1.035607
0.272259 23.995880 1.065832
0.269930 24.021606 1.112303
0.273208 24.054269 1.131708
0.270450 24.089668 1.113782
0.273537 24.117636 1.179674
0.274234 24.143672 1.191939
0.271012 24.172792 1.151245
0.268410 24.199917 1.164946
0.270471 24.229695 1.163322
0.266142 24.263855 1.232076
0.266999 24.295288 1.138993
0.266226 24.325312 1.241090
0.265665 24.353853 1.233838
0.265535 24.384105 1.271972
0.266773 24.419478 1.276185
0.269458 24.448903 1.299263
0.264865 24.475248 1.405874
0.263110 24.504812 1.466664
0.261597 24.530639 1.399252
0.264326 24.559783 1.454732
0.265648 24.589184 1.412064
0.266568 24.621880 1.425346
0.268927 24.655153 1.447864
0.268137 24.685677 1.472556
0.268932 24.718398 1.516636
0.271941 24.750949 1.457940
0.268522 24.781194 1.491132
0.272451 24.808489 1.598734
0.272973 24.836975 1.561273
0.271169 24.865626 1.604687
0.273106 24.893151 1.571291
0.272072 24.919004 1.663794
0.272416 24.950345 1.577738
0.268771 24.982791 1.600322
0.272350 25.011946 1.603779
0.271590 25.037528 1.654910
0.267798 25.072327 1.618596
0.268562 25.100455 1.641891
0.272379 25.134048 1.667595
0.268279 25.164560 1.644290
0.266440 25.193968 1.740599
0.266113 25.223983 1.753294
0.266499 25.255086 1.742514
0.266651 25.285625 1.789939
0.271069 25.310943 1.726887
0.268301 25.337071 1.761999
0.271296 25.365908 1.720415
0.274942 25.394893 1.732344
0.278164 25.425914 1.709281
0.274497 25.457172 1.833722
0.275641 25.488699 1.805437
0.276066 25.519709 1.896360
0.276424 25.550972 1.879894
0.272770 25.580842 1.894120
0.272386 25.609500 1.935026
0.269710 25.639975 1.909207
0.269997 25.673359 1.975506
0.270835 25.704708 1.987221
0.270112 25.736369 2.025224
0.273424 25.767655 2.021783
0.272081 25.794828 2.088308
0.270635 25.818612 2.141199
0.272143 25.847423 2.187626
0.275707 25.874941 2.201892
0.274820 25.903897 2.183696
0.278022 25.932804 2.227485
0.281735 25.961309 2.197053
0.282513 25.994927 2.220426
0.282429 26.024207 2.267357
0.285925 26.055148 2.248449
0.281223 26.086144 2.280204
0.281409 26.112393 2.297661
0.278644 26.139078 2.339161
0.280915 26.167403 2.335226
0.283576 26.198450 2.339366
0.282891 26.225808 2.245322
0.283009 26.255244 1.908653
0.282579 26.285516 1.565397
0.284870 26.315501 1.376518
0.284201 26.346627 1.260597
0.285329 26.377620 1.238808
0.283179 26.407129 1.264592
0.282726 26.434982 1.294213
0.280165 26.462863 1.263301
0.282501 26.492764 1.235259
0.283259 26.519529 1.255950
0.284399 26.547307 1.270361
0.283079 26.580480 1.204339
0.279044 26.610089 1.239461
0.281656 26.644380 1.287320
0.286457 26.675678 1.286803
0.284434 26.703838 1.305639
0.283088 26.734204 1.306631
0.282550 26.764077 1.281890
0.283072 26.790483 1.293158
0.286066 26.822229 1.275261
0.284872 26.851676 1.298528
0.282518 26.881778 1.258962
0.283184 26.911418 1.251419
0.285163 26.940115 1.243173
0.287755 26.968074 1.211756
0.288854 26.998617 1.205851
0.290016 27.031524 1.201865
0.289851 27.061997 1.217141
0.289646 27.092187 1.164823
0.291983 27.120291 1.150527
0.291975 27.151587 1.215435
0.290151 27.178933 1.227033
0.291482 27.208303 1.193137
0.290535 27.237893 1.172206
0.288873 27.269886 1.203844
0.287995 27.297899 1.234017
0.288277 27.327998 1.219951
0.289436 27.358800 1.220631
0.290985 27.389442 1.220025
0.291139 27.421640 1.197212
0.286451 27.447667 1.289631
0.287906 27.475291 1.267589
0.289100 27.505252 1.277118
0.288665 27.534258 1.286388
0.289581 27.563218 1.336818
0.291369 27.595767 1.248811
0.290905 27.628223 1.262043
0.293041 27.656518 1.239210
0.292097 27.689243 1.228513
0.290059 27.720452 1.271487
0.293564 27.749623 1.221499
0.294590 27.779481 1.226945
0.294618 27.809148 1.230680
0.294916 27.837059 1.232062
0.295384 27.867708 1.213560
0.294155 27.897530 1.273505
0.290400 27.928288 1.308041
0.291241 27.958194 1.322132
0.292436 27.987344 1.280317
0.293059 28.013787 1.283267
0.292205 28.044849 1.272018
0.292217 28.074507 1.333449
0.290207 28.099894 1.425952
0.291199 28.114180 1.463064
0.289062 28.127549 1.526237
0.287213 28.147552 1.636514
0.288950 28.161571 1.543627
0.285484 28.180768 1.697897
0.284681 28.201328 1.541793
0.281004 28.221689 1.761054
0.281553 28.244948 1.834178
0.287810 28.266962 1.641957
0.278516 28.302445 1.606039
0.284662 28.333671 1.538710
0.275076 28.354860 1.808586
0.265623 28.373442 1.957670
0.258574 28.391748 1.960848
0.251043 28.407721 1.985015
0.242988 28.429371 2.043804
0.212437 28.451552 2.248841
0.199151 28.472220 2.279291
0.207709 28.493131 2.209846
0.208705 28.507706 2.282493
0.205447 28.524432 2.264972
0.204760 28.544461 2.259974
0.205603 28.560670 2.224581
0.210311 28.584716 2.111340
0.208941 28.609739 2.132367
0.203566 28.632068 2.098535
0.203565 28.657921 2.168628
0.201255 28.682466 2.134333
0.199580 28.712763 2.139238
0.197067 28.741465 2.176089
0.192612 28.768879 2.154193
0.196028 28.813938 2.085761
0.196902 28.852360 2.021498
0.199442 28.891994 1.980226
0.196628 28.920463 2.085568
0.196991 28.957714 2.115122
0.193375 28.996667 2.026605
0.189514 29.027453 2.078597
0.202545 29.060958 1.980677
0.204444 29.105110 1.859571
0.211429 29.132761 1.875696
0.205141 29.169381 1.967125
0.197998 29.200453 1.953668
0.196466 29.227939 2.046327
0.202075 29.252897 1.895256
0.204184 29.277820 1.885025
0.208157 29.312055 1.922687
0.207090 29.341551 1.861825
0.210095 29.379170 1.846515
0.216075 29.418281 1.858203
0.216187 29.452753 1.828712
0.219735 29.490475 1.757653
0.220846 29.519072 1.824534
0.223072 29.555036 1.809608
0.225054 29.580910 1.852814
0.218902 29.608756 1.897196
0.219801 29.648172 1.874575
0.217459 29.678745 1.868205
0.217316 29.706214 1.876817
0.225026 29.730688 1.856164
0.228149 29.746500 1.833094
0.222894 29.763025 1.835786
0.218428 29.784061 1.795355
0.224729 29.801685 1.655773
0.221097 29.825512 1.370395
0.221437 29.857205 0.979600
0.223659 29.898025 0.729245
0.219370 29.939235 0.672057
0.221885 29.975686 0.668605
0.223489 30.010619 0.700281
0.214229 30.037167 0.694683
0.209275 30.063692 0.768719
0.213204 30.091661 0.786235
0.210480 30.122579 0.741484
0.212072 30.159486 0.788917
0.211623 30.191668 0.723352
0.210621 30.220520 0.752256
0.208777 30.247511 0.749392
0.211784 30.269048 0.744154
0.209525 30.288505 0.808668
0.207983 30.312894 0.855213
0.208970 30.336322 0.873127
0.209786 30.364924 0.905451
0.209047 30.401119 0.916145
0.209741 30.438332 0.956752
0.207551 30.473204 1.011090
0.204814 30.510881 1.035657
0.206897 30.538623 1.042586
0.205788 30.564529 1.117689
0.207159 30.592589 1.156015
0.207443 30.622126 1.186849
0.202891 30.658108 1.203784
0.209656 30.691080 1.222495
0.209020 30.722209 1.272190
0.209366 30.751308 1.312471
0.212373 30.774725 1.430581
0.212607 30.798254 1.364897
0.210380 30.820832 1.457795
0.209938 30.841869 1.488675
0.209346 30.874567 1.467392
0.209466 30.903664 1.451962
0.211593 30.941270 1.520387
0.209946 30.982085 1.557205
0.215532 31.014359 1.585788
0.213604 31.047241 1.670784
0.212240 31.076273 1.694088
0.215085 31.104432 1.776537
0.211881 31.128852 1.853161
0.215427 31.160302 1.821643
0.215927 31.191315 1.919005
0.222286 31.219967 1.894699
0.225099 31.248836 1.930564
0.225125 31.273825 2.005537
0.223599 31.297514 2.067019
0.223234 31.320625 2.085810
0.225108 31.341583 2.148741
0.222765 31.364370 2.211549
0.220603 31.401234 2.222539
0.225659 31.437700 2.307263
0.229913 31.473116 2.332340
0.226470 31.509845 2.409554
0.230687 31.541286 2.488711
0.229982 31.576177 2.507082
0.229365 31.601895 2.605879
0.231015 31.627049 2.676282
0.228911 31.662324 2.670494
0.229543 31.691136 2.733622
0.234570 31.724068 2.800973
0.232208 31.752620 2.826942
0.237980 31.779770 2.861306
0.236287 31.804450 2.949122
0.235394 31.830192 2.984541
0.235605 31.853336 3.026648
0.236248 31.881478 3.143370
0.229041 31.910603 3.116072
0.235437 31.946469 3.230102
0.240723 31.983915 3.197426
0.240694 32.014229 3.268153
0.247916 32.044701 3.314268
0.241902 32.069498 3.375771
0.239951 32.097328 3.493550
0.247092 32.119649 3.519288
0.244511 32.148165 3.605415
0.246563 32.180862 3.529320
0.252007 32.211419 3.714154
0.248468 32.245229 3.747908
0.249132 32.273519 3.724080
0.252136 32.302946 3.530812
0.245842 32.328948 3.107061
0.243722 32.354497 2.650259
0.243674 32.377894 1.957962
0.242055 32.403181 1.435895
0.243880 32.434550 1.144069
0.242478 32.469844 0.938387
0.239280 32.499871 0.982626
0.240578 32.532156 0.943223
0.236743 32.563953 1.011695
0.236094 32.589307 1.064307
0.239440 32.619233 1.097676
0.241129 32.648966 1.182195
0.237954 32.679061 1.200438
0.236649 32.711097 1.277421
0.236839 32.740271 1.357711
0.234930 32.768656 1.396564
0.234491 32.799562 1.471892
0.235253 32.826531 1.528903
0.239395 32.854308 1.585791
0.237529 32.878912 1.658916
0.241210 32.902890 1.756439
0.241018 32.930020 1.759034
0.239948 32.961607 1.863224
0.239349 32.991440 1.873303
0.242790 33.021635 1.953482
0.239004 33.052124 2.032576
0.237500 33.081584 2.101407
0.246081 33.110778 2.128977
0.244744 33.140327 2.223706
0.244608 33.169434 2.275040
0.242325 33.199293 2.370805
0.241570 33.229494 2.400610
0.244363 33.257957 2.413542
0.242107 33.285129 2.521039
0.244616 33.311146 2.542180
0.249510 33.340837 2.590006
0.249738 33.368094 2.612471
0.245386 33.395740 2.757214
0.250253 33.423285 2.776900
0.248680 33.453077 2.870464
0.251377 33.483251 2.895670
0.254663 33.512584 2.946413
0.251720 33.545552 3.023609
0.254724 33.576793 3.019265
0.259704 33.609207 3.144142
0.255504 33.638491 3.230556
0.253771 33.666207 3.303364
0.254867 33.695780 3.379303
0.256503 33.726377 3.444972
0.261922 33.753674 3.477847
0.260726 33.781002 3.560947
0.265183 33.809374 3.620401
0.262544 33.836861 3.666867
0.263502 33.864142 3.733607
0.267881 33.892518 3.762336
0.268309 33.922165 3.830694
0.271593 33.951875 3.879294
0.273571 33.980971 3.928256
0.276292 34.010867 4.005468
0.274262 34.042777 4.066380
0.278830 34.073360 4.108818
0.278773 34.102425 4.135366
0.280391 34.133825 4.204609
0.281198 34.166350 4.255907
0.283202 34.198531 4.323421
0.286594 34.229982 4.360941
0.285004 34.260150 4.428766
0.285531 34.296225 4.448321
0.285136 34.332046 4.505902
0.285103 34.375173 4.525577
0.290656 34.411201 4.623370
0.295254 34.449624 4.692049
0.293634 34.486553 4.810266
0.298029 34.526505 4.834313
0.298310 34.562821 4.929049
0.301913 34.598118 4.960785
0.304838 34.636274 5.043201
0.310447 34.669043 5.063009
0.310371 34.704694 5.156100
0.308566 34.737860 5.267825
0.312114 34.773094 5.336425
0.316547 34.805786 5.342586
0.322035 34.839459 5.500093
0.325184 34.874211 5.502628
0.327709 34.907229 5.549551
0.330020 34.935798 5.535035
0.329408 34.967356 5.647224
0.328988 34.993553 5.778715
0.331577 35.021514 5.817658
0.333690 35.049088 5.876653
0.337839 35.077892 5.914383
0.340849 35.108468 5.907592
0.341930 35.136353 5.982253
0.342698 35.163184 5.950073
0.340804 35.192460 5.659893
0.341087 35.221452 5.378731
0.342943 35.250763 5.097956
0.345201 35.279775 5.021174
0.348471 35.309986 5.103541
0.350423 35.339971 5.216920
0.352657 35.368146 5.249934
0.355834 35.395655 5.194781
0.351839 35.421428 5.002300
0.351180 35.447300 4.526538
0.351140 35.475525 4.186905
0.352791 35.507151 3.911513
0.351703 35.536927 3.873198
0.354876 35.565295 3.848324
0.354739 35.595182 3.825047
0.357142 35.627193 3.895163
0.360873 35.658204 3.911651
0.362927 35.689164 3.693099
0.363188 35.721883 3.224533
0.364140 35.751831 2.707956
0.362951 35.779890 2.166428
0.359693 35.807289 1.840333
0.356366 35.836883 1.669062
0.358853 35.868421 1.644617
0.366002 35.897824 1.609904
0.365884 35.924646 1.581454
0.364288 35.952333 1.433153
0.362348 35.983881 0.918491
0.358735 36.008768 0.746493
0.358226 36.034211 0.401855
0.357679 36.066748 0.259173
0.356937 36.094806 0.412729
0.357275 36.124954 0.503975
0.360400 36.157109 0.535298
0.358661 36.186270 0.649043
0.353986 36.216398 0.717890
0.358635 36.246794 0.710675
0.359599 36.276200 0.767830
0.354152 36.302952 0.968650
0.349009 36.330497 0.940089
0.339475 36.359061 1.007170
0.344593 36.387405 1.028404
0.353372 36.415034 1.084592
0.352991 36.442673 1.185232
0.348218 36.471526 1.231406
0.340787 36.500659 1.347208
0.343873 36.529030 1.330135
0.346430 36.557494 1.422392
0.347829 36.588558 1.461259
0.348669 36.617135 1.546916
0.342102 36.647548 1.597013
0.343046 36.680167 1.625652
0.346017 36.711907 1.646241
0.350435 36.742535 1.728456
0.351678 36.770910 1.823529
0.348662 36.799438 1.850757
0.345180 36.827922 1.886229
0.345089 36.855578 1.939262
0.353615 36.883920 1.983774
0.356519 36.910822 2.071838
0.354741 36.939891 2.126708
0.356478 36.967817 2.176678
0.358363 36.997118 2.235158
0.361030 37.027201 2.292069
0.361483 37.057189 2.357264
0.358609 37.088310 2.434017
0.359007 37.118877 2.467288
0.362829 37.149761 2.523612
0.356735 37.182023 2.506461
0.358171 37.216120 2.479665
0.359232 37.248633 2.492992
0.353694 37.276182 2.574394
0.345589 37.303514 2.636313
0.345385 37.330190 2.704828
0.345717 37.360455 2.735348
0.344105 37.384843 2.825738
0.346825 37.417253 2.777477
0.346766 37.446370 2.872721
0.350815 37.480479 2.949053
0.352823 37.510365 2.967591
0.353299 37.538242 3.032552
0.356208 37.569453 3.088076
0.362448 37.599970 3.103190
0.365614 37.629334 3.173679
0.365782 37.657277 3.234410
0.366250 37.686069 3.290766
0.367281 37.712552 3.346677
0.368707 37.740380 3.439561
0.368378 37.769807 3.472754
0.369873 37.799173 3.517240
0.371866 37.827576 3.556966
0.373459 37.856218 3.643002
0.376192 37.885139 3.693516
0.377884 37.915501 3.765760
0.379624 37.945701 3.779414
0.381630 37.977383 3.838162
0.383245 38.008248 3.854293
0.384267 38.037727 3.911028
0.384482 38.066157 4.022775
0.387045 38.093334 4.065436
0.388583 38.123619 4.083272
0.390456 38.151347 4.167794
0.391379 38.178678 4.194279
0.394374 38.206686 4.296037
0.395715 38.236472 4.323283
0.397430 38.265175 4.393000
0.398068 38.295528 4.468773
0.398709 38.326631 4.527923
0.406776 38.352646 4.564981
0.409957 38.381727 4.659162
0.410755 38.412694 4.717815
0.413845 38.443940 4.834133
0.416287 38.472428 4.918915
0.414453 38.501539 4.961140
0.415537 38.530542 5.011333
0.419045 38.557685 5.082042
0.421599 38.584745 5.135115
0.424149 38.614993 5.163983
0.426790 38.643063 5.322157
0.429003 38.667181 5.317086
0.428917 38.684461 5.417133
0.429661 38.698361 5.445497
0.430179 38.711130 5.450541
0.429515 38.700535 5.707815
0.430115 38.715039 3.403100
0.432334 38.726359 1.114304
0.435460 38.735198 -1.818818
0.489958 38.795690 -94.733736
0.471844 38.793853 -94.648313
0.448612 38.791458 -94.601351
0.420351 38.786520 -94.559858
0.392834 38.782864 -94.525214
0.366021 38.780654 -94.459251
0.339340 38.777566 -94.423014
0.314334 38.775007 -94.353523
0.290482 38.771967 -94.319481
0.268648 38.768778 -94.315497
0.248977 38.767806 -94.269383
0.231558 38.765251 -94.222950
0.214945 38.763459 -94.164608
0.199489 38.762224 -94.146115
0.186670 38.761175 -94.102946
0.173223 38.759771 -94.081628
0.159720 38.757956 -94.047004
0.144900 38.756991 -94.019114
0.130973 38.755662 -94.001973
0.114757 38.753197 -93.990137
0.095356 38.752506 -93.955774
0.079000 38.750040 -93.887331
0.060917 38.747568 -93.879707
0.038681 38.745061 -93.814791
0.016700 38.744731 -93.795734
0.003283 38.741137 -93.585483
-0.014862 38.738906 -93.437132
-0.040071 38.737738 -93.249189
-0.059989 38.737062 -93.162174
-0.079999 38.735728 -93.045776
-0.095997 38.733536 -93.021988
-0.114112 38.732916 -92.934526
-0.132585 38.731156 -92.889006
-0.151129 38.730035 -92.834211
-0.168738 38.729252 -92.795654
-0.184103 38.727193 -92.646346
-0.199853 38.725876 -92.403392
-0.217138 38.725831 -92.124459
-0.236790 38.725927 -91.973331
-0.254081 38.724631 -91.879716
-0.272299 38.722654 -91.869486
-0.289352 38.722959 -91.778251
-0.308918 38.720412 -91.748173
-0.326984 38.718170 -91.761303
-0.347601 38.716465 -91.670186
-0.366702 38.715101 -91.633607
-0.384361 38.714541 -91.412674
-0.403926 38.714652 -91.103625
-0.424554 38.713538 -90.765583
-0.446535 38.715142 -90.435362
-0.464111 38.714520 -90.323518
-0.481748 38.712486 -90.238736
-0.502012 38.711561 -90.209674
-0.519266 38.711746 -90.165149
-0.538773 38.710521 -90.100245
-0.557740 38.709296 -90.064247
-0.577038 38.708708 -90.035435
-0.594010 38.709095 -90.000619
-0.615330 38.709460 -89.980204
-0.634605 38.708492 -89.887440
-0.655160 38.706841 -89.869443
-0.673081 38.705797 -89.818759
-0.692630 38.704446 -89.818124
-0.709677 38.704023 -89.743016
-0.728576 38.704116 -89.680643
-0.745748 38.706215 -89.503062
-0.764202 38.708557 -89.172143
-0.783626 38.708085 -88.809565
-0.802697 38.709073 -88.420603
-0.819906 38.710295 -87.929862
-0.838763 38.710184 -87.562779
-0.856406 38.709608 -87.317527
-0.875322 38.709426 -87.237526
-0.895221 38.710368 -87.195266
-0.915033 38.711443 -87.161264
-0.932482 38.711126 -87.115975
-0.953234 38.711054 -87.076778
-0.972017 38.711927 -87.062235
-0.991397 38.713385 -87.036403
-1.010862 38.712891 -86.999420
-1.032016 38.711145 -86.978739
-1.047716 38.712954 -86.942880
-1.065987 38.713166 -86.918366
-1.083882 38.713753 -86.873295
-1.104113 38.712402 -86.859760
-1.120483 38.712854 -86.824247
-1.137582 38.711953 -86.764573
-1.158421 38.712626 -86.736614
-1.174771 38.712846 -86.732393
-1.192886 38.712975 -86.714899
-1.210814 38.711798 -86.694907
-1.228673 38.713069 -86.644081
-1.247773 38.711756 -86.600920
-1.266438 38.712179 -86.564787
-1.287484 38.713914 -86.519552
-1.305490 38.714391 -86.511667
-1.322244 38.713523 -86.473360
-1.341440 38.715149 -86.396891
-1.361618 38.714579 -86.381336
-1.382392 38.715048 -86.382946
-1.402764 38.716547 -86.336183
-1.424148 38.716894 -86.295319
-1.454780 38.717536 -86.269012
-1.487230 38.718955 -86.242768
-1.520678 38.720694 -86.177545
-1.552200 38.720988 -86.099022
-1.586814 38.722481 -86.018537
-1.620309 38.723661 -85.972485
-1.654145 38.723874 -85.922771
-1.684917 38.725271 -85.876141
-1.713641 38.727951 -85.819596
-1.740676 38.729748 -85.778019
-1.771276 38.730418 -85.748546
-1.797870 38.730728 -85.689895
-1.823899 38.731306 -85.622996
-1.851551 38.731326 -85.639008
-1.876722 38.733372 -85.572423
-1.905075 38.734854 -85.508281
-1.936944 38.735093 -85.490467
-1.964522 38.735465 -85.447317
-1.993936 38.735818 -85.440314
-2.026406 38.737860 -85.357625
-2.057935 38.737902 -85.285339
-2.086308 38.739769 -85.190165
-2.117692 38.740897 -85.167745
-2.148157 38.743310 -85.095260
-2.177124 38.743217 -85.060375
-2.209225 38.745996 -85.040375
-2.237243 38.747624 -84.967222
-2.264849 38.750825 -84.922901
-2.293722 38.752163 -84.891918
-2.323970 38.754054 -84.859644
-2.352155 38.754820 -84.765400
-2.379475 38.757003 -84.741673
-2.408491 38.757488 -84.683035
-2.437320 38.759012 -84.645333
-2.469293 38.762089 -84.627403
-2.498493 38.764764 -84.612474
-2.527922 38.767026 -84.548413
-2.558932 38.769078 -84.524710
-2.588517 38.772114 -84.429103
-2.617663 38.772000 -84.396451
-2.645631 38.775032 -84.389718
-2.674519 38.776900 -84.331721
-2.701796 38.779822 -84.309729
-2.729330 38.776422 -84.255809
-2.757341 38.778294 -84.218929
-2.787561 38.780952 -84.194234
-2.816243 38.782346 -84.134509
-2.846567 38.783816 -84.078395
-2.877261 38.784458 -84.043909
-2.907952 38.787216 -83.981377
-2.938501 38.790384 -83.925239
-2.967934 38.793342 -83.881996
-2.998547 38.795136 -83.786961
-3.029244 38.799010 -83.839650
-3.055976 38.801134 -84.059792
-3.087409 38.802907 -84.466840
-3.116368 38.803506 -84.837674
-3.143014 38.803423 -85.050579
-3.171316 38.802630 -85.026803
-3.202975 38.803222 -84.917070
-3.232192 38.807178 -84.849127
-3.264869 38.810192 -84.778612
-3.295164 38.811088 -84.714590
-3.322112 38.812393 -84.606458
-3.351434 38.814100 -84.514974
-3.382495 38.815580 -84.445381
-3.413368 38.818054 -84.383812
-3.444018 38.819449 -84.307345
-3.472260 38.822390 -84.216102
-3.500673 38.824111 -84.141724
-3.530948 38.825909 -84.031356
-3.562346 38.828829 -84.002114
-3.591915 38.830804 -83.932042
-3.623486 38.831817 -83.868736
-3.654848 38.832797 -83.960772
-3.689950 38.832741 -84.218926
-3.721895 38.833098 -84.621671
-3.751417 38.833642 -84.956954
-3.778337 38.836768 -85.009603
-3.807053 38.838549 -84.954667
-3.834781 38.841223 -84.843909
-3.867440 38.843671 -84.727533
-3.898785 38.846313 -84.677890
-3.923764 38.844292 -84.536098
-3.950403 38.844710 -84.414523
-3.979634 38.846477 -84.319051
-4.008311 38.849027 -84.239268
-4.037291 38.851435 -84.163185
-4.066266 38.852186 -84.088530
-4.096883 38.857028 -83.987220
-4.127119 38.858749 -83.913096
-4.159396 38.861663 -83.798000
-4.190542 38.865059 -83.724046
-4.218849 38.866821 -83.640118
-4.246401 38.868557 -83.540050
-4.275232 38.870960 -83.472250
-4.305544 38.873251 -83.397125
-4.334842 38.875803 -83.350900
-4.363803 38.878248 -83.248984
-4.392475 38.881460 -83.126822
-4.421306 38.883237 -83.065126
-4.450022 38.884702 -82.965244
-4.477978 38.885273 -82.882937
-4.508435 38.887942 -82.772242
-4.538803 38.891694 -82.686003
-4.569198 38.895804 -82.592494
-4.599886 38.898956 -82.520722
-4.629951 38.902064 -82.415559
-4.662444 38.905193 -82.355461
-4.693009 38.909248 -82.258963
-4.722759 38.912732 -82.162644
-4.751864 38.914602 -82.075791
-4.777835 38.915706 -81.981198
-4.805399 38.918954 -81.883521
-4.837242 38.921224 -81.815893
-4.865555 38.923508 -81.737935
-4.894254 38.928174 -81.687757
-4.923862 38.930500 -81.604995
-4.953629 38.933636 -81.525805
-4.981665 38.936638 -81.425777
-5.012048 38.939012 -81.427699
-5.039200 38.939327 -81.673574
-5.064996 38.937710 -82.152048
-5.091054 38.942386 -82.732898
-5.118186 38.941827 -83.440700
-5.140391 38.940486 -84.335771
-5.169508 38.939950 -85.377994
-5.198267 38.942622 -86.033066
-5.228727 38.943309 -86.477637
-5.259083 38.943855 -86.638803
-5.289348 38.945492 -86.559607
-5.319830 38.946462 -86.482818
-5.351705 38.949662 -86.303585
-5.385305 38.950722 -86.185696
-5.418049 38.950352 -86.067658
-5.450742 38.953115 -85.906438
-5.482967 38.955831 -85.773117
-5.512241 38.956201 -85.650669
-5.543239 38.956709 -85.542108
-5.573548 38.958579 -85.466657
-5.602297 38.958754 -85.400944
-5.628659 38.961051 -85.355505
-5.654479 38.962562 -85.297313
-5.683997 38.964209 -85.233678
-5.713567 38.965218 -85.165262
-5.743573 38.966124 -85.088422
-5.773099 38.967038 -85.031353
-5.799601 38.968833 -84.934774
-5.826124 38.970627 -84.843529
-5.856016 38.972528 -84.837736
-5.883037 38.974562 -84.747783
-5.914304 38.976026 -84.716182
-5.945153 38.978294 -84.646824
-5.978369 38.979408 -84.565051
-6.009043 38.979887 -84.478316
-6.035961 38.981406 -84.418602
-6.067819 38.982636 -84.312574
-6.099787 38.984636 -84.220727
-6.129990 38.985611 -84.161468
-6.157540 38.987455 -84.075296
-6.185463 38.989414 -83.991007
-6.215913 38.992143 -83.957728
-6.248249 38.994343 -83.895990
-6.274621 38.992640 -83.853463
-6.301567 38.994483 -83.787840
-6.324752 38.995282 -83.694638
-6.350959 38.998545 -83.646822
-6.381099 39.001299 -83.543819
-6.409955 39.001932 -83.514461
-6.438492 39.006552 -83.492135
-6.464668 39.010979 -83.435830
-6.496813 39.014187 -83.384052
-6.530110 39.017737 -83.289335
-6.562665 39.021458 -83.265044
-6.591008 39.024097 -83.186085
-6.617169 39.026766 -83.106945
-6.647057 39.028674 -83.048178
-6.677381 39.031457 -83.004526
-6.707130 39.034788 -82.939485
-6.738020 39.037155 -82.908652
-6.767900 39.039562 -82.862754
-6.795056 39.042142 -82.779442
-6.826641 39.043438 -82.717520
-6.855074 39.047016 -82.614827
-6.885998 39.050260 -82.546397
-6.915360 39.054346 -82.540996
-6.945807 39.056384 -82.419925
-6.972743 39.057556 -82.382331
-7.007957 39.060001 -82.488771
-7.038509 39.062557 -82.841177
-7.063522 39.064622 -83.148624
-7.086321 39.069549 -83.386709
-7.117352 39.070681 -83.341294
-7.148999 39.072800 -83.302948
-7.179203 39.074805 -83.228555
-7.206176 39.079322 -83.130294
-7.236809 39.084028 -83.037386
-7.270188 39.085123 -83.007368
-7.301288 39.088290 -82.948022
-7.331446 39.090593 -82.867217
-7.358553 39.094665 -82.767600
-7.387214 39.097312 -82.672357
-7.418397 39.099272 -82.608935
-7.444720 39.101564 -82.482510
-7.474355 39.102765 -82.393534
-7.501361 39.106224 -82.325926
-7.530430 39.106453 -82.252300
-7.571647 39.113011 -82.206050
-7.595488 39.113946 -81.982623
-7.619738 39.116449 -81.917055
-7.639899 39.116813 -81.918948
-7.656887 39.120437 -81.853408
-7.667952 39.120936 -81.850636
-7.656943 39.119405 -81.648623
-7.666693 39.129851 -82.518432
-7.661700 39.145795 -84.546127
-7.661622 39.151167 -86.196584
-7.660481 39.158963 -88.257993
