0.000619 -0.011730 0.049772
0.007626 0.003393 -0.219519
0.012953 0.022067 -0.718667
0.016495 0.044855 -0.667046
0.022209 0.074167 -0.608752
0.019453 0.112277 -0.579640
0.010466 0.153914 -0.599575
0.005294 0.203944 -0.496398
0.005453 0.247230 -0.471778
0.005145 0.297943 -0.309617
0.002458 0.343651 -0.252803
-0.004621 0.386331 -0.536062
-0.008718 0.430896 -0.820917
-0.006886 0.463368 -0.827541
-0.005023 0.496547 -0.747607
-0.004785 0.526958 -0.697327
-0.007819 0.557791 -1.042722
-0.003936 0.582025 -1.331020
-0.003475 0.604023 -1.369325
-0.002725 0.627653 -1.110094
-0.005936 0.647968 -0.936182
-0.012664 0.660407 -1.030772
-0.017277 0.674058 -1.386610
-0.021596 0.691431 -1.699580
-0.017417 0.714284 -1.736044
-0.015204 0.734878 -1.666089
-0.018359 0.760976 -1.688701
-0.017987 0.788413 -1.755811
-0.020844 0.817312 -1.897025
-0.021646 0.847359 -1.866343
-0.023201 0.882932 -1.786909
-0.025461 0.917831 -1.736733
-0.027530 0.947898 -1.701763
-0.033317 0.988297 -1.693371
-0.035011 1.021097 -1.615292
-0.036581 1.055787 -1.599594
-0.040482 1.091678 -1.495535
-0.043272 1.127010 -1.372838
-0.048053 1.161007 -1.200117
-0.046408 1.190086 -0.899141
-0.047197 1.210686 -0.593608
-0.047713 1.234478 -0.575233
-0.052118 1.257796 -0.661995
-0.051886 1.280366 -0.637608
-0.050982 1.306230 -0.498971
-0.052023 1.330002 -0.295618
-0.053259 1.353995 -0.264665
-0.056760 1.380139 -0.349835
-0.055553 1.412944 -0.182688
-0.056131 1.442627 -0.019574
-0.058833 1.472060 0.114314
-0.063639 1.501873 0.179667
-0.066874 1.535490 0.266593
-0.062925 1.573828 0.353555
-0.060240 1.608652 0.476319
-0.061143 1.638339 0.539476
-0.060179 1.669609 0.708040
-0.061869 1.699539 0.762019
-0.060944 1.730451 0.986714
-0.066096 1.759974 1.148586
-0.070018 1.785943 1.241317
-0.071267 1.811886 1.350364
-0.070083 1.837282 1.341728
-0.070310 1.867533 1.372633
-0.072396 1.891575 1.493547
-0.069399 1.915862 1.567860
-0.073390 1.947345 1.615450
-0.072211 1.973887 1.734221
-0.077950 1.999960 1.843364
-0.077504 2.033083 1.930838
-0.077996 2.052973 1.529892
-0.079921 2.083704 0.902412
-0.081446 2.120448 0.224741
-0.080222 2.158099 -0.005382
-0.073785 2.195504 -0.177308
-0.077253 2.230661 -0.376235
-0.080702 2.258109 -0.585554
-0.084310 2.284638 -0.633804
-0.083590 2.314597 -0.834930
-0.081348 2.336469 -1.041060
-0.079121 2.370393 -1.328959
-0.078124 2.395240 -1.470776
-0.081466 2.420973 -1.587075
-0.082770 2.447493 -1.646983
-0.085613 2.470439 -1.691644
-0.087222 2.493711 -1.766080
-0.090937 2.516422 -1.816123
-0.091764 2.543006 -1.890594
-0.094930 2.573371 -2.034451
-0.101611 2.602296 -2.076862
-0.103197 2.629862 -1.957309
-0.104863 2.658106 -1.630788
-0.110751 2.693081 -1.162364
-0.107359 2.724721 -0.724152
-0.109949 2.757409 -0.371521
-0.111338 2.792603 -0.417159
-0.110367 2.820379 -0.426403
-0.112914 2.848990 -0.371551
-0.109894 2.886311 -0.376728
-0.108115 2.916825 -0.435508
-0.108915 2.940054 -0.390369
-0.109739 2.966965 -0.351742
-0.111812 2.993615 -0.331774
-0.110079 3.019522 -0.200861
-0.112946 3.042875 -0.035975
-0.114670 3.067760 -0.039570
-0.114290 3.096828 -0.160490
-0.112468 3.129473 -0.078000
-0.112999 3.155836 -0.037084
-0.116580 3.189706 -0.025912
-0.115856 3.218345 -0.022925
-0.115481 3.248886 0.137928
-0.117142 3.278323 0.151437
-0.118588 3.310951 0.103202
-0.121656 3.341820 0.158887
-0.121213 3.372760 0.214347
-0.121945 3.406311 0.232726
-0.121952 3.439770 0.234781
-0.125113 3.467590 0.229199
-0.124193 3.492447 0.198771
-0.122451 3.526774 0.167217
-0.122494 3.554214 0.148256
-0.126264 3.585007 0.176325
-0.126675 3.617822 0.114726
-0.126726 3.644008 -0.038701
-0.123493 3.669779 -0.094237
-0.121926 3.703169 -0.163214
-0.119850 3.733717 -0.312600
-0.120018 3.761246 -0.379420
-0.124644 3.786353 -0.364567
-0.124959 3.816447 -0.322309
-0.124376 3.848957 -0.435346
-0.128653 3.878114 -0.424204
-0.126280 3.908067 -0.550566
-0.125763 3.936491 -0.581165
-0.129615 3.964748 -0.704213
-0.127026 3.995149 -0.803216
-0.129654 4.019947 -0.660123
-0.129661 4.044634 -0.624074
-0.132040 4.070356 -0.580809
-0.138733 4.100978 -0.605723
-0.137339 4.125949 -0.731012
-0.138111 4.157508 -0.741302
-0.139454 4.184559 -0.664437
-0.143644 4.212334 -0.731484
-0.144395 4.241692 -0.858556
-0.144734 4.270196 -0.820812
-0.145350 4.299758 -0.844950
-0.144890 4.331072 -0.894306
-0.146183 4.358942 -0.953169
-0.150433 4.389816 -1.112905
-0.151216 4.416872 -1.209389
-0.149423 4.451358 -1.356662
-0.150057 4.482148 -1.424590
-0.149929 4.510734 -1.505583
-0.153373 4.534705 -1.552514
-0.154479 4.565843 -1.600806
-0.156469 4.593457 -1.573288
-0.158170 4.618817 -1.515296
-0.158668 4.650249 -1.647394
-0.163010 4.672183 -1.742800
-0.162698 4.705661 -1.774680
-0.164887 4.737637 -1.809715
-0.167860 4.764741 -1.842126
-0.170354 4.794988 -1.911739
-0.170988 4.825070 -1.874841
-0.173132 4.852987 -1.893422
-0.178159 4.878544 -1.934228
-0.179563 4.909968 -1.930518
-0.182345 4.937821 -2.045094
-0.182432 4.970296 -2.057205
-0.186715 4.999664 -2.012450
-0.187990 5.031943 -2.172715
-0.190684 5.061418 -2.312065
-0.192199 5.088279 -2.326241
-0.193683 5.116556 -2.408330
-0.193099 5.145692 -2.474703
-0.196928 5.168903 -2.550045
-0.197223 5.196638 -2.725690
-0.197354 5.222351 -2.781156
-0.199601 5.253996 -2.840752
-0.203248 5.282824 -2.908698
-0.206931 5.308392 -2.806923
-0.207990 5.339365 -2.954199
-0.208806 5.370011 -3.090496
-0.209042 5.400537 -3.209310
-0.210613 5.429226 -3.272680
-0.213972 5.459541 -3.349701
-0.215458 5.489610 -3.339810
-0.217568 5.516108 -3.464883
-0.219173 5.543122 -3.655562
-0.220336 5.573512 -3.628077
-0.225032 5.601262 -3.587992
-0.225919 5.623116 -3.667784
-0.228375 5.653566 -3.740640
-0.232798 5.680740 -3.696557
-0.231813 5.709878 -3.795583
-0.235088 5.742722 -3.728255
-0.238411 5.763578 -3.678863
-0.238422 5.792278 -3.867750
-0.242807 5.826914 -3.888960
-0.246574 5.860808 -3.851758
-0.249265 5.891008 -3.917176
-0.251989 5.922487 -3.930333
-0.255557 5.948830 -4.093851
-0.253822 5.983681 -4.251064
-0.256187 6.011279 -4.329998
-0.259189 6.036464 -4.313994
-0.260437 6.062529 -4.418924
-0.261786 6.090705 -4.505380
-0.263568 6.120081 -4.561772
-0.267066 6.146833 -4.589574
-0.269778 6.173929 -4.611477
-0.269277 6.198616 -4.673945
-0.273423 6.224906 -4.719025
-0.276127 6.257025 -4.708777
-0.279468 6.285447 -4.660644
-0.282760 6.317931 -4.727783
-0.279072 6.347748 -5.071916
-0.276668 6.363639 -5.684759
-0.282392 6.345046 -5.712428
-0.287241 6.325089 -5.308984
-0.281491 6.313130 -4.540172
-0.280171 6.329616 -4.397091
-0.285727 6.320552 -4.106969
-0.283902 6.330860 -4.782829
-0.290411 6.337328 -7.275214
-0.293642 6.319845 -9.920337
-0.299168 6.309547 -13.233561
-0.306904 6.296175 -17.302729
-0.304365 6.295937 -21.822995
-0.292983 6.299528 -26.680785
-0.285355 6.299988 -31.261975
-0.281660 6.307237 -35.644524
-0.278631 6.308479 -39.681389
-0.273450 6.324002 -43.735201
-0.266555 6.328598 -47.398451
-0.259604 6.337074 -50.997933
-0.255958 6.338259 -54.355933
-0.250033 6.344657 -57.632576
-0.251056 6.346388 -60.709389
-0.252470 6.346961 -63.877010
-0.247436 6.353015 -67.293097
-0.242778 6.357423 -70.762706
-0.243909 6.355378 -74.228063
-0.244898 6.354252 -77.828620
-0.243287 6.361399 -81.436300
-0.239782 6.370618 -84.679688
-0.242970 6.380016 -87.503839
-0.231650 6.395850 -89.909149
-0.221230 6.403704 -91.054386
-0.219375 6.401359 -89.930105
-0.212370 6.410440 -89.958916
-0.226957 6.408557 -89.782435
-0.239231 6.407025 -89.974505
-0.261309 6.409174 -89.877873
-0.289855 6.407966 -89.911992
-0.327926 6.399395 -89.780242
-0.370011 6.399949 -90.073454
-0.415399 6.397255 -90.120957
-0.463055 6.391587 -89.778727
-0.514860 6.398102 -89.599278
-0.557360 6.400710 -89.640101
-0.600707 6.395661 -89.831333
-0.642761 6.388428 -89.771102
-0.690345 6.381575 -89.705115
-0.725992 6.386778 -89.746506
-0.756523 6.389835 -89.931947
-0.787450 6.381843 -89.942088
-0.809668 6.378991 -89.936583
-0.829928 6.376333 -89.877040
-0.849246 6.380185 -89.934529
-0.869155 6.382542 -89.990968
-0.891718 6.381075 -90.108171
-0.905383 6.377327 -90.158488
-0.924950 6.380483 -90.137376
-0.943178 6.376760 -90.253134
-0.966898 6.372046 -90.241048
-0.989316 6.366152 -90.378367
-1.010717 6.364269 -90.536528
-1.039778 6.376737 -90.623704
-1.073085 6.384041 -90.705341
-1.104324 6.382607 -90.835820
-1.142874 6.378992 -91.057927
-1.181210 6.373484 -90.941176
-1.226202 6.368788 -90.683644
-1.275058 6.366915 -90.893716
-1.332456 6.374137 -91.588941
-1.367101 6.375038 -91.596644
-1.399227 6.380432 -91.083463
-1.433650 6.381473 -91.004790
-1.462166 6.373851 -91.202429
-1.485737 6.368151 -91.281976
-1.509288 6.360558 -91.186815
-1.528752 6.354901 -91.330994
-1.547239 6.352402 -91.358537
-1.560552 6.355604 -91.205428
-1.576877 6.352747 -91.150264
-1.592163 6.351033 -91.428481
-1.606434 6.346671 -91.792403
-1.628951 6.344567 -92.046229
-1.656361 6.351041 -91.994283
-1.688331 6.357538 -91.854741
-1.721157 6.354338 -91.945630
-1.752227 6.353460 -91.923044
-1.790068 6.355577 -92.024534
-1.839821 6.350103 -92.042402
-1.879134 6.342462 -92.034988
-1.912174 6.340601 -92.300344
-1.943429 6.340007 -92.650703
-1.972717 6.345905 -92.644850
-2.003600 6.343565 -92.205997
-2.035973 6.338265 -91.873941
-2.060718 6.330445 -92.024378
-2.082143 6.330648 -92.371479
-2.103258 6.329482 -92.588219
-2.121788 6.327944 -92.510051
-2.140142 6.330402 -92.416304
-2.159242 6.326422 -92.333381
-2.174535 6.324773 -92.418614
-2.204841 6.308627 -92.415591
-2.230844 6.301798 -92.631168
-2.258390 6.299526 -92.680556
-2.287756 6.296078 -92.635947
-2.317124 6.287889 -92.732331
-2.351533 6.281756 -92.686487
-2.387471 6.277440 -92.414437
-2.422236 6.276948 -92.232222
-2.457410 6.276234 -92.106104
-2.493845 6.276946 -92.237720
-2.529473 6.272636 -92.196020
-2.562160 6.271352 -91.971801
-2.589036 6.274178 -91.880992
-2.617159 6.269673 -91.821585
-2.643389 6.264655 -91.636437
-2.667324 6.264934 -91.376739
-2.690254 6.265270 -91.038677
-2.711680 6.267125 -90.695552
-2.733170 6.266162 -90.464171
-2.754557 6.265141 -90.222485
-2.778544 6.262561 -89.995550
-2.802082 6.265471 -89.788072
-2.825383 6.266595 -89.695362
-2.853752 6.262484 -89.582319
-2.885911 6.260802 -89.412704
-2.919827 6.259849 -89.157604
-2.953271 6.258372 -88.932220
-2.991841 6.263761 -88.794391
-3.026632 6.269704 -88.819942
-3.063624 6.273783 -88.872696
-3.098021 6.277916 -88.569852
-3.128294 6.282748 -88.152035
-3.153860 6.280640 -87.837325
-3.180281 6.276570 -87.703756
-3.202097 6.274456 -87.769377
-3.228963 6.270990 -87.869917
-3.252753 6.268662 -87.859108
-3.274039 6.270844 -87.829247
-3.300056 6.275239 -87.780301
-3.328101 6.280182 -87.663033
-3.350903 6.269441 -87.641179
-3.377267 6.265905 -87.691108
-3.411328 6.260922 -87.695399
-3.444682 6.263565 -87.580803
-3.477171 6.268619 -87.426664
-3.509480 6.272187 -87.401893
-3.536900 6.275004 -87.571300
-3.564079 6.276520 -87.544350
-3.590371 6.278512 -87.520256
-3.612493 6.276356 -87.562774
-3.636992 6.275461 -87.563682
-3.659201 6.272650 -87.344247
-3.681777 6.268338 -86.951855
-3.703782 6.268248 -86.986793
-3.728804 6.271742 -87.202029
-3.754450 6.268374 -87.054848
-3.786197 6.267039 -86.936656
-3.817615 6.269408 -86.929317
-3.851191 6.266529 -86.802231
-3.885459 6.267845 -86.737819
-3.919621 6.271020 -86.658005
-3.955560 6.268558 -86.527422
-3.988840 6.266729 -86.475277
-4.029693 6.268663 -86.533073
-4.060815 6.272533 -86.348633
-4.087494 6.277782 -86.293362
-4.114290 6.281934 -86.350510
-4.139544 6.282810 -86.486004
-4.165655 6.279975 -86.412484
-4.188561 6.278484 -86.266455
-4.211789 6.276385 -86.159325
-4.236062 6.274037 -86.172857
-4.264701 6.274105 -86.222039
-4.291817 6.275746 -86.064671
-4.323993 6.281934 -86.146145
-4.353702 6.281578 -86.134604
-4.384654 6.285054 -86.086981
-4.415493 6.283558 -86.095184
-4.446202 6.287676 -86.032577
-4.478460 6.289833 -86.012713
-4.522875 6.290834 -86.053203
-4.552683 6.300934 -86.193068
-4.574614 6.303344 -85.927816
-4.600250 6.302451 -85.516312
-4.628318 6.300647 -85.645651
-4.652701 6.293502 -86.181705
-4.672215 6.289324 -86.785477
-4.693409 6.292335 -86.884641
-4.720284 6.291491 -86.846036
-4.754625 6.288499 -87.198102
-4.787951 6.290725 -87.881853
-4.812800 6.289326 -88.382024
-4.843697 6.288298 -88.695307
-4.878267 6.286056 -89.010772
-4.914219 6.285285 -89.594388
-4.943268 6.286620 -90.166167
-4.975534 6.288357 -90.521047
-5.009197 6.285470 -90.904271
-5.038408 6.288034 -91.266642
-5.064430 6.284295 -91.423323
-5.089950 6.275414 -91.839543
-5.108110 6.274708 -92.310579
-5.125345 6.282257 -92.456974
-5.149085 6.277465 -92.433498
-5.174432 6.276823 -92.753640
-5.205582 6.276567 -93.028529
-5.232486 6.276616 -93.250063
-5.262308 6.274173 -93.421960
-5.295620 6.271489 -93.667422
-5.324904 6.270492 -93.988896
-5.357003 6.268840 -94.259403
-5.391992 6.267596 -94.388285
-5.426182 6.262583 -94.667461
-5.457521 6.261113 -94.908185
-5.489441 6.260137 -95.037458
-5.519153 6.258312 -94.778881
-5.548254 6.248536 -94.778882
-5.577652 6.237722 -95.271045
-5.602914 6.235903 -95.888531
-5.624370 6.241229 -95.891678
-5.647566 6.238424 -95.696216
-5.672548 6.234891 -95.721709
-5.696841 6.233846 -95.824250
-5.720383 6.231389 -95.703431
-5.746675 6.231623 -95.580660
-5.773261 6.229722 -95.374507
-5.799321 6.226376 -95.174116
-5.829704 6.222202 -94.913357
-5.863401 6.220538 -94.370689
-5.891674 6.222925 -93.965935
-5.921415 6.223255 -93.537464
-5.950796 6.221914 -93.358017
-5.984340 6.219699 -93.132352
-6.017549 6.213679 -92.814715
-6.048153 6.208901 -92.255999
-6.071389 6.203985 -92.166991
-6.094520 6.200920 -92.365802
-6.120792 6.199786 -92.338784
-6.145856 6.197913 -92.139257
-6.172173 6.197122 -91.904961
-6.199527 6.192463 -91.759472
-6.226790 6.193796 -91.803285
-6.254778 6.189993 -91.727617
-6.283481 6.186457 -91.575579
-6.311746 6.183221 -91.503256
-6.339587 6.183826 -91.542185
-6.370973 6.183238 -91.533736
-6.399031 6.180298 -91.463152
-6.430550 6.178143 -91.330787
-6.461583 6.178853 -91.377385
-6.488971 6.179585 -91.593211
-6.519994 6.175497 -91.666149
-6.555719 6.176558 -91.522565
-6.584363 6.175251 -91.327184
-6.606216 6.168792 -91.264506
-6.631247 6.162082 -91.290327
-6.659277 6.161342 -91.159236
-6.684325 6.162502 -91.218471
-6.709943 6.162406 -91.300724
-6.738382 6.160933 -91.247907
-6.768260 6.156420 -91.176063
-6.798479 6.153528 -91.178876
-6.828717 6.150758 -91.171639
-6.860373 6.148969 -91.230590
-6.891072 6.149027 -91.228488
-6.920374 6.150979 -91.283402
-6.953024 6.149783 -91.363371
-6.985633 6.147753 -91.346863
-7.018150 6.145913 -91.196961
-7.050565 6.149135 -91.118686
-7.080332 6.146817 -91.279968
-7.108423 6.142661 -91.283425
-7.133466 6.143918 -91.325991
-7.158209 6.141165 -91.236500
-7.184542 6.140956 -91.295673
-7.207980 6.138602 -91.266536
-7.238960 6.137647 -91.195202
-7.269667 6.137449 -91.272443
-7.300614 6.137437 -91.321266
-7.330542 6.135374 -91.277740
-7.364554 6.134364 -91.233904
-7.401231 6.134249 -91.322384
-7.434032 6.133030 -91.383237
-7.466998 6.132730 -91.359642
-7.498678 6.131105 -91.312587
-7.531860 6.130186 -91.294314
-7.562232 6.128734 -91.240671
-7.588820 6.127891 -91.381035
-7.609704 6.124353 -91.377912
-7.632201 6.120259 -91.300922
-7.656316 6.120777 -91.230886
-7.679881 6.118498 -91.275722
-7.702741 6.119858 -91.362071
-7.730131 6.118565 -91.424719
-7.757543 6.116321 -91.320342
-7.792002 6.114164 -91.421921
-7.820007 6.114769 -91.609921
-7.850339 6.112755 -91.510086
-7.885001 6.109542 -91.509760
-7.924397 6.107123 -91.659508
-7.960855 6.107427 -91.872905
-7.994835 6.108488 -91.911270
-8.031694 6.105541 -91.888536
-8.063879 6.102887 -91.998686
-8.094010 6.100197 -92.182495
-8.119983 6.097523 -92.016704
-8.143812 6.096852 -91.870125
-8.169552 6.092545 -91.952256
-8.193527 6.088706 -92.090802
-8.218531 6.089550 -92.207390
-8.244682 6.088390 -92.181649
-8.269045 6.084955 -92.250768
-8.295601 6.083993 -92.312329
-8.324468 6.084578 -92.365458
-8.351812 6.081108 -92.445713
-8.381683 6.080363 -92.438535
-8.411722 6.077651 -92.456067
-8.443771 6.074535 -92.518437
-8.477095 6.071487 -92.626248
-8.510154 6.070226 -92.894504
-8.545084 6.070780 -93.105323
-8.576459 6.069746 -93.035635
-8.605415 6.067626 -92.947725
-8.633375 6.063669 -93.023389
-8.661841 6.061966 -93.222289
-8.688872 6.059858 -93.277545
-8.714446 6.059460 -93.365036
-8.740831 6.060301 -93.416112
-8.768780 6.057193 -93.515122
-8.796023 6.054703 -93.599996
-8.823074 6.052502 -93.699788
-8.853460 6.048795 -93.776250
-8.884224 6.048443 -93.904231
-8.914277 6.045878 -94.048932
-8.946564 6.043665 -94.115471
-8.978704 6.042079 -94.256432
-9.008042 6.039875 -94.223106
-9.035104 6.039027 -94.123143
-9.059641 6.035733 -94.291712
-9.085054 6.032038 -94.561098
-9.108522 6.032192 -94.684105
-9.130755 6.031349 -94.614703
-9.154734 6.028040 -94.638336
-9.176852 6.025928 -94.875002
-9.201096 6.024765 -94.833880
-9.223396 6.023108 -94.660775
-9.244659 6.019679 -94.385341
-9.265377 6.015714 -94.118577
-9.280734 6.012643 -94.070738
-9.294273 6.011652 -94.233123
-9.306549 6.010416 -94.357910
-9.321671 6.008750 -94.349192
-9.336867 6.010045 -94.954812
-9.351381 6.012487 -95.083313
-9.368524 6.013027 -94.989972
-9.394118 6.013003 -94.867435
-9.426857 6.008484 -94.853708
-9.469936 6.001062 -94.832631
-9.517842 5.995637 -94.836056
-9.558026 5.989363 -95.470353
-9.602050 5.984208 -95.323658
-9.642608 5.980254 -94.893568
-9.680412 5.979403 -94.485742
-9.714418 5.976291 -94.337733
-9.751543 5.968738 -93.968577
-9.781133 5.969370 -93.127340
-9.809954 5.968568 -92.583470
-9.836743 5.965935 -92.291610
-9.863904 5.966444 -91.916699
-9.887036 5.967508 -91.714494
-9.908672 5.967079 -91.713984
-9.934398 5.964609 -91.514730
-9.957869 5.963559 -91.349417
-9.982119 5.962833 -91.178650
-10.006926 5.964759 -91.362525
-10.032166 5.966281 -91.700908
-10.059299 5.969683 -91.704545
-10.084427 5.971604 -91.463791
-10.111080 5.968869 -91.136843
-10.135595 5.966429 -90.901193
-10.161354 5.966531 -90.905009
-10.187916 5.964321 -91.157805
-10.215147 5.959306 -91.290458
-10.246639 5.957056 -91.147203
-10.276208 5.958991 -90.939354
-10.306817 5.959100 -90.813310
-10.338124 5.957953 -90.804134
-10.370157 5.955778 -90.796779
-10.404025 5.952680 -90.846957
-10.436628 5.949597 -90.861064
-10.469116 5.947263 -90.873219
-10.502153 5.943972 -90.622959
-10.533208 5.946916 -90.638951
-10.563657 5.945592 -90.816937
-10.589519 5.944596 -90.839629
-10.617548 5.943990 -90.738896
-10.642805 5.941037 -90.658039
-10.667830 5.938423 -90.663959
-10.693232 5.937089 -90.777599
-10.716316 5.934765 -90.943595
-10.739295 5.932433 -90.980730
-10.767971 5.929860 -90.965117
-10.797782 5.929346 -90.995598
-10.825887 5.929197 -90.982078
-10.855452 5.927296 -90.998789
-10.885735 5.924290 -90.998141
-10.917936 5.922204 -90.995085
-10.949799 5.919620 -91.049883
-10.982195 5.917686 -91.051264
-11.015382 5.916905 -91.070590
-11.048840 5.917138 -91.190094
-11.076746 5.916537 -91.317250
-11.103309 5.915657 -91.356888
-11.128669 5.914885 -91.324313
-11.155891 5.912726 -91.334911
-11.183836 5.910538 -91.346297
-11.213597 5.907761 -91.385447
-11.241797 5.906538 -91.436808
-11.271008 5.904439 -91.496021
-11.300698 5.903784 -91.564873
-11.331250 5.905600 -91.667756
-11.363366 5.908425 -91.722942
-11.396328 5.909449 -91.719921
-11.426222 5.906954 -91.805197
-11.457417 5.905679 -91.882909
-11.488712 5.904430 -91.893862
-11.517837 5.903988 -91.785550
-11.546598 5.898991 -91.598340
-11.570527 5.892199 -91.719037
-11.593130 5.888846 -92.032107
-11.616159 5.890367 -92.180639
-11.640138 5.888750 -92.136552
-11.664310 5.888182 -92.111173
-11.689737 5.886966 -92.136125
-11.717619 5.882963 -92.214064
-11.746850 5.880248 -92.289108
-11.777771 5.879360 -92.234760
-11.811216 5.876760 -92.309128
-11.845018 5.875437 -92.502978
-11.880026 5.874661 -92.544671
-11.915475 5.872878 -92.576885
-11.952360 5.869225 -92.645452
-11.988526 5.871325 -92.735442
-12.023866 5.872173 -92.558059
-12.053781 5.868650 -92.274472
-12.078383 5.863983 -92.250182
-12.103383 5.861503 -92.577003
-12.126217 5.858764 -92.910228
-12.146888 5.855780 -92.938658
-12.166452 5.853656 -92.867986
-12.186773 5.851934 -92.841518
-12.208920 5.852237 -92.960620
-12.234741 5.853165 -93.009011
-12.261860 5.851023 -92.954827
-12.289867 5.847456 -92.870338
-12.322309 5.844546 -92.878844
-12.355926 5.843441 -92.976408
-12.390715 5.840772 -93.055153
-12.428249 5.838170 -93.132601
-12.466819 5.835256 -93.210055
-12.506099 5.833768 -93.356975
-12.541746 5.833667 -93.428661
-12.568413 5.835657 -93.331662
-12.594740 5.832346 -93.292307
-12.619088 5.827329 -93.395812
-12.640975 5.826583 -93.563845
-12.663967 5.820010 -93.688275
-12.686457 5.816913 -93.660284
-12.710809 5.815394 -93.647638
-12.736045 5.814323 -93.717808
-12.763611 5.812566 -93.846567
-12.791053 5.810272 -93.926432
-12.819389 5.806350 -93.951785
-12.850132 5.804318 -94.003097
-12.883773 5.798618 -93.991296
-12.916184 5.793746 -94.032415
-12.950761 5.790202 -94.085754
-12.983696 5.785398 -94.090853
-13.017521 5.783957 -94.132262
-13.052297 5.785336 -93.819193
-13.076344 5.784806 -93.509213
-13.097327 5.783595 -93.433865
-13.118422 5.779021 -93.390189
-13.142657 5.776384 -93.162727
-13.162867 5.775774 -93.001418
-13.183042 5.775614 -92.968522
-13.207796 5.774486 -93.010459
-13.235821 5.770070 -92.912589
-13.263742 5.766575 -92.725677
-13.293872 5.764575 -92.625462
-13.324956 5.762767 -92.557284
-13.361233 5.758330 -92.539879
-13.397771 5.754124 -92.554509
-13.435865 5.750743 -92.461228
-13.472736 5.745223 -92.313994
-13.508005 5.743795 -92.201489
-13.543323 5.743042 -92.267386
-13.574279 5.740552 -92.106141
-13.604260 5.739065 -91.874702
-13.632027 5.740587 -91.725464
-13.652107 5.739529 -91.797727
-13.672841 5.738222 -91.986040
-13.694350 5.731456 -92.110562
-13.714718 5.724838 -92.005047
-13.737630 5.724129 -91.846654
-13.764890 5.726042 -91.849620
-13.792377 5.725759 -91.935088
-13.820696 5.722713 -91.869256
-13.851469 5.717403 -91.728533
-13.883523 5.715788 -91.614123
-13.917002 5.715726 -91.709927
-13.952947 5.713519 -91.774980
-13.987867 5.710473 -91.836170
-14.026189 5.712555 -91.880623
-14.064090 5.713692 -91.945328
-14.096309 5.712737 -91.983308
-14.126428 5.710417 -91.966358
-14.154274 5.705904 -91.902757
-14.177899 5.704785 -91.872481
-14.202591 5.704038 -91.898920
-14.225939 5.703906 -91.995125
-14.250560 5.703609 -92.020050
-14.278506 5.701234 -92.096132
-14.303526 5.699026 -92.165494
-14.331436 5.697922 -92.166650
-14.363298 5.697301 -92.176022
-14.393538 5.694931 -92.179344
-14.428456 5.691131 -92.166712
-14.462814 5.687721 -92.167534
-14.492330 5.684862 -92.174702
-14.529282 5.684967 -92.202964
-14.567791 5.684297 -92.245854
-14.601895 5.685309 -92.276894
-14.632984 5.682163 -92.176062
-14.661780 5.675982 -92.121251
-14.685305 5.670546 -92.108769
-14.708452 5.668990 -92.176743
-14.730580 5.668443 -92.212895
-14.752491 5.667602 -92.230796
-14.775689 5.666380 -92.150030
-14.793667 5.662393 -92.181851
-14.820215 5.660224 -92.170234
-14.845969 5.658911 -92.059715
-14.874866 5.655801 -92.104832
-14.906757 5.654153 -92.104149
-14.942333 5.648754 -92.028881
-14.974556 5.647596 -92.142108
-15.005734 5.647163 -92.287912
-15.034914 5.650972 -92.400015
-15.066677 5.651791 -92.350168
-15.095565 5.648816 -92.322067
-15.125572 5.647433 -92.437605
-15.153416 5.646394 -92.459475
-15.181763 5.644175 -92.337032
-15.207424 5.642392 -92.427968
-15.236619 5.644236 -92.488103
-15.263425 5.641736 -92.448676
-15.293790 5.638354 -92.411426
-15.324316 5.634571 -92.472210
-15.352876 5.632475 -92.560790
-15.383766 5.630607 -92.522956
-15.412616 5.626713 -92.532345
-15.443033 5.623675 -92.599839
-15.471610 5.621378 -92.705611
-15.503271 5.621057 -92.821501
-15.536482 5.617826 -92.720324
-15.561446 5.614240 -92.754770
-15.584232 5.611455 -93.017280
-15.613078 5.612157 -92.981428
-15.637275 5.611298 -92.940577
-15.659821 5.608512 -93.140924
-15.689401 5.605920 -93.084099
-15.717890 5.605378 -93.135007
-15.745937 5.604513 -93.329546
-15.775171 5.603042 -93.307668
-15.805888 5.599856 -93.260967
-15.837178 5.595119 -93.322543
-15.871457 5.592530 -93.392201
-15.903843 5.592975 -93.455653
-15.935761 5.590227 -93.484213
-15.966436 5.590125 -93.510936
-15.996636 5.587177 -93.190990
-16.017397 5.585310 -92.722891
-16.032732 5.579071 -92.917803
-16.057780 5.576198 -93.169749
-16.080523 5.578325 -92.916964
-16.097032 5.578451 -92.653449
-16.116225 5.576713 -92.572702
-16.138129 5.574806 -92.454354
-16.163587 5.573540 -92.138126
-16.189459 5.573561 -91.762435
-16.215763 5.570763 -91.663652
-16.245947 5.566330 -91.684859
-16.282321 5.563043 -91.599564
-16.317672 5.563426 -91.519626
-16.350635 5.560718 -91.454551
-16.386353 5.561790 -91.484106
-16.423827 5.560449 -91.458795
-16.459404 5.558255 -91.388444
-16.493197 5.552505 -91.309367
-16.523172 5.550829 -91.468250
-16.552502 5.548984 -91.522693
-16.579906 5.545205 -91.291598
-16.600729 5.544647 -91.162681
-16.623074 5.545491 -91.263024
-16.650729 5.545069 -91.324968
-16.677643 5.543820 -91.267307
-16.706692 5.542162 -91.194069
-16.739354 5.540868 -91.182926
-16.770340 5.541708 -91.321300
-16.801916 5.540973 -91.460408
-16.835760 5.538703 -91.451474
-16.869430 5.537353 -91.434344
-16.901749 5.536057 -91.548733
-16.935884 5.534343 -91.637838
-16.969774 5.533131 -91.778493
-17.001462 5.532524 -91.814184
-17.033279 5.532584 -91.915042
-17.060722 5.529417 -92.026772
-17.085325 5.527366 -92.062279
-17.108301 5.525465 -92.027552
-17.131092 5.523137 -92.042705
-17.153373 5.522998 -92.118315
-17.177299 5.522716 -92.115573
-17.202771 5.519447 -92.038521
-17.228617 5.518687 -92.106227
-17.257968 5.516790 -92.176291
-17.287707 5.514502 -92.228812
-17.319221 5.513664 -92.196559
-17.348893 5.511249 -92.019633
-17.382644 5.509535 -91.867573
-17.414363 5.506498 -91.765517
-17.445471 5.505128 -91.632515
-17.479535 5.503549 -91.545409
-17.508021 5.503805 -91.487987
-17.531179 5.505013 -91.319810
-17.553961 5.503773 -91.203174
-17.575578 5.500881 -91.071107
-17.595949 5.499709 -91.006276
-17.616825 5.500497 -90.902855
-17.643255 5.498451 -90.750980
-17.668491 5.499299 -90.718864
-17.694656 5.499928 -90.485154
-17.722761 5.500678 -90.288065
-17.751639 5.500925 -90.036783
-17.785945 5.499468 -89.808303
-17.817540 5.498234 -89.550303
-17.849308 5.494963 -89.232686
-17.883445 5.493232 -88.945585
-17.920255 5.491711 -88.614133
-17.955113 5.488848 -88.382943
-17.987291 5.489491 -88.277558
-18.011362 5.491943 -88.230370
-18.039460 5.495872 -88.231602
-18.066013 5.496895 -88.092064
-18.088996 5.495550 -87.882417
-18.115671 5.493924 -87.698222
-18.141412 5.491844 -87.503133
-18.169478 5.492023 -87.373986
-18.195796 5.492823 -87.376094
-18.224552 5.496061 -87.436993
-18.254119 5.496716 -87.284285
-18.283450 5.496005 -87.103767
-18.314830 5.496370 -86.948237
-18.353657 5.493727 -86.851044
-18.384919 5.493894 -86.878779
-18.421498 5.495790 -86.778189
-18.457065 5.497372 -86.767178
-18.489990 5.498394 -86.645496
-18.520682 5.500606 -86.782043
-18.551168 5.507128 -86.973298
-18.576608 5.513603 -86.753162
-18.602091 5.515480 -86.630577
-18.623078 5.510930 -86.614870
-18.643629 5.505594 -86.740501
-18.662773 5.503236 -86.642911
-18.681508 5.505256 -86.512488
-18.702541 5.509463 -86.561396
-18.725346 5.508762 -86.731743
-18.754182 5.511225 -86.755972
-18.785639 5.508603 -86.578407
-18.822386 5.506716 -86.584055
-18.859393 5.507171 -86.701096
-18.893663 5.508355 -86.743964
-18.927667 5.509357 -86.748234
-18.964793 5.511149 -86.822619
-19.003450 5.511235 -87.085459
-19.039522 5.519826 -87.094904
-19.072649 5.524242 -86.889012
-19.098856 5.522777 -86.975967
-19.123381 5.522006 -87.314658
-19.145316 5.520567 -87.736870
-19.167899 5.520651 -88.018271
-19.188562 5.523133 -87.966396
-19.208461 5.519055 -88.072309
-19.232490 5.516722 -88.780356
-19.261324 5.515011 -89.567909
-19.289228 5.515103 -90.086016
-19.315782 5.512224 -90.704018
-19.346664 5.507754 -91.463570
-19.380649 5.505417 -92.268071
-19.415822 5.501963 -92.909503
-19.449741 5.498587 -93.504383
-19.484484 5.493188 -94.044739
-19.518070 5.491037 -94.518994
-19.549135 5.488971 -94.984749
-19.574405 5.487203 -95.302403
-19.598491 5.482949 -95.541431
-19.618563 5.480998 -95.800157
-19.641882 5.479444 -96.170521
-19.665642 5.476804 -96.542656
-19.690396 5.474431 -96.613401
-19.717255 5.471853 -96.551366
-19.743678 5.468476 -96.566362
-19.773733 5.463869 -96.620665
-19.804126 5.460120 -96.644326
-19.837403 5.457568 -96.568951
-19.872168 5.452193 -96.455397
-19.906875 5.448106 -96.383090
-19.942330 5.443812 -96.345056
-19.982607 5.430406 -95.898739
-20.016011 5.428114 -95.057285
-20.036931 5.431534 -94.783858
-20.057917 5.427764 -94.684725
-20.080315 5.428833 -94.361175
-20.100476 5.432225 -94.312982
-20.117499 5.428743 -94.318036
-20.142278 5.425533 -94.219199
-20.168093 5.424550 -94.118438
-20.189579 5.423597 -94.024564
-20.218009 5.419913 -94.025750
-20.249678 5.414852 -93.916865
-20.280983 5.413640 -93.780556
-20.313443 5.411343 -93.687715
-20.348486 5.407883 -93.489692
-20.382276 5.405116 -93.364349
-20.419424 5.402517 -93.296976
-20.453627 5.398481 -93.319467
-20.487842 5.394285 -93.320795
-20.519128 5.388741 -93.302965
-20.545886 5.383512 -93.205273
-20.569613 5.381528 -93.210103
-20.591976 5.381599 -93.303143
-20.614227 5.377709 -93.508746
-20.637735 5.372938 -93.530151
-20.663504 5.372410 -93.525561
-20.692115 5.368524 -93.570907
-20.720882 5.366759 -93.668174
-20.746793 5.363459 -93.699583
-20.779045 5.358599 -93.686263
-20.815146 5.354875 -93.795598
-20.846904 5.349942 -94.018497
-20.878633 5.346326 -94.132561
-20.913337 5.343465 -94.041632
-20.951874 5.337991 -94.061704
-20.989120 5.334163 -94.274516
-21.023666 5.332077 -94.461282
-21.048998 5.330563 -94.591235
-21.071761 5.331877 -94.689672
-21.093295 5.329593 -94.693306
-21.115364 5.324668 -94.657259
-21.136763 5.319769 -94.664461
-21.162556 5.316188 -94.779290
-21.188865 5.314130 -94.862310
-21.218941 5.310345 -94.958082
-21.247957 5.307904 -94.964214
-21.276144 5.303205 -94.993856
-21.308080 5.299268 -95.062919
-21.339992 5.294610 -95.149973
-21.372186 5.291291 -95.053521
-21.400009 5.290814 -94.995261
-21.427139 5.287311 -94.804016
-21.451101 5.283769 -94.758765
-21.474560 5.280719 -94.856498
-21.493892 5.279101 -94.937112
-21.507920 5.278200 -94.885020
-21.522542 5.278019 -94.837344
-21.510111 5.278465 -94.835697
-21.499528 5.281038 -94.881165
-21.487811 5.281740 -94.951053
-21.476122 5.285600 -95.208696
-21.486641 5.283667 -95.349062
-21.508737 5.284262 -95.451236
-21.527891 5.284899 -94.964356
-21.549533 5.284396 -94.382505
-21.578270 5.283968 -93.939895
-21.616567 5.280142 -93.258271
-21.662542 5.281786 -92.194480
-21.705610 5.281597 -90.809315
-21.751916 5.283019 -89.608662
-21.801132 5.284839 -88.420968
-21.846716 5.283860 -87.504321
-21.884934 5.283443 -86.994250
-21.924389 5.282134 -86.831197
-21.964638 5.281138 -86.589375
-21.998144 5.279409 -86.735002
-22.036155 5.285993 -86.570671
-22.068252 5.292899 -86.007906
-22.082510 5.290204 -85.869144
-22.096539 5.285444 -86.215248
-22.113930 5.285410 -86.401588
-22.128885 5.284313 -86.265081
-22.139470 5.284435 -86.280304
-22.151815 5.286681 -86.641043
-22.173441 5.290385 -86.687270
-22.194042 5.293400 -86.491643
-22.217429 5.290601 -86.486259
-22.247031 5.291563 -86.584071
-22.278397 5.294980 -86.612769
-22.313472 5.298427 -86.664535
-22.353050 5.298956 -86.692379
-22.393956 5.300935 -86.629315
-22.430227 5.300595 -86.721707
-22.466109 5.300281 -86.889525
-22.506122 5.300992 -87.178287
-22.543970 5.303059 -87.070903
-22.575942 5.303775 -86.712933
-22.600250 5.299961 -86.781741
-22.623747 5.297662 -87.267192
-22.645824 5.301596 -87.911329
-22.667934 5.300641 -88.389857
-22.694648 5.299305 -88.374469
-22.717047 5.300813 -88.256401
-22.736577 5.304044 -88.454374
-22.761148 5.304437 -88.813694
-22.788858 5.301871 -89.063042
-22.819192 5.301026 -89.053679
-22.851411 5.301060 -89.111027
-22.887651 5.303187 -89.291136
-22.920309 5.303799 -89.612101
-22.953482 5.300739 -89.943614
-22.988435 5.297460 -90.092457
-23.021820 5.293119 -90.024594
-23.053769 5.293096 -89.798055
-23.083376 5.296697 -89.844910
-23.110271 5.297688 -90.137646
-23.136386 5.294692 -90.397419
-23.159300 5.292773 -90.648619
-23.183286 5.292455 -90.873439
-23.209310 5.291045 -91.018089
-23.234803 5.289592 -91.004616
-23.260101 5.288071 -91.017636
-23.293421 5.286340 -91.033299
-23.322436 5.286346 -91.195406
-23.350857 5.286576 -91.418561
-23.381647 5.282235 -91.595628
-23.411331 5.279367 -91.694845
-23.443542 5.276273 -91.805984
-23.476101 5.277622 -91.944281
-23.506337 5.281141 -92.106689
-23.532744 5.280389 -92.118759
-23.557232 5.277056 -92.153786
-23.580728 5.270689 -92.373180
-23.604539 5.266927 -92.377710
-23.629878 5.266455 -92.348401
-23.655210 5.265835 -92.467495
-23.682670 5.260588 -92.687226
-23.713062 5.257441 -92.721216
-23.745850 5.255578 -92.770416
-23.779995 5.248975 -92.839660
-23.818379 5.244970 -92.867139
-23.852618 5.244370 -93.043440
-23.887431 5.242233 -93.152701
-23.920926 5.239876 -93.239656
-23.955095 5.237367 -93.385481
-23.988267 5.238513 -93.580899
-24.018851 5.238242 -93.758697
-24.045757 5.236812 -93.671668
-24.074144 5.235034 -93.626291
-24.103066 5.231690 -93.692606
-24.123352 5.226815 -93.875947
-24.147788 5.223100 -94.090274
-24.169773 5.223604 -94.224073
-24.195348 5.223249 -94.302002
-24.220837 5.220713 -94.302834
-24.248297 5.217794 -94.309211
-24.278834 5.212326 -94.283902
-24.312449 5.205641 -94.384498
-24.341706 5.200305 -94.714619
-24.372053 5.197318 -94.968064
-24.401618 5.197164 -95.011543
-24.433543 5.195955 -94.523357
-24.465003 5.195215 -93.897472
-24.497124 5.195362 -93.309315
-24.525055 5.194027 -92.707852
-24.551939 5.191626 -92.257479
-24.577515 5.189127 -91.948722
-24.602854 5.187021 -91.850226
-24.624316 5.185420 -91.802862
-24.646494 5.184402 -91.657167
-24.671321 5.181854 -91.454234
-24.694362 5.181069 -91.376710
-24.721269 5.176791 -91.207594
-24.748584 5.174451 -91.078404
-24.777500 5.171775 -90.978631
-24.807635 5.170445 -90.777838
-24.840482 5.169665 -90.648859
-24.875138 5.165778 -90.531934
-24.906100 5.163986 -90.530499
-24.940627 5.166023 -90.571246
-24.981636 5.169296 -90.558476
-25.017128 5.168795 -90.509793
-25.053866 5.167456 -90.265514
-25.081799 5.166359 -89.715829
-25.108653 5.160441 -89.588270
-25.134549 5.157238 -89.790493
-25.160612 5.155154 -89.955588
-25.189837 5.153540 -89.793545
-25.213507 5.154300 -89.724530
-25.237765 5.155981 -89.904994
-25.266689 5.156508 -89.988656
-25.297891 5.154082 -89.863723
-25.325576 5.153362 -89.729724
-25.353538 5.153248 -89.643222
-25.383520 5.150851 -89.600984
-25.417626 5.152461 -89.602151
-25.448903 5.153546 -89.626514
-25.483207 5.151732 -89.461988
-25.515135 5.146454 -89.175616
-25.542298 5.146095 -89.095163
-25.567405 5.145081 -89.152256
-25.592889 5.146314 -89.191672
-25.617293 5.145863 -89.247671
-25.640876 5.146307 -89.361620
-25.664093 5.147660 -89.396195
-25.691226 5.145234 -89.235093
-25.712355 5.145847 -89.195344
-25.733344 5.146194 -89.225996
-25.764219 5.145205 -89.080185
-25.789558 5.144139 -89.062853
-25.819689 5.142344 -89.025982
-25.853368 5.142331 -88.948390
-25.885376 5.141880 -88.908052
-25.918914 5.143381 -88.974764
-25.953769 5.142664 -88.886503
-25.989987 5.141989 -88.830680
-26.023060 5.139084 -89.037646
-26.054186 5.141813 -89.345388
-26.082907 5.141135 -89.756563
-26.109413 5.139701 -90.214468
-26.137364 5.136895 -90.491562
-26.161476 5.136304 -90.656500
-26.185135 5.137140 -91.082845
-26.208826 5.134800 -91.592116
-26.234107 5.129612 -91.779487
-26.259149 5.127712 -91.879282
-26.283333 5.128307 -92.135062
-26.309907 5.125690 -92.603530
-26.343197 5.122480 -92.915186
-26.377846 5.121970 -93.106968
-26.409185 5.120578 -93.351666
-26.443735 5.119211 -93.738620
-26.472830 5.113929 -94.111978
-26.509962 5.106687 -94.150805
-26.546727 5.104744 -94.018354
-26.575024 5.103410 -94.235912
-26.600234 5.094233 -93.788196
-26.618852 5.099872 -93.024767
-26.637116 5.103025 -92.638103
-26.655245 5.099142 -92.294556
-26.674144 5.096724 -91.706834
-26.697029 5.099206 -91.125878
-26.724406 5.104766 -90.829483
-26.753125 5.101816 -90.762596
-26.783051 5.097937 -90.741348
-26.818201 5.094993 -90.552502
-26.857330 5.094457 -90.361513
-26.893939 5.095257 -90.251560
-26.930361 5.096465 -90.203385
-26.968741 5.098065 -90.062858
-27.001886 5.094023 -89.812980
-27.033526 5.096122 -89.571147
-27.064826 5.100139 -89.618442
-27.088625 5.099644 -89.885317
-27.106953 5.096702 -90.044247
-27.123770 5.094463 -89.961099
-27.145369 5.094635 -89.759061
-27.169384 5.094010 -89.649004
-27.199032 5.093368 -89.677479
-27.224155 5.094588 -89.698878
-27.252027 5.090200 -89.663118
-27.285127 5.089523 -89.702436
-27.321167 5.088476 -89.779654
-27.351930 5.089792 -89.858947
-27.385646 5.090149 -89.824244
-27.418788 5.091209 -89.838062
-27.453970 5.087499 -89.904259
-27.492008 5.084782 -90.014899
-27.526455 5.082761 -90.032019
-27.555212 5.081064 -90.088949
-27.585291 5.081870 -90.106064
-27.613651 5.082842 -90.224901
-27.637939 5.083091 -90.322398
-27.662510 5.082945 -90.391888
-27.684981 5.084033 -90.384024
-27.712689 5.084417 -90.392315
-27.740950 5.082809 -90.403260
-27.767612 5.082286 -90.496037
-27.794093 5.079874 -90.547148
-27.820950 5.079277 -90.652268
-27.854206 5.079715 -90.714418
-27.885721 5.079273 -90.707997
-27.917334 5.078763 -90.819058
-27.948850 5.077233 -90.930710
-27.977503 5.076422 -90.920155
-28.007349 5.071701 -90.695694
-28.040524 5.064916 -90.965266
-28.062973 5.071186 -91.426088
-28.080730 5.075293 -91.319277
-28.103389 5.071662 -91.074891
-28.127557 5.069148 -91.152650
-28.151815 5.071305 -91.473292
-28.172426 5.075762 -91.490072
-28.198271 5.073797 -91.214242
-28.231387 5.071012 -91.263687
-28.260779 5.067902 -91.508742
-28.292897 5.068828 -91.641995
-28.330147 5.066115 -91.503292
-28.365042 5.064321 -91.482794
-28.398772 5.062673 -91.689919
-28.429875 5.059227 -91.931187
-28.466304 5.054352 -91.992596
-28.501167 5.055236 -91.945813
-28.529432 5.052182 -92.125290
-28.555688 5.050215 -92.531403
-28.581933 5.050858 -92.559697
-28.604443 5.049464 -92.406023
-28.626308 5.046202 -92.538024
-28.649564 5.044730 -92.801094
-28.673359 5.041749 -92.915338
-28.698503 5.043403 -92.812855
-28.725597 5.043174 -92.881304
-28.752582 5.039774 -93.001994
-28.782353 5.036433 -93.175658
-28.813109 5.035662 -93.324363
-28.849443 5.034598 -93.382901
-28.882133 5.032786 -93.449369
-28.916221 5.031119 -93.567567
-28.949489 5.028543 -93.754576
-28.984485 5.028352 -93.586807
-29.017277 5.023651 -93.337478
-29.044995 5.017212 -93.690529
-29.074881 5.014753 -94.156023
-29.103169 5.016657 -94.221066
-29.129752 5.015885 -93.969005
-29.148704 5.011423 -93.859820
-29.175562 5.006228 -93.943445
-29.202297 5.002848 -94.196545
-29.228882 5.001255 -94.298106
-29.255572 4.997312 -94.223227
-29.282533 4.994734 -94.265618
-29.315257 4.993021 -94.469550
-29.345884 4.992291 -94.655354
-29.377311 4.988425 -94.681470
-29.410400 4.985620 -94.709425
-29.447185 4.983134 -94.768311
-29.481905 4.981222 -94.968923
-29.517651 4.977915 -95.194122
-29.544946 4.974173 -95.224382
-29.572269 4.969325 -95.070737
-29.594922 4.975025 -95.089478
-29.617357 4.973120 -95.354993
-29.640800 4.969430 -95.596955
-29.663551 4.963078 -95.729075
-29.685993 4.958191 -95.748591
-29.712878 4.958031 -95.771430
-29.735392 4.953333 -95.894472
-29.770111 4.949722 -95.922941
-29.801518 4.946682 -96.060097
-29.827031 4.942211 -96.332505
-29.858316 4.936721 -96.360680
-29.891235 4.931485 -96.367199
-29.924492 4.928625 -96.508736
-29.958174 4.922172 -96.528670
-29.994083 4.919269 -96.358401
-30.019601 4.915338 -96.374230
-30.040648 4.912921 -96.226661
-30.063187 4.913242 -96.160391
-30.085862 4.908763 -96.105369
-30.105827 4.909673 -96.025388
-30.125780 4.907452 -96.043847
-30.154945 4.902960 -95.923578
-30.178574 4.901681 -95.847131
-30.209865 4.898254 -95.625536
-30.239132 4.896181 -95.549705
-30.272474 4.890156 -95.323681
-30.309445 4.886933 -94.986997
-30.338940 4.883458 -94.810534
-30.371502 4.879204 -94.494075
-30.413150 4.877066 -94.088977
-30.451679 4.875325 -93.838456
-30.491359 4.874278 -93.650687
-30.520461 4.873301 -93.439445
-30.542070 4.872629 -93.106238
-30.567872 4.871550 -92.719091
-30.592149 4.866011 -92.755177
-30.613718 4.863578 -92.915363
-30.630055 4.862621 -92.836784
-30.652460 4.860851 -92.604230
-30.678575 4.859528 -92.414093
-30.705652 4.860396 -92.361753
-30.737057 4.859857 -92.314003
-30.765955 4.857762 -92.211025
-30.796521 4.855003 -92.010082
-30.830242 4.852927 -91.810001
-30.868593 4.850692 -91.709827
-30.906819 4.846952 -91.627205
-30.941064 4.844814 -91.682029
-30.981541 4.843222 -91.845789
-31.013639 4.845685 -92.256136
-31.031237 4.848584 -92.067134
-31.052079 4.847328 -91.507387
-31.073827 4.843112 -91.194751
-31.101062 4.835666 -91.315715
-31.124030 4.834435 -91.886535
-31.146418 4.833856 -92.076431
-31.166220 4.831670 -91.662020
-31.195022 4.828677 -91.463685
-31.225347 4.830368 -91.663439
-31.253869 4.826278 -91.796789
-31.281903 4.824185 -91.721649
-31.315217 4.822660 -91.513309
-31.349695 4.820825 -91.530243
-31.387605 4.819058 -91.556212
-31.420188 4.818313 -91.442081
-31.459584 4.814638 -91.376799
-31.498670 4.811371 -91.592524
-31.532503 4.811584 -91.707740
-31.557023 4.814842 -91.611501
-31.582021 4.813248 -91.485464
-31.603127 4.809149 -91.332001
-31.623837 4.805372 -91.243666
-31.647813 4.803937 -91.315030
-31.672796 4.804120 -91.312235
-31.694873 4.805554 -91.320866
-31.721561 4.802585 -91.185493
-31.750290 4.799887 -91.262654
-31.778251 4.798761 -91.286790
-31.807549 4.797712 -91.185072
-31.837412 4.795867 -91.210721
-31.874068 4.792243 -91.129339
-31.906288 4.792286 -91.060848
-31.942554 4.790639 -90.974012
-31.976358 4.787798 -91.029884
-32.010524 4.785806 -91.199433
-32.046443 4.787113 -91.208008
-32.076398 4.784210 -91.132532
-32.104147 4.782713 -91.083229
-32.132042 4.781706 -90.958586
-32.154372 4.778062 -90.882930
-32.173348 4.780171 -90.829090
-32.202610 4.780653 -90.754190
-32.228906 4.779854 -90.626815
-32.251123 4.778575 -90.599607
-32.277440 4.778843 -90.654241
-32.310858 4.779670 -90.657825
-32.342913 4.778218 -90.591179
-32.373527 4.775550 -90.514906
-32.405127 4.771983 -90.630380
-32.445233 4.772009 -90.604467
-32.485045 4.769970 -90.559279
-32.519511 4.766645 -90.671086
-32.557292 4.766523 -90.805812
-32.590174 4.763689 -90.793931
-32.618811 4.762458 -90.858732
-32.643714 4.763444 -90.737861
-32.666085 4.762980 -90.772471
-32.690545 4.764101 -90.760347
-32.714194 4.760051 -90.761997
-32.733838 4.760183 -90.779951
-32.755526 4.762909 -90.863606
-32.783471 4.760567 -90.967473
-32.814355 4.761956 -90.849243
-32.841981 4.760842 -90.755755
-32.875047 4.757962 -90.781681
-32.901983 4.758087 -90.837756
-32.937606 4.757354 -90.764021
-32.974935 4.758863 -90.756431
-33.011404 4.762252 -91.053667
-33.040939 4.757213 -91.206788
-33.071221 4.756017 -91.006921
-33.100907 4.755125 -90.700727
-33.120596 4.757137 -90.763708
-33.139770 4.759678 -90.973878
-33.165144 4.754547 -91.352413
-33.189632 4.748822 -91.454731
-33.220493 4.751417 -91.549311
-33.250524 4.752180 -91.725259
-33.279009 4.750540 -92.054255
-33.303096 4.749728 -92.299353
-33.335268 4.745722 -92.649841
-33.368764 4.742133 -92.914610
-33.403431 4.740885 -93.103032
-33.435411 4.738320 -93.336296
-33.472381 4.737833 -93.516366
-33.509925 4.734944 -93.983254
-33.552062 4.722280 -94.403795
-33.592771 4.711468 -94.163736
-33.624533 4.710019 -94.093748
-33.653605 4.712015 -94.350209
-33.673895 4.709748 -94.956960
-33.695411 4.704631 -95.201449
-33.717760 4.702871 -95.084658
-33.753386 4.701524 -95.021975
-33.783844 4.701841 -95.499613
-33.809390 4.697019 -95.861182
-33.833571 4.695025 -95.840059
-33.868062 4.692993 -95.899816
-33.893750 4.688192 -96.314584
-33.918342 4.686691 -96.424610
-33.938606 4.683266 -96.404784
-33.964018 4.682717 -96.219239
-33.994611 4.680002 -96.137247
-34.016564 4.674756 -95.985413
-34.045709 4.668165 -95.180776
-34.086362 4.666732 -94.771256
-34.119864 4.666934 -94.990662
-34.140998 4.668366 -95.029618
-34.157523 4.665767 -94.625677
-34.183043 4.665229 -94.171341
-34.208368 4.661060 -93.934262
-34.234911 4.657446 -93.849757
-34.261733 4.656430 -94.118014
-34.285605 4.654388 -94.221406
-34.310256 4.652188 -94.082959
-34.333183 4.649068 -93.776887
-34.362490 4.649087 -93.581469
-34.394631 4.644331 -93.568611
-34.420644 4.641080 -93.706420
-34.443186 4.641873 -93.605457
-34.471079 4.639176 -93.301020
-34.505369 4.633808 -93.104082
-34.537440 4.631845 -93.173890
-34.567259 4.631644 -93.113807
-34.600458 4.629709 -92.955993
-34.634845 4.626913 -92.889663
-34.668952 4.626785 -92.883849
-34.706244 4.623141 -92.649219
-34.741291 4.621179 -92.399941
-34.770394 4.618389 -92.022926
-34.793623 4.613198 -91.873896
-34.808179 4.606673 -92.505390
-34.823460 4.606217 -93.239716
-34.812398 4.615513 -93.431440
-34.799809 4.618433 -93.119035
-34.794451 4.609220 -93.219148
-34.790352 4.605422 -95.230193
-34.779210 4.601690 -97.532911
-34.776170 4.604751 -100.327095
-34.772019 4.613075 -103.691312
-34.766967 4.617016 -107.300733
-34.767769 4.624814 -111.277600
-34.770962 4.636190 -115.303582
-34.771612 4.637271 -118.992860
-34.773512 4.639617 -122.235698
-34.777369 4.638887 -125.120157
-34.777664 4.641575 -127.819253
-34.779795 4.648452 -130.866075
-34.783145 4.650323 -133.825687
-34.780422 4.657358 -136.992119
-34.783333 4.658814 -140.487039
-34.779984 4.664122 -144.170549
-34.793506 4.664749 -148.327521
-34.797517 4.665080 -152.550563
-34.810325 4.666527 -156.862631
-34.812424 4.670500 -160.730347
-34.813554 4.668266 -164.670394
-34.819061 4.672159 -168.321510
-34.821667 4.663542 -171.383071
-34.823680 4.650382 -173.410035
-34.866706 4.697079 -175.684333
-34.873123 4.708327 -175.608752
-34.868555 4.701670 -174.240550
-34.866299 4.700351 -173.149728
-34.881808 4.711999 -173.918547
-34.890765 4.721474 -175.529876
-34.903982 4.729457 -178.154349
-34.922363 4.739138 177.728284
-34.886599 4.707018 173.369416
-34.885868 4.687019 167.189312
-34.930052 4.707695 161.533731
-34.926245 4.707184 159.777897
-34.914025 4.700286 159.944806
-34.907632 4.695141 162.374582
-34.905347 4.696914 163.880152
-34.905118 4.700664 165.153394
-34.907715 4.703867 166.633239
-34.916096 4.711349 168.166367
-34.919086 4.714569 169.487506
-34.915027 4.718532 171.119748
-34.910574 4.718108 172.722645
-34.902278 4.712753 174.097518
-34.897775 4.709180 175.178632
-34.884212 4.702925 175.769473
-34.884234 4.692301 176.267686
-34.880764 4.678082 176.125444
-34.873215 4.650117 175.845025
-34.869482 4.620813 175.561191
-34.864218 4.591314 175.581431
-34.866710 4.560745 175.669321
-34.863595 4.526820 175.737641
-34.858841 4.491204 175.807786
-34.852990 4.452270 175.790863
-34.853344 4.412266 175.787302
-34.852504 4.372788 175.736358
-34.847024 4.328248 175.615166
-34.840245 4.288349 175.602279
-34.835214 4.249252 175.483056
-34.829203 4.209573 175.460508
-34.823268 4.178854 175.365451
-34.818858 4.137645 175.283175
-34.821182 4.103994 175.225716
-34.818339 4.081386 175.124834
-34.817396 4.063970 175.072124
-34.813700 4.045795 175.019343
-34.814622 4.029718 174.956147
-34.804579 3.997441 174.903950
-34.801507 3.983074 175.190046
-34.802543 3.969864 175.328324
-34.802019 3.954518 175.369557
-34.796825 3.922446 175.484514
-34.794262 3.893577 175.790318
-34.793096 3.862568 176.043523
-34.795438 3.827995 176.211348
-34.791001 3.786223 176.447560
-34.788749 3.741695 176.921966
-34.784052 3.698598 177.328890
-34.792914 3.655988 177.509567
-34.789977 3.618830 177.461613
-34.785094 3.582915 177.876012
-34.786217 3.545333 178.239495
-34.784887 3.514627 178.263705
-34.780312 3.488735 178.157008
-34.775052 3.463496 178.182454
-34.772513 3.444209 178.361926
-34.773577 3.423842 178.461301
-34.774231 3.401953 178.516968
-34.774486 3.382422 178.386536
-34.774043 3.361289 178.226658
-34.767062 3.339066 178.080300
-34.761699 3.307574 178.060350
-34.763109 3.281339 178.191929
-34.765074 3.249966 178.266658
-34.762342 3.218444 178.300504
-34.757447 3.183047 178.324420
-34.759514 3.147117 178.317750
-34.761339 3.118993 178.307140
-34.766785 3.089579 178.428298
-34.764252 3.059099 178.476907
-34.758506 3.029688 178.379792
-34.756321 3.004975 178.328458
-34.755701 2.981166 178.408434
-34.753426 2.955398 178.539073
-34.751508 2.926220 178.522815
-34.750312 2.898573 178.487331
-34.749155 2.868722 178.488772
-34.747789 2.838820 178.633169
-34.745179 2.805434 178.751909
-34.743298 2.773567 178.690912
-34.743365 2.736907 178.613939
-34.742879 2.706066 178.768460
-34.736310 2.666876 178.803959
-34.737922 2.626061 178.616733
-34.747388 2.591780 178.812768
-34.751133 2.569695 179.283467
-34.747957 2.546748 179.487258
-34.739399 2.524879 179.329254
-34.735860 2.505380 179.005145
-34.735721 2.486240 178.857296
-34.736503 2.466858 179.046716
-34.735439 2.442819 179.233932
-34.733597 2.413394 179.231608
-34.730238 2.384851 179.212186
-34.728254 2.351555 179.119528
-34.727399 2.317561 179.084444
-34.725687 2.283993 179.139678
-34.725979 2.245813 179.149092
-34.726280 2.207608 179.057419
-34.727219 2.170534 179.201766
-34.723689 2.135599 179.301996
-34.723518 2.097348 179.182270
-34.730617 2.066332 179.404824
-34.732086 2.044122 179.836555
-34.727385 2.017085 -179.946599
-34.715960 1.995087 179.788619
-34.713942 1.977688 179.284123
-34.719164 1.955320 178.899170
-34.725016 1.935177 179.180530
-34.722898 1.914890 179.507606
-34.715877 1.888493 179.539010
-34.714359 1.859745 179.361126
-34.713286 1.829138 179.162517
-34.712295 1.797036 179.259208
-34.711637 1.762297 179.445857
-34.710947 1.726593 179.384550
-34.710509 1.687930 179.283981
-34.709744 1.651961 179.365891
-34.704605 1.608494 179.502860
-34.705484 1.577329 179.891688
-34.707398 1.558694 179.800013
-34.705678 1.541852 179.412359
-34.702570 1.520948 179.096027
-34.704126 1.496245 179.168553
-34.703602 1.476621 179.278031
-34.704332 1.456454 179.281990
-34.704371 1.431139 179.273369
-34.700676 1.400489 179.336641
-34.699148 1.369869 179.346832
-34.697263 1.341239 179.264592
-34.696570 1.301216 179.184645
-34.698803 1.264719 179.279414
-34.700451 1.230725 179.385015
-34.699398 1.197913 179.441312
-34.696999 1.157367 179.499458
-34.692363 1.108981 179.668811
-34.692578 1.080963 179.781497
-34.690675 1.055411 179.526420
-34.688839 1.027302 179.262807
-34.687032 1.006021 179.288529
-34.689759 0.986906 179.305924
-34.690673 0.968798 179.160404
-34.689682 0.949013 179.116264
-34.687567 0.930463 179.129365
-34.684768 0.905589 179.095259
-34.680433 0.879634 179.064999
-34.681101 0.851804 179.064957
-34.683992 0.821769 179.056096
-34.683501 0.787615 178.875758
-34.680003 0.751475 178.693755
-34.678523 0.714872 178.821527
-34.679923 0.685069 178.860036
-34.676258 0.648164 178.849283
-34.674239 0.611819 179.012517
-34.673529 0.573401 178.872683
-34.668656 0.539710 178.727300
-34.667212 0.510706 178.787929
-34.669578 0.487060 178.768883
-34.668085 0.466935 178.568805
-34.670020 0.443104 178.313937
-34.666393 0.422176 178.337462
-34.667544 0.401615 178.374541
-34.667521 0.377761 178.349312
-34.665087 0.353934 178.349877
-34.663716 0.323916 178.250502
-34.663494 0.295948 178.157438
-34.666378 0.260796 178.061731
-34.666343 0.223661 178.056032
-34.665768 0.190628 178.024396
-34.661346 0.157449 177.938200
-34.651264 0.127699 178.130432
-34.650988 0.091762 178.322928
-34.654700 0.058859 177.964144
-34.647772 0.034016 177.900352
-34.643829 0.007214 178.038243
-34.650105 -0.019854 177.884941
-34.649263 -0.042623 177.643073
-34.643465 -0.067560 177.661387
-34.639998 -0.091156 177.605254
-34.641495 -0.118595 177.543451
-34.641793 -0.146632 177.512672
-34.639163 -0.175236 177.512427
-34.638035 -0.205578 177.449062
-34.638982 -0.237540 177.373625
-34.635946 -0.269910 177.320402
-34.633232 -0.300827 177.353430
-34.629669 -0.339142 177.271174
-34.630529 -0.368131 177.186138
-34.628990 -0.406312 177.381129
-34.621279 -0.437333 177.316269
-34.616748 -0.465413 177.235318
-34.616449 -0.491194 177.082381
-34.617723 -0.514565 177.123464
-34.616429 -0.540487 177.102493
-34.611712 -0.564258 177.073388
-34.610221 -0.587225 177.055010
-34.609031 -0.613663 177.027913
-34.607508 -0.639460 176.934141
-34.606324 -0.666329 176.888698
-34.607218 -0.695117 176.816016
-34.602305 -0.726560 176.839301
-34.599442 -0.760332 176.861752
-34.596890 -0.794557 176.771036
-34.597425 -0.827045 176.643418
-34.596532 -0.858310 176.692721
-34.591521 -0.890180 177.059991
-34.575443 -0.927626 177.054861
-34.570507 -0.958346 176.453313
-34.582020 -0.982625 176.489427
-34.576106 -1.009115 176.732422
-34.568266 -1.035023 176.541121
-34.570354 -1.061563 176.338010
-34.569886 -1.087391 176.495359
-34.561838 -1.113327 176.459047
-34.561620 -1.140659 176.273347
-34.566163 -1.170665 176.250884
-34.561501 -1.198972 176.369792
-34.556939 -1.228688 176.324155
-34.554894 -1.260168 176.207584
-34.553409 -1.296307 176.144323
-34.552364 -1.332358 176.121058
-34.560917 -1.366205 176.155681
-34.558689 -1.388304 176.475826
-34.543944 -1.420182 176.636541
-34.536241 -1.451479 176.348849
-34.541776 -1.476298 176.311210
-34.543170 -1.496333 176.315445
-34.548589 -1.507726 176.249674
-34.543216 -1.490682 176.637144
-34.539423 -1.488520 177.694782
-34.559530 -1.479274 176.071277
-34.574498 -1.470973 173.877591
-34.584263 -1.465606 170.570900
-34.560818 -1.456308 167.104011
-34.564266 -1.444675 161.679578
-34.571814 -1.441294 155.462066
-34.576955 -1.449443 149.146578
-34.585284 -1.459161 143.051204
-34.591528 -1.465055 137.378739
-34.591483 -1.473191 132.053311
-34.592817 -1.485968 126.984676
-34.597876 -1.492538 122.079406
-34.602202 -1.502327 117.393711
-34.611255 -1.516565 112.699636
-34.606850 -1.518127 108.498053
-34.646238 -1.538092 104.067625
-34.646499 -1.553013 101.886343
-34.631192 -1.558662 101.126957
-34.616727 -1.555188 101.480023
-34.616624 -1.546805 102.989327
-34.625367 -1.548595 104.305525
-34.634852 -1.558181 103.322348
-34.637230 -1.562173 102.097352
-34.642878 -1.572742 99.863154
-34.648264 -1.587766 96.931957
-34.652726 -1.589144 93.727479
-34.646142 -1.578780 92.139304
-34.630262 -1.567988 92.113648
-34.625396 -1.562976 93.566233
-34.630662 -1.560090 95.266168
-34.619578 -1.565020 95.579576
-34.607586 -1.570126 95.630461
-34.586045 -1.570280 95.574412
-34.563476 -1.571513 95.443739
-34.526840 -1.569083 95.343269
-34.484926 -1.570205 95.291148
-34.441222 -1.573237 95.402449
-34.396727 -1.578359 95.587366
-34.353181 -1.576184 95.780626
-34.309540 -1.575246 95.661769
-34.266841 -1.580530 95.740667
-34.226753 -1.581608 95.703643
-34.193089 -1.586302 95.614727
-34.157703 -1.591664 95.624172
-34.126341 -1.592063 95.570691
-34.092463 -1.591673 95.551365
-34.064866 -1.591768 95.445501
-34.039511 -1.596652 95.424000
-34.015948 -1.602042 95.430330
-34.000127 -1.606506 95.258218
-33.982081 -1.603492 95.326625
-33.967694 -1.605585 95.262289
-33.954488 -1.608269 95.171456
-33.942464 -1.604530 95.088350
-33.928045 -1.611732 94.932870
-33.910038 -1.614281 94.803617
-33.883026 -1.614405 95.031604
-33.864703 -1.612297 94.910685
-33.837603 -1.613419 94.495610
-33.804123 -1.617030 94.678943
-33.775156 -1.612564 94.559356
-33.738206 -1.615275 94.307539
-33.703910 -1.618856 94.336650
-33.663606 -1.620032 94.198621
-33.622768 -1.624468 94.240554
-33.584194 -1.626866 94.009598
-33.548107 -1.621150 93.947265
-33.508455 -1.621706 94.058665
-33.474872 -1.629559 94.428936
-33.457606 -1.629643 94.048993
-33.438519 -1.626015 92.911669
-33.403145 -1.621260 92.463028
-33.378306 -1.627703 92.886681
-33.359792 -1.634940 91.194437
-33.324937 -1.634890 90.788674
-33.293341 -1.630538 90.698783
-33.264014 -1.630609 90.431745
-33.234049 -1.628380 90.097769
-33.197025 -1.628244 89.983386
-33.161787 -1.628972 89.752696
-33.125354 -1.626848 89.521812
-33.083219 -1.625461 89.579251
-33.049416 -1.627190 89.440583
-33.010666 -1.626132 89.083214
-32.974231 -1.623055 88.930884
-32.942466 -1.630029 88.900978
-32.908728 -1.622648 89.074344
-32.880948 -1.622118 88.824680
-32.858259 -1.626396 88.376539
-32.834055 -1.623515 88.248640
-32.806452 -1.616794 88.372110
-32.783831 -1.617273 88.602062
-32.762907 -1.618928 88.767667
-32.740154 -1.623213 88.693243
-32.718291 -1.621543 87.951586
-32.686792 -1.613685 87.613505
-32.655821 -1.611014 88.213356
-32.628206 -1.611030 88.536522
-32.595207 -1.611125 88.635895
-32.559640 -1.611421 88.317684
-32.526947 -1.607422 88.067720
-32.494921 -1.606960 87.939482
-32.461234 -1.602092 88.064265
-32.424876 -1.602830 88.287114
-32.393490 -1.602913 88.110196
-32.368229 -1.600708 87.746982
-32.341282 -1.600461 87.680474
-32.315400 -1.601739 87.783046
-32.288020 -1.597825 87.772656
-32.265154 -1.595338 87.686030
-32.236836 -1.590549 87.799169
-32.206754 -1.591199 87.744563
-32.169991 -1.590761 87.741119
-32.141064 -1.589755 87.680285
-32.113040 -1.585577 87.672167
-32.081095 -1.578932 87.622176
-32.051606 -1.568526 87.667473
-32.020109 -1.565715 87.605706
-31.986340 -1.562345 87.347249
-31.966660 -1.563594 87.002043
-31.945745 -1.563150 87.135841
-31.919974 -1.564270 87.266999
-31.894222 -1.564847 87.053476
-31.871115 -1.560892 86.874628
-31.849818 -1.563958 86.745974
-31.825776 -1.559869 86.788725
-31.801182 -1.558754 86.778530
-31.773469 -1.557061 86.636531
-31.744798 -1.554068 86.511631
-31.715794 -1.550135 86.483610
-31.680346 -1.547564 86.549847
-31.645954 -1.544985 86.752798
-31.607142 -1.539019 86.988108
-31.570068 -1.539520 87.148946
-31.533660 -1.531306 87.329370
-31.495192 -1.522777 87.194238
-31.465331 -1.519654 86.840394
-31.442880 -1.519815 86.512643
-31.422808 -1.524904 86.413118
-31.403969 -1.525806 86.693313
-31.381793 -1.525533 86.998071
-31.353083 -1.522800 87.071596
-31.329039 -1.517668 86.889080
-31.305436 -1.513266 86.853300
-31.283816 -1.515901 86.678444
-31.259522 -1.511009 86.767684
-31.226940 -1.509975 86.780875
-31.196549 -1.508738 86.881743
-31.154067 -1.505492 86.993077
-31.116462 -1.502094 86.836105
-31.075463 -1.495463 86.743637
-31.038371 -1.492200 86.842007
-31.001859 -1.490193 86.920001
-30.967893 -1.488063 86.778491
-30.936558 -1.481544 86.608853
-30.908267 -1.478241 86.474843
-30.886891 -1.475321 86.689066
-30.861107 -1.472658 86.630148
-30.835852 -1.473457 86.641788
-30.811142 -1.474483 86.657307
-30.789377 -1.472625 86.474329
-30.771142 -1.471016 86.422947
-30.747360 -1.466252 86.512790
-30.723749 -1.462985 86.848814
-30.702373 -1.460461 86.843109
-30.676732 -1.457512 86.449162
-30.641959 -1.454651 86.270852
-30.605435 -1.454358 86.478955
-30.570851 -1.453142 86.755563
-30.548465 -1.449668 86.393761
-30.504344 -1.444783 86.248007
-30.468611 -1.439395 86.832300
-30.441200 -1.434058 87.027825
-30.417159 -1.430070 86.760834
-30.391805 -1.427242 86.352207
-30.361483 -1.425563 86.239953
-30.330609 -1.424258 86.506395
-30.313658 -1.424110 86.656616
-30.294448 -1.423486 86.415556
-30.270600 -1.421619 85.950481
-30.241159 -1.416955 85.768154
-30.208181 -1.414377 86.225240
-30.182499 -1.411145 86.482765
-30.154839 -1.407901 86.289053
-30.119915 -1.405344 86.000194
-30.082517 -1.404794 86.078107
-30.049016 -1.403485 86.258358
-30.020999 -1.399406 86.444649
-29.997478 -1.396365 86.092554
-29.964845 -1.394230 85.592028
-29.926226 -1.391195 85.222776
-29.878194 -1.387353 85.716762
-29.847806 -1.384201 86.110827
-29.829493 -1.383671 86.107188
-29.809618 -1.376533 85.688253
-29.781601 -1.371426 85.342189
-29.755957 -1.366781 85.238676
-29.730123 -1.367242 85.187450
-29.701667 -1.364872 85.354428
-29.671486 -1.364142 85.489997
-29.644036 -1.363631 85.502486
-29.618585 -1.361727 85.151822
-29.583651 -1.356546 85.132516
-29.557088 -1.351164 85.481059
-29.533038 -1.348125 85.369877
-29.505180 -1.345946 85.017203
-29.473673 -1.344642 84.823216
-29.435654 -1.343338 85.047230
-29.409218 -1.342291 85.251588
-29.381693 -1.338816 84.986046
-29.351810 -1.333007 84.549363
-29.307445 -1.325803 84.914726
-29.279943 -1.327006 85.084100
-29.258872 -1.323617 84.770798
-29.233680 -1.319602 84.586722
-29.209124 -1.314997 84.747846
-29.187713 -1.312266 84.935631
-29.163389 -1.310179 84.693402
-29.139612 -1.306005 84.413317
-29.112123 -1.299569 84.282494
-29.080036 -1.294381 84.763469
-29.054462 -1.294895 84.719164
-29.026029 -1.292651 84.306254
-28.994664 -1.284201 84.090651
-28.961133 -1.277160 84.489391
-28.932605 -1.274183 84.865485
-28.908728 -1.273610 84.717713
-28.882744 -1.271619 84.221023
-28.850690 -1.262072 84.245268
-28.820294 -1.259324 84.600587
-28.793482 -1.261466 84.558861
-28.767350 -1.255325 84.200782
-28.740942 -1.247214 84.165664
-28.716989 -1.242957 84.362393
-28.692687 -1.240781 84.641632
-28.672048 -1.240729 84.750994
-28.646732 -1.235238 85.230022
-28.616578 -1.232723 86.100473
-28.584223 -1.231109 86.731835
-28.544526 -1.231545 86.795017
-28.512867 -1.228710 86.678053
-28.482707 -1.225457 86.786737
-28.453951 -1.223204 87.076968
-28.423745 -1.220530 87.303652
-28.387162 -1.219895 87.484145
-28.353972 -1.218582 87.678809
-28.317238 -1.216540 87.800535
-28.287426 -1.214277 87.843635
-28.255387 -1.213745 87.954934
-28.228367 -1.209461 88.033871
-28.201402 -1.207734 88.257237
-28.172768 -1.203922 88.369420
-28.147833 -1.201405 88.443430
-28.120112 -1.202332 88.330767
-28.097801 -1.200471 88.300565
-28.068453 -1.198890 88.340585
-28.041317 -1.197446 88.230912
-28.014326 -1.195369 88.344587
-27.984864 -1.193580 88.581137
-27.950421 -1.194292 88.432917
-27.928882 -1.191993 88.372927
-27.905476 -1.191215 88.513134
-27.878107 -1.188610 88.661628
-27.846065 -1.184844 88.594078
-27.817314 -1.182624 88.348627
-27.790338 -1.181638 88.191091
-27.761350 -1.182735 88.214837
-27.729629 -1.181971 88.257886
-27.700767 -1.181245 88.276744
-27.671227 -1.177660 88.265260
-27.639920 -1.175430 88.107222
-27.613809 -1.180246 87.888395
-27.590098 -1.181650 87.997161
-27.559650 -1.177002 88.101574
-27.526969 -1.174344 87.963961
-27.498002 -1.173762 87.729266
-27.470659 -1.175115 87.688166
-27.444720 -1.176405 87.972316
-27.421647 -1.171423 87.969617
-27.399887 -1.165444 87.699435
-27.371153 -1.160017 87.539306
-27.344391 -1.157189 87.592813
-27.315147 -1.152414 87.537541
-27.284340 -1.153381 87.319957
-27.246630 -1.156428 87.409344
-27.215220 -1.153809 87.709050
-27.186268 -1.145747 87.556271
-27.155713 -1.142745 87.101990
-27.119551 -1.144824 86.748444
-27.080144 -1.148695 86.969375
-27.049388 -1.150235 87.182486
-27.025428 -1.148628 86.860675
-26.995182 -1.145729 86.438609
-26.959165 -1.141944 86.439802
-26.928284 -1.140440 86.868806
-26.911953 -1.138749 86.988005
-26.890631 -1.133638 86.562450
-26.858405 -1.130879 86.331283
-26.824881 -1.127565 86.346659
-26.799432 -1.126964 86.412609
-26.770065 -1.124775 86.265702
-26.745271 -1.124204 86.282580
-26.723186 -1.123187 85.981296
-26.690985 -1.120463 85.896373
-26.666947 -1.118304 86.060155
-26.644262 -1.116062 85.759346
-26.604842 -1.117762 85.739963
-26.577811 -1.116927 86.034670
-26.556799 -1.112976 85.848089
-26.527227 -1.106046 85.547727
-26.490150 -1.101534 85.626083
-26.458018 -1.098440 85.894621
-26.436025 -1.097438 85.600291
-26.403366 -1.094164 85.307369
-26.368474 -1.091834 85.437205
-26.343117 -1.088121 85.530727
-26.316930 -1.084662 85.409894
-26.289409 -1.077685 85.251796
-26.268573 -1.078470 85.045742
-26.248767 -1.079907 84.268740
-26.222709 -1.076715 83.859256
-26.188163 -1.072149 84.564384
-26.163524 -1.073138 85.388903
-26.147301 -1.076206 84.972964
-26.117213 -1.071605 84.203908
-26.077435 -1.061814 84.106320
-26.036253 -1.054687 84.720804
-26.013876 -1.056939 85.028295
-25.987605 -1.060063 84.350605
-25.954494 -1.055793 83.386159
-25.913779 -1.042184 83.325963
-25.873049 -1.036618 83.843838
-25.843255 -1.032432 84.084259
-25.816279 -1.024650 84.344716
-25.785543 -1.026722 84.243748
-25.761887 -1.025655 83.588345
-25.736864 -1.023595 82.863796
-25.708868 -1.011936 82.760098
-25.683689 -1.007953 83.116029
-25.658142 -1.009026 83.342096
-25.634650 -1.013636 83.257156
-25.606298 -1.009560 83.017399
-25.576621 -1.012245 82.670897
-25.553835 -1.004437 82.214467
-25.521532 -0.992576 82.592600
-25.491957 -0.992047 82.906238
-25.462942 -0.989794 82.740265
-25.423251 -0.986145 82.824466
-25.385163 -0.981083 82.813125
-25.353342 -0.975154 82.814028
-25.325993 -0.969110 83.296697
-25.298647 -0.966731 83.780412
-25.267691 -0.968900 83.918086
-25.242663 -0.966830 83.655355
-25.215960 -0.959918 83.731734
-25.194823 -0.955135 83.872163
-25.169701 -0.952000 84.147244
-25.138665 -0.955070 84.094162
-25.115690 -0.955683 84.025751
-25.092256 -0.958633 84.276697
-25.070198 -0.955265 84.542173
-25.046681 -0.951646 84.793490
-25.023966 -0.949100 85.231151
-24.996850 -0.943139 85.899615
-24.960073 -0.939717 86.123613
-24.932499 -0.936361 86.367163
-24.903561 -0.933592 86.824397
-24.877048 -0.936852 87.044491
-24.859466 -0.937780 87.373398
-24.835301 -0.934373 87.864367
-24.803979 -0.932692 88.129930
-24.772388 -0.931305 88.253360
-24.747328 -0.930570 88.474976
-24.711620 -0.932141 88.658371
-24.673738 -0.932734 88.863312
-24.636968 -0.933958 89.034087
-24.606211 -0.936878 89.239715
-24.574351 -0.939433 89.601473
-24.542329 -0.937388 89.880916
-24.505817 -0.931628 89.850914
-24.476629 -0.929077 89.853995
-24.455687 -0.928711 90.012755
-24.428452 -0.924903 90.364214
-24.398551 -0.922345 90.247364
-24.380842 -0.922857 90.093861
-24.362084 -0.928733 90.132677
-24.339655 -0.925618 90.291999
-24.307122 -0.920172 90.181310
-24.277366 -0.922838 89.765463
-24.251190 -0.929886 89.822569
-24.219762 -0.930342 90.236382
-24.185506 -0.926862 90.613938
-24.147074 -0.921393 90.614424
-24.110613 -0.915981 90.369177
-24.078842 -0.912566 90.133835
-24.039512 -0.911613 89.761028
-24.008851 -0.920037 89.854569
-23.977506 -0.928538 90.312472
-23.948595 -0.924705 90.647651
-23.917867 -0.919703 90.548574
-23.891024 -0.913023 90.058055
-23.868401 -0.911883 89.656448
-23.849467 -0.918509 89.681797
-23.830215 -0.920772 90.029450
-23.809748 -0.916395 90.053733
-23.785308 -0.922056 90.053702
-23.754763 -0.923359 90.261769
-23.729670 -0.918462 90.350197
-23.699234 -0.909927 89.836223
-23.663567 -0.911722 89.508706
-23.626836 -0.917425 89.707312
-23.595748 -0.917876 90.041201
-23.570670 -0.918422 89.974939
-23.532561 -0.924081 89.935903
-23.502736 -0.926353 90.111652
-23.477625 -0.922890 90.052759
-23.442045 -0.921848 89.874043
-23.412622 -0.920600 89.934743
-23.388399 -0.922482 89.946580
-23.370176 -0.922309 89.460792
-23.329649 -0.923862 89.376231
-23.304959 -0.926430 89.890611
-23.290211 -0.924266 89.972904
-23.267277 -0.921667 89.718345
-23.241049 -0.922334 89.385120
-23.208289 -0.921103 89.178661
-23.174389 -0.923319 89.301592
-23.151078 -0.923658 89.297033
-23.118633 -0.924876 89.319365
-23.088058 -0.926727 89.218865
-23.057486 -0.927532 89.116060
-23.028210 -0.927242 88.880184
-22.996288 -0.926800 88.475574
-22.954900 -0.919517 88.708382
-22.922663 -0.919446 89.394988
-22.897738 -0.928512 89.410254
-22.870692 -0.931425 88.571329
-22.838462 -0.921161 88.361718
-22.807454 -0.911706 88.910479
-22.777646 -0.915068 89.452923
-22.744602 -0.923396 89.361722
-22.716361 -0.921122 89.144480
-22.685678 -0.913026 89.303007
-22.652919 -0.913562 89.471767
-22.621647 -0.915011 89.114973
-22.591040 -0.907111 89.051712
-22.561882 -0.902780 89.419507
-22.527281 -0.908835 89.713722
-22.495354 -0.920717 88.902132
-22.473483 -0.911345 88.503490
-22.452804 -0.904324 89.342411
-22.418577 -0.905427 90.043648
-22.378760 -0.911950 89.639884
-22.353128 -0.909102 88.781679
-22.342855 -0.907705 88.609281
-22.319853 -0.904100 89.049405
-22.287595 -0.906555 89.254123
-22.250432 -0.908863 89.089834
-22.217843 -0.908997 89.024554
-22.190404 -0.907649 89.196409
-22.145834 -0.906331 88.988435
-22.112117 -0.902355 88.489519
-22.086887 -0.902675 88.505571
-22.067134 -0.902511 89.202808
-22.018176 -0.891347 89.676689
-21.976981 -0.892304 88.970946
-21.952571 -0.893065 88.311126
-21.933647 -0.896031 88.163182
-21.911595 -0.899676 88.649336
-21.882583 -0.899278 89.087309
-21.854930 -0.896506 89.108405
-21.829430 -0.893027 88.817638
-21.800270 -0.889450 88.387263
-21.788014 -0.892494 88.074117
-21.772764 -0.891481 88.566394
-21.744082 -0.892428 89.112175
-21.707615 -0.888277 89.108178
-21.667074 -0.885046 88.591147
-21.639812 -0.889874 88.196719
-21.611527 -0.889811 88.485362
-21.581002 -0.885362 88.770905
-21.544128 -0.877367 88.818781
-21.514172 -0.874131 88.423591
-21.489966 -0.876682 87.915534
-21.462018 -0.885801 87.945007
-21.432244 -0.884879 88.297147
-21.407845 -0.878472 88.591830
-21.382045 -0.872666 88.513538
-21.353432 -0.871663 88.093586
-21.324106 -0.873921 87.785820
-21.296275 -0.875628 87.946165
-21.270533 -0.872057 88.175553
-21.241836 -0.870664 88.231753
-21.206821 -0.869374 88.056125
-21.174915 -0.871215 87.932828
-21.145842 -0.869014 87.916659
-21.121307 -0.864063 87.710434
-21.091123 -0.863296 87.422466
-21.068241 -0.867216 87.562280
-21.047960 -0.869083 87.897381
-21.034629 -0.867694 88.066892
-21.023212 -0.864650 87.808562
-21.010736 -0.862669 87.500513
-20.992471 -0.863093 87.464793
-20.982198 -0.861850 87.885108
-20.994820 -0.861219 88.432621
-21.005163 -0.861407 88.268175
-21.016016 -0.865722 87.787111
-21.001198 -0.862162 87.440970
-20.977965 -0.860254 87.310596
-20.955559 -0.859919 87.185184
-20.927117 -0.858799 87.093260
-20.888383 -0.854940 87.170431
-20.848482 -0.853952 87.070127
-20.804760 -0.849844 86.958886
-20.752968 -0.845460 86.899027
-20.702257 -0.844432 86.954976
-20.649015 -0.843468 86.841586
-20.597909 -0.842294 86.609701
-20.552631 -0.837594 86.572771
-20.508128 -0.835052 86.784540
-20.472850 -0.832143 86.915028
-20.440578 -0.829117 87.085742
-20.413963 -0.824765 87.178273
-20.394428 -0.819789 87.440615
-20.376708 -0.819938 87.467649
-20.359403 -0.820740 87.076301
-20.345360 -0.816800 86.611823
-20.328848 -0.812640 86.636367
-20.310913 -0.816462 86.701063
-20.294654 -0.819773 86.537902
-20.276429 -0.819861 86.390672
-20.251666 -0.817239 86.506656
-20.219326 -0.815695 86.620610
-20.193643 -0.809089 86.866664
-20.156077 -0.804403 87.256112
-20.118835 -0.802736 86.976472
-20.084570 -0.797791 86.811533
-20.048638 -0.792058 86.881329
-20.012603 -0.793180 86.913808
-19.978007 -0.790360 87.124615
-19.937785 -0.790531 87.088466
-19.904117 -0.789263 86.894445
-19.876104 -0.788583 86.762769
-19.849212 -0.786637 86.687986
-19.826364 -0.784930 86.728266
-19.801640 -0.783684 86.790781
-19.775667 -0.779865 86.681059
-19.751998 -0.777751 86.637674
-19.729167 -0.776044 86.785338
-19.706919 -0.776213 87.080158
-19.677733 -0.774717 87.509302
-19.650389 -0.769468 87.320525
-19.627037 -0.765346 87.079993
-19.599132 -0.760826 87.059093
-19.570283 -0.757233 87.086490
-19.541354 -0.757436 87.139672
-19.513153 -0.759351 87.361744
-19.480780 -0.757458 87.490050
-19.448405 -0.753657 87.281906
-19.415917 -0.753388 87.077445
-19.386424 -0.751654 87.068719
-19.354328 -0.750993 87.174495
-19.325183 -0.748286 87.312252
-19.295449 -0.744439 87.521562
-19.264182 -0.741698 87.688236
-19.231235 -0.735788 87.343561
-19.191235 -0.741471 86.779456
-19.160341 -0.746762 86.965557
-19.133668 -0.745443 87.435054
-19.104099 -0.740726 87.665998
-19.079329 -0.734083 87.588958
-19.051087 -0.729634 87.409272
-19.024743 -0.723055 87.262056
-18.996900 -0.720498 87.060165
-18.971606 -0.721376 87.246463
-18.948525 -0.720149 87.411274
-18.923944 -0.720340 87.464574
-18.893598 -0.719080 87.433636
-18.868449 -0.714815 87.110939
-18.836029 -0.717975 86.852529
-18.801731 -0.721051 87.091723
-18.772118 -0.720458 87.574109
-18.750870 -0.716832 87.799539
-18.723796 -0.711860 87.604774
-18.692650 -0.710849 87.391327
-18.664349 -0.709489 87.326412
-18.628134 -0.706156 87.352626
-18.595634 -0.706042 87.633039
-18.572658 -0.705114 87.638210
-18.549057 -0.703134 87.612789
-18.520919 -0.697214 87.380901
-18.490563 -0.693989 87.293121
-18.462668 -0.693022 87.422320
-18.435399 -0.690512 87.481536
-18.406935 -0.688002 87.499024
-18.379329 -0.686388 87.421500
-18.348895 -0.684648 87.178835
-18.316283 -0.686950 87.087131
-18.281813 -0.687496 87.318580
-18.249664 -0.686146 87.514062
-18.223085 -0.682540 87.396672
-18.189879 -0.679098 87.094461
-18.156332 -0.677113 87.059411
-18.128385 -0.674818 87.272291
-18.104608 -0.676595 87.142502
-18.072397 -0.679803 86.850927
-18.039204 -0.678890 86.508991
-18.006135 -0.675599 86.982149
-17.980230 -0.675463 87.379667
-17.955262 -0.670184 87.239963
-17.930086 -0.660881 86.983893
-17.909093 -0.654045 86.889229
-17.885011 -0.651872 86.962885
-17.863910 -0.650941 87.082933
-17.837432 -0.649309 87.125014
-17.807228 -0.650161 87.197220
-17.781325 -0.649431 86.927403
-17.754593 -0.645931 86.569478
-17.723710 -0.640860 86.508862
-17.689522 -0.638663 86.522484
-17.656763 -0.639407 86.409655
-17.626127 -0.640060 86.185616
-17.594411 -0.635550 86.138281
-17.560675 -0.635618 86.190385
-17.527156 -0.635654 86.078935
-17.495552 -0.631983 86.075580
-17.462948 -0.627984 86.223020
-17.428245 -0.622295 86.321872
-17.397803 -0.621014 86.037524
-17.371092 -0.618321 85.620729
-17.347322 -0.615577 85.765136
-17.318933 -0.615487 85.863056
-17.294727 -0.615631 85.695952
-17.271767 -0.614192 85.492495
-17.245402 -0.611789 85.294130
-17.223062 -0.606875 85.041096
-17.195606 -0.602901 85.162751
-17.159121 -0.601803 85.235891
-17.125024 -0.602126 85.033987
-17.097229 -0.598127 85.043993
-17.059699 -0.595232 85.162282
-17.024206 -0.594321 84.881826
-16.993482 -0.595103 84.451411
-16.969989 -0.588165 84.396407
-16.938931 -0.585488 84.567630
-16.906964 -0.586973 84.500561
-16.882559 -0.579580 84.588023
-16.853962 -0.571631 84.986292
-16.819399 -0.570447 84.823633
-16.797399 -0.568600 84.173961
-16.780926 -0.564771 83.814683
-16.761000 -0.563524 84.013442
-16.730297 -0.564449 84.270511
-16.704748 -0.562216 84.441453
-16.682636 -0.561092 84.816956
-16.656652 -0.559816 85.165131
-16.631065 -0.557985 85.552856
-16.601051 -0.557072 85.842342
-16.574282 -0.556013 86.163254
-16.546586 -0.554203 86.462375
-16.516470 -0.553625 86.687177
-16.485555 -0.552961 86.796871
-16.454851 -0.552446 86.847010
-16.427491 -0.549662 87.004371
-16.400099 -0.544786 87.312981
-16.368930 -0.538678 87.271810
-16.339685 -0.538380 87.045185
-16.314208 -0.537863 87.030392
-16.285788 -0.538789 87.156401
-16.252400 -0.542180 87.319246
-16.220835 -0.540991 87.537067
-16.194018 -0.538435 87.522955
-16.167603 -0.534342 87.397284
-16.143184 -0.533471 87.384054
-16.118127 -0.530338 87.619166
-16.089200 -0.525699 87.771407
-16.062970 -0.522054 87.745717
-16.035081 -0.521078 87.443921
-16.002455 -0.523491 87.324963
-15.972714 -0.525862 87.421567
-15.942598 -0.522363 87.565654
-15.910248 -0.516222 87.593949
-15.877661 -0.513280 87.459475
-15.846351 -0.513770 87.342844
-15.812246 -0.515316 87.327524
-15.773781 -0.519308 87.406272
-15.742272 -0.517896 87.305674
-15.712036 -0.510807 87.156632
-15.675591 -0.512486 87.186838
-15.650951 -0.508855 87.230586
-15.627937 -0.505862 87.225424
-15.601234 -0.503866 87.066555
-15.566959 -0.504711 87.328532
-15.547611 -0.500309 87.451724
-15.531416 -0.493904 87.160453
-15.507795 -0.491743 86.776260
-15.473171 -0.491295 86.670077
-15.443087 -0.489885 86.925812
-15.421505 -0.487936 86.961523
-15.400172 -0.488572 86.739320
-15.373984 -0.483234 86.334195
-15.335376 -0.481887 86.216791
-15.299007 -0.481176 86.262096
-15.263997 -0.480154 86.309200
-15.230111 -0.481877 86.341565
-15.201717 -0.480077 86.079757
-15.166128 -0.480562 85.908653
-15.130271 -0.477009 86.041308
-15.095881 -0.473018 86.375730
-15.069124 -0.472160 86.594574
-15.045905 -0.467684 86.649795
-15.016129 -0.467626 86.851546
-14.992390 -0.467696 87.167114
-14.972228 -0.465758 87.227346
-14.955653 -0.464645 87.155872
-14.934211 -0.461425 87.031711
-14.905922 -0.459642 87.215885
-14.879347 -0.458107 87.353635
-14.850322 -0.458157 87.331202
-14.815851 -0.458617 87.398965
-14.783399 -0.454918 87.511292
-14.748321 -0.453689 87.733796
-14.712826 -0.447690 87.909317
-14.678639 -0.446533 87.868170
-14.652292 -0.443176 87.701019
-14.623196 -0.442397 87.396073
-14.594272 -0.440346 87.383287
-14.562890 -0.440663 87.612519
-14.532506 -0.437269 88.025103
-14.498075 -0.435859 88.383181
-14.466689 -0.436138 88.288420
-14.438434 -0.433996 87.854798
-14.415737 -0.428297 87.471312
-14.391480 -0.427305 87.553111
-14.363735 -0.428866 87.872570
-14.333023 -0.433320 88.228224
-14.296896 -0.440557 88.287946
-14.260996 -0.442554 87.712459
-14.237264 -0.434812 87.475726
-14.213456 -0.423132 87.803611
-14.182943 -0.419550 88.273212
-14.146839 -0.421959 88.231386
-14.120297 -0.423939 87.844095
-14.097352 -0.421511 87.743005
-14.070144 -0.419355 87.937573
-14.038692 -0.418938 87.932238
-14.004733 -0.420190 87.623512
-13.982264 -0.416615 87.460229
-13.961629 -0.414371 87.786786
-13.938252 -0.415162 88.219913
-13.914229 -0.420511 88.120618
-13.886781 -0.421465 87.760247
-13.874533 -0.415233 87.594411
-13.854895 -0.411941 87.584873
-13.827397 -0.409046 87.727753
-13.792346 -0.414247 87.542930
-13.760841 -0.414191 87.252239
-13.732781 -0.408919 87.272308
-13.701556 -0.406607 87.340328
-13.665792 -0.404209 87.448601
-13.632230 -0.400607 87.674290
-13.596512 -0.396554 87.863228
-13.555331 -0.401089 87.662488
-13.522584 -0.397997 87.066485
-13.496314 -0.395495 86.707081
-13.471966 -0.393034 86.835043
-13.447003 -0.392403 87.369761
-13.416821 -0.400729 87.544921
-13.389972 -0.401314 87.283253
-13.370641 -0.393919 87.166450
-13.352095 -0.382305 87.446998
-13.324622 -0.380583 87.834113
-13.291862 -0.382032 87.764716
-13.262244 -0.381189 87.495879
-13.226841 -0.378802 87.136369
-13.192904 -0.385993 86.990804
-13.163787 -0.384459 87.600311
-13.128746 -0.375160 88.028941
-13.087358 -0.366147 87.803792
-13.049607 -0.363171 87.543476
-13.017950 -0.361540 87.454909
-12.989119 -0.357401 87.498168
-12.958935 -0.358004 87.440656
-12.930136 -0.357101 87.543931
-12.902190 -0.356243 87.587259
-12.873078 -0.354119 87.354355
-12.843759 -0.360135 87.069850
-12.819428 -0.365701 87.238152
-12.796427 -0.362266 87.604666
-12.769600 -0.354335 87.650527
-12.744973 -0.345885 87.321649
-12.709367 -0.351528 86.920196
-12.674488 -0.362733 87.236186
-12.650251 -0.355276 87.774254
-12.625143 -0.341367 87.582561
-12.590999 -0.343233 87.096658
-12.548273 -0.347749 87.142315
-12.523485 -0.349802 87.566178
-12.493507 -0.348137 87.724015
-12.462272 -0.340364 87.728707
-12.433872 -0.336309 87.734700
-12.406483 -0.328333 87.595124
-12.372607 -0.322800 87.072073
-12.332462 -0.330966 86.924750
-12.299146 -0.334651 87.299410
-12.278900 -0.333133 87.681393
-12.268433 -0.330860 87.679249
-12.250065 -0.327441 87.524028
-12.225461 -0.321143 87.242813
-12.193900 -0.318946 87.078000
-12.163192 -0.320721 87.192590
-12.140767 -0.324238 87.465900
-12.118572 -0.322905 87.550169
-12.092990 -0.319871 87.435832
-12.061157 -0.318142 87.293979
-12.028008 -0.313952 86.978908
-11.987651 -0.312598 86.857647
-11.956694 -0.313546 86.990845
-11.930154 -0.313021 87.159619
-11.898482 -0.313700 86.996589
-11.862176 -0.313759 87.016538
-11.833763 -0.308707 87.001171
-11.809518 -0.308103 86.636530
-11.780169 -0.304047 86.517433
-11.746975 -0.302681 86.901072
-11.721239 -0.303198 87.263220
-11.699757 -0.306114 87.001954
-11.676844 -0.306337 86.593375
-11.653903 -0.299127 86.632440
-11.629231 -0.294416 87.005904
-11.604204 -0.297687 86.987302
-11.577897 -0.297786 86.639380
-11.552610 -0.295693 86.281329
-11.526564 -0.290243 86.350059
-11.492927 -0.288497 86.467702
-11.462067 -0.285934 86.441865
-11.427377 -0.285550 86.285883
-11.395615 -0.281254 86.218026
-11.364004 -0.278306 86.302457
-11.333211 -0.277121 86.291201
-11.300100 -0.276618 86.002157
-11.266429 -0.274654 85.841896
-11.238363 -0.271978 85.716898
-11.210382 -0.269431 85.958170
-11.180642 -0.265200 86.298914
-11.149772 -0.265577 86.266887
-11.118275 -0.267134 85.761370
-11.096635 -0.261559 85.163779
-11.081957 -0.255323 85.314333
-11.060228 -0.254379 85.856082
-11.034908 -0.255426 86.168876
-11.006402 -0.255797 86.001304
-10.981094 -0.252529 85.597894
-10.957964 -0.250300 85.264161
-10.929118 -0.239270 85.332003
-10.897521 -0.240948 85.399319
-10.862571 -0.239812 85.277101
-10.829706 -0.237194 85.203388
-10.791095 -0.236684 85.182331
-10.755033 -0.231818 85.257848
-10.719597 -0.231181 85.209499
-10.685279 -0.225584 85.012395
-10.652449 -0.215909 85.079632
-10.626139 -0.219013 84.853172
-10.602430 -0.218000 84.508917
-10.581901 -0.218383 84.394933
-10.564122 -0.218367 84.521330
-10.540642 -0.215073 84.908798
-10.509261 -0.208942 85.156705
-10.478274 -0.206235 84.639553
-10.464413 -0.211181 84.104163
-10.444975 -0.205742 84.375669
-10.416990 -0.201962 85.013341
-10.378962 -0.202923 85.189971
-10.353713 -0.198298 85.548937
-10.322289 -0.196219 86.235901
-10.296465 -0.191893 86.668880
-10.262949 -0.193267 87.134412
-10.237289 -0.191394 87.605070
-10.209675 -0.191739 88.103225
-10.172243 -0.192323 88.383189
-10.144315 -0.192222 88.909942
-10.118043 -0.185151 89.427654
-10.096679 -0.187970 89.376732
-10.080222 -0.188149 89.638938
-10.054700 -0.189192 89.924892
-10.019112 -0.190478 89.970378
-9.989225 -0.193315 89.994196
-9.961095 -0.194757 90.277828
-9.926704 -0.191708 90.788415
-9.889828 -0.184721 90.924259
-9.851941 -0.182593 90.745058
-9.818515 -0.187267 90.601836
-9.785709 -0.192917 90.781915
-9.754454 -0.194533 91.022797
-9.730000 -0.194948 91.321403
-9.697586 -0.186282 91.348755
-9.663950 -0.185072 91.107286
-9.630859 -0.189334 91.106423
-9.596997 -0.185405 91.284749
-9.572948 -0.187180 91.280358
-9.544104 -0.187708 91.352324
-9.518487 -0.190011 91.541131
-9.487681 -0.183318 91.263987
-9.456676 -0.183383 90.737610
-9.425869 -0.192537 90.757674
-9.404730 -0.200588 91.434560
-9.390095 -0.199335 91.655582
-9.367924 -0.190235 91.403627
-9.337128 -0.190654 91.160689
-9.312486 -0.187735 91.196389
-9.284669 -0.186019 91.316105
-9.256701 -0.182463 91.333765
-9.226941 -0.182210 91.114037
-9.189043 -0.184393 90.877390
-9.150624 -0.187444 91.028952
-9.119153 -0.185094 91.023637
-9.089974 -0.185230 90.859836
-9.051477 -0.187829 90.793334
-9.018435 -0.187869 90.724564
-8.979097 -0.191082 90.570798
-8.943671 -0.193252 90.518457
-8.914439 -0.194206 90.653728
-8.887160 -0.194699 90.798022
-8.867273 -0.193294 90.466335
-8.835477 -0.192719 90.326830
-8.809337 -0.188879 90.598988
-8.786737 -0.187546 90.855848
-8.774740 -0.184515 90.726851
-8.749280 -0.187070 90.590361
-8.723721 -0.185292 90.411997
-8.690066 -0.182882 90.228424
-8.663861 -0.183640 89.882653
-8.639538 -0.185314 89.614737
-8.606520 -0.188340 89.711902
-8.576777 -0.189608 90.072885
-8.548671 -0.189416 90.227394
-8.534888 -0.189342 90.104264
-8.516925 -0.190765 89.491232
-8.494830 -0.183862 89.111722
-8.483407 -0.180406 89.685244
-8.470600 -0.189966 90.422504
-8.478211 -0.182912 90.171134
-8.473796 -0.192023 89.518746
-8.462814 -0.190469 88.938542
-8.446036 -0.183329 88.941811
-8.421850 -0.181881 89.285127
-8.385207 -0.186906 89.102077
-8.346005 -0.186846 88.885882
-8.301275 -0.182505 88.850000
-8.248412 -0.183655 88.970439
-8.197209 -0.180796 88.990187
-8.147316 -0.181088 88.746178
-8.098349 -0.173635 88.185681
-8.062162 -0.172403 88.035717
-8.025689 -0.177593 88.133014
-7.989104 -0.182222 88.011515
-7.956454 -0.179148 87.823839
-7.922797 -0.177091 87.881680
-7.897145 -0.174173 88.011125
-7.881278 -0.175011 87.875847
-7.861447 -0.174999 87.541781
-7.840263 -0.173382 87.501801
-7.826932 -0.172875 87.437750
-7.814202 -0.173651 87.525118
-7.792471 -0.171455 87.666807
-7.772854 -0.168738 87.305495
-7.751652 -0.165601 87.064088
-7.727031 -0.163445 87.095833
-7.707662 -0.158081 87.378997
-7.670842 -0.159270 87.521852
-7.633032 -0.159618 86.918788
-7.596649 -0.157814 86.528465
-7.564109 -0.154064 86.441044
-7.541590 -0.155117 86.763006
-7.509785 -0.153970 87.219496
-7.475568 -0.154331 87.565318
-7.437125 -0.152481 87.595115
-7.403066 -0.141012 87.041882
-7.374895 -0.141049 86.540220
-7.353565 -0.137691 86.313415
-7.330051 -0.141292 86.613469
-7.307101 -0.139580 86.968160
-7.277921 -0.142231 87.184183
-7.242254 -0.138997 87.075188
-7.217730 -0.139410 87.004380
-7.186345 -0.130794 87.194882
-7.148697 -0.123972 87.206068
-7.114900 -0.115012 86.926814
-7.080626 -0.112299 86.032999
-7.069136 -0.126116 85.847776
-7.051440 -0.139100 86.596025
-7.020389 -0.134311 87.219078
-6.987142 -0.126528 87.212359
-6.950295 -0.117683 87.078459
-6.914157 -0.103095 86.628732
-6.882120 -0.103699 86.225294
-6.858954 -0.112046 86.342390
-6.828264 -0.109570 86.844080
-6.798643 -0.106878 87.196330
-6.766175 -0.101376 87.099018
-6.736806 -0.097852 86.778175
-6.709504 -0.095818 86.608621
-6.679845 -0.092000 86.501439
-6.651438 -0.090365 86.631179
-6.618137 -0.079207 86.500099
-6.586105 -0.082725 86.166235
-6.554843 -0.094046 86.321305
-6.531466 -0.100727 86.748872
-6.508266 -0.098049 86.988495
-6.486414 -0.083079 86.838003
-6.458677 -0.076964 86.462622
-6.426023 -0.073233 86.153777
-6.395368 -0.078086 86.351313
-6.360071 -0.080564 86.587365
-6.328751 -0.079229 86.561538
-6.294388 -0.075689 86.338461
-6.266577 -0.071544 86.459191
-6.248891 -0.064338 86.552338
-6.220994 -0.061807 86.383800
-6.189425 -0.060466 86.128242
-6.150768 -0.056623 86.011059
-6.113305 -0.058022 86.263433
-6.070885 -0.063284 86.340744
-6.036424 -0.067036 86.091060
-5.999301 -0.060555 85.980368
-5.967767 -0.056561 86.167799
-5.949352 -0.052607 86.217072
-5.920701 -0.050481 86.155133
-5.888898 -0.046126 86.237355
-5.866414 -0.046727 86.095925
-5.839370 -0.043790 85.849514
-5.813675 -0.041504 85.809976
-5.787929 -0.044094 85.780697
-5.754392 -0.041266 85.815819
-5.725443 -0.041801 85.794062
-5.692636 -0.042578 85.726647
-5.659029 -0.043399 85.671222
-5.627243 -0.040882 85.582513
-5.596810 -0.035540 85.596705
-5.565648 -0.029831 85.655172
-5.543665 -0.023768 85.622115
-5.530004 -0.019689 85.635657
-5.508732 -0.018387 85.385356
-5.477716 -0.020101 85.310765
-5.451377 -0.024897 85.213226
-5.413272 -0.015690 85.286030
-5.384073 -0.020087 85.574707
-5.360903 -0.014966 85.360641
-5.342368 -0.011972 85.288916
-5.316551 -0.005933 85.263655
-5.292299 -0.005242 85.423121
-5.264034 -0.006766 85.393773
-5.228629 -0.002779 85.233322
-5.194622 0.001680 85.216713
-5.165788 0.005022 85.544622
-5.141727 0.006250 85.449500
-5.111775 0.010746 85.037777
-5.076842 0.013470 84.746535
-5.037080 0.019490 84.956071
-5.006267 0.014718 85.025072
-4.980907 0.010534 84.814638
-4.948551 0.011409 84.897053
-4.917737 0.022196 84.931783
-4.887886 0.017638 84.860560
-4.855685 0.015182 84.640023
-4.821783 0.021184 84.632371
-4.791572 0.024921 84.906759
-4.766309 0.025196 84.794391
-4.734331 0.031256 84.633418
-4.705831 0.038558 84.608192
-4.675410 0.046747 84.978388
-4.637268 0.050744 85.203659
-4.596740 0.055790 84.749034
-4.568996 0.056930 84.326175
-4.548373 0.056021 84.438268
-4.520282 0.059677 85.045411
-4.481573 0.063525 85.028415
-4.454477 0.057145 84.607064
-4.434857 0.062279 84.780841
-4.406732 0.069205 84.986349
-4.379612 0.072205 84.783418
-4.365017 0.073814 84.676109
-4.338784 0.080374 84.910821
-4.306656 0.086816 84.717348
-4.287639 0.084834 84.401671
-4.265369 0.084432 84.458748
-4.244045 0.087844 84.746849
-4.206191 0.100702 84.953320
-4.171352 0.107415 84.387999
-4.151084 0.100913 84.160016
-4.125955 0.098882 84.570713
-4.081241 0.113424 84.571457
-4.056596 0.115937 84.092290
-4.031876 0.112375 83.918555
-4.004836 0.101109 84.250298
-3.959851 0.111541 84.345681
-3.926454 0.121564 83.827721
-3.912252 0.118775 83.767422
-3.898581 0.119614 84.387300
-3.864935 0.136654 84.984994
-3.827690 0.155002 84.523706
-3.804222 0.157942 83.952241
-3.788154 0.150132 83.831642
-3.767369 0.144560 84.313887
-3.735321 0.151719 84.484130
-3.703479 0.157945 84.198467
-3.671478 0.154414 83.890574
-3.649036 0.155059 83.887526
-3.619695 0.165077 84.275752
-3.581511 0.172354 84.430089
-3.544526 0.178748 84.018129
-3.514957 0.169145 83.737024
-3.485098 0.168368 83.992809
-3.453659 0.172785 84.089738
-3.421581 0.178817 83.823971
-3.396253 0.175883 83.588001
-3.377659 0.170816 83.766500
-3.353147 0.172102 84.294789
-3.327271 0.185758 84.354018
-3.301382 0.192003 84.395122
-3.277669 0.195391 84.583050
-3.244227 0.200244 84.696949
-3.215007 0.205092 84.733909
-3.187669 0.205081 84.894104
-3.155074 0.206988 85.045066
-3.126303 0.204376 85.335838
-3.099775 0.206276 85.635694
-3.060416 0.212445 85.954201
-3.023446 0.223610 86.389184
-2.988510 0.226840 86.748967
-2.978092 0.219393 86.849541
-2.959034 0.214165 86.711255
-2.941860 0.214238 86.637142
-2.913097 0.215887 86.895858
-2.892020 0.215514 87.345621
-2.878603 0.219593 87.500940
-2.859674 0.224185 87.606705
-2.831508 0.220316 87.720778
-2.810301 0.220015 87.732420
-2.772844 0.222858 87.657342
-2.728471 0.229243 87.752805
-2.679195 0.233021 87.635714
-2.637149 0.232273 87.427750
-2.597036 0.232739 87.242206
-2.551446 0.236975 87.256714
-2.504953 0.242121 87.512295
-2.467327 0.236147 87.673552
-2.438923 0.233863 87.254597
-2.409413 0.249314 87.231379
-2.393315 0.250182 87.733771
-2.382931 0.247988 87.949900
-2.356716 0.248494 88.014324
-2.338903 0.244613 87.832724
-2.320013 0.245038 87.636284
-2.289976 0.247788 87.723510
-2.257094 0.256230 87.784166
-2.241400 0.245541 87.964372
-2.213474 0.254492 87.866123
-2.174611 0.256901 87.712024
-2.133791 0.252788 87.683897
-2.102284 0.251878 87.645727
-2.068422 0.265326 87.611322
-2.034268 0.281347 87.690509
-1.996691 0.279281 87.704009
-1.971654 0.279535 87.660858
-1.954633 0.280899 87.600710
-1.930809 0.286691 87.650034
-1.916056 0.291901 87.869613
-1.895351 0.288209 87.726456
-1.873057 0.289960 87.280311
-1.846850 0.298967 87.284671
-1.819000 0.300439 87.369040
-1.788116 0.303008 87.316417
-1.758923 0.306088 87.133453
-1.720222 0.305470 87.087496
-1.682869 0.320242 87.616728
-1.656362 0.322113 87.922454
-1.627051 0.314630 87.525936
-1.599058 0.304009 86.597441
-1.563035 0.326901 86.517686
-1.519620 0.339215 86.996652
-1.490195 0.321929 87.226641
-1.458278 0.319760 87.015913
-1.439105 0.322531 86.832510
-1.406014 0.332191 86.687393
-1.384785 0.336340 86.412914
-1.358076 0.344555 86.222793
-1.329254 0.349613 86.192666
-1.298222 0.345772 86.224693
-1.270400 0.342553 86.125639
-1.237531 0.345871 85.906805
-1.204982 0.359481 86.038549
-1.167176 0.363176 86.553263
-1.129794 0.371834 86.261572
-1.101710 0.370537 85.448335
-1.080723 0.363717 85.303340
-1.045606 0.362786 85.498147
-1.010134 0.354550 85.401418
-0.985015 0.348103 85.146571
-0.953079 0.360300 84.900805
-0.926247 0.373143 84.553938
-0.901166 0.379559 84.756997
-0.876677 0.382371 84.890207
-0.842246 0.378838 84.635450
-0.816733 0.381833 84.205252
-0.800720 0.378780 84.108892
-0.774156 0.385452 84.475538
-0.742643 0.395168 84.624802
-0.709558 0.400171 84.227399
-0.682909 0.403669 83.880912
-0.662955 0.398828 83.954169
-0.638046 0.403389 84.341346
-0.608794 0.406907 84.307291
-0.578981 0.409944 84.080326
-0.551182 0.406093 83.996720
-0.529690 0.409600 84.144207
-0.506262 0.419534 84.336369
-0.482091 0.424952 84.291001
-0.455460 0.424800 84.251591
-0.430770 0.425124 84.284730
-0.403948 0.429620 84.402248
-0.374905 0.432929 84.415016
-0.340998 0.440771 84.386716
-0.308736 0.438675 84.409144
-0.269616 0.445891 84.549304
-0.231149 0.456731 84.255533
-0.205793 0.452108 84.198677
-0.185439 0.458961 84.247795
-0.174247 0.465128 84.034927
-0.177199 0.455170 83.648941
-0.187996 0.448829 83.915318
-0.205409 0.447609 84.434828
-0.194866 0.442535 85.415630
-0.192189 0.455139 85.429253
-0.197862 0.447070 85.448221
-0.211690 0.444382 85.221258
-0.218824 0.432762 83.917174
-0.231708 0.409618 81.609857
-0.235528 0.391803 77.783353
-0.232537 0.384187 72.194123
-0.226045 0.394401 66.649202
-0.226084 0.380888 58.953693
-0.213292 0.365470 51.027889
-0.197642 0.358557 43.089999
-0.213390 0.357498 35.457784
-0.215017 0.361443 28.848991
-0.211888 0.366540 22.843945
-0.203909 0.368748 18.081109
-0.192633 0.365023 14.716114
-0.169493 0.370233 12.839504
-0.156803 0.379850 12.585188
-0.155092 0.386253 14.263777
-0.166772 0.380920 15.928545
-0.154793 0.381046 16.624804
-0.155858 0.379538 15.113762
-0.150811 0.376473 12.831803
-0.139474 0.378407 10.941807
-0.130069 0.381387 9.068111
-0.123469 0.376416 6.895625
-0.119401 0.377890 4.426265
-0.114311 0.378343 1.560129
-0.116530 0.372524 -1.587822
-0.115797 0.365222 -4.620119
-0.112240 0.365967 -7.771994
-0.099733 0.368237 -10.907423
-0.099008 0.367690 -13.861488
-0.102846 0.368393 -15.893032
-0.100027 0.378358 -14.763539
-0.103423 0.394178 -14.248105
-0.108134 0.410057 -13.313428
-0.109883 0.430100 -12.182729
-0.115492 0.463892 -10.821321
-0.121518 0.495473 -9.096159
-0.120916 0.538211 -7.263776
-0.121549 0.577632 -5.232776
-0.124930 0.622599 -3.194486
-0.118509 0.666435 -1.392342
-0.111876 0.707700 0.120165
-0.111659 0.747038 1.421343
-0.113948 0.785920 2.000942
-0.112522 0.818201 2.367473
-0.113002 0.850728 2.405756
-0.110620 0.878332 2.495480
-0.112018 0.904240 2.725961
-0.115371 0.931018 2.883926
-0.113010 0.950735 2.910141
-0.109632 0.969818 2.779972
-0.110716 0.993263 2.829910
-0.110640 1.016006 2.906833
-0.108692 1.036555 3.031295
-0.105858 1.067293 3.120455
-0.108706 1.092804 3.224331
-0.114181 1.115166 3.131661
-0.110724 1.144047 3.239092
-0.106795 1.173505 3.428431
-0.098471 1.213797 3.437580
-0.100688 1.246343 3.355639
-0.101871 1.279437 3.390157
-0.098325 1.302589 3.500153
-0.095934 1.333989 3.432636
-0.099985 1.367421 3.329128
-0.099093 1.399888 3.260746
-0.098555 1.424487 3.213191
-0.099848 1.454452 3.369887
-0.095822 1.482381 3.336051
-0.091961 1.509068 2.778937
-0.092923 1.537200 2.015026
-0.096568 1.560511 1.121901
-0.098380 1.590006 0.301354
-0.100774 1.624399 -0.211704
-0.105351 1.647801 -0.722983
-0.105218 1.676011 -1.315895
-0.106445 1.708780 -1.697751
-0.111343 1.734708 -1.832350
-0.112890 1.757955 -2.038330
-0.117885 1.787174 -2.198155
-0.117189 1.817009 -2.395810
-0.120070 1.847789 -2.674636
-0.122466 1.874063 -2.768177
-0.124517 1.898427 -2.957083
-0.127943 1.923173 -3.097314
-0.129672 1.954526 -3.280755
-0.139695 1.988820 -3.372492
-0.141758 2.009668 -3.452792
-0.150793 2.037362 -3.568027
-0.153177 2.070975 -3.795011
-0.156523 2.100696 -3.770243
-0.157236 2.134062 -3.615532
-0.159023 2.163571 -3.579153
-0.160051 2.188900 -3.654523
-0.164131 2.226136 -3.631925
-0.166029 2.257712 -3.344071
-0.167179 2.297105 -3.198494
-0.166887 2.318896 -3.256527
-0.168533 2.344178 -3.275499
-0.164783 2.366037 -3.081545
-0.172211 2.387199 -2.999845
-0.172267 2.410356 -2.896845
-0.173205 2.434784 -2.856808
-0.171517 2.459871 -2.748134
-0.176281 2.489775 -2.606490
-0.176703 2.521362 -2.615106
-0.182782 2.550625 -2.477143
-0.180799 2.578054 -2.413359
-0.183993 2.610332 -2.359257
-0.182976 2.644919 -2.318365
-0.186288 2.677723 -2.207327
-0.182828 2.710438 -2.182691
-0.185779 2.736519 -2.111810
-0.190444 2.765538 -2.078001
-0.190985 2.797986 -2.002487
-0.193866 2.831954 -1.987370
-0.194561 2.859619 -1.920377
-0.194398 2.888217 -1.817987
-0.195723 2.915759 -1.728444
-0.197269 2.943203 -1.685985
-0.196006 2.965787 -1.705265
-0.195232 2.991039 -1.601161
-0.195617 3.018621 -1.603651
-0.200062 3.047351 -1.528399
-0.204031 3.075018 -1.454559
-0.206423 3.104310 -1.392425
-0.205304 3.136299 -1.414417
-0.199943 3.163595 -1.350548
-0.204866 3.194727 -1.164338
-0.209855 3.222023 -1.137234
-0.209851 3.257588 -1.150539
-0.208785 3.291538 -1.089114
-0.213054 3.323798 -0.939115
-0.211860 3.361632 -0.992035
-0.217550 3.386579 -0.899584
-0.214804 3.417162 -0.902099
-0.219033 3.447207 -0.774603
-0.218281 3.480748 -0.863484
-0.218536 3.508985 -0.845908
-0.215628 3.536465 -0.776391
-0.216313 3.565975 -0.765201
-0.218509 3.593727 -0.731969
-0.218707 3.616508 -0.711101
-0.219687 3.641155 -0.713456
-0.219919 3.673285 -0.709079
-0.217413 3.699205 -0.707824
-0.219267 3.734577 -0.758335
-0.226898 3.765501 -0.686097
-0.227567 3.789900 -0.622797
-0.220281 3.823201 -0.741567
-0.224864 3.850548 -0.600244
-0.227269 3.885651 -0.518961
-0.231893 3.914179 -0.544935
-0.228255 3.941117 -0.567459
-0.225662 3.972076 -0.506052
-0.228702 4.003704 -0.488157
-0.227670 4.030958 -0.549721
-0.228188 4.059162 -0.487576
-0.231033 4.083620 -0.458206
-0.233402 4.110953 -0.511277
-0.232148 4.141733 -0.528119
-0.232035 4.170020 -0.466617
-0.235091 4.202784 -0.452472
-0.235928 4.224284 -0.434976
-0.233831 4.259130 -0.486662
-0.234172 4.289135 -0.417635
-0.231610 4.314953 -0.431133
-0.235599 4.341710 -0.418864
-0.236789 4.374474 -0.369059
-0.235079 4.407858 -0.330476
-0.238870 4.437469 -0.356201
-0.236239 4.467960 -0.449887
-0.236921 4.501920 -0.349253
-0.240029 4.523595 -0.320110
-0.240127 4.546429 -0.351386
-0.242495 4.576954 -0.335138
-0.241722 4.600391 -0.303384
-0.241804 4.632433 -0.407897
-0.243389 4.663698 -0.342933
-0.244532 4.690254 -0.337245
-0.246546 4.713050 -0.335745
-0.249884 4.745749 -0.319258
-0.246138 4.775519 -0.339503
-0.242556 4.803683 -0.316363
-0.250251 4.833192 -0.348183
-0.252823 4.863931 -0.275680
-0.252702 4.892218 -0.313377
-0.254237 4.922982 -0.347566
-0.254884 4.950655 -0.316327
-0.252710 4.979749 -0.334812
-0.252899 5.011460 -0.372502
-0.255569 5.039310 -0.405373
-0.255651 5.061917 -0.340052
-0.253607 5.086571 -0.433573
-0.256329 5.117344 -0.429530
-0.254602 5.145346 -0.458295
-0.259289 5.174218 -0.414732
-0.259529 5.202639 -0.440352
-0.258640 5.228448 -0.449175
-0.263088 5.256753 -0.444690
-0.260446 5.289309 -0.406321
-0.264356 5.316789 -0.313659
-0.264292 5.346519 -0.553752
-0.264022 5.375651 -0.664863
-0.262670 5.408765 -0.836799
-0.265287 5.432237 -1.076568
-0.264493 5.460209 -1.196214
-0.269277 5.484311 -1.408320
-0.271855 5.513243 -1.673579
-0.271414 5.544669 -1.876412
-0.273579 5.568052 -2.032913
-0.276541 5.592292 -2.187069
-0.276076 5.623450 -2.414216
-0.278090 5.648041 -2.563414
-0.282015 5.676595 -2.832295
-0.285686 5.705890 -2.903960
-0.289112 5.736357 -3.031867
-0.293478 5.764013 -3.138475
-0.294841 5.793577 -3.031116
-0.295689 5.819655 -2.654020
-0.298026 5.848687 -2.133727
-0.295678 5.876070 -1.553642
-0.295276 5.908159 -1.082379
-0.292895 5.939031 -0.779485
-0.291036 5.966387 -0.713355
-0.292572 5.993284 -0.430289
-0.290064 6.025768 -0.164347
-0.285997 6.056615 -0.131318
-0.287958 6.085585 -0.243973
-0.289172 6.112806 -0.577542
-0.292168 6.142319 -0.779751
-0.290937 6.172878 -0.805664
